250	508	 1
0 3
0 63
1 7
1 75
1 135
2 129
2 168
2 205
3 107
4 7
4 149
4 161
4 166
5 40
5 127
5 128
5 137
5 208
6 17
6 67
6 79
6 196
6 212
7 18
7 26
7 34
7 93
7 197
7 207
7 219
7 239
8 18
8 94
8 101
8 109
8 113
8 172
8 193
9 10
9 180
9 224
9 231
10 163
11 33
11 102
11 123
11 151
11 169
11 184
11 248
12 126
12 147
12 172
12 207
12 239
13 58
13 68
13 86
13 105
13 110
13 154
13 164
13 173
13 178
14 76
14 79
14 105
14 139
14 143
14 249
15 84
15 103
15 130
15 185
15 196
15 232
16 109
16 151
16 164
16 213
17 23
17 34
17 67
17 89
17 90
17 156
17 174
18 235
18 239
19 164
19 191
20 119
20 188
21 22
21 32
21 104
21 151
21 243
22 112
22 197
23 119
23 215
24 50
24 71
24 126
25 32
25 98
25 132
25 177
26 87
26 226
27 55
27 160
27 206
28 45
28 84
28 171
29 55
29 107
30 200
30 237
31 33
31 184
31 239
32 170
32 207
32 214
33 36
33 47
33 59
33 146
33 178
33 231
34 35
34 51
34 194
35 118
35 119
36 57
36 81
36 122
36 246
37 63
37 72
37 151
37 171
37 198
38 78
38 106
38 197
38 198
38 224
39 209
39 245
40 177
40 187
41 68
41 135
41 225
42 127
42 184
42 215
42 225
43 51
43 77
43 111
44 84
45 245
46 60
46 63
46 138
46 206
47 112
47 148
47 214
47 227
47 238
48 111
48 137
48 147
48 166
49 96
49 179
49 196
49 199
49 221
49 236
50 122
51 53
51 136
52 99
52 247
53 148
53 153
54 59
54 213
54 227
55 62
55 78
55 101
56 130
56 140
56 212
56 215
57 92
57 106
57 120
57 210
58 61
58 75
58 101
58 170
58 191
59 74
59 89
59 124
59 219
60 64
61 86
61 172
61 232
62 109
62 239
63 139
63 182
63 234
63 236
64 71
64 100
64 147
64 205
65 110
65 167
65 207
65 210
66 153
66 157
66 174
66 216
67 73
67 113
67 232
67 234
68 186
68 190
69 125
69 149
69 214
70 169
71 93
71 135
71 189
72 135
72 154
72 170
72 174
73 109
73 114
74 103
74 116
74 152
74 177
74 235
75 81
75 136
76 91
76 192
76 236
77 119
77 195
77 206
80 101
80 229
80 231
81 106
81 170
81 180
82 89
82 131
83 95
83 207
84 133
84 142
84 156
84 223
84 240
85 93
85 110
85 246
86 173
86 200
87 130
87 141
87 240
88 96
88 97
88 113
88 118
88 189
88 240
89 195
89 213
89 230
90 127
90 147
90 205
90 219
90 249
91 200
91 218
91 229
92 114
92 184
92 192
92 246
93 157
93 175
94 194
95 130
95 133
95 177
95 181
96 169
96 237
97 229
97 242
97 243
98 151
99 187
99 232
100 177
100 186
100 187
100 200
101 217
102 197
103 152
104 143
104 162
104 178
104 194
104 203
105 152
106 150
106 153
106 205
106 220
107 148
107 182
108 190
108 226
109 136
109 138
109 218
109 237
110 187
110 214
111 148
111 152
111 242
112 121
112 168
112 199
113 151
113 178
113 190
113 195
113 197
114 129
115 123
115 183
115 211
115 235
116 159
117 248
117 249
118 180
119 133
119 241
119 244
122 146
122 158
123 171
123 193
124 158
125 185
126 214
127 176
127 246
128 192
128 237
129 132
129 139
129 157
129 168
129 248
130 161
130 206
130 228
131 166
131 172
131 181
132 182
132 195
133 228
133 239
134 137
134 203
135 220
136 140
136 153
136 185
136 209
136 222
137 193
137 199
137 200
137 231
138 195
140 168
140 220
141 246
142 169
142 181
142 197
143 217
144 231
144 246
145 185
146 175
146 189
147 211
148 152
148 235
148 242
149 191
149 204
150 191
150 221
151 231
151 239
152 170
152 237
153 187
153 227
153 242
155 163
155 186
156 185
156 248
157 165
157 167
157 207
158 180
158 181
158 217
159 226
160 222
161 183
162 169
162 182
163 245
164 199
165 183
167 204
169 244
170 186
172 199
173 178
173 202
174 182
174 249
175 224
178 238
179 191
183 200
183 217
185 218
187 244
188 190
188 201
188 243
189 229
192 202
192 206
192 230
192 231
193 202
195 235
196 207
197 210
197 215
197 245
198 200
201 246
203 219
204 233
205 228
209 238
216 230
218 225
220 226
221 240
223 224
228 231
231 245
236 244
241 248
0
8 249
