250	506	 1
0 36
0 73
1 43
1 78
1 170
1 191
1 192
1 242
1 246
2 50
2 141
2 167
3 33
3 119
3 140
3 166
3 227
4 25
4 191
4 229
4 245
5 38
5 57
5 88
5 92
5 218
5 239
5 248
6 132
6 209
6 226
7 123
7 167
7 193
7 200
7 203
7 236
8 17
8 20
8 40
8 94
8 137
8 164
8 182
9 32
9 34
9 41
9 61
9 85
9 169
10 42
10 60
10 185
10 190
10 193
10 211
10 228
11 23
11 166
11 232
12 32
12 113
13 67
13 101
13 113
13 144
14 117
14 226
15 32
15 87
15 107
15 175
15 216
15 239
16 37
16 80
16 163
16 228
16 235
16 247
17 88
18 101
18 108
18 152
18 240
19 67
19 142
20 48
20 76
20 246
21 47
21 116
21 126
21 161
21 202
21 206
21 216
22 43
22 155
23 85
24 132
24 138
24 143
25 190
26 214
26 223
26 248
27 43
27 67
27 74
27 185
28 63
28 206
29 36
29 172
29 191
30 40
30 65
30 188
30 223
30 226
30 249
31 45
31 97
31 103
31 171
31 191
31 244
32 76
32 233
33 142
33 178
33 236
34 65
34 71
34 81
34 129
34 148
34 157
35 124
35 125
35 138
35 200
36 75
36 87
36 142
37 51
37 143
38 68
38 181
38 197
39 48
39 60
39 88
39 108
39 113
39 176
39 189
40 43
40 164
40 210
41 200
41 230
42 97
42 151
42 239
43 76
43 115
43 194
43 229
44 54
44 59
44 79
45 80
45 99
45 108
45 163
45 181
45 184
46 63
46 110
47 63
47 189
47 206
48 54
48 89
48 221
49 82
49 85
49 98
49 101
49 161
49 170
49 204
50 63
50 142
50 197
50 207
51 128
51 181
52 95
52 113
52 176
52 232
53 59
53 106
53 156
53 242
54 95
54 161
54 189
54 193
54 197
55 152
56 214
56 248
57 60
58 95
58 151
58 238
60 80
60 155
61 147
61 152
61 179
62 101
62 105
62 112
62 121
62 126
63 130
63 131
63 160
63 216
64 68
64 210
64 231
65 97
65 131
65 186
65 214
66 79
66 139
66 237
67 87
67 175
67 183
67 209
68 127
69 230
70 81
70 143
70 231
71 72
71 73
71 140
71 184
71 216
72 136
72 160
72 165
72 239
73 199
73 232
74 203
74 204
75 124
75 136
75 174
75 248
77 103
78 188
78 200
78 203
79 89
79 100
79 195
80 179
80 246
81 94
81 141
81 172
81 211
82 190
83 115
83 150
83 232
84 147
84 190
84 195
85 108
86 95
86 103
87 146
87 187
88 154
88 217
89 112
89 155
90 93
90 135
90 156
91 117
91 161
91 179
92 122
92 174
92 202
92 241
93 129
93 131
93 161
93 182
93 211
93 232
94 246
95 116
95 117
95 130
95 142
95 205
95 243
96 114
96 153
96 234
97 100
97 115
98 231
98 242
99 126
99 136
99 143
99 147
99 158
100 144
101 191
102 182
102 233
103 124
103 138
103 149
103 226
103 242
104 108
104 207
105 155
105 210
106 123
107 136
107 152
108 149
109 138
109 146
109 229
110 228
111 128
111 138
111 143
112 189
113 127
113 233
113 243
115 144
115 207
115 225
115 230
115 237
116 162
117 161
117 170
117 222
118 159
118 220
118 235
119 177
120 195
120 202
121 154
121 159
122 155
122 178
122 222
125 189
126 182
126 248
127 157
127 168
127 195
128 163
128 176
128 186
129 178
130 171
130 175
131 139
131 180
131 218
132 192
132 220
132 227
132 248
133 137
133 215
134 214
134 216
135 229
136 183
136 187
137 151
137 152
138 179
138 242
139 179
139 182
140 147
140 168
140 181
140 188
142 200
142 226
144 177
144 192
145 225
146 162
146 196
146 228
148 233
149 155
149 175
149 197
149 225
149 235
149 240
150 166
150 206
150 231
151 181
152 173
152 215
152 230
153 228
154 179
154 223
155 238
156 212
157 192
160 169
160 208
161 196
161 216
162 166
162 173
162 215
163 164
163 169
164 247
165 244
166 174
166 236
167 186
167 212
167 214
169 171
169 191
169 229
170 185
173 240
175 215
175 230
176 198
176 234
177 190
177 201
178 247
179 239
180 187
182 207
184 238
186 210
187 191
188 214
189 209
189 229
191 248
192 244
193 219
193 249
194 241
196 246
203 211
204 207
204 215
205 232
210 238
211 223
213 229
213 235
215 220
218 224
218 239
219 247
224 226
226 233
234 238
236 245
247 248
0
8 249
