250	509	 1
0 222
0 240
1 119
1 140
1 166
1 215
2 38
2 54
2 102
2 187
2 205
3 173
3 233
4 226
5 15
5 28
5 100
5 245
6 10
6 21
6 215
6 228
7 43
7 82
7 106
8 67
8 108
8 132
8 219
9 51
9 69
9 128
9 161
10 127
10 159
10 166
10 193
11 33
11 37
11 66
11 135
11 197
11 204
12 40
12 67
12 91
12 98
12 105
12 179
13 100
13 115
14 139
15 16
15 91
15 182
15 209
16 41
16 86
16 91
16 119
16 159
17 127
17 159
17 161
17 183
18 222
19 138
19 166
19 190
19 244
19 245
20 191
21 59
21 199
21 211
21 214
21 222
21 242
22 75
22 148
22 176
23 62
23 210
24 27
24 29
24 160
24 176
25 87
25 200
25 211
26 73
26 108
26 225
27 29
27 89
27 104
28 31
28 71
28 170
29 50
29 209
30 47
30 95
30 105
30 226
31 64
31 135
31 147
31 184
31 196
32 148
32 150
33 241
34 60
34 125
34 159
34 180
35 103
35 106
35 206
35 244
36 76
36 105
36 129
36 180
36 181
36 224
37 66
37 87
37 146
37 207
37 209
37 242
38 77
38 83
38 133
38 173
38 175
38 240
39 68
39 79
39 195
40 210
40 233
41 42
41 189
41 198
42 84
43 87
43 151
44 96
44 171
44 246
45 67
45 107
45 124
46 87
46 95
46 106
46 121
46 208
47 78
47 204
47 243
48 197
48 232
49 160
49 240
50 61
50 123
50 126
51 76
51 112
51 129
51 148
52 61
52 200
52 203
52 215
52 243
53 109
53 160
54 120
54 235
55 147
55 178
55 204
56 219
57 90
57 105
57 123
58 86
58 235
59 84
59 85
59 143
60 124
61 245
62 160
62 208
62 248
63 71
63 177
63 201
64 186
64 194
64 203
65 111
65 220
65 247
66 118
66 214
66 242
67 179
67 206
67 245
68 97
68 144
68 224
68 249
69 113
69 242
70 120
70 141
70 209
70 240
70 243
71 78
71 180
71 206
72 96
72 116
72 169
73 81
73 145
74 167
74 206
74 209
75 115
75 158
75 186
75 206
75 209
75 231
76 97
76 184
76 240
77 249
78 122
78 169
79 133
80 114
80 177
81 86
81 136
81 137
81 165
81 172
81 188
81 204
81 233
81 244
82 88
82 124
82 228
83 150
84 94
84 104
84 182
85 163
85 189
86 101
87 104
87 106
87 139
87 196
87 210
87 215
87 218
88 90
88 96
88 174
88 202
88 203
89 128
90 218
90 244
91 134
92 100
92 126
92 138
92 156
92 170
92 223
93 97
93 127
93 219
93 226
93 238
94 127
95 114
95 118
95 245
96 116
96 155
96 200
96 212
97 99
97 176
97 192
97 206
97 215
97 237
97 245
98 115
98 141
98 153
99 146
99 150
100 130
100 226
100 235
101 104
101 130
101 155
101 230
102 163
103 142
104 124
104 184
105 137
105 152
105 177
105 182
106 117
106 205
107 118
107 126
107 186
108 183
108 204
109 201
109 211
110 112
110 128
110 140
110 240
111 124
112 155
112 163
112 223
113 140
113 240
114 129
115 187
115 224
116 148
116 230
116 232
119 154
119 163
119 232
120 133
121 148
121 151
121 197
122 216
122 217
122 244
123 129
123 149
123 233
124 169
124 188
125 142
125 187
125 197
125 234
126 147
126 156
126 164
127 179
128 239
129 143
129 217
130 157
130 162
130 216
130 228
131 151
131 178
131 209
132 162
133 153
134 144
135 168
136 214
137 161
138 162
138 179
138 224
140 153
140 196
141 198
141 209
142 165
143 209
143 217
144 194
145 156
145 175
145 183
145 195
145 221
146 163
146 230
146 231
147 177
147 185
147 206
147 218
148 175
148 211
149 156
149 214
151 194
152 198
153 217
154 203
154 209
154 218
155 233
155 239
156 182
156 194
157 219
159 173
159 224
161 217
162 185
162 197
162 208
162 236
163 191
164 192
164 203
164 219
165 178
165 221
165 238
166 228
167 233
169 222
170 172
171 237
171 247
172 230
174 193
174 221
174 228
175 188
176 184
176 206
176 229
177 189
178 208
178 239
180 213
180 235
180 244
181 206
181 227
182 248
184 224
184 246
185 216
186 219
186 232
187 208
190 245
192 228
193 205
195 221
196 219
197 240
199 204
200 222
200 225
201 206
202 219
205 248
207 225
207 236
207 242
209 231
212 237
212 238
213 238
217 222
219 221
223 224
226 241
229 232
234 241
236 243
239 247
241 243
245 246
246 247
0
8 249
