250	510	 1
0 39
0 95
0 127
1 75
1 77
1 222
2 52
2 102
2 122
2 213
3 128
3 129
3 204
4 36
4 98
4 112
4 123
5 36
5 131
5 224
6 12
6 103
6 118
6 244
7 34
7 51
7 173
7 184
8 46
8 112
8 133
8 180
9 10
9 57
9 112
9 124
9 128
10 23
10 63
10 186
11 84
11 179
11 220
12 98
12 104
12 139
12 191
12 227
13 96
13 146
13 213
14 91
14 107
14 140
14 162
14 169
14 211
14 226
14 247
15 16
15 51
15 88
15 92
15 246
16 17
16 51
16 108
16 218
17 94
18 68
18 98
18 136
18 142
18 172
18 183
18 225
19 30
19 83
19 191
19 219
20 77
20 133
20 202
21 62
21 106
21 134
21 215
21 243
21 246
22 127
22 154
22 195
22 205
22 243
23 125
24 79
24 95
24 99
24 195
24 204
25 101
25 165
26 80
27 90
27 94
27 115
28 152
28 191
29 68
29 80
29 128
30 42
30 147
30 196
31 99
32 33
32 166
32 190
32 230
33 36
33 197
33 203
33 207
33 219
34 160
35 50
35 130
35 157
35 162
35 222
36 38
36 164
36 249
37 85
37 96
37 100
37 125
37 145
37 184
37 240
38 80
38 84
38 120
38 245
39 138
39 172
40 216
40 219
40 246
41 84
41 227
42 148
42 174
42 200
42 205
42 208
42 222
43 120
43 147
44 201
44 213
44 246
45 86
45 212
46 152
46 233
46 248
47 141
47 192
48 127
48 165
49 78
49 170
49 192
50 103
50 173
50 232
50 238
51 61
52 75
52 181
52 194
52 200
53 65
53 104
53 121
53 126
53 147
53 179
53 186
54 60
54 62
54 146
54 233
55 152
55 222
56 154
56 171
56 175
56 206
57 87
58 117
58 173
58 228
58 247
59 97
59 103
59 115
59 213
60 61
60 99
60 224
60 248
61 82
61 128
62 159
62 190
62 195
62 210
63 117
63 126
63 208
63 231
64 233
64 244
65 142
66 98
66 189
66 208
66 237
66 245
67 129
67 180
67 184
68 156
68 191
68 240
69 87
69 130
69 139
69 146
69 214
70 82
70 104
70 188
71 83
71 130
71 167
71 180
71 184
72 78
72 241
72 244
73 119
73 182
74 178
75 128
76 93
76 121
76 217
76 249
77 181
77 229
78 147
78 152
79 139
79 206
80 137
81 110
81 197
81 219
81 248
82 101
82 200
83 91
83 174
83 230
83 246
84 85
84 124
84 133
84 159
84 215
84 216
85 98
85 132
85 203
86 129
86 159
86 209
86 211
86 223
86 224
87 129
87 199
87 244
88 95
88 103
88 178
89 95
89 111
89 202
89 244
90 128
90 171
90 218
90 229
91 123
91 149
92 151
92 194
93 142
93 167
93 204
93 212
94 209
95 111
95 246
96 128
96 142
96 157
96 162
97 145
98 143
98 206
98 241
98 242
99 173
100 105
100 243
101 125
101 142
102 165
102 171
102 215
102 232
103 161
104 192
104 207
105 120
105 130
106 153
106 217
106 228
106 232
107 118
107 153
108 145
108 157
108 234
109 183
109 184
110 199
110 216
111 131
111 199
112 169
112 207
113 159
113 229
113 245
114 230
114 240
115 144
116 162
117 139
117 166
117 201
117 229
119 175
120 136
120 206
120 233
121 191
121 225
122 155
122 160
122 161
122 192
123 143
125 171
125 174
125 202
125 212
126 229
127 128
127 223
130 185
131 171
131 184
132 184
133 217
135 230
137 197
138 187
138 233
138 237
138 243
139 142
140 150
140 176
140 212
140 215
141 201
141 233
143 223
143 241
144 172
144 212
145 158
145 244
147 151
148 175
149 179
149 232
151 223
152 164
153 178
153 181
154 200
154 231
154 239
155 184
155 244
156 238
158 191
159 178
160 198
160 199
160 218
160 241
161 231
163 180
164 194
164 209
164 221
164 232
164 235
165 234
166 176
167 225
168 191
168 195
168 206
169 212
170 213
170 232
171 233
171 245
174 178
174 189
174 208
175 177
175 199
176 214
176 216
176 226
176 239
176 244
177 203
177 228
179 206
179 226
179 243
180 203
181 241
182 196
182 202
183 186
183 190
185 203
185 246
186 225
188 213
188 238
188 249
189 199
192 223
192 234
193 198
194 201
198 228
199 247
202 229
205 249
206 208
207 223
208 221
211 237
212 215
212 222
213 242
214 217
215 233
215 240
216 231
216 232
217 246
219 230
220 229
220 235
220 247
224 226
224 240
229 230
231 243
232 236
233 241
234 243
235 240
0
8 249
