250	495	 1
0 52
0 55
0 106
0 144
1 100
1 130
1 169
1 240
2 3
2 128
2 242
3 33
3 193
3 207
3 210
3 246
4 35
4 146
4 203
5 12
5 47
5 80
5 82
5 173
6 146
6 215
7 130
8 15
8 110
9 55
10 69
10 81
10 124
11 159
11 191
11 194
11 235
12 30
12 44
13 45
13 56
13 87
13 148
13 195
14 110
14 140
14 156
15 16
15 54
15 116
15 202
16 52
16 54
16 183
17 56
17 112
17 116
17 208
18 83
18 92
18 97
18 142
19 21
19 129
19 147
19 159
19 167
19 225
20 40
20 96
20 162
20 176
21 41
21 46
21 58
21 174
21 219
21 229
22 36
22 56
22 94
22 99
22 157
23 26
23 69
23 104
23 148
23 190
24 86
24 131
24 172
25 101
25 153
25 205
26 81
26 105
26 169
26 211
26 217
26 230
27 39
27 241
28 135
28 156
28 199
28 235
29 157
29 177
29 217
30 107
30 199
31 66
31 73
31 77
31 129
31 159
31 236
32 104
32 132
32 212
33 36
33 53
33 56
33 78
33 126
33 173
33 174
33 181
34 70
34 86
34 94
34 134
34 248
35 95
35 101
35 139
35 221
36 153
36 247
37 131
37 215
37 232
38 62
38 134
39 64
39 105
39 115
39 158
39 160
39 236
40 232
41 42
41 85
41 90
41 95
41 104
41 118
41 189
42 80
42 90
42 156
43 141
43 149
43 194
43 207
43 216
44 91
44 105
44 139
44 151
45 100
45 187
46 154
46 201
47 84
47 91
48 71
49 55
49 101
49 238
50 65
50 81
50 219
50 241
51 150
52 163
52 211
52 220
52 243
53 193
54 116
54 198
54 237
55 92
55 211
56 194
57 78
57 88
57 167
58 74
58 158
59 170
59 191
60 85
60 171
60 199
61 95
61 221
61 230
62 85
62 181
63 169
63 202
64 154
64 156
64 244
65 198
65 230
66 110
66 186
66 212
66 217
66 233
67 69
67 202
68 158
68 229
68 237
69 86
69 198
69 245
70 234
71 125
71 130
71 152
71 185
71 239
72 156
72 160
73 102
73 118
73 174
74 82
74 152
74 245
74 249
75 85
75 86
75 162
75 200
75 213
75 228
75 243
76 93
76 117
76 148
76 201
76 204
76 209
77 126
77 147
77 218
78 113
79 173
79 236
80 137
80 187
80 192
81 176
81 207
82 113
82 131
83 90
83 99
83 186
83 219
84 125
84 177
85 125
85 159
86 91
86 143
86 206
86 210
86 222
87 94
87 167
87 184
87 246
88 95
88 125
88 223
89 175
90 151
91 149
91 198
92 118
93 209
94 139
94 187
94 246
95 142
95 151
95 222
95 228
95 241
95 247
96 187
97 120
97 130
97 157
97 189
97 244
98 192
99 131
100 129
100 175
100 188
101 114
101 133
101 147
102 155
102 159
103 191
103 192
104 182
104 185
105 179
105 183
105 227
106 130
106 138
106 221
106 235
107 144
107 185
107 228
107 249
108 132
108 187
109 136
109 138
110 196
111 147
111 150
112 165
112 225
114 165
115 189
116 226
117 147
117 193
117 221
118 120
118 121
119 128
119 134
119 173
120 170
120 198
120 242
121 157
121 236
122 134
122 175
123 196
124 143
125 164
125 242
126 176
126 232
127 139
127 158
128 151
128 155
129 186
131 206
131 233
132 187
132 235
133 233
133 247
134 153
134 161
134 222
134 232
134 233
135 220
135 233
136 146
136 202
137 145
138 196
138 214
139 240
140 241
141 191
141 192
141 242
142 170
142 194
143 154
143 249
145 153
145 209
145 226
146 163
147 191
147 209
148 193
148 199
148 227
149 190
149 198
149 213
150 177
150 208
150 223
151 228
152 203
152 204
152 205
154 159
154 240
155 192
157 212
157 244
158 189
158 235
159 163
159 205
159 246
160 202
161 209
162 171
162 179
163 223
163 233
164 228
164 249
165 203
166 185
168 176
168 229
170 200
170 216
170 239
172 210
173 179
174 183
174 215
175 196
175 237
176 189
176 212
177 189
177 219
178 179
180 211
180 245
181 228
183 185
183 230
184 202
185 205
185 216
186 231
186 249
187 241
189 234
189 242
190 218
190 225
191 218
192 223
193 197
194 197
195 242
196 231
197 244
199 208
204 231
205 231
205 235
206 247
210 238
210 248
211 222
211 240
213 235
214 234
224 230
225 228
226 245
230 249
0
8 249
