250	497	 1
0 96
0 107
0 115
0 148
1 80
1 112
1 139
1 147
1 182
1 208
1 213
2 166
3 12
3 18
3 102
3 154
4 24
4 68
4 160
4 240
5 24
5 44
5 54
5 87
5 95
5 147
5 229
5 231
5 242
6 33
6 41
6 104
6 131
6 134
6 141
6 225
7 17
7 70
7 84
7 244
8 103
8 112
8 147
8 203
9 47
9 112
9 180
9 242
10 20
10 136
10 231
11 44
11 49
11 54
11 123
11 203
11 232
12 216
13 20
13 49
13 89
13 141
13 155
13 179
13 193
14 175
15 45
15 147
15 248
16 50
16 86
16 130
16 137
16 172
17 31
17 147
17 236
18 56
18 144
18 180
19 74
19 87
19 133
19 162
19 181
19 230
20 45
20 142
20 231
20 246
21 27
21 59
21 239
22 31
22 50
22 53
22 75
22 88
22 145
22 160
22 191
22 213
22 237
23 70
23 198
23 203
23 210
23 233
24 166
24 244
24 246
25 40
25 87
25 105
25 156
25 214
26 71
26 129
26 187
26 200
26 226
27 216
27 248
28 83
28 93
28 183
28 229
28 244
29 31
29 148
29 205
29 247
29 248
30 32
30 60
32 46
33 98
33 112
33 136
33 158
33 226
34 147
34 168
34 185
35 77
36 101
36 102
36 151
36 214
36 229
37 67
37 161
38 54
38 79
38 156
39 57
39 97
40 93
40 121
40 203
41 118
41 243
42 117
42 120
42 153
43 64
43 167
44 184
44 191
44 218
45 46
45 167
45 183
45 191
45 243
46 61
46 156
47 157
47 172
48 205
48 206
48 243
48 247
49 93
49 121
49 122
50 92
50 114
50 124
50 138
50 161
50 206
50 246
51 76
51 167
51 181
52 100
52 187
53 208
53 222
54 148
54 181
54 192
55 57
55 186
56 167
56 242
57 122
57 161
58 239
58 248
59 165
59 174
59 246
60 74
60 120
62 98
62 118
63 186
64 118
64 120
64 189
64 220
64 225
65 75
65 77
65 223
66 131
67 207
68 86
68 110
68 149
68 182
68 205
69 86
69 93
69 111
69 223
69 243
70 246
71 111
72 106
72 128
72 216
73 228
74 138
74 201
74 208
75 76
75 142
75 189
76 215
77 104
78 87
78 128
78 200
78 223
79 197
79 228
80 237
81 138
82 88
82 105
82 191
82 247
83 153
83 241
84 105
85 103
85 131
85 181
85 191
85 209
85 220
86 187
87 244
88 105
88 203
88 219
89 123
89 190
90 214
91 111
91 135
91 231
92 146
93 191
94 153
94 157
94 165
94 182
94 228
95 124
95 192
96 122
96 149
96 208
97 108
97 176
97 183
97 201
97 204
97 228
97 232
98 192
98 207
98 211
99 121
99 163
99 166
99 233
100 113
100 130
100 145
100 159
100 164
100 178
100 209
101 198
101 228
101 229
102 116
102 191
102 207
102 222
103 166
103 178
103 187
103 217
104 123
104 166
105 195
105 220
106 124
106 134
106 198
106 220
106 227
106 244
107 209
108 124
108 151
108 207
109 149
110 168
110 240
111 126
111 144
111 210
112 160
112 216
113 235
114 125
114 157
114 181
114 204
115 120
115 196
115 205
115 206
115 246
117 120
117 123
117 146
119 142
119 185
119 229
120 204
121 130
122 136
123 188
123 206
124 185
125 132
126 142
126 159
126 175
126 235
126 248
127 137
127 145
127 171
127 244
128 139
128 161
128 167
128 195
128 209
129 179
129 240
130 138
130 162
130 193
131 150
131 194
131 247
132 181
134 181
134 247
135 164
135 191
136 172
136 232
137 219
137 238
137 247
138 182
139 208
140 199
140 225
141 178
143 165
144 150
144 161
144 199
145 247
146 169
146 170
146 228
148 195
148 218
149 172
150 195
151 171
151 194
151 205
151 230
152 180
152 212
153 170
153 192
153 200
153 216
154 190
154 211
155 159
155 225
155 235
158 169
158 202
158 215
159 213
159 218
160 214
163 167
163 202
164 172
165 178
166 242
169 195
170 203
171 196
172 175
173 183
173 192
174 193
177 178
177 249
178 205
179 211
179 221
180 219
180 235
181 197
181 206
183 245
184 190
187 245
190 210
191 221
192 204
195 204
195 208
198 249
199 221
199 240
200 226
202 209
202 223
205 208
210 230
210 237
211 227
214 245
216 234
217 229
220 228
222 236
223 246
224 234
225 227
228 238
229 248
231 232
233 238
234 242
237 241
0
8 249
