250	494	 1
0 4
0 13
0 96
0 139
0 230
0 240
1 98
1 206
2 84
2 150
2 175
2 180
2 215
3 35
3 57
3 82
3 85
3 113
3 205
3 210
3 235
4 231
5 61
5 184
6 79
6 190
6 223
6 239
6 243
7 48
7 93
7 230
8 52
8 122
9 35
9 36
9 117
9 190
9 196
9 197
9 241
10 182
10 228
11 20
11 125
11 163
11 166
11 193
12 73
12 119
12 126
12 169
12 231
12 248
13 65
13 70
13 177
13 239
14 131
14 192
14 201
15 64
15 102
15 107
15 230
16 87
16 189
16 199
17 91
17 135
17 168
18 65
18 163
19 80
19 160
19 196
19 234
19 235
20 47
20 180
20 213
20 222
21 28
21 89
21 112
21 190
22 159
22 165
23 75
24 30
24 245
25 134
25 138
25 187
26 62
26 74
26 101
26 159
26 220
27 94
27 96
27 135
28 59
28 165
28 179
28 202
29 100
29 106
29 120
29 172
30 68
30 163
30 164
30 201
31 42
31 49
31 213
31 230
32 86
32 126
32 129
32 202
33 72
33 94
33 216
34 123
35 45
35 228
36 168
36 238
37 45
37 54
37 103
37 117
37 157
37 170
37 193
38 149
38 168
38 183
38 198
38 202
38 227
39 67
39 236
40 63
40 84
40 114
40 206
41 62
41 66
41 140
41 182
41 208
42 232
43 181
43 196
43 244
44 146
44 166
45 111
45 198
46 49
47 66
47 73
47 100
47 121
47 139
47 163
47 249
48 116
48 126
48 176
48 179
48 201
49 103
49 159
49 245
50 68
50 106
50 142
50 198
50 204
51 75
51 128
51 155
51 217
52 157
52 192
53 81
53 90
53 97
53 167
53 223
54 108
54 146
55 78
55 84
55 90
55 92
56 171
56 197
57 76
57 122
57 141
57 160
57 194
57 237
58 83
58 191
59 113
59 159
59 199
60 64
60 151
61 91
61 196
62 136
62 152
62 191
62 221
63 123
63 152
64 76
64 181
64 213
65 115
65 219
66 79
66 136
66 175
67 154
67 157
67 174
67 219
68 71
68 85
68 178
68 201
69 79
69 159
69 179
69 210
69 242
70 112
71 90
71 104
71 112
71 212
72 156
72 206
73 80
73 228
73 238
74 197
74 200
75 82
75 114
75 175
75 225
76 96
76 129
76 147
76 190
76 227
77 212
77 241
78 217
79 103
79 129
79 169
79 206
80 227
81 102
81 187
81 249
82 122
82 168
82 210
82 247
83 108
83 151
84 114
84 134
85 131
85 160
85 224
85 228
86 87
86 202
87 118
87 232
88 214
89 166
89 214
89 219
89 244
90 140
90 150
91 98
91 169
91 181
91 248
92 125
92 158
93 133
93 152
93 235
94 134
95 197
95 246
96 204
97 101
97 137
97 174
98 195
98 209
98 213
98 218
99 133
99 199
100 122
100 156
101 183
102 152
102 175
102 211
102 239
103 170
105 137
105 212
105 241
106 135
106 248
107 115
107 176
107 191
108 136
109 205
109 215
110 138
110 170
111 115
111 141
112 134
112 213
113 184
113 197
115 133
115 138
116 136
117 152
118 135
119 179
119 200
119 202
120 207
121 198
121 248
122 203
123 150
123 241
124 143
124 148
124 199
124 205
124 235
124 240
125 145
125 148
126 166
127 186
127 227
128 199
129 144
129 161
129 202
130 149
130 242
131 171
131 211
132 214
132 238
133 190
133 216
134 191
134 246
135 161
137 171
137 189
137 206
138 163
139 151
139 180
139 224
139 246
140 206
142 156
143 149
143 196
144 162
145 152
145 163
145 176
146 170
146 176
146 228
147 187
147 235
148 159
149 222
150 158
151 174
151 203
151 249
152 188
153 215
153 248
154 194
155 207
156 200
156 229
157 162
157 181
157 215
157 236
157 249
158 241
161 233
162 163
162 166
162 201
163 186
164 220
165 199
165 229
165 236
166 170
166 181
167 169
168 177
168 245
169 210
169 235
171 190
172 211
173 235
174 210
176 190
178 180
178 188
178 248
179 182
180 235
181 191
182 194
183 217
185 192
186 212
186 232
188 233
189 191
190 198
190 206
192 216
195 211
196 198
198 243
199 245
201 219
201 226
203 213
203 220
204 216
204 229
205 215
205 230
207 232
208 233
213 232
215 243
215 247
217 221
220 246
222 242
224 227
224 228
224 236
227 243
229 247
230 239
232 234
242 246
246 249
0
8 249
