250	514	 1
0 102
0 178
0 206
0 234
1 37
1 41
1 135
1 142
1 226
2 60
2 76
2 167
3 96
3 107
3 131
3 199
3 224
4 77
4 112
4 135
4 141
4 154
4 199
4 216
4 228
5 26
5 116
5 171
6 134
6 186
6 213
6 242
7 103
7 192
8 50
8 64
8 68
8 104
8 105
8 144
8 154
8 247
9 40
9 52
9 72
9 196
10 23
10 68
10 80
10 93
10 151
10 158
10 179
11 61
11 64
11 157
11 218
11 245
12 19
12 118
13 49
13 82
13 97
13 108
13 197
13 239
14 82
14 88
14 89
14 164
15 94
15 111
15 189
15 219
15 247
16 36
16 90
16 147
16 188
16 215
17 136
17 137
17 230
18 64
18 141
18 213
19 58
19 125
19 228
20 39
20 114
20 121
20 223
21 34
21 86
21 103
21 132
22 34
22 132
23 40
23 63
24 59
24 155
25 104
26 194
26 224
27 72
27 190
28 36
28 115
28 132
28 183
28 209
28 213
28 217
28 222
29 40
29 100
29 114
29 194
29 212
30 192
30 213
31 62
31 72
31 169
32 55
32 59
32 106
32 123
32 133
32 200
33 73
33 123
34 58
34 60
34 74
34 88
34 128
34 190
34 237
34 240
35 104
35 139
35 163
35 197
36 135
36 160
36 188
37 69
38 85
38 125
38 197
39 77
39 138
39 152
40 80
40 149
40 189
40 231
40 236
41 116
41 154
42 58
42 110
42 119
42 196
42 241
43 97
43 152
43 183
44 82
44 215
45 110
45 171
45 202
46 69
46 118
46 211
46 213
46 242
47 48
47 76
47 97
47 191
47 218
47 247
48 151
49 164
50 62
50 187
51 68
51 153
51 170
51 180
51 230
52 93
53 139
53 169
54 88
54 134
54 196
55 81
55 245
56 64
56 161
56 211
56 220
57 64
57 94
57 100
57 140
57 160
57 169
57 200
57 236
57 240
58 248
59 164
59 193
59 223
60 71
60 99
60 164
60 232
61 104
62 232
63 74
64 80
64 86
64 134
64 239
65 229
66 82
66 104
66 182
67 83
67 168
67 183
68 86
69 132
69 173
70 72
70 73
71 167
71 209
71 241
72 152
72 204
72 219
73 104
73 118
73 144
73 191
74 130
74 189
74 242
75 127
75 165
75 178
75 204
75 222
75 246
76 133
76 144
76 194
76 198
78 105
78 148
79 92
79 151
79 174
79 204
79 215
79 229
80 88
80 102
80 140
80 184
80 230
81 86
81 98
81 123
81 198
81 236
82 150
82 227
83 88
83 111
83 134
83 135
83 173
83 180
84 94
84 130
84 189
84 247
85 95
85 137
85 154
85 172
86 106
86 141
86 142
86 234
86 249
87 126
87 133
87 194
87 234
89 141
89 199
89 215
89 216
90 164
91 182
92 101
92 167
92 174
92 223
93 143
94 101
94 182
94 226
95 147
95 246
96 155
97 142
97 157
97 165
97 172
97 179
97 188
97 227
98 220
99 140
99 141
100 126
100 239
100 240
100 249
101 193
101 205
101 215
101 226
102 154
104 134
104 140
104 235
105 137
105 178
105 195
105 244
106 160
107 118
107 135
107 143
107 163
107 172
108 182
109 151
109 186
109 187
109 223
110 195
110 218
112 117
112 196
113 135
113 149
113 237
114 165
114 182
114 186
114 207
114 222
115 156
116 127
117 173
119 226
120 148
120 199
122 124
122 136
122 222
123 143
123 162
123 208
124 144
124 231
126 136
126 175
126 241
128 147
128 242
129 172
129 177
130 144
130 201
130 240
131 134
131 139
131 230
132 244
133 192
133 217
134 166
134 196
134 220
135 157
136 173
139 178
140 174
140 209
140 241
141 142
141 237
142 227
143 159
143 162
143 187
144 179
144 195
145 213
145 222
146 166
146 180
147 205
147 233
149 161
149 183
151 159
151 188
152 186
152 217
153 176
153 183
154 178
154 185
154 234
156 179
156 222
157 193
158 227
161 178
162 247
163 166
163 214
164 218
164 239
165 190
166 201
166 243
168 174
168 227
169 207
169 240
170 239
171 172
171 225
171 234
172 182
172 212
172 221
173 191
173 197
173 245
174 238
175 204
176 243
177 194
177 211
177 212
177 213
178 195
178 200
178 226
179 208
180 206
181 203
183 235
187 234
187 244
188 214
189 197
189 210
189 229
192 243
194 203
194 212
195 227
195 233
195 235
195 246
197 233
197 236
199 222
201 247
203 223
205 248
207 249
213 232
214 215
214 231
217 218
217 220
218 225
219 237
221 236
222 244
225 228
237 245
239 243
243 249
0
8 249
