250	482	 1
0 1
0 172
0 173
1 107
1 216
1 217
1 237
2 23
2 165
2 234
3 31
3 108
3 111
4 35
4 126
4 134
4 197
5 88
5 140
5 151
5 213
5 224
5 238
6 56
6 75
6 213
7 27
7 124
7 143
7 175
7 202
7 243
8 108
8 145
9 30
9 140
9 199
10 129
10 197
11 14
11 83
11 106
11 159
11 196
11 215
11 246
12 32
12 87
12 104
12 105
12 141
13 113
13 155
14 55
14 129
14 168
14 239
15 129
15 158
15 223
16 135
16 138
16 177
16 214
17 71
17 123
17 124
17 196
17 206
18 89
18 98
18 132
18 197
19 29
19 43
19 124
20 37
20 40
20 70
20 222
20 238
21 31
21 38
21 49
21 79
21 142
21 158
21 166
22 56
22 181
22 216
23 60
23 108
23 124
24 46
24 58
24 96
24 119
24 243
25 38
25 47
25 227
26 86
26 170
26 180
27 95
27 138
27 158
27 165
28 53
28 125
29 139
29 149
30 72
30 79
30 228
31 75
31 85
31 143
32 247
33 44
33 60
33 125
33 218
34 47
34 65
34 194
35 67
35 190
36 70
36 193
38 58
38 75
38 136
38 183
39 64
39 131
40 115
40 214
41 51
41 72
41 93
41 208
42 70
43 143
44 73
44 91
44 102
44 109
45 110
45 238
46 66
46 89
46 95
47 62
47 87
47 93
47 203
47 233
47 237
48 174
49 91
50 176
51 76
51 215
52 100
52 134
52 143
52 154
53 67
53 102
53 165
53 205
54 127
54 130
54 194
55 241
56 240
57 84
57 130
57 193
57 196
58 83
58 185
59 128
59 211
60 85
60 93
60 121
60 172
61 63
61 115
61 129
61 178
61 191
62 71
62 127
62 132
62 214
63 118
63 204
64 110
64 121
65 201
65 246
66 134
66 228
67 114
67 174
67 192
68 70
68 243
69 110
69 124
69 187
69 209
70 108
70 234
71 88
71 145
71 174
71 178
72 81
72 115
72 126
72 174
72 175
73 74
73 216
74 190
75 95
75 102
75 199
76 188
76 211
76 232
77 126
77 172
77 245
78 118
78 124
78 151
78 195
79 110
79 161
79 237
80 176
80 178
80 199
80 238
81 95
82 83
82 103
82 118
82 208
83 91
83 229
83 246
84 112
84 173
84 188
84 209
84 244
85 131
85 177
85 205
86 174
86 204
86 239
87 96
87 224
87 229
88 190
89 107
89 145
90 160
90 231
90 235
90 247
91 202
91 219
92 158
92 175
92 227
92 232
93 151
93 175
93 194
93 229
94 155
94 175
96 124
96 231
97 102
97 173
97 178
98 107
98 127
98 142
98 246
99 115
99 129
99 242
100 134
101 128
101 148
101 171
101 219
102 112
102 120
102 171
102 191
103 104
103 125
103 137
103 150
104 207
104 214
104 218
105 148
106 109
107 196
108 116
108 174
109 164
111 128
111 132
112 154
112 168
112 176
112 181
112 183
112 224
113 144
113 213
113 217
114 178
114 234
114 243
115 146
115 171
116 242
117 225
117 230
118 149
118 198
119 216
120 211
121 205
122 126
122 140
122 145
122 180
123 169
123 182
123 192
123 222
123 228
123 243
123 245
124 125
124 166
124 178
124 203
125 157
125 210
125 213
126 202
127 187
127 227
128 140
128 182
128 198
130 152
130 248
133 167
133 205
133 235
134 135
134 176
135 148
135 199
137 217
138 211
138 242
139 226
141 180
141 245
142 152
142 193
142 230
142 246
144 194
144 207
145 246
146 168
147 150
147 185
148 164
148 179
149 173
150 156
150 180
150 205
151 165
152 187
152 207
153 186
155 157
155 170
155 198
155 211
155 242
156 179
156 215
157 184
159 226
159 227
160 184
160 192
162 191
162 212
162 213
162 235
162 239
162 242
163 202
163 223
164 174
165 219
166 214
166 249
167 196
167 209
168 177
168 217
171 173
172 206
172 236
173 203
173 227
173 238
175 202
178 220
179 219
180 235
181 190
181 221
181 223
184 195
185 235
186 221
186 227
186 236
186 246
187 220
187 244
189 239
192 204
192 208
192 216
193 233
195 216
195 241
196 222
197 227
198 200
200 209
201 217
202 235
204 232
212 249
216 238
219 229
220 222
223 245
223 246
224 242
225 244
230 231
233 237
238 246
0
8 249
