250	489	 1
0 47
0 94
0 141
0 186
0 215
1 18
1 50
1 69
1 112
1 181
1 226
2 33
2 162
2 165
3 62
3 137
3 222
3 248
4 37
4 98
4 152
4 235
5 186
6 54
6 137
6 199
7 15
8 18
8 43
8 44
8 90
8 122
8 170
8 205
8 217
8 238
8 241
9 25
9 100
9 102
10 25
10 62
10 213
10 231
11 96
11 177
12 20
12 60
12 145
12 156
12 197
13 70
13 132
13 165
13 183
14 62
14 95
14 135
14 192
14 213
15 67
16 45
16 110
16 157
17 40
17 82
17 116
17 210
17 228
18 28
18 35
18 93
18 127
18 130
19 27
19 102
20 46
20 48
20 51
20 148
20 158
20 214
20 237
21 66
21 176
21 238
22 61
23 72
23 114
23 235
24 135
24 167
24 219
25 55
25 239
26 38
26 71
26 169
27 131
27 167
27 194
27 199
27 200
27 202
28 55
28 77
28 104
28 107
28 218
29 130
29 135
29 138
29 235
30 95
30 133
31 51
31 69
32 67
32 112
32 147
33 75
33 98
33 103
33 194
34 217
34 218
35 39
35 112
35 221
36 66
36 108
36 118
36 138
36 176
36 236
37 57
37 160
38 53
38 142
39 175
39 226
39 248
40 65
40 67
41 136
41 184
41 204
41 211
41 223
42 76
42 128
42 134
42 145
42 169
42 179
43 50
43 56
43 108
43 187
43 233
44 50
44 145
44 208
44 233
45 71
45 87
45 149
46 136
46 146
46 151
47 85
47 119
47 146
49 56
49 77
49 82
49 128
49 139
49 174
49 198
50 94
50 110
51 62
52 103
52 147
52 167
52 225
53 67
53 179
53 186
54 220
54 246
55 65
55 98
55 242
55 249
56 58
56 92
56 192
56 201
56 224
57 67
57 105
57 166
57 168
58 81
58 88
58 93
59 174
60 159
61 92
61 105
61 111
61 117
62 136
62 172
62 186
62 187
62 240
63 94
64 112
64 171
64 184
64 192
64 213
65 104
65 113
65 210
66 246
67 68
67 158
67 182
67 248
68 150
69 70
69 159
69 188
69 206
69 236
70 75
70 161
72 176
72 189
73 100
73 127
73 135
73 170
73 195
73 230
74 78
74 88
74 159
74 173
75 215
75 231
76 79
76 126
77 88
77 124
77 171
78 183
78 204
79 108
79 114
79 243
80 134
80 193
81 85
81 128
81 229
82 104
82 229
83 102
83 231
84 88
84 158
84 207
84 216
84 224
85 132
85 146
85 185
86 93
87 169
87 176
88 100
88 226
89 125
89 189
89 221
89 249
90 96
91 232
91 238
92 150
92 151
92 162
93 241
94 122
94 129
94 143
94 206
94 234
95 134
95 231
96 176
96 218
97 102
97 211
97 216
97 220
97 222
97 239
98 120
99 197
99 228
101 241
102 121
103 160
103 165
103 205
104 159
105 127
105 136
105 195
106 141
106 174
106 176
107 208
108 187
108 206
109 208
110 125
110 198
111 160
111 231
115 152
115 196
115 197
115 225
116 162
116 213
117 159
117 170
117 178
118 168
119 161
120 121
120 180
121 138
121 224
121 227
121 230
122 146
122 184
122 200
122 224
123 237
124 182
124 183
126 192
127 142
128 206
128 218
129 155
129 191
130 183
130 232
130 233
131 203
131 243
133 182
134 156
135 241
136 167
136 219
136 225
137 147
137 167
137 246
138 144
138 246
139 191
139 199
139 204
139 239
140 147
140 227
140 249
141 222
142 179
142 185
143 157
143 162
143 206
143 233
144 201
146 168
147 245
147 247
148 168
148 181
149 156
149 229
150 212
151 218
152 162
153 185
153 210
153 218
154 175
155 188
155 241
157 163
160 191
162 167
162 193
163 220
164 169
164 183
164 247
165 178
165 217
166 214
167 171
167 197
168 199
169 170
169 180
170 188
172 188
173 178
173 196
174 177
174 179
174 219
176 206
177 226
178 249
179 219
180 198
180 199
180 209
180 228
182 200
182 247
183 204
184 189
185 219
185 227
188 208
188 209
188 232
188 240
189 195
190 210
190 212
190 215
190 227
190 230
191 194
191 226
193 234
195 231
195 232
197 242
200 213
201 209
201 216
205 231
206 237
206 238
208 236
211 212
211 241
212 245
213 221
215 216
216 244
217 220
217 223
217 244
219 240
221 246
222 234
223 236
224 230
229 246
230 235
0
8 249
