250	478	 1
0 41
0 78
0 107
0 121
0 132
1 110
1 154
1 156
1 185
2 21
2 204
2 209
2 211
2 249
3 46
3 59
3 64
3 141
4 39
4 127
4 145
4 162
4 188
4 215
5 30
5 69
6 43
6 44
6 131
7 60
7 114
7 134
7 177
7 201
7 218
8 39
8 182
8 247
9 15
9 63
9 139
9 209
10 33
10 110
10 175
11 63
11 121
11 136
11 167
11 170
11 216
12 15
12 36
12 163
12 221
12 234
13 120
13 122
13 129
13 174
13 183
14 141
14 231
14 239
15 80
15 198
15 209
16 46
16 224
17 32
18 22
18 177
18 202
19 63
19 170
20 24
20 148
20 219
21 68
21 86
21 149
22 75
23 103
24 55
24 122
24 131
24 167
24 241
25 147
26 105
26 214
27 96
27 244
28 78
28 237
29 51
29 63
29 146
30 93
30 243
31 164
32 51
32 138
32 219
33 68
33 113
33 131
33 227
33 234
34 106
34 135
34 177
34 182
34 247
35 144
35 157
35 171
35 174
36 172
37 59
37 170
37 199
38 202
38 243
39 173
39 247
40 189
40 236
41 59
41 197
41 199
42 53
42 89
42 106
42 109
42 125
42 199
43 50
43 118
43 121
44 101
44 137
44 179
44 238
45 149
45 159
45 247
46 206
47 126
47 155
47 186
48 57
48 124
48 215
49 110
49 192
50 79
50 116
50 188
50 240
51 66
51 130
51 160
51 173
52 77
52 143
52 177
53 99
53 222
54 208
54 229
55 75
55 141
55 170
56 76
56 89
56 227
57 85
57 222
58 152
58 164
59 76
59 144
60 173
61 73
61 80
61 207
61 239
62 76
62 138
62 172
62 182
63 95
63 197
64 71
64 140
64 183
64 247
65 211
66 91
66 214
66 215
67 103
67 158
68 158
68 167
68 179
68 224
68 242
69 100
69 123
69 161
69 191
69 206
69 236
70 117
70 126
70 171
70 230
70 236
70 248
71 146
71 188
72 97
72 134
72 142
73 162
73 169
73 207
74 134
74 158
74 242
75 186
75 213
75 223
75 246
76 110
76 177
76 191
76 212
77 112
77 145
77 214
77 238
78 87
78 145
79 118
80 93
80 96
80 98
80 163
80 168
81 83
81 97
81 129
81 165
81 198
82 94
82 135
82 181
83 87
83 94
83 97
83 144
83 165
84 151
84 152
84 186
84 212
85 88
85 101
85 198
86 87
87 110
87 136
88 160
89 154
89 159
89 167
90 130
90 186
91 243
92 128
92 170
92 195
92 198
92 218
93 128
93 181
93 232
93 237
94 137
94 183
94 201
95 106
95 124
95 200
96 102
96 152
96 163
96 168
96 187
96 201
97 187
98 146
98 159
98 183
99 108
99 133
99 180
100 179
100 232
101 138
101 223
102 223
102 249
103 161
103 224
104 124
104 217
105 143
106 162
106 215
107 111
107 191
107 194
107 243
108 183
108 192
108 202
108 207
110 238
111 140
111 149
111 158
112 114
112 185
112 207
113 166
113 202
113 246
114 210
114 227
114 243
115 220
116 233
117 120
117 167
118 164
118 206
119 154
120 167
121 125
121 127
121 215
122 182
122 214
123 170
123 239
124 181
125 127
125 175
125 180
125 193
125 240
126 139
126 212
126 230
126 243
127 215
127 228
128 222
129 231
130 150
130 181
130 219
130 228
131 170
133 164
133 188
133 205
133 220
133 245
134 150
134 176
134 196
134 198
135 146
135 155
135 180
135 222
136 145
136 154
136 164
136 240
137 205
138 173
138 198
139 140
139 165
139 192
141 182
143 174
143 223
144 169
144 225
145 161
145 172
145 237
146 200
147 158
147 190
147 194
148 200
150 240
150 244
151 220
152 189
153 200
154 172
154 193
154 237
155 218
156 216
157 165
159 178
159 201
160 182
160 200
160 215
162 203
165 203
166 197
167 242
168 185
168 234
170 233
173 222
177 226
178 188
179 198
180 225
182 192
182 202
182 234
183 245
184 217
184 223
184 248
185 204
185 223
186 232
188 221
188 224
189 209
190 196
190 236
193 239
194 211
195 230
198 231
198 235
199 200
199 229
203 215
207 246
210 233
214 231
215 225
223 228
223 229
223 244
226 234
226 243
229 240
229 243
238 239
241 245
0
8 249
