250	493	 1
0 106
0 115
1 17
2 146
2 161
2 177
3 106
3 120
3 162
4 45
4 94
4 211
4 220
5 42
5 60
5 66
5 102
5 121
5 167
5 181
5 222
6 49
6 78
6 167
6 191
6 194
6 224
7 79
7 92
7 144
8 62
8 96
8 103
8 184
9 42
9 127
10 30
10 73
10 126
10 218
11 84
11 197
12 58
12 168
12 189
12 207
12 215
12 229
13 20
13 93
13 121
13 130
14 60
14 80
14 161
14 172
14 187
15 28
15 47
15 86
15 88
15 164
15 200
15 234
16 48
16 67
17 33
17 138
18 46
18 82
18 240
19 200
19 223
20 197
21 26
21 182
21 239
21 241
21 245
22 84
22 240
23 116
23 182
23 203
24 29
24 57
24 233
24 246
25 46
25 56
26 136
26 162
26 185
27 91
27 115
28 65
28 184
28 190
28 244
29 89
29 98
29 145
29 189
30 73
30 81
31 119
31 138
31 237
32 49
32 50
32 59
32 159
32 163
32 179
33 50
33 56
33 131
33 168
34 115
34 164
34 211
35 84
35 169
36 129
36 133
37 103
37 111
37 112
37 211
38 68
38 155
38 165
39 59
39 132
39 145
39 188
39 199
39 219
40 116
40 138
40 246
41 66
41 88
41 118
41 174
41 226
41 237
42 130
42 139
43 90
43 121
43 222
43 242
44 168
44 183
44 199
44 204
44 246
45 130
45 176
45 192
47 94
47 201
48 61
48 78
48 99
48 240
49 100
49 153
50 54
50 64
50 164
50 195
50 216
51 52
51 97
51 153
51 160
51 182
51 220
52 99
52 185
52 209
53 139
53 196
53 221
53 225
53 228
54 80
54 147
54 205
54 238
55 88
55 143
55 159
56 76
56 168
56 214
57 130
57 151
57 161
57 233
58 135
58 232
58 236
58 249
59 86
59 104
59 174
59 207
60 96
60 119
60 130
60 160
60 220
61 89
61 129
61 178
62 65
62 69
62 242
63 125
63 150
63 172
63 192
64 100
64 104
64 133
65 84
66 108
66 123
66 133
66 157
66 185
67 249
68 112
68 195
68 217
69 85
69 178
70 74
70 226
70 237
71 119
71 145
71 231
72 133
72 137
72 171
72 190
72 217
73 166
73 218
74 198
75 90
75 217
76 96
76 113
76 130
77 85
77 98
77 196
77 217
78 102
78 110
78 128
78 136
78 181
78 225
79 98
79 112
79 169
79 176
79 183
80 160
80 162
80 187
81 160
82 88
82 152
82 166
82 221
83 95
83 154
83 249
84 140
84 222
85 159
85 166
86 247
87 217
89 196
89 217
90 115
90 208
91 170
91 247
92 102
92 157
92 193
92 230
93 129
93 131
93 168
93 217
94 118
94 153
94 179
95 100
95 119
95 146
95 193
95 234
95 245
96 191
96 197
98 99
99 244
100 129
100 200
101 156
101 180
102 114
102 197
103 105
104 119
104 148
104 229
104 230
105 110
105 227
106 133
106 151
106 186
107 176
108 132
109 200
110 116
110 218
110 224
111 143
111 183
111 212
112 125
112 158
112 205
112 238
113 117
113 121
113 135
113 156
113 176
113 189
114 207
114 245
115 138
115 221
116 149
117 153
119 207
120 193
122 213
122 235
123 208
123 226
124 172
124 196
124 248
125 178
126 161
127 175
127 217
128 192
128 217
128 236
129 204
129 245
130 154
130 187
131 211
132 152
132 239
133 228
134 162
135 157
136 188
136 230
138 143
138 248
139 200
139 239
140 171
141 142
141 151
141 200
142 150
143 172
143 222
144 147
145 174
145 215
145 238
146 176
146 181
146 193
147 207
147 236
147 238
148 225
149 175
150 178
150 217
151 176
152 202
153 166
154 208
154 219
154 234
155 157
155 173
156 158
157 193
158 180
159 227
159 241
160 218
162 208
162 233
163 197
163 232
163 244
165 192
165 210
166 236
168 202
169 213
170 204
171 179
171 240
172 183
173 196
173 204
173 212
175 224
176 197
176 209
177 200
177 207
177 243
179 223
179 239
179 249
180 206
181 217
182 213
182 227
183 185
185 233
186 233
186 234
188 200
189 229
190 235
191 202
192 249
193 208
193 222
195 210
196 229
197 216
197 228
198 229
198 243
199 243
200 224
201 213
202 226
204 218
205 217
207 219
207 233
208 242
209 243
214 220
218 241
225 229
228 234
228 238
229 230
231 236
231 238
232 235
239 249
0
8 249
