250	499	 1
0 15
0 118
0 145
1 3
1 35
1 164
1 210
2 37
2 38
2 82
2 87
2 153
2 208
3 134
3 220
4 147
4 210
4 228
4 235
5 16
5 33
5 151
5 193
5 243
6 130
6 247
7 36
7 154
7 178
7 186
7 236
8 60
8 178
8 192
9 96
9 181
9 199
10 12
10 27
10 119
10 226
10 248
11 15
11 34
11 232
12 69
12 102
12 111
12 112
12 131
12 169
13 82
13 101
13 248
14 15
14 121
14 209
16 23
16 39
16 86
16 171
16 183
17 115
17 136
17 158
17 191
18 99
18 186
18 247
19 32
19 103
19 130
19 179
19 244
19 246
20 31
20 207
20 214
21 40
21 93
21 153
21 243
22 27
22 96
22 152
22 170
22 194
23 184
23 230
24 49
24 223
25 30
25 113
25 143
26 32
26 81
26 152
27 78
27 103
27 236
27 241
28 32
28 151
29 108
29 169
29 199
29 206
29 233
30 96
30 180
30 232
31 67
31 105
31 114
31 123
31 141
31 163
31 199
32 198
33 109
33 194
33 213
34 44
34 55
34 243
35 110
35 123
35 209
35 212
36 237
37 64
37 123
37 185
37 201
37 216
38 88
38 106
38 122
38 239
39 89
39 105
39 182
39 200
41 130
41 149
42 61
42 83
42 117
42 136
42 193
43 81
43 129
43 159
43 223
45 81
45 159
45 166
46 62
46 81
46 119
46 148
46 242
47 86
47 120
47 195
48 131
48 173
48 174
48 242
49 214
49 224
50 64
50 67
50 135
50 195
51 93
51 115
51 156
51 200
52 69
52 172
52 189
52 191
53 116
53 134
53 231
54 79
54 114
54 134
54 159
54 182
54 189
54 206
54 207
54 225
55 60
55 85
55 175
55 248
56 73
56 92
56 195
57 58
57 123
57 163
57 211
57 227
58 125
58 138
58 143
59 183
60 174
60 216
61 161
61 169
61 211
62 180
62 212
63 101
63 126
63 152
63 182
64 190
65 69
65 84
65 142
65 213
66 222
66 235
67 137
67 182
68 75
68 144
69 88
69 91
69 111
69 161
69 199
70 94
70 98
70 172
70 209
71 148
71 150
71 181
72 157
72 227
73 74
73 75
73 183
73 192
74 98
74 161
74 167
74 204
74 231
75 188
75 221
76 101
76 122
76 126
76 153
76 218
77 142
77 226
78 85
78 197
78 215
79 181
79 201
80 142
80 172
80 212
81 192
82 101
82 245
84 180
84 236
84 240
85 201
86 121
86 217
86 226
87 188
88 89
88 92
88 214
88 233
90 145
91 158
91 223
92 193
92 227
92 230
93 168
93 242
93 249
94 101
94 120
94 136
94 146
94 203
95 180
95 194
95 234
96 127
96 186
97 154
97 190
98 150
98 193
99 179
100 193
101 169
101 226
102 174
102 202
102 225
103 234
104 119
104 159
104 203
105 172
106 110
106 171
107 138
107 179
107 188
107 193
108 118
108 196
108 246
109 118
109 172
109 194
109 219
110 155
110 156
110 173
111 187
111 237
112 215
112 227
112 230
113 160
113 170
113 212
113 223
114 141
115 164
115 180
116 149
116 173
116 176
116 197
117 124
118 150
118 224
119 207
121 146
121 196
122 133
122 154
122 158
122 198
122 228
123 149
123 225
123 229
124 147
125 140
125 167
125 193
126 175
128 142
128 151
128 155
128 165
128 205
128 210
129 144
129 157
129 178
130 146
130 241
131 206
131 207
132 202
132 223
133 188
134 155
134 170
135 180
135 185
136 143
136 157
136 243
137 182
138 174
139 142
139 145
139 150
139 192
139 197
139 207
140 150
141 148
141 187
142 218
143 145
143 190
143 223
144 145
144 229
145 196
147 215
147 238
148 153
148 164
148 168
149 248
151 156
151 224
156 213
156 224
157 170
157 203
158 230
160 164
160 180
160 203
161 192
162 166
162 221
162 242
163 187
163 195
163 196
163 219
164 228
164 238
167 199
168 173
168 212
168 222
169 173
170 183
170 207
170 233
170 245
171 188
171 231
171 236
172 220
172 243
173 184
173 207
173 222
175 221
175 248
176 191
176 193
176 226
176 241
177 216
177 218
177 247
180 212
180 243
182 201
183 244
184 190
184 221
186 218
188 230
194 195
196 223
198 223
199 216
199 245
204 221
204 244
206 229
206 236
207 236
207 246
208 210
209 215
211 230
212 229
212 230
212 231
217 220
219 235
219 240
225 246
232 246
239 244
239 247
0
8 249
