250	497	 1
0 26
0 41
0 121
0 175
0 180
1 84
1 87
1 146
1 172
1 176
2 28
2 232
3 4
3 73
4 24
4 113
5 52
5 162
5 195
6 92
6 181
7 12
7 139
8 31
8 85
8 93
9 28
9 94
10 186
10 188
10 193
11 84
11 105
12 69
12 81
13 22
13 136
13 249
14 46
14 176
14 213
14 249
15 138
15 162
15 183
16 57
16 88
17 90
17 153
17 186
17 203
17 246
18 159
18 207
18 245
18 246
19 30
19 133
19 150
19 181
20 61
20 69
20 121
20 141
20 149
21 37
21 41
21 105
21 143
21 160
21 168
21 193
21 237
22 54
22 126
23 186
24 73
24 92
24 219
25 60
25 62
25 175
25 183
26 87
26 94
26 108
27 175
28 103
28 115
28 162
28 235
28 246
29 53
29 141
30 154
30 208
30 242
31 93
31 99
31 109
31 128
31 141
31 154
31 241
32 88
32 160
32 233
33 163
33 194
33 240
34 74
34 135
35 89
35 215
36 100
36 153
36 247
37 119
37 157
37 244
38 100
38 205
39 71
39 101
39 103
39 183
39 195
40 65
40 68
40 124
41 168
41 173
42 57
42 73
42 88
42 167
42 181
43 101
43 148
43 198
44 74
44 97
44 163
44 165
45 88
45 152
45 156
45 163
45 220
46 150
47 65
47 84
47 117
47 206
47 244
48 66
48 179
48 200
48 241
49 61
49 111
49 176
50 103
50 149
50 196
51 59
51 159
52 77
52 163
52 214
52 218
52 229
52 232
53 246
54 74
54 134
54 152
55 114
55 126
55 161
56 171
57 128
57 167
57 192
57 195
57 215
58 190
58 221
59 116
59 125
59 173
59 187
59 191
59 228
60 166
60 177
61 186
61 249
62 145
62 231
63 96
63 163
64 103
64 132
64 241
65 204
65 226
66 141
66 144
67 160
67 180
68 93
68 98
68 107
68 153
68 179
69 99
69 111
69 120
69 187
69 194
69 208
69 210
69 237
70 73
70 144
70 160
70 163
71 91
71 94
71 103
71 140
71 159
71 165
72 168
73 80
73 109
73 142
74 134
74 137
75 239
76 79
76 80
76 102
77 90
77 190
78 133
78 143
78 215
79 184
79 185
79 189
80 135
80 229
81 106
81 157
82 139
82 162
82 195
83 103
84 88
84 188
84 190
84 222
84 233
85 92
85 140
85 142
85 177
85 200
85 230
86 107
86 234
87 99
87 193
88 107
88 118
88 129
88 219
89 126
89 170
89 204
90 122
90 135
91 98
91 201
91 242
92 158
92 168
95 188
95 202
96 109
96 138
96 151
96 178
96 197
97 119
97 241
98 123
98 162
99 229
99 239
101 152
101 197
103 111
103 172
104 111
104 116
104 169
104 179
104 209
104 222
106 142
106 162
107 189
107 202
107 243
108 109
108 147
108 152
108 170
109 216
110 120
110 130
110 138
110 187
112 125
112 231
112 232
113 119
113 122
113 135
113 182
113 187
113 199
113 210
113 227
114 145
114 231
115 117
115 123
115 161
115 240
116 117
116 209
116 211
117 175
117 220
118 200
119 123
119 212
120 167
121 166
122 206
122 248
123 155
124 182
125 151
125 198
125 217
125 225
125 235
126 158
126 170
126 228
127 178
127 203
128 132
128 137
128 172
128 190
128 192
128 236
129 168
129 186
129 226
130 154
130 200
130 210
130 224
130 241
131 134
131 182
132 194
133 149
133 205
133 242
134 140
134 143
134 192
134 195
134 242
135 223
135 248
136 160
136 202
136 222
136 225
137 157
137 234
137 237
138 171
138 195
139 229
140 170
140 178
140 192
142 181
142 184
143 190
143 205
143 247
145 245
146 176
146 198
147 193
148 149
148 176
148 191
148 218
149 193
150 194
150 201
151 212
152 174
152 175
154 163
155 229
156 171
156 224
157 158
157 189
158 241
159 170
159 213
160 184
160 213
161 206
162 163
162 174
162 210
163 203
163 247
164 173
164 175
164 190
165 199
167 230
169 207
169 217
171 178
171 192
171 214
172 207
172 232
172 249
173 221
174 218
177 229
180 218
181 247
182 188
182 213
183 185
183 187
183 199
188 243
189 196
189 241
190 235
190 238
191 228
192 206
192 235
194 223
196 222
196 231
197 205
198 230
198 233
200 245
205 228
205 236
207 213
207 230
208 234
208 235
210 216
214 215
218 220
219 233
220 243
223 240
225 243
231 242
235 244
236 248
0
8 249
