250	496	 1
0 31
0 105
0 133
0 152
0 162
0 166
0 198
1 41
1 103
1 139
1 154
2 130
2 143
2 145
2 214
2 215
3 53
3 55
3 59
3 109
4 38
4 49
4 116
4 234
5 28
5 39
5 221
6 222
7 9
7 18
7 22
7 118
7 198
7 231
7 246
8 68
8 116
9 94
9 95
9 129
9 153
10 102
10 119
10 134
10 195
11 37
11 66
11 70
11 126
11 156
12 92
12 164
12 169
13 37
13 60
13 152
14 58
14 110
14 169
15 49
15 115
15 123
15 162
16 67
16 121
16 152
16 158
17 71
17 115
17 203
18 25
18 58
18 160
18 181
18 187
18 210
19 55
19 176
20 46
20 201
21 147
21 161
21 180
21 190
21 214
22 38
22 84
22 169
22 218
23 39
24 41
24 83
24 132
24 193
25 76
25 120
26 44
26 62
26 244
27 41
27 44
27 111
27 126
27 156
28 40
28 86
28 136
28 142
28 195
28 227
29 135
30 122
31 104
31 221
31 240
32 150
33 43
33 93
33 212
34 89
34 209
35 242
36 38
36 65
36 106
36 140
37 112
38 163
39 55
39 72
39 220
39 238
40 43
40 71
40 211
41 43
41 79
41 80
41 90
41 153
41 198
42 60
42 81
42 91
42 193
43 49
43 67
43 103
43 230
43 231
44 52
44 89
44 132
44 174
45 118
45 232
46 51
46 122
46 150
47 55
47 112
47 148
48 62
48 147
48 218
49 104
50 100
50 109
50 124
50 185
51 65
52 64
52 190
53 156
53 176
53 212
53 231
54 93
54 105
54 124
54 196
54 209
54 228
55 83
55 174
56 195
56 222
57 116
57 128
57 131
57 189
57 195
57 215
57 226
57 242
58 167
58 175
58 200
58 213
59 108
59 226
60 132
60 174
61 133
61 201
61 219
61 231
62 73
62 143
62 152
62 165
62 239
63 81
63 147
63 199
64 68
64 80
64 95
64 157
64 167
64 175
64 249
65 169
65 192
65 222
65 228
66 151
66 184
67 71
67 245
68 82
68 199
69 107
69 118
69 168
69 196
69 224
69 244
70 108
70 122
70 126
70 137
70 207
70 230
70 233
70 234
71 72
71 163
71 238
72 114
73 223
74 104
75 214
76 79
76 135
76 174
76 184
76 196
77 85
77 140
77 165
77 197
77 223
78 153
78 176
78 242
79 80
79 93
79 206
79 218
79 220
79 226
80 107
81 95
81 180
81 191
81 198
82 95
82 164
83 102
83 240
84 193
84 214
85 119
86 89
87 130
88 130
88 178
88 188
89 127
89 182
89 208
90 160
90 200
91 229
91 233
92 155
92 190
92 202
93 129
93 177
93 235
93 247
94 235
94 245
95 98
95 111
95 134
95 141
95 204
96 124
96 164
96 229
97 135
97 233
99 134
99 151
99 164
100 111
101 115
101 161
101 178
101 182
102 112
102 116
102 220
103 184
103 191
103 202
103 218
103 247
104 110
105 200
106 209
106 212
106 242
107 199
108 237
109 128
109 158
110 216
111 224
113 123
113 167
113 181
113 182
114 128
114 149
114 164
114 187
116 163
116 201
117 124
117 139
117 183
118 126
118 197
118 243
119 121
119 128
119 170
119 213
120 141
120 182
121 179
121 188
122 138
122 171
124 135
124 169
125 151
125 154
130 153
130 169
130 173
131 140
131 170
131 219
132 170
132 208
133 174
135 213
135 218
135 240
135 246
137 144
137 212
138 179
138 207
139 196
139 233
139 247
140 179
140 208
140 231
141 205
141 235
141 240
141 241
144 164
144 242
145 170
145 175
146 199
146 235
146 247
147 170
147 176
147 186
147 232
147 238
148 213
150 196
150 201
151 163
151 198
151 243
152 173
152 179
153 174
153 242
155 167
155 209
158 160
158 190
158 241
159 181
159 188
159 197
160 165
160 173
160 178
161 198
161 211
162 184
162 207
163 215
164 180
164 234
167 183
167 202
168 220
168 235
169 211
169 230
170 241
171 211
171 248
172 182
172 189
172 237
173 224
174 249
175 200
177 229
177 244
178 206
178 207
179 192
180 196
180 206
181 230
181 239
183 240
183 241
184 186
185 226
187 194
187 228
190 235
190 249
191 197
191 204
193 240
195 246
197 225
198 237
203 213
205 243
206 221
207 217
208 213
208 216
208 236
210 217
211 227
214 243
216 217
220 236
223 225
223 248
224 236
227 248
232 236
238 243
240 249
0
8 249
