125	183	 1
0 16
0 24
0 78
0 80
0 111
1 2
1 52
2 36
3 77
3 96
4 53
4 113
5 9
5 32
5 55
5 99
5 116
5 123
6 17
6 44
6 73
7 11
7 77
7 115
8 25
8 47
8 48
8 94
9 36
9 86
10 59
10 65
10 87
10 116
11 18
12 79
12 90
13 122
14 24
14 46
15 33
15 108
16 71
17 39
17 59
17 120
18 70
18 115
18 123
19 61
20 23
20 41
20 62
20 96
20 114
21 42
22 27
22 46
23 30
23 122
24 98
24 120
25 120
26 57
26 65
26 111
27 79
27 113
28 58
28 64
28 98
29 35
29 55
29 68
30 76
30 103
30 116
31 71
31 72
32 122
34 40
34 72
34 77
35 69
35 93
37 58
38 91
39 76
39 104
39 113
41 47
41 58
42 70
43 46
43 81
43 112
45 69
45 86
45 101
46 70
46 88
46 107
46 108
47 48
47 53
47 78
47 118
47 122
48 62
48 68
49 85
49 99
50 96
50 112
51 83
52 57
52 84
52 92
52 97
53 79
54 86
55 88
56 70
57 64
59 92
59 114
60 110
60 122
61 64
61 69
62 118
63 68
65 95
66 112
67 90
67 113
69 98
70 79
71 80
71 99
71 119
72 76
72 81
72 103
73 95
74 118
75 80
78 81
78 120
79 84
80 102
81 124
82 84
82 121
83 110
84 95
85 119
86 94
86 108
86 110
87 115
87 118
89 93
89 105
90 113
91 106
91 115
95 113
96 114
96 121
97 106
97 117
98 100
98 101
99 114
99 116
103 105
104 109
106 120
106 123
108 113
115 119
117 119
0
7 124
