125	182	 1
0 54
0 76
0 82
0 95
1 2
1 8
1 10
1 62
1 86
1 123
2 66
2 103
3 25
3 51
3 96
4 61
4 64
4 82
4 86
5 59
5 80
5 102
6 27
6 30
7 13
7 61
7 71
7 92
8 46
9 73
9 79
9 124
10 35
10 54
10 72
10 76
11 25
11 110
12 114
13 26
14 20
14 31
14 59
15 32
15 46
15 49
15 64
15 77
16 83
16 91
17 43
17 46
17 63
17 95
18 43
18 60
18 96
18 112
18 123
19 56
21 78
22 51
22 67
23 42
24 46
24 92
25 34
26 48
26 96
27 41
28 53
28 82
28 124
29 69
29 86
29 101
30 35
30 72
30 92
30 121
31 79
32 118
33 61
33 81
34 49
35 70
36 48
36 89
36 104
37 82
38 107
38 109
39 43
39 60
40 41
40 86
40 94
40 117
40 118
41 99
41 121
42 51
42 115
44 105
44 108
45 56
45 82
45 114
46 88
46 98
46 101
46 124
47 99
47 102
48 85
48 113
49 85
49 94
50 81
51 79
52 77
52 89
52 115
52 120
53 70
53 75
53 101
55 93
55 119
56 96
56 105
57 104
57 111
58 61
58 84
58 109
59 81
60 82
60 106
62 108
63 84
63 123
64 93
64 113
65 91
66 111
67 68
67 91
67 122
68 86
69 118
71 108
71 113
72 79
72 82
73 95
73 100
73 102
73 105
74 121
75 114
78 82
78 103
78 124
79 87
80 99
80 105
84 88
84 103
84 122
86 89
88 97
89 100
90 111
91 108
93 108
99 115
104 106
104 117
112 122
113 116
117 118
0
7 124
