125	200	 1
0 7
0 31
0 50
1 13
1 99
1 118
1 120
2 44
2 59
2 74
3 12
3 18
3 51
4 65
5 8
5 104
5 117
6 31
6 42
7 21
7 55
7 106
7 107
8 32
9 53
9 56
9 69
9 101
9 106
9 107
10 66
10 92
11 84
13 55
13 69
13 93
14 60
14 62
14 63
14 75
14 99
15 34
15 59
15 68
16 44
16 95
16 105
17 78
18 72
19 99
19 114
20 117
21 40
21 79
21 113
22 96
23 41
23 104
23 112
23 113
24 42
24 73
24 77
24 101
25 86
25 94
25 105
26 83
26 85
26 103
26 123
27 72
28 31
28 85
29 37
29 74
29 118
30 121
31 64
31 78
32 120
33 34
33 39
33 56
33 86
34 54
34 60
34 100
34 123
35 57
35 113
36 62
36 78
36 98
36 114
36 124
37 75
37 78
37 118
38 66
38 83
38 90
38 92
39 60
40 51
40 57
40 74
40 80
41 51
42 92
42 104
43 83
43 109
43 117
44 46
45 67
45 81
46 47
46 112
47 119
48 65
48 68
48 94
48 97
49 122
49 124
50 83
50 97
50 99
50 112
51 115
52 124
53 77
54 87
54 124
55 77
55 111
56 77
56 83
57 112
57 114
57 117
58 101
59 84
60 82
60 88
60 123
61 86
62 103
63 91
63 114
64 67
65 104
65 122
66 123
67 70
67 124
68 78
68 84
69 82
69 120
71 96
71 122
72 87
73 109
75 85
75 100
76 120
77 116
78 87
78 97
78 109
79 106
80 87
81 124
82 96
82 97
86 108
87 93
88 94
89 95
90 100
90 116
93 94
97 119
98 108
100 102
100 115
101 124
102 110
103 106
104 107
104 115
108 117
108 122
110 111
113 119
113 123
115 120
116 121
0
7 124
