125	177	 1
0 39
0 53
1 15
1 81
2 75
2 111
3 51
3 90
3 98
3 102
4 59
5 41
6 79
7 9
7 115
8 10
8 42
8 106
9 32
9 80
9 81
9 84
10 66
10 96
10 122
11 41
12 54
12 74
13 46
13 64
13 113
14 33
14 68
14 91
14 109
15 61
16 85
16 124
17 23
17 28
17 63
18 48
18 59
18 99
19 99
19 123
20 26
20 53
20 69
20 79
20 93
20 116
21 39
21 63
21 86
21 95
22 60
22 70
23 25
23 100
24 102
24 112
25 121
26 62
27 39
27 124
28 67
28 90
28 102
29 42
29 53
29 119
30 63
30 67
30 100
31 52
31 92
32 44
32 101
33 45
33 81
33 113
34 60
34 109
34 122
35 58
35 77
36 65
36 101
37 42
37 53
37 71
37 85
37 88
37 91
37 117
38 86
38 107
39 40
39 83
39 87
40 82
40 99
40 112
40 115
41 69
41 82
41 90
41 91
42 82
43 124
45 54
45 55
47 52
47 112
48 82
49 96
50 57
50 78
51 55
51 75
51 77
51 108
52 72
52 117
53 62
53 103
55 66
55 116
56 124
57 69
57 113
59 77
60 61
60 64
60 89
61 73
64 94
64 97
65 81
65 117
67 92
67 105
69 98
70 93
71 91
71 109
72 80
73 107
73 115
74 96
75 99
75 107
76 98
76 122
76 123
77 90
77 124
78 87
78 95
81 95
81 124
83 85
84 108
89 101
90 112
93 119
94 105
98 118
102 118
102 120
103 113
104 107
105 112
110 113
112 116
114 124
0
7 124
