125	188	 1
0 68
0 102
1 63
1 81
1 108
2 46
3 12
3 36
3 82
4 32
4 66
4 81
5 62
5 95
5 97
6 28
6 113
7 25
7 32
7 71
7 97
7 119
8 34
8 52
8 74
9 82
9 112
10 45
10 91
11 51
11 70
11 85
11 116
12 26
12 78
12 106
13 21
13 94
13 114
14 23
14 44
14 54
14 65
14 82
15 28
15 42
15 99
16 22
16 54
16 104
17 31
17 34
17 39
17 84
18 40
18 80
19 46
19 63
19 71
19 104
20 64
20 102
21 47
21 112
21 120
22 36
22 41
22 52
22 70
23 85
24 26
24 78
25 74
25 103
26 42
26 63
27 110
29 55
29 83
29 98
29 120
30 55
30 81
30 121
31 65
31 81
32 40
32 60
32 116
33 83
34 68
35 100
35 104
35 109
35 114
35 118
37 78
37 80
37 95
37 118
38 91
38 112
39 121
40 58
40 72
40 89
41 122
42 110
43 107
44 52
44 101
44 113
45 109
47 60
48 120
49 53
49 57
50 86
51 59
52 91
52 115
53 119
54 102
54 120
55 88
55 106
56 58
57 60
57 64
57 98
57 112
58 91
58 95
60 84
61 66
62 99
62 100
62 120
63 89
63 93
63 120
64 121
65 76
65 107
65 111
67 104
67 107
68 70
69 98
70 116
70 123
71 107
72 104
72 119
73 99
73 113
75 96
76 120
77 114
79 88
79 93
79 97
80 99
80 122
81 94
81 107
82 86
82 99
82 117
83 97
85 90
87 93
89 96
89 121
90 97
91 106
92 108
93 98
93 123
95 109
97 121
99 108
103 106
103 111
105 117
110 114
114 122
115 124
0
7 124
