125	179	 1
0 13
0 70
0 101
1 7
1 29
1 93
2 62
2 89
2 96
2 98
3 4
3 81
3 84
4 15
4 49
4 58
5 52
5 107
6 75
6 76
7 12
7 66
8 15
8 46
8 108
8 109
9 32
9 54
9 81
10 53
10 77
10 90
11 81
12 54
13 114
14 52
14 69
14 106
15 95
16 70
17 45
18 66
18 110
19 26
19 47
20 54
20 62
21 40
21 44
21 64
21 118
22 121
23 87
24 104
25 117
26 40
27 41
28 50
28 88
29 109
30 51
30 111
30 117
31 39
31 50
31 94
32 37
32 105
32 118
32 120
33 34
33 112
33 116
33 117
34 110
34 118
35 76
36 41
36 56
36 70
36 112
37 48
37 62
37 73
37 121
38 69
38 76
38 114
38 121
39 52
39 53
39 110
39 112
40 63
40 88
41 113
42 72
43 102
43 117
43 119
44 103
45 61
45 115
46 47
46 87
47 92
47 100
47 109
47 113
47 118
48 52
48 96
48 115
49 68
50 71
50 74
51 71
51 89
52 56
53 97
54 104
55 116
56 97
57 73
57 100
58 70
58 105
58 118
59 60
59 66
59 86
60 65
60 76
61 84
61 93
61 124
62 64
62 110
63 95
63 97
64 95
65 96
65 122
66 120
67 71
67 99
68 72
68 78
69 100
70 109
71 80
73 83
74 83
74 91
75 112
75 124
76 83
77 98
77 105
77 123
79 108
82 100
83 91
83 112
85 90
85 100
87 115
91 107
93 114
94 103
95 119
95 123
96 102
99 120
99 124
101 108
101 114
105 122
121 123
0
7 124
