125	192	 1
0 19
0 23
0 31
0 35
1 84
1 95
1 114
2 70
2 102
3 58
3 108
4 15
4 87
4 105
5 69
5 72
5 95
5 99
6 38
6 83
7 55
7 61
8 18
8 105
8 122
9 24
9 48
9 60
9 124
10 32
10 94
11 24
11 80
11 99
12 55
12 71
12 95
12 100
13 34
14 65
15 77
15 101
16 76
16 92
16 107
16 122
17 115
17 124
18 30
18 51
18 119
19 78
20 29
20 72
21 123
22 66
22 74
23 88
23 115
24 49
25 50
25 118
26 27
26 63
27 97
28 41
28 72
29 61
29 65
30 47
30 65
30 79
30 80
30 122
31 36
31 59
31 63
32 54
32 95
33 45
33 63
33 88
33 124
34 48
35 47
35 84
35 118
36 73
37 54
37 93
37 96
37 113
38 72
38 82
39 48
39 91
39 104
40 55
41 119
41 120
42 75
42 87
43 79
43 120
44 48
44 88
45 107
46 74
46 119
46 122
47 75
47 112
48 54
49 59
49 74
49 95
49 101
49 124
50 68
52 57
52 122
53 80
54 70
54 76
54 93
54 119
55 122
55 123
56 96
56 101
57 60
57 99
59 61
59 85
59 121
60 86
61 102
61 114
62 117
63 77
63 96
64 65
64 95
64 122
65 81
66 76
66 108
66 111
66 116
67 123
68 83
69 115
69 120
70 86
71 109
71 124
74 82
74 89
75 114
76 114
77 82
77 95
77 113
77 122
78 104
79 81
79 90
82 103
82 104
84 97
84 103
85 88
86 96
87 108
88 90
89 121
90 112
91 98
91 99
92 98
92 99
94 99
94 103
97 106
100 117
102 106
102 123
104 121
105 110
105 112
107 110
113 117
0
7 124
