125	197	 1
0 6
0 63
0 119
1 6
1 38
1 55
1 67
2 32
2 33
3 72
4 70
5 37
5 41
5 44
5 79
5 80
5 103
5 112
6 12
6 24
6 64
6 76
7 30
7 118
8 17
8 46
9 12
9 40
10 66
11 61
11 85
11 110
12 59
13 15
13 25
13 89
14 78
14 101
15 32
15 52
15 73
16 42
16 108
17 22
17 115
18 100
18 124
19 83
19 96
20 35
20 89
20 101
21 36
21 61
22 37
22 67
22 116
23 37
23 64
23 70
23 80
24 43
24 80
25 91
25 106
26 65
26 90
27 43
27 56
27 119
28 65
28 121
29 77
30 83
30 123
31 83
31 100
31 116
32 79
32 124
33 38
33 96
34 48
34 56
34 62
34 63
34 98
34 104
35 73
35 84
36 60
37 86
39 87
39 99
40 63
40 84
40 113
41 106
42 65
42 87
42 101
42 102
43 95
44 57
44 72
44 91
45 46
45 118
46 73
47 112
48 58
48 83
48 102
48 110
49 80
49 117
50 51
50 62
50 108
51 70
51 87
51 105
52 62
52 124
53 67
53 98
54 118
55 102
55 114
56 90
56 99
58 73
58 85
59 86
60 89
60 106
60 116
61 68
61 76
61 115
62 81
62 85
62 97
62 119
64 88
65 83
65 108
66 77
66 101
67 79
69 112
71 113
71 122
72 92
73 78
73 89
73 111
74 106
74 124
75 78
75 107
75 112
76 93
76 105
77 92
77 106
79 98
82 84
82 115
83 96
84 99
84 102
84 115
85 115
86 106
91 120
94 110
95 119
96 123
97 109
97 120
98 110
98 121
98 123
100 103
100 107
101 111
101 117
106 122
107 123
109 110
110 120
113 119
114 116
114 120
114 122
122 123
0
7 124
