125	190	 1
0 81
1 21
1 34
1 99
2 24
2 28
2 83
3 34
3 54
3 67
3 110
4 39
5 59
5 76
5 107
5 123
6 66
6 92
6 95
7 54
7 79
8 51
8 64
8 90
8 114
9 49
9 110
10 33
10 44
10 77
11 13
11 87
12 27
12 75
13 16
13 105
14 42
14 70
14 117
15 37
15 96
15 107
15 113
16 51
16 56
17 120
17 124
18 65
18 94
19 97
19 100
20 71
20 76
20 92
21 95
22 25
22 30
22 35
23 53
24 31
25 54
25 89
26 37
26 59
26 63
27 45
27 47
27 120
28 31
29 36
29 71
29 72
29 76
29 93
29 108
30 52
30 102
30 121
31 48
31 118
32 39
32 41
33 42
33 88
33 98
33 118
34 84
34 96
34 101
35 54
35 56
35 100
36 97
36 101
37 115
38 53
39 46
39 83
39 86
40 82
40 94
40 114
41 97
41 121
42 75
43 68
43 69
43 120
44 82
44 112
45 73
45 89
46 102
47 54
47 95
47 102
47 120
49 82
49 83
49 92
50 87
50 108
51 52
51 94
52 108
52 124
53 107
53 121
53 122
54 70
54 82
54 90
55 98
55 118
56 115
57 58
57 96
60 87
61 102
62 110
62 123
63 68
63 87
63 102
63 105
64 88
66 72
67 70
68 79
69 86
69 122
70 73
70 74
70 79
70 88
70 102
70 103
71 96
75 124
77 80
77 104
77 107
78 80
78 85
78 114
79 113
81 93
81 107
81 118
82 113
83 91
83 93
84 106
84 123
85 109
86 99
86 106
87 111
91 111
94 110
97 110
101 121
102 110
103 107
106 114
106 119
108 122
109 116
111 117
116 123
0
7 124
