125	179	 1
0 40
0 68
0 112
1 26
1 88
1 105
1 124
2 8
2 42
2 85
2 120
3 74
4 16
4 56
4 59
4 61
4 116
5 37
6 51
6 69
7 18
7 115
8 10
8 26
8 32
8 93
8 99
9 70
10 13
10 23
10 49
11 34
12 42
12 43
12 114
12 122
13 86
13 94
14 109
14 113
15 31
15 42
15 70
15 88
16 17
16 50
16 105
17 23
17 28
17 104
18 89
18 99
18 122
19 56
19 87
19 122
20 63
20 65
21 74
22 33
22 52
23 25
23 90
23 115
24 44
24 47
24 108
26 33
27 74
27 120
28 72
28 74
28 85
29 91
29 102
30 106
31 99
32 83
34 104
34 115
35 45
36 46
36 54
36 97
37 53
37 91
37 96
37 108
38 68
39 81
40 98
40 109
41 49
41 71
41 77
42 43
42 58
42 62
43 48
43 106
43 113
44 58
45 58
45 84
45 102
46 62
46 64
46 111
47 72
47 88
47 107
48 70
48 78
50 123
51 80
51 107
52 55
52 103
53 57
53 71
54 68
54 78
54 117
56 111
57 81
58 120
60 77
60 96
61 117
61 118
62 110
63 72
64 94
64 100
65 70
65 79
65 89
65 92
66 73
66 82
66 93
67 81
67 82
67 98
67 105
68 121
69 87
69 102
71 75
74 76
74 117
74 119
74 124
76 121
77 104
77 121
79 93
79 109
82 105
85 100
85 110
91 103
92 101
95 96
95 108
95 115
96 113
96 120
97 100
100 118
101 113
104 111
104 116
108 114
108 124
110 120
112 118
114 124
119 122
0
7 124
