125	182	 1
0 26
1 41
1 92
1 116
2 13
2 19
2 48
2 65
2 70
2 83
3 57
3 58
3 71
4 21
4 25
4 115
5 70
5 88
6 39
6 59
6 77
6 80
6 102
7 100
8 45
8 50
9 28
9 39
9 94
9 118
10 120
11 49
11 107
12 94
12 122
13 37
13 49
13 95
14 28
14 116
15 28
16 51
17 37
17 60
17 72
17 74
18 56
18 120
20 35
20 87
20 104
21 31
21 92
21 117
22 59
22 84
23 29
23 46
24 54
24 62
25 40
25 74
26 62
27 43
27 123
28 32
28 89
29 69
29 78
29 111
29 124
30 77
30 98
31 87
32 96
33 34
33 39
33 64
33 91
34 45
34 99
35 114
36 67
36 83
36 104
36 105
37 48
37 94
38 45
38 70
38 107
38 122
38 124
39 110
40 58
40 72
41 52
41 102
41 108
41 112
41 123
42 75
42 119
43 101
44 73
44 113
44 115
45 108
45 113
46 79
47 115
48 96
49 50
49 81
49 107
50 83
51 90
51 92
52 56
52 66
52 73
52 78
52 89
53 77
53 80
53 120
54 58
54 100
55 66
56 112
57 104
57 106
58 79
59 83
59 97
60 68
60 95
61 81
62 116
62 123
63 102
63 108
64 90
65 90
66 77
67 75
67 97
67 118
68 82
68 122
69 109
70 83
70 94
70 102
72 116
74 107
75 88
75 93
76 82
76 111
78 118
79 117
80 97
84 116
85 107
86 95
87 112
89 104
92 98
92 110
93 118
98 117
99 101
99 117
99 120
101 119
102 107
102 109
102 120
103 105
110 115
121 124
0
7 124
