125	177	 1
0 21
0 80
1 36
1 37
1 83
1 84
1 97
2 52
2 58
2 63
2 91
3 27
3 62
3 75
4 17
4 43
4 123
5 10
5 87
6 11
6 48
6 52
6 105
7 33
8 53
8 65
9 33
9 77
9 104
10 13
10 32
10 79
11 93
12 20
12 89
12 116
13 64
13 102
13 115
13 120
14 39
14 44
14 51
14 84
14 98
14 105
15 59
16 71
16 108
17 102
17 110
17 123
18 41
18 56
18 64
18 74
19 21
19 65
19 99
20 29
20 44
20 54
20 110
21 25
22 111
23 96
23 99
24 62
24 100
24 121
25 112
26 27
26 50
26 67
26 124
27 32
27 62
28 53
28 112
29 53
29 58
29 82
29 102
30 40
30 75
31 32
31 122
32 104
33 114
34 57
34 76
35 91
36 43
37 81
38 57
39 42
39 88
39 92
40 49
40 50
40 78
42 94
43 55
44 57
45 86
46 92
46 100
47 58
47 72
48 71
49 86
50 59
50 75
50 118
51 91
51 118
52 70
52 72
52 100
52 119
53 124
54 59
54 76
56 73
57 78
57 120
58 91
58 93
59 91
60 89
61 108
62 81
62 99
63 65
63 94
63 102
65 112
66 76
66 77
66 107
66 124
67 97
68 113
69 82
69 93
70 118
71 90
72 87
73 124
74 105
75 80
75 90
76 98
77 106
78 108
79 85
81 111
81 119
83 123
85 113
86 96
86 108
86 121
87 102
87 112
87 121
88 112
88 117
89 92
89 95
94 111
97 121
101 105
102 103
109 114
109 116
110 115
0
7 124
