125	186	 1
0 36
1 65
2 6
2 10
2 31
2 120
3 82
4 19
4 26
4 105
5 7
5 81
5 86
5 88
5 93
6 25
7 18
7 65
7 114
8 9
8 75
8 91
9 44
10 12
10 56
10 78
11 37
11 76
12 36
12 48
13 72
14 117
15 66
15 117
16 29
16 66
16 76
16 94
16 98
16 118
17 38
17 41
17 60
18 21
19 62
19 72
19 97
20 23
20 109
21 34
21 35
21 84
21 103
21 120
22 34
23 68
24 33
24 40
24 100
24 122
25 61
26 41
26 95
27 59
27 71
28 55
28 101
28 117
30 44
30 86
30 91
30 122
31 43
31 66
31 71
32 51
33 74
34 47
34 66
34 89
34 114
35 36
36 70
37 117
38 75
39 72
39 88
39 121
40 68
40 109
41 74
41 115
42 51
42 97
43 53
44 104
45 91
45 118
46 52
46 82
46 112
48 101
48 109
49 72
49 76
49 102
49 115
50 58
50 66
50 69
50 72
50 124
51 54
51 106
51 122
52 91
52 99
53 54
53 63
54 117
55 57
55 86
55 103
56 108
56 119
57 102
59 89
60 102
61 67
61 111
62 68
62 84
62 87
62 92
63 87
64 81
64 98
64 99
64 123
67 120
68 82
69 71
69 81
69 96
69 101
70 90
70 102
70 121
72 107
72 119
73 121
74 110
76 98
77 94
78 98
79 84
79 85
80 93
80 108
81 99
82 85
82 94
83 115
85 91
85 120
86 95
87 116
88 112
89 108
91 110
91 115
92 93
93 99
95 114
96 108
97 111
100 109
101 110
101 113
101 114
102 112
105 108
107 119
108 111
109 120
111 120
0
7 124
