125	180	 1
0 43
0 58
1 9
1 18
2 6
2 7
2 79
2 118
3 54
3 105
3 122
4 31
4 49
4 72
4 79
4 93
5 37
6 10
6 88
6 109
7 59
7 97
7 115
8 9
8 39
8 47
8 68
8 92
8 96
8 111
9 67
10 46
11 32
11 112
11 113
12 54
12 78
12 98
12 124
13 31
13 80
14 53
14 69
15 27
15 69
15 73
16 43
16 47
17 36
17 84
17 116
18 47
18 57
18 109
18 119
19 26
19 88
20 60
20 85
21 50
21 54
21 76
21 93
22 56
22 62
22 74
23 92
23 120
24 44
24 71
24 111
24 114
25 39
25 124
26 71
27 65
27 99
27 118
28 32
28 45
28 84
28 90
28 104
29 94
29 124
30 57
30 96
31 117
31 120
32 61
32 95
33 82
34 42
34 68
34 108
35 92
35 121
35 122
36 51
36 100
36 102
36 110
37 85
37 118
38 55
38 81
38 107
38 115
39 70
39 83
40 85
41 57
41 100
41 111
42 86
42 105
43 94
44 90
45 72
45 75
45 95
45 101
46 76
48 75
48 78
50 51
50 57
50 62
52 70
55 61
55 82
56 110
56 121
57 59
58 108
58 124
59 89
60 109
60 114
61 122
63 86
63 87
64 89
65 107
66 116
67 92
70 120
73 87
73 117
73 119
75 92
75 102
77 110
80 81
81 86
81 95
81 123
84 108
84 111
84 118
85 124
86 116
91 94
91 106
92 112
93 104
94 100
94 117
95 97
95 119
95 123
98 121
99 108
103 107
104 110
104 122
106 112
107 121
117 120
122 124
0
7 124
