125	166	 1
0 39
0 107
0 122
1 3
1 8
1 37
2 9
2 51
3 46
3 47
3 60
4 12
4 38
4 47
4 63
4 92
5 23
6 63
7 83
7 88
7 98
8 23
8 83
9 75
9 81
9 115
10 81
11 84
11 91
12 53
13 72
14 101
15 64
15 100
15 107
16 119
17 48
18 55
19 50
20 29
20 30
20 47
20 73
21 74
21 95
22 42
24 41
24 53
24 59
25 34
25 71
25 104
25 123
26 29
26 30
27 80
27 104
28 66
28 72
28 117
29 50
29 121
30 40
30 55
30 110
31 43
32 35
32 56
32 116
33 44
33 65
33 68
33 71
33 115
34 50
34 91
34 94
34 119
35 43
35 54
36 45
36 103
37 46
37 82
37 84
37 90
37 110
41 85
42 43
42 45
42 91
42 111
43 54
43 86
44 103
48 52
48 57
48 107
49 90
49 111
50 70
51 59
52 58
53 93
54 61
54 74
54 120
55 59
55 74
55 113
57 75
57 106
57 109
58 70
60 76
60 89
61 77
61 85
61 102
62 78
62 96
63 97
64 87
64 122
65 79
65 111
65 121
66 90
66 121
66 122
67 75
68 84
68 108
68 118
69 84
69 95
69 109
70 93
73 96
73 114
75 77
75 111
78 102
78 107
79 87
80 110
81 99
82 99
82 124
83 101
86 87
87 90
87 124
88 107
88 108
89 106
89 114
90 94
91 105
96 101
96 105
98 123
100 122
109 119
112 115
114 121
0
7 124
