448 768 1
0 96
0 64
1 97
1 65
2 98
2 66
3 99
3 67
4 100
4 68
5 101
5 69
6 102
6 70
7 103
7 71
8 104
8 72
9 105
9 73
10 106
10 74
11 107
11 75
12 108
12 76
13 109
13 77
14 110
14 78
15 111
15 79
16 112
16 80
17 113
17 81
18 114
18 82
19 115
19 83
20 116
20 84
21 117
21 85
22 118
22 86
23 119
23 87
24 120
24 88
25 121
25 89
26 122
26 90
27 123
27 91
28 124
28 92
29 125
29 93
30 126
30 94
31 127
31 95
32 64
32 96
33 65
33 97
34 66
34 98
35 67
35 99
36 68
36 100
37 69
37 101
38 70
38 102
39 71
39 103
40 72
40 104
41 73
41 105
42 74
42 106
43 75
43 107
44 76
44 108
45 77
45 109
46 78
46 110
47 79
47 111
48 80
48 112
49 81
49 113
50 82
50 114
51 83
51 115
52 84
52 116
53 85
53 117
54 86
54 118
55 87
55 119
56 88
56 120
57 89
57 121
58 90
58 122
59 91
59 123
60 92
60 124
61 93
61 125
62 94
62 126
63 95
63 127
64 144
64 128
65 145
65 129
66 146
66 130
67 147
67 131
68 148
68 132
69 149
69 133
70 150
70 134
71 151
71 135
72 152
72 136
73 153
73 137
74 154
74 138
75 155
75 139
76 156
76 140
77 157
77 141
78 158
78 142
79 159
79 143
80 128
80 144
81 129
81 145
82 130
82 146
83 131
83 147
84 132
84 148
85 133
85 149
86 134
86 150
87 135
87 151
88 136
88 152
89 137
89 153
90 138
90 154
91 139
91 155
92 140
92 156
93 141
93 157
94 142
94 158
95 143
95 159
96 176
96 160
97 177
97 161
98 178
98 162
99 179
99 163
100 180
100 164
101 181
101 165
102 182
102 166
103 183
103 167
104 184
104 168
105 185
105 169
106 186
106 170
107 187
107 171
108 188
108 172
109 189
109 173
110 190
110 174
111 191
111 175
112 160
112 176
113 161
113 177
114 162
114 178
115 163
115 179
116 164
116 180
117 165
117 181
118 166
118 182
119 167
119 183
120 168
120 184
121 169
121 185
122 170
122 186
123 171
123 187
124 172
124 188
125 173
125 189
126 174
126 190
127 175
127 191
128 200
128 192
129 201
129 193
130 202
130 194
131 203
131 195
132 204
132 196
133 205
133 197
134 206
134 198
135 207
135 199
136 192
136 200
137 193
137 201
138 194
138 202
139 195
139 203
140 196
140 204
141 197
141 205
142 198
142 206
143 199
143 207
144 216
144 208
145 217
145 209
146 218
146 210
147 219
147 211
148 220
148 212
149 221
149 213
150 222
150 214
151 223
151 215
152 208
152 216
153 209
153 217
154 210
154 218
155 211
155 219
156 212
156 220
157 213
157 221
158 214
158 222
159 215
159 223
160 232
160 224
161 233
161 225
162 234
162 226
163 235
163 227
164 236
164 228
165 237
165 229
166 238
166 230
167 239
167 231
168 224
168 232
169 225
169 233
170 226
170 234
171 227
171 235
172 228
172 236
173 229
173 237
174 230
174 238
175 231
175 239
176 248
176 240
177 249
177 241
178 250
178 242
179 251
179 243
180 252
180 244
181 253
181 245
182 254
182 246
183 255
183 247
184 240
184 248
185 241
185 249
186 242
186 250
187 243
187 251
188 244
188 252
189 245
189 253
190 246
190 254
191 247
191 255
192 260
192 256
193 261
193 257
194 262
194 258
195 263
195 259
196 256
196 260
197 257
197 261
198 258
198 262
199 259
199 263
200 268
200 264
201 269
201 265
202 270
202 266
203 271
203 267
204 264
204 268
205 265
205 269
206 266
206 270
207 267
207 271
208 276
208 272
209 277
209 273
210 278
210 274
211 279
211 275
212 272
212 276
213 273
213 277
214 274
214 278
215 275
215 279
216 284
216 280
217 285
217 281
218 286
218 282
219 287
219 283
220 280
220 284
221 281
221 285
222 282
222 286
223 283
223 287
224 292
224 288
225 293
225 289
226 294
226 290
227 295
227 291
228 288
228 292
229 289
229 293
230 290
230 294
231 291
231 295
232 300
232 296
233 301
233 297
234 302
234 298
235 303
235 299
236 296
236 300
237 297
237 301
238 298
238 302
239 299
239 303
240 308
240 304
241 309
241 305
242 310
242 306
243 311
243 307
244 304
244 308
245 305
245 309
246 306
246 310
247 307
247 311
248 316
248 312
249 317
249 313
250 318
250 314
251 319
251 315
252 312
252 316
253 313
253 317
254 314
254 318
255 315
255 319
256 322
256 320
257 323
257 321
258 320
258 322
259 321
259 323
260 326
260 324
261 327
261 325
262 324
262 326
263 325
263 327
264 330
264 328
265 331
265 329
266 328
266 330
267 329
267 331
268 334
268 332
269 335
269 333
270 332
270 334
271 333
271 335
272 338
272 336
273 339
273 337
274 336
274 338
275 337
275 339
276 342
276 340
277 343
277 341
278 340
278 342
279 341
279 343
280 346
280 344
281 347
281 345
282 344
282 346
283 345
283 347
284 350
284 348
285 351
285 349
286 348
286 350
287 349
287 351
288 354
288 352
289 355
289 353
290 352
290 354
291 353
291 355
292 358
292 356
293 359
293 357
294 356
294 358
295 357
295 359
296 362
296 360
297 363
297 361
298 360
298 362
299 361
299 363
300 366
300 364
301 367
301 365
302 364
302 366
303 365
303 367
304 370
304 368
305 371
305 369
306 368
306 370
307 369
307 371
308 374
308 372
309 375
309 373
310 372
310 374
311 373
311 375
312 378
312 376
313 379
313 377
314 376
314 378
315 377
315 379
316 382
316 380
317 383
317 381
318 380
318 382
319 381
319 383
320 385
320 384
321 384
321 385
322 387
322 386
323 386
323 387
324 389
324 388
325 388
325 389
326 391
326 390
327 390
327 391
328 393
328 392
329 392
329 393
330 395
330 394
331 394
331 395
332 397
332 396
333 396
333 397
334 399
334 398
335 398
335 399
336 401
336 400
337 400
337 401
338 403
338 402
339 402
339 403
340 405
340 404
341 404
341 405
342 407
342 406
343 406
343 407
344 409
344 408
345 408
345 409
346 411
346 410
347 410
347 411
348 413
348 412
349 412
349 413
350 415
350 414
351 414
351 415
352 417
352 416
353 416
353 417
354 419
354 418
355 418
355 419
356 421
356 420
357 420
357 421
358 423
358 422
359 422
359 423
360 425
360 424
361 424
361 425
362 427
362 426
363 426
363 427
364 429
364 428
365 428
365 429
366 431
366 430
367 430
367 431
368 433
368 432
369 432
369 433
370 435
370 434
371 434
371 435
372 437
372 436
373 436
373 437
374 439
374 438
375 438
375 439
376 441
376 440
377 440
377 441
378 443
378 442
379 442
379 443
380 445
380 444
381 444
381 445
382 447
382 446
383 446
383 447
0
6 447
