500	751	 1
0 329
0 332
0 423
0 492
1 151
1 190
1 199
1 305
1 355
1 414
1 424
2 32
2 43
2 123
2 431
3 153
3 378
3 469
4 240
4 398
5 100
5 194
5 208
5 270
5 358
5 420
6 87
6 185
7 372
8 380
8 467
9 64
9 229
9 336
9 437
10 156
10 413
11 67
11 395
12 226
12 260
12 400
12 408
13 39
13 337
13 416
14 168
14 356
14 362
15 189
15 281
15 329
15 391
16 290
17 228
17 364
17 422
17 424
17 451
18 111
18 199
18 317
19 72
19 160
19 490
20 113
20 258
20 341
20 451
21 247
21 326
22 97
22 376
23 87
23 148
23 341
24 42
24 434
24 483
25 37
25 286
25 323
26 78
26 342
26 398
27 33
27 396
28 394
28 412
29 106
29 171
29 423
30 370
31 438
31 450
32 81
32 131
32 143
32 149
32 400
32 460
32 493
33 76
33 199
33 438
34 62
35 256
36 211
36 366
36 375
36 429
37 79
37 96
37 158
37 278
37 403
38 108
38 210
38 380
39 67
39 327
39 475
40 277
40 424
40 458
40 464
41 55
41 190
42 247
42 427
42 467
44 184
44 197
44 220
44 495
44 498
45 74
45 122
46 350
46 489
47 319
47 347
47 422
48 198
48 467
49 254
49 396
49 472
50 122
50 216
51 149
51 181
51 416
51 450
52 96
52 231
52 285
53 192
53 212
53 279
53 372
53 411
53 486
54 81
54 430
55 106
55 159
55 354
56 312
56 395
56 482
57 414
57 462
58 82
58 444
59 113
59 180
59 308
59 413
59 468
60 148
60 253
61 150
62 448
63 74
63 179
63 194
64 155
64 206
64 408
65 285
65 324
66 83
66 236
66 476
67 151
67 329
67 409
68 179
68 338
69 192
69 337
69 465
69 471
70 328
70 444
70 488
70 493
71 161
71 164
71 272
71 409
72 319
73 147
73 493
74 108
74 333
75 87
75 161
75 244
77 240
77 337
78 350
79 94
79 196
79 282
79 306
79 363
79 385
80 147
80 434
81 289
81 384
81 390
82 218
82 293
82 319
83 132
83 421
84 224
84 291
84 302
84 323
84 383
85 126
85 368
85 376
86 131
86 331
86 471
87 356
88 165
88 285
88 295
89 130
89 137
90 164
90 331
90 369
90 372
91 220
91 303
91 317
91 346
92 226
93 327
93 485
94 123
94 142
94 430
94 496
95 184
95 445
96 115
96 208
96 355
96 411
97 200
98 237
98 435
99 156
99 181
99 203
99 314
99 436
100 170
101 150
101 225
102 281
103 186
103 209
103 350
103 423
104 298
105 375
106 183
106 235
106 389
106 449
107 228
107 310
107 478
108 372
109 235
109 405
109 455
110 335
110 356
111 140
111 339
111 483
112 223
112 328
112 360
114 219
116 294
116 338
117 350
118 234
118 405
119 198
119 304
120 142
120 463
121 152
121 389
122 145
122 149
124 173
124 174
124 205
124 317
124 326
124 329
124 345
124 361
125 175
125 251
125 443
125 481
125 487
126 346
127 139
127 288
127 396
127 404
128 173
128 231
128 359
128 498
129 355
129 457
130 410
131 308
133 144
133 469
133 478
134 360
135 290
135 448
135 456
136 471
137 489
138 264
139 154
139 214
139 410
139 477
140 201
140 356
141 175
141 197
142 172
142 473
144 221
144 450
145 310
145 386
145 438
145 479
146 453
147 213
147 319
147 488
148 376
149 239
150 361
151 336
151 466
153 283
153 345
153 495
154 193
154 229
155 316
157 223
157 272
157 490
158 185
159 294
160 264
160 464
162 175
162 193
162 315
163 167
163 265
163 463
164 337
164 390
165 303
165 394
165 465
165 473
166 186
167 392
169 270
169 396
172 233
173 327
173 461
174 186
174 434
175 430
176 226
176 276
176 289
176 340
176 417
177 379
177 392
177 478
178 264
178 396
179 204
179 380
179 461
179 490
180 277
180 409
180 459
181 286
181 296
182 414
183 397
184 484
185 280
186 281
186 286
186 466
187 467
188 216
188 268
188 291
188 462
191 308
193 322
193 454
194 267
194 307
194 478
195 219
195 401
196 345
196 412
198 264
198 409
198 463
199 309
199 348
199 372
200 257
200 445
201 287
201 386
201 454
202 339
203 453
203 497
205 412
207 386
208 481
208 493
210 362
210 411
210 470
211 432
212 302
212 420
213 269
213 381
214 240
214 276
214 446
215 416
216 236
216 237
216 331
217 281
217 301
217 336
217 412
218 290
219 237
219 255
220 252
221 464
222 261
222 313
223 333
223 488
224 321
225 474
226 305
226 312
227 258
228 396
228 468
229 263
229 303
229 312
229 350
229 470
230 244
230 329
231 428
231 498
232 391
232 426
233 400
234 377
236 251
236 280
236 301
236 323
236 422
238 382
239 256
239 312
240 383
240 442
241 372
241 466
242 336
242 455
242 468
243 270
243 441
244 332
244 348
245 433
245 460
246 305
246 416
247 441
248 427
248 470
249 358
249 417
250 323
251 253
253 271
255 284
255 415
256 259
256 261
256 411
256 443
256 464
257 295
259 290
259 419
260 376
262 276
262 435
263 351
263 406
263 447
263 461
265 431
266 305
266 390
266 453
267 313
267 341
267 407
267 434
268 297
268 401
269 297
270 335
270 357
270 455
271 400
271 499
272 293
273 387
273 428
273 457
274 288
274 456
275 317
276 394
277 340
277 402
277 457
279 348
279 385
280 321
280 385
280 482
282 402
282 420
282 435
283 317
283 401
284 443
285 344
286 435
286 471
287 425
289 344
291 346
292 367
292 443
292 483
293 353
298 355
299 377
299 433
299 497
300 430
302 459
303 413
303 481
304 408
305 361
305 457
305 474
310 497
311 391
315 431
316 449
318 388
320 338
320 436
320 459
321 332
322 365
322 452
323 385
323 448
325 415
325 444
326 480
329 443
330 388
333 463
333 469
334 486
337 477
338 397
338 442
339 431
339 439
339 494
340 402
342 412
343 359
344 399
344 495
345 441
349 489
352 448
354 449
355 432
356 367
356 396
357 489
358 416
358 441
359 498
363 496
364 466
365 366
367 398
367 437
368 481
369 388
370 418
370 492
371 375
372 453
373 406
373 478
374 403
375 451
380 454
382 411
384 471
385 462
386 448
387 490
390 425
391 437
393 447
393 451
394 402
394 467
395 467
396 490
398 446
399 444
399 491
401 439
401 442
405 417
405 437
405 468
408 413
409 411
410 449
418 442
419 421
419 435
424 490
426 476
428 446
428 447
430 471
439 475
440 465
440 487
444 485
445 498
446 482
447 490
447 497
452 464
452 477
453 495
455 489
459 469
459 486
461 472
461 499
463 474
468 485
471 482
484 488
491 494
0
9 499
