500	726	 1
0 77
0 235
0 413
0 414
0 433
1 21
1 116
1 174
2 133
2 194
2 491
3 269
3 314
3 378
3 454
4 6
4 410
5 266
6 43
6 126
6 219
6 231
7 24
7 166
7 225
7 363
7 482
8 164
9 134
9 198
9 272
9 483
10 23
10 64
10 105
10 405
10 444
11 60
11 168
11 253
11 409
11 420
12 320
12 422
12 436
13 23
13 314
13 327
14 110
14 356
14 374
15 90
15 328
15 462
16 143
16 154
16 301
16 463
16 490
17 168
17 347
17 385
18 102
18 303
19 56
19 99
19 107
19 281
19 321
19 380
20 208
20 413
21 124
21 320
22 179
22 183
22 208
22 288
22 414
23 416
24 200
24 232
24 394
24 468
25 64
25 152
25 441
25 456
26 289
26 317
26 353
27 469
28 100
28 186
28 368
28 380
29 50
29 345
29 452
30 495
31 470
32 224
32 295
32 382
33 478
34 180
34 351
34 394
34 474
35 131
35 274
35 368
35 374
36 269
37 188
37 217
37 480
38 393
38 459
39 212
40 311
41 117
41 379
42 172
42 237
42 451
43 472
44 288
45 47
45 48
45 432
46 357
46 371
47 394
47 424
49 66
49 70
49 282
49 486
50 67
50 163
51 163
51 232
51 298
52 153
52 196
52 291
53 178
53 336
53 438
54 153
54 456
55 99
56 267
57 351
58 109
58 137
58 304
59 85
59 151
59 324
59 366
59 397
61 314
62 310
62 459
62 466
63 150
63 281
63 395
63 432
64 429
65 179
66 67
66 260
66 456
67 227
67 380
67 390
68 242
68 367
69 179
69 400
69 461
70 71
71 321
72 310
72 386
72 472
73 85
73 167
73 179
74 186
74 302
74 374
74 421
75 187
75 272
76 304
76 340
76 406
77 120
77 404
77 471
78 319
78 371
79 177
79 237
80 190
80 332
80 433
81 93
81 164
82 210
82 340
82 395
83 370
84 213
84 259
84 262
85 138
86 175
86 250
87 480
88 178
88 370
89 128
89 221
90 98
90 441
91 300
92 137
93 142
93 400
94 347
95 294
95 348
95 488
96 291
96 299
96 430
97 112
97 292
97 322
98 262
98 360
99 330
99 332
99 492
100 213
100 300
100 341
100 464
100 472
101 433
102 355
102 455
103 125
103 494
104 136
104 219
104 376
104 467
104 474
105 176
105 204
106 112
107 309
107 347
108 144
108 402
109 345
110 144
110 258
111 123
111 151
111 202
111 277
111 301
112 123
112 131
112 433
112 473
113 323
113 441
113 460
113 468
114 359
115 256
116 341
116 394
117 208
117 266
118 192
118 410
119 410
119 478
120 195
120 265
121 260
121 333
121 442
122 350
122 433
124 294
124 314
124 418
125 144
125 190
125 219
125 230
125 491
126 207
127 379
128 185
128 204
128 234
128 252
128 263
128 334
129 242
129 460
130 350
130 357
130 466
131 166
132 390
132 413
132 465
133 153
133 234
133 415
133 496
134 215
134 229
135 240
135 260
135 301
136 467
137 285
137 362
137 373
137 478
138 342
139 149
139 151
139 154
139 297
139 305
139 412
140 189
140 383
140 445
141 215
141 449
142 491
144 449
145 473
146 271
146 367
147 210
147 232
147 267
147 365
148 287
149 268
149 415
150 152
150 292
150 373
150 402
152 334
152 342
153 156
153 172
153 289
153 372
153 493
153 496
154 194
154 226
154 315
155 192
157 307
158 201
158 406
159 209
159 369
159 412
160 261
160 423
161 167
161 207
161 375
161 442
161 499
162 189
163 205
163 384
164 188
164 314
164 336
164 476
165 172
165 193
165 229
166 372
166 411
167 327
168 228
168 259
168 285
169 315
169 479
170 347
171 325
171 447
172 278
172 496
173 299
173 379
174 321
174 484
175 206
176 295
176 387
177 291
177 344
178 277
178 304
178 434
179 273
179 377
179 411
180 279
181 317
181 332
182 218
182 489
183 224
183 240
183 446
183 487
184 198
184 252
184 270
185 257
186 209
186 491
187 285
187 325
187 335
187 439
187 448
189 211
189 438
191 257
192 475
194 200
194 285
195 230
195 299
196 252
196 353
197 304
198 282
199 299
199 377
199 458
201 431
202 436
202 467
203 218
203 307
203 499
205 216
206 219
206 343
206 423
207 212
207 238
207 312
207 345
207 364
209 283
209 291
209 295
209 380
210 256
212 299
212 427
212 435
213 316
213 325
213 358
213 373
213 388
214 239
214 297
215 303
215 400
216 239
217 246
217 348
217 383
219 264
219 294
220 388
221 331
221 361
222 368
222 463
223 243
223 294
223 395
225 443
226 379
227 450
227 481
228 325
228 326
229 252
229 464
230 425
231 341
231 370
232 388
233 376
234 332
236 284
236 339
236 384
239 306
240 328
240 336
240 393
241 401
243 480
244 308
244 429
245 316
245 361
246 409
247 471
248 452
248 486
249 254
249 432
249 497
250 342
251 352
251 373
251 378
252 371
255 352
255 362
256 262
257 278
258 422
261 389
262 284
263 268
263 287
264 499
266 298
266 303
267 317
267 337
270 385
270 407
271 498
273 460
275 314
275 369
275 419
275 484
276 309
276 311
276 401
279 287
280 406
281 417
282 309
282 343
283 365
283 495
284 382
284 396
285 439
286 382
288 408
290 499
291 319
291 361
291 362
291 363
292 294
292 375
293 374
293 410
294 393
296 335
296 450
297 309
297 419
298 412
300 494
302 367
302 428
302 463
302 494
304 469
305 443
306 426
306 440
308 365
309 386
309 397
309 427
311 392
311 485
313 459
314 405
316 496
317 476
318 361
318 393
320 369
320 469
322 391
322 444
323 430
326 426
327 430
327 467
328 367
328 404
328 414
329 413
330 405
330 408
330 434
331 440
331 456
335 339
335 465
336 360
338 423
339 347
342 474
343 470
344 408
346 383
347 364
348 415
349 397
351 410
354 459
354 467
355 395
355 477
357 429
357 461
357 475
358 414
359 404
361 368
362 403
364 461
365 478
365 496
367 390
369 376
369 442
369 476
371 467
372 387
372 441
373 417
373 434
373 453
374 387
374 424
378 453
379 439
380 401
381 401
382 491
384 471
385 403
385 463
387 389
388 472
391 432
393 395
393 467
393 479
395 485
398 436
398 447
399 489
402 422
402 457
402 495
407 457
407 481
408 434
411 492
413 494
414 435
415 468
425 437
425 495
426 463
431 442
441 478
450 469
451 452
451 462
455 480
456 480
456 492
457 476
458 466
473 488
475 497
0
9 499
