500	753	 1
0 22
0 149
0 179
0 252
1 166
1 394
2 47
2 448
3 91
3 460
4 82
4 286
4 328
4 348
5 13
5 147
5 159
5 203
5 340
5 342
6 216
6 360
6 485
7 274
7 406
7 469
8 123
8 418
9 262
9 427
9 482
10 69
10 132
10 389
10 484
11 105
11 307
12 119
12 168
12 246
12 382
13 137
14 37
14 386
15 348
16 173
16 434
17 368
18 79
18 195
18 234
18 258
19 199
19 333
20 251
20 318
21 163
21 278
21 435
22 24
22 130
23 27
23 104
23 165
23 214
24 81
24 152
24 224
24 267
25 30
25 400
26 230
26 478
27 108
27 310
27 457
28 96
28 316
28 465
28 468
28 474
28 486
29 52
29 456
30 78
30 126
30 497
31 131
31 157
31 163
31 223
31 369
31 389
31 427
32 43
32 100
32 204
33 257
34 216
34 334
34 459
35 149
35 245
35 449
36 64
36 226
36 231
36 446
36 495
37 261
37 315
37 415
38 81
38 116
38 311
38 410
39 334
39 410
40 56
40 177
40 272
40 313
41 179
42 198
42 357
42 423
44 77
44 165
45 127
45 473
46 419
46 477
47 69
47 166
47 344
48 100
48 154
49 480
50 77
50 120
50 319
50 434
51 187
51 245
51 396
52 405
52 410
53 111
53 412
54 319
55 213
55 234
57 264
58 137
58 288
58 353
59 110
59 259
59 398
59 399
59 458
60 225
60 316
61 269
61 375
61 421
61 459
61 492
62 150
63 206
63 321
63 458
63 466
64 245
64 469
65 227
65 472
66 142
66 496
67 291
68 101
68 141
68 283
68 302
68 357
68 363
69 98
69 282
70 192
70 264
70 429
71 202
71 297
71 416
72 181
72 327
73 149
73 157
73 445
74 176
74 308
74 481
74 488
75 418
75 449
76 363
78 167
78 188
78 244
78 465
79 293
79 336
79 464
80 395
81 289
81 362
82 185
82 212
82 275
82 467
83 230
83 444
84 96
84 219
85 134
85 293
85 427
86 169
86 216
86 448
87 142
87 178
87 252
87 277
87 307
88 441
89 283
89 378
89 433
89 457
90 227
90 249
90 253
90 336
90 385
90 404
91 100
91 401
91 410
92 306
92 381
93 107
93 186
93 374
94 196
94 270
94 289
94 322
95 138
95 341
96 370
96 426
97 385
97 461
98 140
98 197
98 219
98 257
98 386
98 413
99 283
99 304
101 203
101 354
101 408
102 233
102 271
103 121
103 353
103 366
103 468
103 479
104 235
106 459
107 416
108 343
108 451
109 159
110 161
110 217
110 246
110 309
110 317
110 470
111 134
111 274
111 329
111 335
111 350
111 491
112 165
113 147
113 241
113 300
114 150
114 192
114 311
114 357
115 408
115 435
117 496
118 146
118 156
119 247
119 408
120 382
121 384
121 492
122 155
122 172
122 469
123 403
124 189
124 262
125 161
125 295
126 128
126 166
127 143
127 377
127 404
128 250
128 364
128 486
129 307
130 148
130 431
131 159
131 220
131 478
132 447
133 264
133 310
133 450
134 197
135 301
135 453
136 284
136 324
136 357
136 397
137 160
137 181
137 344
137 380
137 443
138 287
138 289
138 303
139 397
140 223
140 321
140 409
140 480
141 158
141 236
141 328
142 183
142 315
142 374
144 258
144 458
145 233
145 286
145 398
145 414
146 332
146 381
146 412
147 270
147 407
148 290
148 325
148 395
149 450
150 170
150 185
151 252
151 275
151 330
151 334
151 409
152 498
153 169
153 350
153 449
155 201
156 176
156 192
156 406
157 174
157 399
160 165
161 232
162 263
162 286
163 168
164 425
165 193
165 445
167 386
168 210
169 291
169 346
169 439
169 466
170 276
170 296
171 215
171 459
172 202
172 239
172 253
172 271
172 388
173 280
175 437
176 286
176 401
176 477
177 203
177 220
178 344
179 297
180 354
181 383
181 487
182 490
183 441
184 229
184 384
184 433
184 456
186 312
186 423
187 490
188 212
188 261
188 434
189 244
189 297
189 339
190 246
190 345
191 248
191 365
191 431
191 455
192 205
192 220
192 237
193 262
194 282
195 348
196 371
197 284
197 341
198 284
199 347
199 387
200 255
200 352
201 227
202 248
202 435
203 253
204 342
204 418
204 437
206 207
206 260
206 346
207 414
207 473
208 238
208 405
209 236
209 320
209 427
209 495
211 235
211 456
211 467
211 468
212 347
212 383
213 219
213 446
214 231
214 349
214 410
217 236
217 257
217 388
217 481
218 390
219 245
220 481
221 334
222 254
222 342
223 404
224 333
224 361
224 372
225 252
225 255
226 256
226 390
226 412
227 383
227 423
228 416
228 461
230 299
230 432
231 249
234 297
234 412
235 349
235 438
235 494
237 315
237 483
240 255
240 257
240 452
241 311
242 498
243 330
243 359
243 480
245 288
245 295
245 392
248 256
248 357
248 409
248 467
249 330
250 307
251 418
251 455
252 363
252 370
253 288
254 284
254 291
254 320
254 393
255 355
256 364
257 353
257 421
258 418
259 413
260 318
260 382
260 476
261 312
261 439
262 457
263 295
263 440
264 350
264 441
265 337
265 498
266 421
266 476
268 470
269 330
270 367
270 459
270 460
271 322
271 335
272 273
272 401
274 384
275 463
275 489
276 455
277 353
278 466
279 293
279 323
280 460
281 310
281 324
281 458
282 317
282 367
282 425
283 397
284 424
284 496
285 299
289 308
289 359
289 402
290 464
291 491
292 387
292 430
293 465
293 471
294 400
295 301
295 483
298 324
299 422
300 475
301 491
302 400
302 403
303 316
303 476
304 454
304 465
305 351
306 412
307 457
307 493
308 339
309 370
310 410
310 428
311 332
311 412
311 447
311 460
312 373
312 460
313 377
313 443
313 448
314 335
317 332
317 452
317 493
320 402
320 421
322 375
322 410
322 447
323 470
324 361
324 466
325 335
325 438
326 444
327 377
328 420
328 440
330 335
331 447
331 464
331 499
333 351
333 442
335 494
337 458
338 351
338 465
339 340
339 417
340 467
340 474
341 345
344 385
347 349
349 418
349 432
349 486
351 430
352 406
352 424
353 449
356 371
357 406
358 380
358 413
359 390
359 435
361 425
362 484
363 407
365 405
366 490
368 470
369 385
369 391
373 456
373 497
376 411
376 486
378 497
379 498
380 412
381 398
383 402
383 457
393 479
393 495
394 437
396 413
397 401
397 404
399 419
401 422
406 436
406 449
406 460
407 409
408 458
411 457
413 444
414 486
415 431
417 427
417 443
417 472
419 429
421 480
429 484
431 470
433 496
436 466
437 444
437 490
440 474
442 465
442 474
446 487
447 448
447 462
448 467
451 475
460 475
470 479
476 493
477 483
0
9 499
