500	726	 1
0 329
0 456
0 462
1 119
1 266
1 340
1 343
1 361
1 431
2 154
2 307
2 317
2 493
3 145
3 201
3 252
3 348
3 393
4 427
5 272
6 108
6 201
6 222
6 386
6 482
7 187
7 393
8 432
9 22
9 456
10 104
10 172
10 315
11 157
11 224
11 473
12 114
12 128
12 271
12 316
12 333
12 366
13 38
13 319
13 414
13 434
14 462
15 276
15 300
16 62
16 473
17 345
18 205
18 255
18 369
19 300
19 325
19 338
19 485
20 41
20 79
20 115
20 211
20 261
21 57
21 81
21 130
21 368
22 60
22 212
22 239
23 274
23 316
24 40
24 92
24 152
25 297
25 420
26 189
26 190
27 162
27 186
27 203
27 238
27 359
27 469
28 288
29 300
30 262
30 267
30 301
31 63
31 438
32 311
32 352
33 250
34 141
34 294
34 425
35 259
35 494
36 40
36 98
36 420
37 110
37 232
37 290
38 99
38 492
39 262
39 398
39 468
40 418
41 321
41 326
41 477
42 275
42 352
42 395
42 467
42 489
43 203
43 227
43 290
44 110
44 356
45 68
45 319
46 112
46 191
46 199
46 463
46 499
47 289
47 385
48 330
48 392
48 400
49 135
49 409
50 440
51 53
51 142
51 196
52 201
52 242
52 243
52 261
53 120
53 256
54 72
54 384
55 65
55 322
55 432
56 475
58 199
58 215
59 184
59 247
59 332
60 321
61 198
61 307
61 327
61 337
61 444
62 316
62 418
63 141
63 255
63 441
64 108
64 208
65 193
65 346
65 480
66 153
67 96
67 135
67 194
67 244
67 310
67 403
68 185
69 164
69 251
70 72
70 225
70 243
70 333
71 156
71 271
71 314
72 133
72 151
72 318
73 82
73 225
73 333
73 391
74 346
74 381
75 122
75 169
75 300
75 345
75 462
76 93
76 232
76 489
77 298
77 322
77 363
77 374
78 99
78 361
78 408
79 114
79 416
80 275
81 248
81 269
81 393
82 256
82 284
82 443
83 108
83 164
83 478
84 145
85 183
85 195
85 427
86 292
86 455
87 354
87 454
88 137
88 169
88 294
88 409
89 380
90 383
91 334
92 328
92 362
92 435
94 120
94 481
95 107
95 150
96 346
96 421
97 144
97 344
98 138
98 237
99 303
99 413
100 117
100 244
100 465
101 359
101 411
101 414
102 301
103 117
103 371
103 415
103 478
104 151
104 196
104 282
105 130
105 428
106 255
107 181
107 229
107 254
108 148
108 204
108 255
108 494
109 111
109 116
109 234
109 329
109 347
112 284
113 340
114 225
114 485
115 160
115 195
115 488
116 191
116 267
117 283
118 269
120 259
121 123
121 339
121 430
121 460
122 455
123 179
124 145
124 203
124 372
125 322
125 497
126 412
126 439
127 286
127 410
128 142
128 209
128 295
128 324
129 179
129 197
129 233
129 419
130 173
130 206
130 244
131 254
131 495
132 175
132 220
132 410
133 197
133 395
133 452
134 175
134 461
135 166
135 301
135 326
135 438
136 153
136 251
136 277
136 371
137 295
138 326
138 332
138 488
138 491
139 274
139 298
139 302
139 423
140 412
141 237
141 389
142 339
142 461
143 390
143 409
144 487
145 165
145 357
145 383
145 475
146 240
146 324
146 455
147 196
147 443
148 441
149 223
150 248
151 285
151 384
152 274
152 311
153 280
153 309
153 320
153 333
154 400
155 164
155 246
155 304
156 255
157 166
157 228
158 371
158 499
159 167
159 345
159 409
160 196
160 362
161 175
161 479
162 167
162 258
162 414
163 394
165 287
165 358
165 455
166 256
166 481
167 419
168 282
168 446
168 485
169 194
170 263
170 385
171 254
171 299
171 368
172 184
173 240
173 434
174 413
174 443
176 493
177 198
178 239
178 277
179 449
180 234
180 284
180 353
182 272
182 398
182 442
185 356
186 359
187 220
187 344
187 365
188 218
188 241
188 352
188 428
190 214
190 301
190 469
191 217
191 263
192 220
192 373
193 255
193 411
193 498
194 207
194 412
195 431
196 368
196 375
197 250
197 467
198 218
198 232
199 282
199 384
200 248
201 260
201 313
202 442
203 270
203 484
204 319
205 355
206 294
207 313
207 344
207 475
209 240
209 285
210 288
210 403
212 217
212 403
213 333
216 308
216 322
216 380
216 429
217 451
218 357
218 376
218 407
219 319
219 368
219 432
220 307
221 265
221 474
222 229
223 301
223 408
223 478
225 312
226 240
226 249
226 469
227 245
227 282
227 310
227 313
227 438
229 367
229 380
229 456
230 327
231 242
231 408
231 452
232 237
232 294
234 250
234 280
235 377
235 454
236 394
236 478
236 495
237 288
237 306
237 348
238 474
239 464
239 469
239 483
240 334
241 298
241 361
243 330
245 316
246 275
246 313
246 396
246 437
247 483
247 493
248 355
251 420
251 457
252 353
253 464
253 495
255 413
256 496
257 409
260 277
260 499
261 434
263 283
263 340
264 410
265 339
265 438
265 482
267 281
267 378
268 355
269 343
270 282
270 385
270 447
271 343
271 391
271 439
273 393
273 451
275 379
275 447
276 321
277 278
277 396
278 494
279 314
279 456
280 414
281 374
281 463
285 408
286 445
289 407
291 371
291 458
292 353
293 393
293 399
296 478
297 330
297 490
298 355
299 324
303 312
303 424
305 385
305 499
306 402
307 401
307 453
308 397
311 336
312 321
314 394
314 435
315 317
315 345
319 356
320 482
322 440
322 467
323 397
323 403
325 429
326 356
328 439
328 487
331 419
331 479
332 499
333 370
333 431
334 376
335 353
336 354
336 430
337 435
339 371
339 420
341 354
342 405
343 419
345 382
345 459
346 351
346 473
347 411
348 483
349 431
349 441
350 496
351 490
354 360
354 396
354 404
355 461
356 451
357 486
358 365
358 487
359 486
364 473
366 387
366 486
371 421
371 482
372 411
372 467
372 491
373 407
374 375
374 437
375 420
375 491
376 413
377 463
378 387
378 472
379 419
380 382
380 386
381 452
383 398
385 426
385 476
388 428
390 418
394 428
394 443
400 414
400 472
401 424
402 423
402 431
402 434
403 468
405 416
406 474
408 421
410 435
411 453
412 462
415 432
417 487
420 450
421 466
422 451
424 497
425 478
429 453
429 478
430 433
430 457
430 473
433 448
434 442
436 452
436 490
438 481
442 483
443 453
451 452
452 456
457 471
458 495
460 465
462 483
470 491
470 497
474 479
475 492
492 499
0
9 499
