500	740	 1
0 49
0 125
0 151
0 175
0 191
0 436
1 58
1 303
2 228
2 449
2 476
2 499
3 110
3 449
3 451
4 238
4 420
4 422
5 106
5 215
6 125
6 145
6 189
6 360
7 288
8 35
8 290
8 441
9 107
9 252
10 261
10 425
11 28
11 131
11 145
11 385
11 406
12 122
12 202
12 277
12 285
13 24
13 356
13 473
14 104
14 136
14 186
14 192
14 399
15 122
15 192
15 276
15 346
15 497
16 221
16 351
17 47
17 62
18 207
18 214
18 327
19 135
19 148
19 206
19 275
19 428
19 452
19 490
20 127
20 258
21 258
21 458
21 478
22 303
22 432
22 471
23 92
23 118
23 412
24 315
25 108
25 250
26 55
26 130
26 351
26 394
27 41
27 168
27 352
28 137
28 151
28 460
29 173
29 233
29 326
30 38
30 72
30 125
30 375
31 131
31 260
32 174
33 131
33 380
33 416
34 162
34 213
34 232
35 389
36 125
36 172
36 391
37 238
37 359
37 371
38 117
38 197
38 251
38 292
38 300
38 351
39 170
39 199
39 231
39 251
40 71
40 297
40 433
41 76
41 101
42 203
42 372
43 181
43 297
44 265
44 266
44 453
45 308
45 334
45 413
46 76
46 181
46 290
47 113
47 368
47 381
47 405
48 113
48 336
48 354
48 379
48 497
49 172
50 124
50 255
51 123
51 152
52 423
53 256
53 263
53 332
54 260
54 470
55 137
55 450
56 112
56 172
56 303
56 373
57 115
57 279
58 433
58 463
59 85
59 106
59 255
60 140
60 264
60 267
61 134
61 420
62 71
63 251
63 361
63 370
63 444
64 214
64 291
65 188
65 214
65 244
66 155
66 159
66 259
67 386
67 465
68 351
69 112
69 210
69 361
70 386
70 446
71 329
72 435
73 167
73 205
73 479
74 330
74 493
75 197
75 326
75 343
75 489
76 287
76 355
76 415
76 456
77 137
77 269
77 299
77 438
77 481
78 279
78 304
79 174
79 208
79 265
79 314
79 409
80 214
80 339
80 467
81 97
81 424
82 266
82 347
82 448
82 471
83 338
83 489
84 101
84 385
84 388
85 130
85 163
85 385
86 211
86 271
86 315
87 321
88 198
88 241
88 273
89 123
89 131
89 164
89 369
89 474
90 308
90 336
90 396
91 98
91 229
91 397
91 472
91 479
92 329
93 205
94 134
94 424
94 489
95 147
95 226
95 293
96 410
97 105
97 233
97 299
97 404
99 347
99 439
100 302
100 439
101 399
101 427
101 469
101 494
102 325
102 424
103 163
103 221
103 349
105 236
105 436
105 442
107 202
108 440
108 490
109 117
109 256
110 260
111 291
111 461
112 306
112 319
112 437
113 349
113 434
114 453
115 265
115 440
116 173
116 217
116 460
116 476
117 288
117 400
117 429
118 361
119 196
119 359
119 412
120 155
120 225
121 297
123 148
123 282
124 244
125 181
126 181
127 299
128 183
128 186
128 227
128 391
128 479
129 228
129 243
129 282
129 452
130 498
131 163
131 401
132 155
132 168
132 430
133 192
133 278
134 153
134 203
134 265
135 224
135 325
135 358
135 464
136 174
136 241
136 353
136 376
137 153
137 306
137 490
138 483
138 484
139 303
139 479
140 262
140 286
140 363
140 479
141 310
141 381
141 395
141 404
142 369
143 151
143 172
143 307
143 391
143 392
143 457
144 148
144 388
145 200
145 359
146 258
147 328
149 305
150 476
151 153
151 343
151 352
152 190
153 242
154 182
154 266
154 357
155 328
155 330
155 482
156 205
156 449
157 344
157 352
158 312
158 488
159 186
159 311
159 437
160 166
160 295
161 252
161 320
161 378
162 171
162 259
162 351
162 463
163 389
164 210
164 257
164 370
165 180
165 241
165 337
166 309
166 365
166 427
167 446
168 367
168 409
169 244
169 385
170 199
170 432
171 195
171 236
171 290
171 345
172 334
172 484
173 383
174 452
174 482
176 177
176 214
176 362
176 425
177 341
177 392
178 439
179 237
180 187
181 188
181 279
181 331
182 399
182 417
182 423
183 212
183 222
184 251
185 459
185 472
187 259
188 462
190 428
191 292
192 323
193 481
194 202
194 375
194 467
194 495
195 308
195 492
196 207
196 250
196 463
197 273
197 307
198 485
199 334
200 281
200 401
201 351
201 390
202 437
204 239
204 365
204 459
206 265
207 227
207 308
207 453
207 479
207 494
208 386
208 442
209 342
209 426
209 459
210 295
210 375
211 246
211 320
211 395
212 443
213 298
213 347
213 394
214 324
216 280
216 321
216 352
216 382
216 475
217 232
217 245
217 400
217 496
218 271
218 393
219 239
219 384
219 440
220 301
221 242
222 274
223 416
223 495
224 257
224 476
225 239
226 320
227 451
228 447
229 283
229 371
229 414
230 329
230 386
230 486
231 310
232 348
232 355
233 347
233 432
234 240
234 318
234 361
235 305
235 347
237 267
237 476
238 422
240 339
241 269
241 289
241 461
241 472
241 484
243 331
243 357
243 372
244 280
244 445
245 296
245 419
245 477
246 273
247 280
247 288
247 486
247 493
248 389
249 412
249 437
250 318
250 487
252 266
252 268
252 281
252 381
253 372
253 403
254 407
254 488
255 261
256 321
256 384
258 452
258 491
259 345
260 483
261 340
261 411
261 427
262 336
262 443
262 496
263 313
263 498
265 368
266 446
267 472
268 287
268 426
268 498
270 316
270 465
271 291
271 464
272 404
276 358
280 310
281 346
284 318
285 398
285 453
287 297
287 413
288 316
290 402
291 358
293 319
293 466
294 396
294 481
295 380
295 469
298 346
299 421
300 364
301 496
302 407
304 362
304 393
304 430
304 447
304 494
305 465
306 381
307 488
309 414
309 494
310 364
310 422
311 313
312 367
313 377
314 348
315 332
315 487
316 445
317 376
317 406
318 465
319 421
321 332
322 396
322 460
325 376
327 404
329 374
330 333
332 350
332 383
332 443
332 453
334 441
335 496
337 445
338 344
338 367
340 364
342 351
342 485
344 483
345 366
345 383
345 415
346 495
347 398
349 482
350 460
351 431
356 423
357 390
357 477
358 403
358 450
360 390
360 395
360 495
362 423
367 438
368 456
369 484
371 415
372 480
378 437
380 403
380 443
380 483
380 499
384 458
387 397
389 414
391 465
392 408
396 429
397 450
404 432
405 422
405 473
410 444
410 448
410 465
411 456
413 486
414 436
415 418
416 438
420 425
422 448
426 431
428 463
431 473
432 465
434 444
437 459
439 468
441 470
450 491
452 485
454 477
455 488
478 492
478 499
0
9 499
