500	759	 1
0 94
1 34
1 183
1 268
2 89
3 120
3 268
4 49
4 352
5 67
5 197
5 439
5 453
6 183
7 258
7 460
8 150
8 378
9 111
9 167
9 232
10 180
10 310
11 69
11 221
11 228
11 251
11 323
12 240
13 221
13 473
14 104
14 112
14 159
14 179
14 287
15 128
15 183
15 289
16 164
16 238
16 423
16 484
17 84
18 162
18 385
19 185
19 419
20 42
20 133
20 219
20 229
20 264
20 280
20 436
20 481
20 496
21 236
21 266
21 306
21 309
21 401
21 452
21 454
22 264
23 151
23 225
23 428
24 226
24 237
24 353
25 85
25 138
25 160
25 230
25 331
25 365
26 124
26 142
26 426
26 499
27 44
27 203
27 249
27 324
28 118
28 272
28 464
29 126
29 137
29 261
29 311
29 448
30 204
31 296
31 362
32 199
32 261
32 347
32 439
33 323
35 89
35 254
36 48
36 78
37 149
37 182
37 346
38 481
39 70
39 184
39 356
40 173
41 96
41 243
42 66
43 159
43 243
43 257
43 487
44 406
45 137
46 239
46 350
46 445
47 75
47 370
47 395
48 63
48 265
48 266
49 469
50 106
51 91
51 178
51 266
52 90
52 272
52 368
52 469
53 208
53 295
54 139
54 199
55 171
55 198
56 146
56 198
56 381
57 60
57 127
57 286
58 319
58 361
58 454
59 246
60 377
61 107
61 231
61 320
61 369
61 464
62 107
63 331
64 149
64 391
65 94
65 141
65 270
65 328
65 345
65 375
65 380
65 498
66 223
66 301
67 424
68 132
68 311
69 139
69 271
69 277
70 208
70 449
71 93
72 325
72 486
73 162
73 438
73 481
74 145
74 173
74 193
74 273
74 327
75 137
76 143
76 466
77 130
77 201
77 265
78 334
79 232
80 105
80 454
80 499
81 131
82 152
82 266
82 434
83 361
84 127
84 246
84 249
84 301
84 443
85 203
85 316
85 438
86 104
86 355
86 450
86 469
87 131
87 159
87 204
87 390
87 435
88 156
88 379
89 486
90 179
90 349
90 367
90 424
90 444
92 227
92 305
92 331
92 342
92 422
93 174
93 197
93 243
93 329
93 414
94 148
95 207
95 232
95 266
95 422
96 459
97 191
97 228
97 246
97 280
97 287
98 162
98 269
98 346
98 390
99 275
99 392
99 442
100 170
101 224
101 360
101 463
102 293
102 386
102 425
102 456
103 133
103 215
103 249
103 485
104 451
105 151
105 166
105 410
106 256
107 165
107 232
107 315
108 207
108 243
108 347
108 453
109 341
109 446
109 495
110 247
110 250
110 404
111 329
112 113
112 190
112 270
112 397
113 209
114 406
114 439
115 342
115 446
115 481
116 125
116 364
116 456
117 148
117 241
117 370
117 446
118 254
119 342
119 385
119 411
120 125
120 428
121 130
121 151
122 145
122 225
123 145
123 259
124 469
125 194
125 288
125 395
125 441
126 268
126 271
126 465
127 161
127 192
127 224
127 279
127 300
128 143
128 372
128 439
129 266
129 312
129 355
130 253
130 449
131 235
131 381
132 143
132 235
132 261
132 443
134 370
134 480
135 284
135 318
135 421
136 298
136 307
137 163
137 344
138 154
138 340
139 159
139 208
140 166
140 440
141 355
141 358
143 189
143 398
143 402
143 414
144 156
144 194
144 431
145 332
146 454
147 251
147 386
148 197
148 230
149 368
150 342
150 484
151 481
153 280
153 366
154 328
154 349
154 353
154 463
155 215
156 312
156 373
156 388
156 427
156 477
157 274
158 216
158 248
158 324
159 170
159 196
159 266
159 468
160 240
160 318
160 412
161 304
161 429
161 445
162 249
162 387
162 480
163 169
163 396
164 264
164 286
165 220
165 257
165 263
165 330
165 443
165 444
166 174
166 304
166 461
167 313
167 420
167 425
168 462
169 262
170 452
171 198
171 221
172 175
172 251
172 490
173 210
173 280
176 196
177 389
177 413
178 183
178 371
178 392
179 327
180 197
180 439
180 445
181 465
182 184
182 416
183 478
184 228
185 440
185 463
186 200
186 419
187 228
187 238
187 384
187 428
188 313
188 437
189 291
190 326
190 353
191 242
191 253
191 285
191 361
191 486
192 323
192 328
192 399
193 234
193 444
193 495
194 378
194 408
194 494
195 215
195 307
195 357
195 408
195 491
196 347
197 407
199 396
199 420
200 268
201 251
201 263
202 216
202 405
203 264
203 326
203 447
204 350
205 271
205 476
206 415
207 276
207 493
208 298
209 390
210 292
210 499
211 223
211 412
212 331
212 398
212 432
212 475
213 224
213 341
214 229
214 321
215 255
216 322
217 224
217 271
217 324
218 295
218 414
220 462
221 278
221 453
221 458
222 388
222 421
223 478
224 260
224 349
224 353
225 242
225 356
225 385
225 469
226 380
227 407
228 420
229 266
229 460
230 356
231 364
233 419
234 264
235 293
235 387
236 460
237 343
237 358
238 298
238 464
239 270
239 271
239 344
239 358
241 342
241 468
241 481
242 270
242 324
243 361
244 317
244 438
245 366
245 417
247 335
247 432
248 266
248 330
248 356
248 409
248 410
250 410
250 446
250 467
252 323
252 403
253 481
254 369
254 414
256 342
256 358
256 449
257 363
259 380
260 295
260 361
262 414
262 430
262 471
262 486
264 294
264 335
266 356
267 306
267 432
270 311
271 425
272 315
273 418
274 363
274 440
274 488
275 276
275 480
276 397
276 398
277 334
277 492
279 352
279 363
280 434
281 284
282 393
283 407
284 335
285 330
286 452
287 491
288 298
289 489
290 341
291 408
292 328
292 388
292 401
294 410
294 449
295 302
296 299
296 361
296 369
297 298
297 447
297 488
298 476
299 320
300 484
302 460
303 364
303 374
306 402
308 465
310 339
310 433
311 473
314 488
316 397
317 409
318 321
318 438
319 342
319 367
319 433
320 356
320 383
322 429
324 335
326 377
327 433
330 333
330 438
330 484
331 389
332 477
335 399
336 436
337 443
338 402
338 453
342 411
345 473
346 351
346 370
347 464
348 414
349 386
350 457
351 479
353 376
354 483
355 405
357 411
357 420
359 374
359 382
359 395
360 492
362 425
363 450
364 386
364 388
365 381
365 431
365 459
366 386
366 418
367 414
369 400
371 439
372 451
374 466
374 489
375 498
376 422
377 432
377 436
379 431
379 452
381 393
386 421
388 409
388 469
390 490
391 441
391 457
392 414
392 480
393 409
394 401
394 476
397 469
398 405
400 470
400 474
400 497
401 474
402 408
404 412
409 445
410 472
413 491
414 455
414 494
415 482
415 494
416 419
417 487
417 499
421 467
422 483
425 444
429 482
433 490
434 436
434 437
444 486
445 469
453 487
456 479
460 494
468 479
478 494
483 498
0
9 499
