500	765	 1
0 79
0 120
0 351
0 393
1 71
1 90
1 92
1 435
2 211
2 237
2 498
3 18
4 87
4 110
4 191
4 487
5 16
5 259
5 270
5 353
5 384
5 420
6 81
6 107
6 144
6 243
6 286
7 185
8 29
8 362
9 192
9 382
9 450
9 494
9 499
10 399
11 55
11 454
12 69
12 209
13 192
14 115
14 297
15 120
15 303
15 440
16 191
16 449
17 258
17 297
18 248
18 263
19 143
20 340
21 450
22 370
22 466
23 34
23 51
23 104
24 101
24 331
24 396
25 31
25 55
25 302
26 217
27 205
27 283
28 377
28 436
29 265
29 390
29 487
30 354
31 134
31 253
31 297
32 127
32 201
32 375
33 36
33 277
34 52
35 205
35 237
35 316
35 478
36 255
36 313
36 342
37 266
37 318
38 127
38 252
38 345
38 436
38 441
38 469
39 456
40 78
40 100
40 108
40 257
40 334
40 338
40 486
41 140
41 338
42 182
42 266
43 155
43 156
44 113
44 219
44 367
45 254
45 267
45 297
45 355
45 432
45 434
46 91
46 168
46 184
46 204
47 195
47 399
47 401
47 403
47 485
48 323
49 58
49 277
49 370
50 187
50 285
51 80
51 184
51 485
52 147
52 158
52 201
52 206
52 241
52 468
53 205
53 217
54 101
54 269
55 114
55 191
56 260
56 392
57 78
57 225
57 301
58 165
58 291
58 327
59 119
59 377
60 256
61 289
61 357
61 455
62 211
62 425
62 487
63 190
63 397
64 139
64 246
64 327
64 424
65 268
65 273
65 437
66 355
66 475
67 150
67 261
67 392
68 97
68 135
68 304
68 478
68 497
69 405
70 86
70 279
70 308
70 388
71 285
72 132
72 143
72 389
73 247
73 439
74 327
74 465
75 119
75 164
75 226
75 346
75 462
76 262
76 354
76 383
77 279
77 427
78 138
78 161
78 169
79 225
79 430
79 475
80 225
80 298
80 381
80 434
82 123
82 305
83 152
83 485
84 326
84 479
85 460
86 179
86 453
87 144
87 198
88 138
88 245
89 252
89 381
90 157
90 249
91 162
91 228
91 239
91 372
92 114
92 233
92 327
93 467
94 227
94 373
94 465
95 235
96 294
96 338
96 344
96 380
97 126
98 125
98 143
98 282
99 314
100 119
101 260
102 112
102 425
102 429
103 210
103 434
105 198
105 357
106 143
106 147
106 305
106 432
107 391
108 265
108 394
108 439
109 420
109 469
109 492
110 129
111 261
111 425
111 481
113 307
113 420
113 454
114 398
115 364
115 470
116 336
116 379
116 418
117 216
117 488
118 173
118 248
119 248
119 272
120 150
120 497
121 331
122 324
122 405
123 295
123 489
124 359
124 376
125 222
125 295
125 325
126 482
127 219
127 333
127 385
127 451
127 458
128 318
128 483
130 207
130 256
130 283
130 479
131 139
131 197
132 400
133 152
133 168
133 292
134 140
134 256
134 390
135 281
136 322
136 416
136 490
137 335
137 452
138 321
138 369
139 356
140 411
140 441
141 278
142 188
142 286
142 314
143 279
143 280
144 254
144 348
145 201
145 383
145 446
146 408
148 228
148 318
148 345
148 378
149 255
149 439
149 442
149 448
150 157
151 298
151 329
151 376
152 228
152 317
152 354
152 434
153 253
153 481
154 249
154 384
155 326
155 369
155 404
156 208
156 334
156 443
157 336
157 498
158 190
158 278
158 375
158 429
158 472
159 285
159 402
160 316
161 262
161 477
161 494
163 241
163 245
163 270
163 393
164 320
164 445
165 215
165 238
165 364
166 444
167 304
167 369
167 375
167 449
167 472
168 369
169 181
170 499
171 222
172 452
173 276
173 351
174 265
174 433
175 205
175 319
176 327
176 375
177 299
177 413
178 189
178 200
178 433
179 231
179 362
179 369
179 422
180 309
181 222
181 257
181 414
181 440
182 288
182 494
183 291
183 406
185 320
185 461
186 296
186 433
187 229
187 340
187 349
187 489
188 193
188 232
188 240
188 310
189 200
189 470
190 457
191 252
192 289
192 322
192 328
192 355
193 295
193 363
193 452
194 247
194 373
194 483
195 208
195 396
195 473
196 333
197 261
197 399
198 422
198 482
198 499
199 390
199 392
199 409
199 427
200 249
200 253
200 470
201 229
201 397
202 338
203 231
203 312
203 342
203 406
204 219
204 293
204 423
204 486
205 428
205 455
206 336
206 368
206 467
207 259
207 356
208 446
209 303
209 334
209 496
210 351
212 335
212 379
213 288
213 363
214 223
214 316
214 407
215 250
215 313
215 356
216 438
217 315
218 480
219 290
220 265
220 429
220 485
220 499
221 455
222 247
222 378
222 472
223 499
224 282
224 436
225 467
226 247
226 256
226 350
226 498
227 331
227 336
228 236
228 304
228 333
228 495
229 355
230 303
231 437
232 262
232 398
232 485
233 237
233 394
234 237
234 468
235 269
235 276
236 272
237 332
238 479
239 310
240 413
240 487
241 301
241 415
242 478
243 489
244 469
244 478
245 306
246 433
246 476
247 374
247 421
248 254
248 461
249 312
249 463
250 307
250 351
250 449
251 255
251 329
253 427
253 471
253 477
254 417
254 437
256 259
256 470
256 496
257 404
258 387
258 432
259 420
261 450
264 486
265 424
265 433
265 486
266 404
266 451
266 489
269 313
270 493
271 351
272 285
273 359
273 423
274 278
274 372
274 399
275 333
275 392
276 295
276 474
277 316
278 430
280 287
281 470
282 312
282 354
283 334
283 396
284 293
284 340
284 495
285 484
285 493
286 452
287 395
289 396
289 423
289 460
290 369
291 362
294 447
296 377
296 474
297 371
297 400
298 351
298 368
298 460
300 315
301 396
302 347
302 483
303 332
303 395
305 353
307 315
308 339
308 366
308 368
309 390
311 481
312 337
312 403
312 456
313 415
313 426
313 469
314 365
314 399
317 336
319 394
320 357
320 369
321 326
321 479
322 411
323 384
326 340
326 401
327 386
327 416
328 485
329 488
330 381
332 389
334 453
335 359
335 408
335 457
337 457
338 441
338 446
338 479
340 359
341 396
342 489
343 359
343 391
343 463
343 466
344 415
347 370
347 395
348 486
352 400
353 401
355 474
357 412
358 447
358 485
360 480
361 415
361 430
361 450
362 448
363 384
365 443
366 416
367 397
367 464
367 472
369 447
369 491
372 494
376 395
376 477
377 424
377 470
378 481
382 473
384 473
385 417
385 419
385 478
386 405
386 499
387 448
388 454
388 474
389 419
390 493
391 396
391 447
392 466
393 418
393 487
394 418
396 475
401 466
405 409
406 482
407 439
407 462
410 436
411 440
415 439
416 492
417 489
420 479
420 497
421 438
428 459
431 454
431 477
444 453
450 453
450 461
450 499
452 477
453 471
456 485
472 479
480 490
483 498
0
9 499
