500	733	 1
0 343
0 467
1 338
2 230
2 327
2 364
3 475
4 219
4 401
4 463
5 121
6 154
6 229
7 28
7 123
7 283
7 422
7 442
7 493
8 136
8 240
8 369
8 452
9 311
9 341
10 344
10 377
11 473
12 281
12 310
12 315
13 351
13 444
14 134
14 369
14 432
14 486
14 487
15 191
15 252
15 365
15 366
16 29
16 106
17 160
17 257
17 313
17 344
18 93
18 147
18 353
19 491
20 154
20 351
21 220
22 185
22 334
23 165
23 330
23 488
24 280
25 120
25 372
25 429
26 129
26 481
27 97
27 272
27 385
27 475
28 36
28 464
29 291
30 473
31 84
31 110
31 342
31 401
31 480
32 149
32 236
32 348
32 427
33 332
33 412
34 160
35 136
35 423
35 435
36 257
36 336
36 381
37 235
38 193
38 428
38 434
39 281
39 316
39 324
40 294
41 110
41 171
41 266
42 60
42 109
42 130
42 164
43 133
43 196
43 306
43 396
43 397
44 219
44 438
45 129
45 143
45 251
45 393
45 413
45 434
45 459
46 251
46 454
47 275
47 322
48 103
48 139
48 329
48 395
48 409
49 478
50 124
50 245
50 299
50 449
51 142
51 278
51 333
52 187
52 455
53 81
53 299
54 272
54 391
55 201
55 272
55 285
55 314
55 483
55 489
56 66
56 198
56 440
56 499
57 70
57 109
57 116
57 221
57 241
57 311
57 423
58 281
58 297
58 391
59 168
59 268
59 335
59 345
60 231
60 386
60 400
61 276
61 315
61 475
62 388
63 323
63 409
63 483
64 142
64 399
65 209
65 227
65 461
66 161
66 475
67 174
67 184
67 454
68 244
68 309
69 141
69 350
71 241
71 312
72 76
72 114
72 171
73 127
73 404
73 422
73 441
74 126
75 189
76 451
77 95
77 331
77 455
78 125
78 326
79 211
79 247
79 377
79 419
80 419
80 462
81 262
81 297
82 199
82 338
83 261
83 388
84 383
84 479
85 296
85 412
86 199
87 123
87 204
88 138
88 209
89 92
89 155
89 246
89 455
90 456
90 492
90 498
91 285
92 404
92 481
93 414
94 149
95 171
95 205
95 243
95 260
95 367
96 155
96 271
96 302
98 470
99 121
99 173
99 252
99 359
99 361
100 159
100 188
101 345
101 401
102 460
102 490
103 197
103 199
104 220
104 232
104 477
105 243
105 359
106 269
106 315
106 318
107 365
107 387
108 109
109 230
110 484
111 368
111 398
112 233
112 252
112 426
113 137
113 478
114 189
114 283
114 431
115 244
115 357
115 376
115 481
117 403
118 451
118 476
119 137
119 158
119 228
119 459
120 127
120 380
121 128
121 259
122 322
122 422
123 290
123 407
124 487
125 198
125 250
125 399
125 432
125 437
126 181
126 318
126 382
126 414
127 136
127 154
127 172
128 181
128 356
129 235
131 160
131 438
131 444
132 137
132 432
132 499
133 258
133 273
133 371
133 458
134 203
134 299
135 179
135 195
135 261
135 312
135 359
135 417
136 240
136 427
136 436
137 153
137 376
137 448
138 426
139 304
140 310
140 389
140 439
140 494
141 193
141 251
142 242
142 277
142 373
143 248
143 284
143 476
144 243
144 345
145 217
145 381
145 396
146 199
146 237
147 192
147 320
148 230
148 406
148 409
149 369
149 428
149 430
149 437
150 181
150 327
151 444
152 346
152 396
152 413
152 455
154 238
155 365
156 197
156 328
156 442
157 193
157 275
158 173
158 190
158 380
158 420
158 495
159 498
160 211
160 423
161 325
162 339
162 491
163 207
163 415
164 301
164 401
166 245
166 397
166 496
167 473
168 422
169 470
170 413
170 461
171 228
171 356
172 182
172 421
173 210
173 347
174 228
174 352
174 387
174 455
175 433
176 192
177 269
177 341
178 306
179 360
180 251
183 381
184 231
184 424
185 209
185 265
185 298
186 288
186 452
186 482
188 231
188 423
188 460
189 286
189 295
189 450
190 316
191 233
191 237
191 239
191 380
191 459
192 277
192 325
193 276
194 226
194 305
194 355
194 404
196 215
196 344
196 380
197 227
197 267
197 417
197 420
198 327
199 293
199 388
200 249
200 326
201 278
202 371
202 422
203 340
204 476
205 253
205 299
206 265
207 353
207 403
208 275
208 414
210 350
210 379
211 328
212 262
213 258
214 392
214 417
214 424
214 454
214 459
215 241
215 370
216 312
216 468
218 475
219 376
219 451
222 338
223 295
223 371
223 375
223 378
223 410
224 243
224 445
224 478
225 251
225 264
225 316
225 406
226 306
226 485
228 240
229 375
230 236
233 310
233 444
234 347
234 499
235 239
235 244
235 319
236 263
239 334
239 340
240 429
242 316
242 377
242 436
243 285
243 379
243 453
246 432
247 268
247 480
249 436
249 488
250 269
250 451
252 289
253 473
254 275
254 378
255 305
256 461
256 484
257 415
258 466
259 360
260 355
260 400
260 443
262 393
262 426
263 466
264 338
265 455
266 377
267 367
269 357
269 445
270 282
270 287
270 380
271 387
271 468
272 313
272 340
273 322
274 407
274 434
276 390
279 290
279 369
279 374
280 460
282 364
282 391
282 408
284 287
284 294
284 375
284 438
285 322
285 335
285 454
286 326
286 377
289 324
289 414
291 389
291 417
292 382
293 431
294 418
294 481
295 335
296 300
296 332
297 356
298 306
299 382
300 454
301 466
302 350
302 381
303 377
303 474
304 430
304 470
304 488
307 416
308 365
308 476
311 364
311 462
314 344
314 402
314 404
315 497
317 350
317 423
317 461
317 489
318 321
319 393
319 479
321 420
322 329
324 464
325 468
327 355
327 486
330 349
330 386
330 474
331 362
332 403
332 457
333 387
334 401
337 472
338 373
338 453
339 416
341 403
341 426
341 469
342 437
343 386
343 395
343 441
343 445
344 462
345 362
346 435
346 462
348 364
348 486
349 363
349 459
350 358
352 472
353 467
354 403
354 409
356 396
356 479
357 379
358 446
359 387
359 399
360 477
362 394
363 410
364 367
366 428
366 443
368 472
370 378
373 447
374 498
376 488
377 488
379 398
379 435
383 470
383 493
384 405
386 470
387 463
390 408
391 459
393 401
393 478
398 435
398 469
400 444
401 462
404 431
405 416
405 482
411 425
411 473
416 433
419 496
420 425
421 481
423 434
423 454
426 465
427 465
427 486
428 459
431 498
432 496
433 454
439 471
441 461
441 499
444 459
452 466
454 484
456 483
459 489
462 495
469 478
475 481
478 491
479 492
481 496
0
9 499
