500	745	 1
0 208
0 343
1 6
1 257
1 265
1 497
2 163
2 221
2 229
2 327
3 134
3 170
3 175
3 446
4 36
4 118
5 234
6 44
6 320
7 28
7 316
7 398
8 38
8 120
8 440
8 467
9 20
9 449
10 26
10 63
10 426
10 492
11 158
11 268
11 367
12 166
12 320
12 356
13 96
13 102
13 113
13 370
13 427
13 473
13 490
14 70
14 74
14 347
14 392
14 490
15 36
15 92
15 101
15 151
15 179
15 333
15 482
16 35
16 160
17 113
17 357
18 310
19 78
20 51
20 54
20 82
20 146
20 153
20 334
20 384
21 97
21 321
21 405
21 452
22 46
22 59
22 76
22 153
23 254
23 282
23 401
24 127
25 74
26 52
26 219
26 467
27 233
28 478
29 45
29 398
30 126
30 432
31 111
31 491
32 297
32 371
32 454
32 461
33 195
33 321
34 281
34 371
35 53
35 217
35 250
36 47
36 98
36 108
36 268
36 292
36 315
36 350
36 421
37 136
37 480
38 131
38 182
38 209
38 246
39 42
39 193
40 276
40 460
41 64
41 92
41 340
42 149
42 181
43 202
43 490
44 202
44 275
44 447
45 322
45 441
46 280
46 296
46 353
46 377
47 469
47 478
47 486
48 89
48 190
49 78
49 239
50 126
50 441
51 55
51 75
51 86
51 106
51 171
51 462
51 471
52 184
52 430
52 453
53 54
53 459
53 460
53 476
54 417
55 398
55 433
56 149
56 318
56 332
56 346
57 74
57 244
57 433
58 379
58 403
58 410
59 298
59 373
60 83
60 228
60 341
60 466
61 120
62 87
62 287
64 335
64 452
65 98
65 395
66 327
66 407
67 357
67 473
68 345
68 435
68 476
69 225
69 278
69 302
69 475
70 88
70 447
71 79
71 282
71 333
71 451
71 499
72 137
72 344
72 439
73 74
73 209
73 495
75 205
76 186
76 248
76 324
77 420
78 93
79 103
79 406
79 489
80 114
81 459
82 275
83 398
84 163
84 303
84 330
85 170
85 215
85 247
86 331
86 402
86 491
87 418
87 443
87 473
88 93
88 258
88 420
89 291
89 390
90 104
90 135
90 325
91 132
91 289
92 162
92 163
92 344
94 211
94 439
95 197
95 388
97 353
98 463
98 482
99 183
100 242
100 271
100 391
101 405
102 236
102 482
103 468
104 137
105 274
105 445
106 438
107 367
107 368
107 473
108 139
108 207
108 451
109 499
110 143
110 290
110 310
111 178
111 213
112 390
113 160
113 252
113 267
114 262
114 325
114 480
115 167
115 212
116 425
117 128
117 291
117 457
118 226
119 153
119 286
119 442
120 360
120 376
120 437
120 487
121 204
121 400
122 332
122 364
122 485
123 134
123 225
124 421
125 198
125 327
126 134
126 493
127 241
127 361
128 324
128 376
129 335
129 346
130 140
130 149
130 237
130 440
130 452
131 234
131 369
132 313
133 186
133 263
133 415
133 480
134 137
135 382
135 477
135 499
137 291
138 465
139 365
140 351
140 443
140 458
141 293
142 303
142 429
142 490
143 250
143 414
144 201
144 421
144 422
145 352
145 359
145 459
147 465
148 217
148 479
149 173
149 185
149 276
149 291
149 330
149 426
149 441
150 176
150 392
150 432
150 455
150 462
151 379
152 199
152 243
152 349
152 435
153 242
154 326
154 461
155 239
156 174
157 236
157 467
158 443
159 176
159 255
160 242
160 277
160 330
161 243
161 254
161 324
162 209
162 391
162 449
163 275
164 428
165 264
165 266
165 345
165 363
166 368
167 260
167 364
168 295
168 474
169 423
170 253
170 260
170 373
171 188
171 306
172 197
173 301
173 443
174 246
174 296
174 369
175 293
175 357
175 400
175 496
176 232
176 326
177 244
177 381
177 445
178 418
179 418
180 274
180 301
180 319
180 378
181 218
181 276
181 344
183 220
183 343
183 437
185 475
186 368
187 353
188 436
188 468
188 488
189 497
190 320
191 233
191 428
191 432
192 345
192 420
192 498
194 219
194 444
195 253
196 409
196 415
196 416
196 484
198 455
199 346
199 480
200 224
201 206
201 289
203 227
203 449
203 466
204 310
204 397
204 435
205 285
205 411
206 340
207 242
207 299
208 211
208 275
208 492
209 297
209 484
209 486
210 453
211 278
211 296
211 434
212 224
213 424
214 355
214 405
214 407
214 498
215 242
216 231
216 249
216 353
216 400
218 219
218 398
218 472
219 280
219 489
220 365
220 474
222 412
222 463
222 497
223 415
223 430
224 263
224 314
224 414
224 428
224 494
226 380
226 403
226 439
226 450
227 277
227 280
228 373
228 496
229 333
230 256
231 306
233 393
233 480
234 399
235 265
236 388
238 421
238 465
239 241
239 258
240 260
240 314
240 487
241 325
242 477
243 286
244 322
245 255
246 251
246 323
246 357
247 255
247 388
247 431
247 449
247 478
251 306
253 438
254 295
254 481
255 345
255 374
255 433
255 473
256 293
257 336
258 314
259 263
259 283
259 384
260 469
261 299
261 320
261 399
261 400
262 334
262 454
263 298
263 313
265 330
265 339
267 362
267 445
267 482
269 339
269 356
269 447
269 454
269 456
270 342
270 400
272 488
273 309
273 312
274 299
274 394
274 428
275 383
275 451
276 456
276 464
277 331
277 358
278 314
279 284
279 307
280 305
280 442
283 308
283 325
284 405
285 297
285 362
285 432
286 336
287 357
287 376
287 392
288 406
288 452
290 315
290 366
292 300
292 374
294 327
294 443
295 438
296 491
298 381
299 404
299 405
299 459
301 385
303 450
304 444
305 417
306 466
307 416
307 490
309 467
310 341
311 414
312 338
312 377
313 365
316 350
316 483
317 482
320 331
322 325
322 328
322 481
323 408
324 488
325 453
326 374
326 413
327 390
327 481
327 493
328 377
328 392
329 372
329 435
332 402
332 494
333 398
337 369
338 444
339 381
340 470
341 440
342 430
343 359
343 375
343 425
343 427
343 484
344 375
344 383
344 388
345 354
348 440
349 470
352 467
353 366
353 434
356 452
360 422
360 472
361 446
364 431
364 481
365 471
366 409
366 445
367 397
367 497
369 467
372 463
372 477
373 428
375 397
377 401
377 422
379 470
381 424
382 460
382 473
385 388
385 416
386 499
387 404
387 430
389 454
389 456
390 431
392 396
393 441
394 447
399 490
403 416
405 464
405 474
405 484
406 426
407 436
412 465
414 425
414 432
415 469
416 434
416 491
418 463
419 461
423 497
429 449
432 461
443 470
446 461
446 487
447 483
448 484
450 481
451 499
459 481
468 480
468 499
472 474
479 489
486 491
494 497
0
9 499
