500	721	 1
0 61
0 216
0 311
0 417
0 457
1 248
2 171
2 211
2 220
2 311
3 195
4 276
4 469
4 493
5 243
6 70
6 312
6 330
6 425
7 181
7 192
7 223
8 388
8 459
8 480
8 493
9 173
9 183
9 288
9 347
10 27
10 389
10 426
11 169
11 404
11 453
12 303
12 432
13 47
13 382
13 477
14 258
14 394
15 317
16 131
16 175
16 278
16 364
16 411
17 30
17 66
17 144
17 384
18 146
18 212
18 315
18 474
19 345
20 81
20 219
20 237
20 248
20 449
21 73
21 399
21 492
22 312
22 340
23 89
23 386
23 468
24 382
25 465
26 66
26 143
26 276
27 157
28 172
28 238
28 289
29 289
30 136
30 489
31 127
31 403
32 155
32 304
33 81
33 88
33 176
33 410
34 355
34 481
35 59
35 316
35 386
35 432
36 142
36 194
36 371
37 269
37 277
37 363
38 159
38 315
38 341
38 415
39 184
39 342
39 380
39 427
40 125
40 167
40 228
41 50
41 156
42 393
43 183
43 358
44 65
44 130
44 150
44 168
44 196
44 327
45 70
45 113
45 116
45 175
45 227
45 287
46 168
46 172
46 433
47 210
48 64
48 96
48 118
48 144
48 212
48 245
48 247
49 318
49 393
50 57
50 155
50 294
50 384
50 406
51 67
51 312
51 314
52 96
52 279
52 341
53 121
53 365
53 449
54 83
54 156
54 267
55 77
55 161
56 153
56 203
56 222
56 323
57 79
57 455
58 107
58 291
58 474
59 388
60 214
60 304
61 136
62 180
63 113
63 334
63 382
64 497
65 483
66 246
66 249
67 138
67 260
68 220
68 310
68 355
68 452
69 74
69 368
71 219
71 255
71 273
71 316
71 432
72 125
72 169
72 377
73 274
74 351
74 355
74 433
75 118
75 202
75 297
76 149
76 370
76 477
77 247
77 350
77 405
78 354
78 431
78 453
79 173
79 179
80 95
80 241
80 272
80 475
82 229
83 190
84 450
84 465
85 259
85 496
86 125
86 408
87 102
87 137
87 457
88 243
89 117
89 192
89 336
89 381
89 442
90 407
91 217
92 123
92 340
92 492
93 157
93 358
93 373
93 465
93 479
94 143
94 306
94 307
94 349
95 298
95 418
96 393
97 237
97 282
97 330
98 269
98 308
98 323
98 330
98 381
99 344
100 132
101 115
101 126
101 355
101 379
102 156
102 304
102 412
103 148
103 189
103 416
104 141
105 167
105 277
106 242
107 151
107 271
107 388
108 335
109 130
109 290
109 423
109 459
110 210
110 236
111 142
112 142
112 192
112 213
113 193
113 216
113 411
113 442
114 196
114 436
114 488
115 172
115 284
115 373
115 415
116 437
117 336
117 340
118 170
119 147
119 241
119 346
119 352
120 154
120 337
120 360
122 286
123 162
123 416
124 317
125 194
125 266
125 491
126 217
127 427
128 425
129 208
130 152
130 258
131 285
131 497
132 329
132 467
133 323
133 343
134 145
134 147
134 327
134 427
135 170
135 383
136 166
136 180
137 246
137 248
138 249
138 293
138 471
139 323
140 251
140 319
140 357
141 258
142 145
142 184
142 238
143 225
144 145
144 295
145 296
145 309
146 187
146 404
146 495
147 233
147 253
147 454
148 206
149 301
149 470
151 446
152 196
152 243
153 275
153 322
153 325
153 376
153 491
154 213
154 279
154 300
154 375
155 293
156 374
158 221
158 367
159 221
160 443
160 477
161 260
161 275
161 280
162 498
163 441
164 310
164 356
164 359
165 472
166 434
166 478
168 185
168 352
169 263
170 258
170 320
170 499
171 321
172 226
172 237
172 303
174 195
174 448
177 225
177 309
177 423
177 424
177 471
178 240
178 278
179 265
179 381
180 183
181 205
181 339
181 454
182 393
182 464
183 265
183 270
183 286
183 313
184 204
186 328
186 338
186 345
187 218
187 235
187 478
188 257
188 497
189 326
189 479
190 274
190 332
190 404
191 358
191 360
192 406
193 337
194 250
196 253
197 477
197 484
198 232
198 380
199 312
200 273
200 421
201 378
201 409
201 484
202 240
202 466
204 209
205 215
205 392
206 248
206 479
207 210
207 405
208 341
208 418
212 311
213 228
214 243
214 322
215 314
215 359
217 257
217 430
218 397
218 439
219 250
219 252
219 342
219 376
219 381
220 264
220 490
221 280
221 372
222 448
222 478
223 460
223 469
224 437
225 241
225 438
226 445
227 349
228 317
228 351
228 471
229 231
229 262
229 347
229 422
230 280
230 477
231 300
231 398
231 436
232 253
232 254
234 472
234 473
235 284
237 362
237 409
238 284
238 294
239 374
240 299
240 324
240 381
242 395
242 457
243 464
244 456
245 402
246 307
247 471
248 414
249 386
249 476
251 345
253 257
254 406
254 413
255 483
256 291
256 351
256 387
256 427
256 491
257 314
258 462
259 344
259 393
261 282
261 316
263 423
263 487
264 300
265 493
266 362
267 388
267 437
267 466
268 326
269 281
269 295
269 438
270 393
271 348
271 435
272 319
273 429
275 458
276 356
277 407
277 432
278 428
279 354
279 484
280 374
280 389
281 339
282 413
282 424
283 320
285 355
286 323
287 399
288 384
289 396
290 482
290 486
291 321
291 382
292 311
292 416
293 346
293 435
293 488
294 434
296 466
297 408
297 474
298 329
298 337
302 326
305 453
306 481
307 372
307 423
307 481
308 320
308 427
309 419
310 421
312 323
312 407
313 491
314 327
315 337
316 456
317 418
318 383
319 482
320 498
321 329
322 397
322 416
324 432
325 447
326 482
326 490
327 385
329 453
331 425
332 429
332 460
333 421
335 421
337 406
337 494
338 478
339 451
340 383
340 401
340 459
340 485
341 441
342 491
347 407
353 424
355 407
356 388
356 426
357 414
358 454
358 499
360 499
361 472
365 373
366 441
369 417
370 397
370 485
371 456
372 437
372 460
373 451
374 431
375 402
377 457
378 393
379 381
379 412
380 392
385 472
386 401
387 389
387 393
388 439
389 471
390 425
390 470
391 473
391 486
392 407
393 419
395 429
395 432
395 452
396 407
399 487
400 437
403 478
405 478
408 430
409 417
409 461
410 417
410 433
412 464
413 447
415 466
417 463
419 444
419 494
420 490
421 477
424 454
428 447
428 497
433 493
437 444
437 485
440 453
440 473
442 467
448 454
451 476
453 459
453 476
458 465
458 478
463 469
470 471
0
9 499
