500	724	 1
0 95
0 426
1 382
2 87
2 212
3 25
3 32
3 322
3 453
3 458
4 32
4 119
4 163
4 280
4 291
5 239
5 448
6 36
6 63
6 473
7 64
8 71
8 272
8 279
8 324
9 57
10 17
10 288
11 33
11 52
11 66
11 175
11 181
12 173
12 321
13 78
13 87
13 291
14 36
14 342
14 471
15 148
15 320
16 472
17 80
17 167
17 339
17 421
18 192
18 319
18 380
19 88
19 179
19 184
19 368
20 40
21 238
22 407
22 461
23 65
23 326
24 375
25 135
25 307
26 377
26 443
27 376
27 418
28 229
28 293
29 232
29 233
29 294
29 380
29 420
30 148
30 268
30 381
31 491
32 251
32 329
33 491
34 119
34 131
34 304
34 411
34 486
35 192
35 460
36 57
36 231
37 165
37 408
38 98
38 211
38 347
39 317
39 414
40 120
40 334
40 376
41 311
41 330
42 207
43 172
43 193
43 255
43 301
43 430
44 96
44 151
44 230
44 435
45 177
45 362
45 457
46 267
46 386
47 243
47 486
48 407
48 420
49 435
49 460
50 90
50 112
50 148
50 344
51 194
51 329
51 431
51 491
52 97
52 116
52 218
53 57
53 135
53 473
54 271
54 362
54 465
55 293
56 77
56 404
56 497
57 165
57 206
57 451
58 64
58 360
59 112
59 450
59 469
60 149
60 230
60 242
61 148
61 336
61 498
62 145
62 418
63 255
63 370
63 488
64 203
64 269
64 334
65 146
65 371
65 414
65 429
66 314
66 476
67 420
67 436
67 489
68 453
69 74
69 442
70 154
71 92
71 323
72 202
72 204
72 219
72 325
72 347
73 101
73 431
74 259
75 468
76 267
76 390
76 494
77 261
77 462
79 265
79 270
79 272
79 420
79 440
80 93
80 229
80 231
81 204
81 245
82 137
82 146
83 120
83 325
83 399
83 459
83 478
84 367
84 466
85 291
85 398
86 131
86 384
87 226
87 292
88 237
88 242
88 299
88 343
88 406
88 414
88 455
89 444
90 215
90 249
90 260
90 485
90 496
91 160
91 283
91 476
92 242
92 273
92 342
92 453
93 206
93 337
94 447
94 457
95 437
96 103
97 214
97 281
98 264
98 380
99 101
99 165
100 180
100 203
101 127
101 149
102 282
102 465
103 183
103 312
103 397
103 426
103 447
103 470
104 422
104 430
105 236
105 332
105 390
106 471
107 130
107 142
107 375
108 277
109 181
109 192
109 254
110 367
111 185
111 191
111 246
111 390
112 146
112 336
112 374
113 120
113 129
113 158
113 288
113 322
114 139
115 471
117 221
117 226
118 135
118 196
118 220
119 132
119 396
120 154
120 170
121 421
121 480
122 329
122 442
122 480
123 223
123 243
124 186
124 335
125 250
126 192
127 432
128 361
128 363
128 406
128 437
129 350
129 416
129 433
130 180
130 286
130 336
130 376
130 455
131 134
131 358
131 374
131 445
132 152
132 435
133 169
133 407
133 486
134 201
134 220
134 321
136 252
136 342
136 447
137 157
137 173
137 387
138 219
138 307
138 477
139 341
139 394
139 400
139 457
140 477
141 285
142 184
142 486
143 347
143 408
143 414
144 173
144 254
144 266
144 306
144 334
144 477
144 499
145 306
146 340
147 243
147 301
147 341
147 381
147 402
147 461
148 409
149 400
150 185
150 253
151 485
152 269
152 435
153 298
154 275
154 298
154 363
154 403
154 434
155 363
155 413
156 330
157 401
157 460
158 178
158 265
158 406
159 210
159 421
160 481
161 282
162 228
162 445
163 289
163 410
164 239
164 245
164 446
165 391
165 397
166 254
166 381
166 385
167 179
167 316
168 375
169 207
169 242
169 468
170 353
170 355
171 382
172 184
173 174
173 235
173 329
173 489
174 228
174 315
174 439
174 492
175 426
176 227
176 464
177 330
177 377
179 393
179 454
181 271
181 387
182 243
183 386
185 338
186 308
187 201
187 496
188 400
189 202
189 276
189 356
189 418
189 463
190 419
192 231
192 387
192 389
193 379
193 496
194 432
195 262
195 440
197 233
198 200
198 232
198 478
199 209
199 264
199 425
199 497
201 302
202 214
202 293
203 314
203 464
203 479
204 215
204 294
204 348
204 377
205 298
205 440
207 494
208 245
208 250
208 497
209 307
209 385
209 418
211 438
212 457
213 345
214 307
214 390
214 460
214 472
214 493
215 492
216 376
216 416
216 430
217 407
218 308
220 482
222 276
222 304
222 363
223 283
223 416
224 450
225 387
226 371
227 359
227 479
228 304
228 423
229 402
232 485
233 445
234 264
234 460
236 270
236 404
237 263
237 282
237 471
238 446
239 440
240 344
240 347
240 480
241 381
241 395
242 495
243 332
244 374
246 413
247 283
247 363
248 320
248 329
248 378
252 299
254 282
255 309
255 382
256 492
257 482
257 484
258 368
259 367
259 416
260 313
260 316
260 332
260 417
261 407
261 416
262 379
262 454
263 282
264 388
265 479
266 329
267 309
267 325
267 429
268 419
268 478
269 383
270 404
270 487
271 327
271 344
271 455
272 299
272 444
273 343
274 360
274 474
275 381
275 449
277 448
278 309
279 288
279 313
281 466
281 473
282 355
282 432
283 303
283 370
283 402
284 293
284 483
284 492
285 336
285 485
287 489
290 486
290 489
291 299
291 469
293 332
293 349
295 397
296 344
297 345
297 457
298 315
299 349
299 357
299 465
300 406
300 456
300 473
301 317
301 465
302 444
305 450
305 479
307 418
307 442
308 383
310 320
313 393
313 486
314 343
315 322
315 437
318 385
320 352
322 349
323 387
325 351
325 402
326 368
327 405
328 391
330 441
331 365
331 387
332 379
332 386
333 349
334 453
335 480
337 441
338 439
338 485
339 342
339 366
342 400
342 427
346 434
346 438
347 389
348 490
349 430
350 375
350 499
352 471
354 410
357 468
358 468
359 484
360 498
362 375
362 474
364 440
365 469
367 419
369 382
370 415
370 462
371 438
372 386
372 437
373 398
373 475
373 484
376 380
377 400
377 477
379 477
381 434
382 396
383 429
384 435
385 452
387 414
389 463
392 452
394 408
396 426
402 440
402 455
404 441
405 475
407 413
410 480
410 495
412 445
413 467
413 492
416 421
416 433
416 474
418 441
421 473
422 471
423 476
424 483
425 482
427 488
428 433
429 433
429 472
436 493
437 467
444 481
444 489
446 469
449 462
451 496
452 493
467 483
474 480
0
9 499
