500	743	 1
0 25
0 95
1 305
2 96
2 117
2 141
2 211
3 15
3 113
3 205
4 26
4 124
4 132
4 343
5 118
6 274
6 341
6 492
7 198
7 257
7 450
8 121
8 152
8 165
8 177
8 303
9 11
9 29
9 68
9 69
9 112
10 298
10 369
10 421
11 36
11 117
11 170
11 233
12 383
12 456
13 119
13 228
14 15
14 282
15 215
15 250
15 349
16 110
16 115
16 138
16 348
16 457
17 43
17 107
17 193
17 479
18 138
18 273
18 319
19 395
19 497
20 261
20 324
20 433
21 408
21 409
21 481
22 77
22 92
22 240
22 427
22 429
23 135
23 434
24 62
24 357
25 141
25 170
25 245
25 405
26 109
26 397
27 259
27 261
28 77
28 208
29 213
30 186
30 494
31 238
31 497
32 144
32 200
32 204
33 476
34 327
35 166
35 232
35 305
35 372
36 470
37 94
37 104
37 246
37 269
38 225
38 269
38 427
39 266
39 332
39 354
39 391
39 425
40 110
40 112
41 123
41 134
41 330
41 373
42 177
42 317
42 336
42 358
42 380
44 220
44 229
44 398
45 105
45 119
45 441
45 447
46 71
46 126
46 328
47 71
47 428
48 182
48 362
48 420
48 424
49 194
49 230
49 342
50 249
51 215
51 240
51 288
51 319
51 356
52 364
52 428
52 498
53 88
53 433
54 98
54 121
54 182
54 233
54 430
54 459
55 413
56 260
56 272
56 353
56 395
56 497
57 74
57 330
58 125
58 193
59 424
59 436
60 288
61 378
61 411
62 147
62 312
62 362
62 456
63 435
64 491
65 225
65 352
65 428
66 230
66 292
66 311
66 445
67 123
67 174
67 426
68 483
69 181
69 194
69 315
70 266
70 272
70 284
71 138
71 218
71 399
71 491
72 82
72 86
72 460
73 295
73 324
73 379
73 434
73 465
73 482
74 79
74 161
74 187
75 425
75 443
76 226
76 391
76 414
76 430
77 243
77 273
78 175
78 452
79 118
79 128
79 161
79 162
80 248
80 400
80 469
81 272
81 313
82 256
82 349
82 426
83 94
83 201
83 476
84 353
85 190
85 346
85 446
86 346
87 165
87 167
87 376
88 164
88 412
88 467
89 119
89 179
89 249
89 269
89 378
89 440
90 137
90 221
91 223
92 296
92 361
92 429
93 103
93 202
93 300
94 256
95 187
96 159
96 193
96 273
96 314
97 171
97 176
97 369
97 417
98 159
98 185
98 452
99 266
99 367
100 116
100 233
100 322
101 483
102 239
102 344
102 495
103 254
103 255
103 441
104 409
105 196
106 138
106 232
106 247
107 495
108 145
108 351
109 314
110 212
111 130
111 292
111 410
112 177
112 370
112 376
112 433
113 359
113 408
113 449
113 493
114 138
114 308
114 332
114 401
114 484
115 133
116 133
116 158
116 325
116 474
117 340
117 408
117 419
117 493
118 175
118 307
119 187
120 134
121 391
122 126
122 264
122 489
123 222
123 241
123 253
123 290
123 360
123 480
124 260
125 269
125 423
125 489
126 128
127 177
127 309
127 435
128 177
128 215
129 394
131 364
131 424
132 468
133 139
134 461
136 194
136 304
137 197
138 202
138 309
139 163
139 285
139 363
139 499
140 486
140 490
141 405
142 255
142 320
143 272
143 313
143 388
143 421
143 498
145 269
146 269
147 170
147 245
148 181
148 355
149 386
149 434
150 318
151 193
151 430
152 222
152 368
153 260
153 316
154 239
154 293
155 166
155 279
155 338
155 373
156 188
157 406
157 428
159 240
159 261
159 450
160 347
160 486
161 453
162 166
162 322
165 215
165 237
165 283
166 214
166 217
166 268
167 442
168 213
168 288
168 387
169 351
170 434
171 402
172 191
172 481
173 183
173 340
173 494
174 204
175 226
175 357
177 298
178 230
178 461
179 264
179 351
179 486
180 412
180 443
181 311
181 402
182 411
182 426
184 479
185 374
185 396
188 468
189 314
189 488
189 491
190 244
190 275
190 334
190 366
191 398
191 497
192 247
192 367
192 387
193 432
193 449
194 301
194 317
194 369
195 375
196 481
197 220
198 269
199 323
199 347
200 275
200 352
200 414
201 304
202 387
202 447
202 469
203 278
203 456
205 356
206 208
206 359
207 304
209 264
209 286
209 415
210 278
210 313
210 365
211 265
212 251
212 339
216 316
216 352
217 331
218 345
218 353
219 242
219 384
221 260
221 490
223 470
224 438
225 433
227 379
228 381
228 421
231 290
231 359
232 472
233 270
234 252
234 413
234 455
234 487
235 278
236 469
237 349
239 431
241 420
241 438
241 488
242 332
243 295
243 350
243 441
244 414
244 418
245 436
246 398
247 327
247 443
248 275
249 252
249 308
249 310
250 378
251 370
252 448
254 476
255 296
255 446
256 431
257 387
258 371
258 375
258 383
258 394
258 467
259 333
259 337
260 295
261 274
262 450
263 405
263 416
264 271
264 375
264 411
265 283
265 290
265 437
266 344
267 287
267 365
267 457
268 349
268 430
270 411
271 384
272 280
274 496
276 277
276 334
276 499
278 408
279 491
281 410
282 468
283 416
283 425
283 472
284 324
286 306
286 311
286 473
287 385
288 427
288 472
288 499
289 299
290 331
290 448
291 314
292 307
292 355
292 373
293 295
293 497
294 391
295 300
295 461
296 388
297 467
299 449
302 312
302 492
303 359
305 321
305 355
305 400
305 472
305 497
306 333
306 380
308 354
308 397
308 433
310 354
310 479
310 491
311 356
314 372
314 490
315 466
317 318
317 415
318 363
318 375
319 384
319 410
320 475
321 397
321 465
321 471
323 392
325 426
326 358
326 373
326 444
328 377
329 364
329 446
329 461
329 489
330 402
333 349
335 407
335 444
337 409
337 453
338 419
338 452
339 357
340 360
340 465
340 478
343 402
344 427
344 479
344 491
345 379
346 485
347 398
348 415
348 434
348 461
349 484
350 397
353 399
353 477
354 418
355 382
356 418
357 369
358 404
358 417
358 426
358 476
359 430
359 446
365 392
365 450
366 475
368 492
369 496
371 397
372 446
373 468
375 393
375 436
376 380
377 419
377 422
379 466
380 454
381 412
382 403
383 465
384 448
384 451
384 486
386 426
387 458
389 420
390 492
394 428
394 480
395 483
396 451
397 433
398 443
399 414
401 424
402 477
403 496
404 492
405 469
406 495
407 492
408 458
409 456
411 467
412 473
413 487
416 453
417 447
418 425
419 423
424 445
424 463
431 487
432 469
435 477
436 440
436 464
436 468
437 438
437 475
439 440
439 471
447 449
450 459
452 489
455 465
462 483
472 493
0
9 499
