250	377	 1
0 19
0 50
0 67
1 2
1 34
2 15
2 22
2 142
3 46
3 96
3 158
4 54
4 114
4 129
5 48
5 95
5 134
6 29
6 61
6 233
7 126
7 220
7 249
8 43
8 55
8 105
8 237
9 167
10 168
11 14
11 51
11 164
11 219
12 93
12 137
12 142
12 163
12 164
13 61
13 77
13 183
13 214
14 76
14 172
15 117
16 26
16 162
17 47
17 89
17 175
17 249
18 23
18 85
19 210
20 55
20 69
20 146
20 199
20 246
21 36
21 41
21 155
21 185
22 131
23 49
23 199
24 132
24 206
24 239
25 38
25 48
25 90
25 162
26 46
26 224
27 86
27 244
28 150
28 227
29 54
29 121
29 122
30 65
31 112
32 119
32 120
32 155
33 62
33 129
33 178
33 221
35 134
35 194
36 190
37 49
37 82
37 242
38 226
39 124
39 142
39 229
40 112
40 140
41 177
41 194
42 54
42 241
43 48
43 127
43 247
44 68
44 105
44 165
44 184
45 140
45 187
45 191
45 227
46 48
46 78
46 156
47 53
47 64
47 198
47 240
48 133
50 65
50 185
50 241
51 56
51 65
51 136
51 233
52 70
52 141
52 156
52 194
52 201
52 204
52 218
52 248
53 174
53 215
54 66
54 179
55 100
56 194
57 76
57 81
57 86
57 97
57 240
58 112
58 124
58 159
59 91
59 119
60 165
60 209
61 76
61 91
61 188
62 65
62 106
62 163
62 246
63 72
63 235
65 80
65 239
65 241
66 130
66 140
66 200
66 204
68 73
68 88
68 131
68 245
69 100
69 170
69 231
70 161
71 112
71 117
72 193
73 160
73 188
73 224
74 190
75 93
75 128
75 200
75 239
76 109
76 161
77 188
77 229
78 138
78 157
78 162
78 194
79 128
79 186
79 218
80 104
80 112
81 223
83 245
84 147
84 187
85 123
85 146
85 174
85 195
85 221
86 90
86 154
87 199
88 162
88 205
88 237
90 123
90 176
91 110
91 230
92 183
92 235
93 103
94 175
95 126
96 99
96 169
98 135
98 218
99 234
100 165
100 207
100 243
100 246
101 169
102 168
103 205
104 202
104 212
104 222
105 167
105 197
106 143
106 151
106 218
107 212
108 157
108 184
108 208
109 133
109 211
111 248
112 231
113 191
113 223
114 120
114 121
114 172
115 144
116 125
116 149
118 201
120 145
120 199
120 204
120 208
121 123
122 136
122 224
123 182
123 195
124 236
125 176
125 199
125 204
126 169
126 173
127 235
130 180
130 230
133 166
133 227
134 152
134 161
134 187
134 221
134 239
134 241
135 192
135 193
135 211
136 182
136 233
137 163
138 202
138 211
139 182
139 203
142 226
143 150
143 154
144 188
144 195
144 230
146 176
147 245
148 165
149 249
150 220
150 224
150 249
151 245
152 189
153 210
153 215
155 192
157 166
157 186
158 160
158 212
158 229
159 203
160 168
162 173
162 200
163 202
164 214
164 218
164 231
164 232
164 249
168 200
168 226
168 235
168 247
169 234
170 234
171 177
171 238
172 241
173 244
174 185
175 198
178 189
179 248
180 194
181 218
182 203
184 210
189 240
195 222
195 248
196 228
196 239
200 218
200 227
201 206
202 225
203 216
206 210
208 223
208 243
209 223
213 245
215 242
217 237
222 228
228 237
230 248
237 240
241 248
0
8 249
