250	373	 1
0 129
0 182
0 230
1 91
2 5
2 217
2 230
3 42
4 184
5 108
6 51
6 242
7 54
7 74
7 186
7 214
8 100
8 207
8 210
8 235
9 110
9 145
9 164
9 192
9 204
10 109
10 160
10 240
11 113
12 28
12 113
12 139
12 218
12 243
13 244
14 49
14 62
14 116
14 150
15 158
15 163
15 171
16 95
16 191
17 119
17 171
18 65
18 117
19 120
19 153
20 199
21 76
21 116
22 129
22 215
23 93
23 143
23 246
24 133
24 137
24 141
24 145
24 237
25 100
25 231
26 95
26 110
26 166
26 168
26 206
27 236
28 214
28 221
29 117
29 140
29 225
30 192
30 220
31 54
31 175
32 87
32 207
32 232
33 131
33 170
33 174
33 222
34 167
34 246
35 44
35 99
35 234
36 142
36 165
37 86
37 172
38 68
38 81
38 150
38 206
38 241
39 108
40 63
40 103
40 139
41 66
41 114
41 190
41 235
42 46
42 142
42 219
42 230
43 51
43 79
43 104
43 111
43 138
43 205
44 121
44 168
44 216
45 69
45 85
45 170
45 176
45 184
45 245
46 115
46 221
47 128
47 173
47 219
48 122
48 166
49 109
49 182
49 230
49 232
50 177
50 199
50 209
51 74
51 159
51 239
52 146
53 217
54 62
54 104
54 118
54 142
54 193
55 64
55 120
55 188
56 73
57 92
58 152
58 155
58 160
59 135
59 218
60 73
60 91
60 103
61 93
61 120
62 163
62 183
63 146
63 155
63 191
63 249
64 143
65 244
65 245
66 92
67 154
67 160
68 227
68 237
69 160
69 193
70 85
70 146
71 248
72 74
72 84
73 138
73 224
74 217
74 227
75 122
75 240
76 145
76 153
77 80
77 106
77 113
77 189
78 80
78 125
78 175
78 219
80 119
80 146
80 190
80 208
80 238
82 153
82 248
83 126
83 186
83 202
83 221
84 138
84 185
84 227
85 213
86 147
86 189
87 92
88 217
89 101
89 171
90 188
91 103
91 148
92 100
92 122
92 200
93 113
94 218
95 208
95 246
96 152
96 194
96 233
97 194
97 216
98 222
98 241
99 154
99 189
99 225
101 114
101 243
102 106
102 154
102 182
103 206
104 105
104 187
105 230
106 180
107 131
107 147
108 240
108 242
109 128
109 141
111 112
112 175
113 149
113 158
114 131
114 223
114 237
115 127
116 136
116 239
117 164
118 219
119 170
119 207
119 212
120 186
121 189
121 240
122 226
122 245
123 133
123 170
123 200
123 231
123 248
124 173
124 185
125 137
125 144
126 219
127 242
128 157
128 196
129 162
130 137
132 157
133 156
134 179
135 143
135 182
135 242
136 242
136 246
137 225
139 231
140 141
140 181
140 242
140 246
141 161
141 228
143 197
143 200
143 217
148 175
148 195
149 198
149 213
150 246
150 248
151 194
152 214
152 247
156 160
157 182
158 222
159 168
160 197
163 169
165 195
165 225
166 203
168 215
170 173
173 209
173 239
176 197
178 232
179 191
179 208
179 209
180 210
181 241
182 207
183 185
186 240
186 241
188 222
193 238
197 234
198 208
198 224
201 229
204 232
206 226
206 228
208 209
209 211
209 224
210 242
215 241
216 245
220 225
223 239
226 227
227 230
229 230
230 249
231 247
232 236
238 247
241 243
0
8 249
