250	377	 1
0 12
0 39
1 71
2 52
2 101
3 197
4 205
4 228
4 234
5 112
5 172
6 109
6 169
7 100
7 149
7 185
8 9
8 18
8 85
8 108
9 123
9 249
10 11
10 17
10 28
10 171
11 20
11 226
12 138
12 201
12 210
13 35
13 37
13 102
13 133
13 223
14 111
14 193
15 112
15 180
16 152
16 241
17 37
17 231
18 83
18 121
18 139
18 161
19 116
19 140
19 217
20 78
20 138
21 72
21 164
22 60
22 85
22 119
23 55
23 167
23 175
23 194
23 220
24 32
24 178
24 232
24 247
25 54
25 164
26 223
27 49
27 135
27 162
28 42
28 78
28 83
28 147
28 167
29 46
29 93
29 148
29 154
29 205
30 36
30 125
30 141
31 109
31 194
31 218
32 133
32 189
33 40
33 62
33 90
33 161
34 123
34 195
35 45
35 53
35 58
37 38
37 70
37 170
37 236
38 55
38 74
38 152
38 191
39 136
39 188
40 128
40 234
41 83
41 226
42 126
42 218
43 46
43 96
43 111
43 133
43 150
43 233
44 68
44 97
44 140
44 181
45 184
46 190
47 85
47 144
48 74
48 115
48 126
48 240
49 139
49 153
49 209
50 118
50 148
51 58
51 90
52 106
52 217
54 116
55 87
55 110
55 170
56 112
56 233
57 184
57 243
58 104
58 132
58 155
59 147
59 153
60 132
60 152
61 69
61 90
61 168
61 222
62 128
62 129
63 120
63 186
63 210
64 124
64 144
64 159
64 172
65 78
65 199
65 219
66 102
66 226
67 71
67 84
67 168
68 74
68 247
69 234
70 120
70 131
70 136
70 147
71 142
72 89
72 178
73 96
74 129
74 197
75 141
75 238
76 101
77 135
77 227
78 117
78 194
79 100
79 156
80 147
81 117
81 206
82 101
82 134
83 87
83 210
84 85
84 122
84 162
85 190
85 232
86 93
86 103
86 124
86 135
86 167
87 137
87 149
87 168
88 107
88 170
89 179
90 95
90 117
90 245
91 116
91 172
91 196
91 205
92 104
92 183
92 206
93 127
94 128
94 166
94 218
94 246
95 146
95 175
95 247
96 151
97 185
97 217
98 134
98 190
99 189
99 195
99 197
100 173
100 248
101 107
101 133
102 160
103 165
104 116
104 167
105 127
105 160
105 213
106 141
106 245
108 203
108 225
108 233
109 141
109 147
109 238
111 193
112 205
112 236
113 214
114 151
115 147
115 174
115 196
116 131
119 232
119 235
119 247
120 141
120 176
123 223
124 178
125 179
126 166
126 171
126 219
127 234
127 243
128 229
128 230
130 208
131 144
131 204
133 187
133 198
134 154
134 225
137 223
140 150
140 157
141 152
141 153
142 177
143 199
143 214
144 145
145 163
145 164
145 229
146 227
146 244
147 157
148 242
148 249
149 151
149 186
149 190
150 218
151 189
152 154
152 221
153 227
154 175
154 231
156 199
158 178
158 230
159 201
161 239
162 177
162 222
164 214
164 215
164 224
167 222
167 235
168 220
168 235
169 199
171 207
173 194
175 204
177 192
177 230
179 202
182 238
183 226
184 211
186 225
187 188
187 216
193 221
194 222
200 242
202 246
203 206
207 211
207 212
208 235
210 239
211 241
213 214
213 240
213 244
215 247
220 243
221 246
223 224
223 238
226 236
226 246
228 238
234 248
237 246
0
8 249
