250	376	 1
0 218
1 71
1 176
2 63
2 165
3 30
3 83
3 134
4 75
4 86
4 206
4 225
5 116
6 51
6 75
7 123
8 242
9 29
9 88
9 116
9 122
10 70
10 236
11 50
11 186
12 119
12 179
12 234
13 21
13 52
13 174
13 245
14 64
14 138
14 190
15 160
15 187
15 188
15 216
15 248
16 86
16 108
16 126
17 67
17 75
17 192
18 23
18 214
18 218
18 235
19 37
19 93
19 99
19 174
19 210
20 68
20 220
21 189
21 192
22 124
22 158
24 184
25 88
26 178
27 46
27 87
28 207
28 222
29 62
29 77
29 217
29 241
29 246
30 187
31 51
31 107
31 199
32 146
32 151
32 159
32 204
32 208
32 240
33 56
33 109
33 131
33 178
34 43
34 167
35 71
36 69
36 102
37 52
37 189
38 144
38 162
38 236
39 134
39 202
39 232
40 124
40 169
41 147
41 153
41 204
41 229
42 100
42 214
43 107
43 134
44 134
44 181
45 84
45 107
45 170
45 248
46 90
46 96
46 196
46 246
47 192
48 127
49 111
49 149
50 126
50 150
51 151
51 237
52 129
52 150
52 217
53 80
53 182
54 191
55 63
55 229
56 212
57 94
58 60
58 227
59 183
59 214
59 220
59 244
60 94
60 168
60 182
60 185
61 107
61 160
62 72
62 248
64 94
64 158
64 238
65 72
65 76
65 154
65 159
65 215
66 169
67 216
68 179
69 133
69 168
70 110
71 112
71 212
72 229
73 152
73 235
74 135
74 148
74 178
74 181
74 200
74 221
75 92
75 94
75 137
75 218
76 114
76 156
76 211
77 237
78 118
78 123
78 126
79 158
80 96
81 219
82 88
82 201
84 170
85 112
85 167
85 184
85 226
86 185
87 164
87 169
87 173
87 207
89 90
89 162
89 202
89 222
90 195
91 130
91 149
92 228
94 161
95 98
97 104
97 146
97 231
97 233
98 119
99 101
100 116
100 133
100 226
100 230
101 209
101 245
102 162
102 182
102 238
103 117
103 124
104 165
104 197
105 148
105 171
105 180
105 190
105 194
105 227
106 182
107 192
107 231
107 238
109 200
110 226
111 128
111 171
111 190
111 220
111 244
112 126
112 243
113 225
114 157
114 209
115 155
115 179
115 201
115 209
115 215
116 242
118 122
119 129
120 184
120 220
120 228
121 153
122 125
122 235
122 249
124 129
124 205
124 227
125 192
126 228
127 220
127 235
128 172
130 184
130 195
130 213
130 243
131 248
132 164
134 201
134 203
135 172
136 159
137 170
137 175
137 221
139 226
140 166
140 178
141 177
141 204
142 160
142 228
143 172
144 246
144 249
145 208
147 158
147 207
148 153
150 189
150 202
150 241
151 174
151 230
151 242
152 166
152 201
153 198
155 164
155 178
155 183
156 157
157 176
157 228
158 166
158 167
160 167
162 207
162 208
163 164
163 211
163 234
164 222
166 167
169 172
171 212
174 195
175 217
177 181
177 232
178 189
181 184
182 231
183 242
184 211
185 211
186 223
188 194
188 244
189 193
190 247
191 212
193 203
195 222
195 245
197 241
200 229
201 210
201 219
201 233
203 235
203 236
206 223
208 216
209 210
209 212
209 239
210 229
216 218
218 219
219 235
224 233
224 236
226 234
230 236
231 240
234 246
235 247
241 243
244 247
248 249
0
8 249
