250	378	 1
0 80
0 97
0 181
0 185
1 28
1 67
1 69
2 127
3 133
3 154
3 196
4 130
5 167
5 233
5 235
6 28
6 49
6 130
6 180
6 185
7 9
7 88
7 125
8 102
8 133
8 142
8 147
8 191
8 232
9 18
9 61
9 64
9 105
9 228
10 47
10 52
10 65
11 50
11 115
11 210
12 32
12 130
13 119
13 213
13 228
13 246
14 137
14 239
15 18
15 26
15 136
16 78
16 133
16 211
17 156
17 188
17 241
17 244
18 92
18 144
19 83
20 159
20 170
21 82
21 110
22 42
22 53
22 104
22 117
23 127
23 129
23 195
23 228
24 41
24 94
24 145
24 184
25 34
26 218
26 230
27 60
27 200
27 206
28 85
29 111
29 127
29 131
29 164
30 121
30 181
30 249
31 209
32 37
32 75
32 173
32 229
33 153
33 180
34 143
34 209
35 50
35 169
36 127
36 156
36 212
37 92
37 103
37 192
37 233
38 69
38 159
39 67
39 92
39 137
39 141
39 164
39 174
40 66
41 96
42 75
42 188
42 204
43 47
43 70
43 86
44 81
44 115
44 223
45 163
45 227
46 136
48 72
48 114
48 127
48 155
48 158
48 196
49 70
49 158
49 180
50 134
51 63
51 160
51 174
51 215
51 244
51 247
52 99
52 176
53 139
53 180
53 195
54 68
54 157
54 163
54 190
55 189
56 70
56 164
57 71
57 121
58 61
58 75
58 97
59 73
59 184
60 75
60 208
61 189
61 198
62 87
62 103
62 148
62 172
63 82
63 224
63 248
64 85
65 78
65 109
65 113
65 176
66 128
66 176
66 180
66 220
66 223
67 85
67 176
67 187
68 77
68 169
69 221
69 226
69 237
69 240
70 81
70 150
71 120
71 126
71 191
71 203
71 245
72 114
73 140
73 165
73 218
73 248
74 105
74 138
74 150
75 92
76 86
76 206
77 90
77 98
79 93
79 130
79 222
79 230
80 96
81 112
81 205
82 141
82 190
83 139
83 173
83 176
84 88
84 111
84 125
85 193
86 236
87 129
88 99
89 136
89 141
89 186
89 207
90 159
90 227
91 116
91 165
91 201
92 129
93 217
94 159
95 129
95 154
95 157
95 204
96 107
96 149
96 244
96 246
97 213
98 130
99 163
99 179
99 198
100 176
100 213
100 219
100 222
101 127
101 242
102 237
102 240
103 104
103 169
103 216
104 155
104 191
104 249
105 224
105 234
106 112
106 141
108 159
109 232
110 156
110 201
110 238
110 243
113 134
114 143
115 176
115 248
116 191
116 193
116 205
116 206
118 127
118 149
119 182
119 186
122 145
122 188
122 238
123 175
123 225
123 231
124 161
124 247
125 129
126 151
126 233
127 140
127 146
128 225
129 142
131 247
132 177
133 209
134 136
134 230
135 164
136 177
137 154
137 231
140 244
141 189
141 226
143 152
143 175
143 244
147 246
148 177
150 202
150 206
151 152
156 213
157 188
158 178
159 221
161 187
161 236
162 190
164 167
165 177
166 199
166 211
166 215
168 182
168 237
170 171
171 198
171 222
172 183
172 194
173 226
176 245
178 180
178 234
178 235
179 197
180 217
180 234
183 198
185 219
192 240
193 210
194 216
195 212
196 212
199 242
201 227
202 218
214 223
216 227
219 230
219 239
226 230
227 244
229 230
232 235
234 241
242 243
0
8 249
