250	369	 1
0 107
0 130
0 164
0 188
0 221
0 231
1 10
1 183
1 243
2 160
2 170
3 131
4 104
4 126
4 165
5 23
5 132
5 166
6 91
7 71
7 130
7 196
7 242
8 34
8 73
8 207
9 152
9 182
10 85
10 156
10 167
11 29
11 45
11 209
12 108
12 212
13 78
13 237
14 42
15 87
15 161
15 230
16 76
16 119
17 24
17 36
17 82
17 165
17 192
17 203
18 114
19 39
19 132
19 240
20 106
20 155
20 206
20 219
20 236
21 64
21 209
21 242
22 90
22 150
22 233
23 115
23 133
23 184
23 234
24 25
24 163
24 187
25 31
25 59
25 66
26 30
26 236
27 51
27 216
28 50
28 204
29 46
29 225
30 174
30 180
30 219
30 249
31 50
31 121
31 163
32 42
32 187
33 88
33 163
33 168
35 165
35 185
36 122
36 168
37 230
38 42
38 90
38 227
39 77
39 95
39 111
39 127
39 158
39 248
40 46
40 47
40 126
40 138
41 75
41 80
41 170
41 188
42 51
42 129
42 228
43 167
43 171
43 198
43 237
44 230
45 228
47 177
47 189
48 190
48 249
49 76
50 97
50 205
51 206
51 210
52 64
52 101
52 219
53 85
53 176
53 185
54 126
54 169
54 204
54 206
55 92
55 119
55 156
56 67
56 139
56 154
57 71
57 148
58 60
58 199
58 216
59 135
60 167
60 173
60 244
61 106
61 207
61 215
62 181
63 76
63 176
63 182
63 198
63 229
63 243
64 238
65 87
65 202
66 68
66 107
66 112
67 154
67 155
67 235
69 217
70 96
70 206
71 242
72 83
72 198
72 215
73 137
73 141
73 179
73 214
74 122
74 205
76 102
78 90
79 218
80 160
81 156
83 101
83 130
83 172
83 187
83 224
84 100
86 93
87 234
87 236
88 89
88 99
88 116
88 160
88 166
88 246
89 131
89 169
90 174
90 194
90 218
90 242
91 186
91 205
92 110
93 179
94 136
94 227
95 196
96 97
96 112
96 149
96 184
97 115
98 106
98 125
98 175
98 201
100 205
100 217
100 234
100 242
101 133
101 155
101 201
102 148
102 206
103 215
104 132
104 194
104 217
104 239
105 144
105 223
105 224
105 242
106 239
108 210
109 110
110 217
110 247
111 219
112 143
112 178
112 245
113 126
114 121
114 227
115 197
116 206
116 211
117 200
118 198
118 234
119 178
119 211
119 237
120 219
120 237
121 141
121 191
122 235
123 203
123 213
124 199
125 153
127 178
128 198
128 201
128 211
128 241
129 164
129 178
129 229
130 213
131 138
132 173
133 156
133 226
134 196
134 202
134 233
136 173
136 189
136 225
138 160
138 222
139 143
139 210
139 245
140 226
140 228
141 184
141 190
141 207
142 236
143 169
144 191
144 212
145 191
145 202
146 186
147 194
148 200
149 230
149 234
150 182
151 204
151 247
152 185
152 220
155 181
155 231
156 185
156 244
157 187
159 195
161 245
162 188
162 241
166 210
166 222
167 215
169 195
169 213
174 213
175 237
176 181
178 216
180 246
181 248
183 227
184 193
184 210
186 213
187 218
192 208
193 246
197 235
199 213
200 212
200 213
204 208
208 220
209 213
210 237
211 227
213 232
220 226
221 243
224 240
238 247
241 246
0
8 249
