250	393	 1
0 24
0 145
0 157
0 192
0 236
0 246
1 59
1 90
1 128
1 176
1 183
1 188
2 55
2 95
2 127
2 174
2 228
3 116
3 175
4 46
4 175
5 41
5 92
5 204
5 233
6 63
6 64
7 29
7 217
8 125
8 169
8 219
9 129
10 97
10 103
10 225
10 249
11 159
11 162
11 188
11 189
12 20
12 22
12 205
13 79
13 106
13 156
14 94
14 136
15 42
15 138
15 143
16 99
16 166
16 197
16 213
17 52
17 102
17 139
17 200
18 24
18 25
18 70
18 139
18 191
19 48
19 224
20 114
20 246
21 214
21 226
22 64
22 118
22 138
22 146
22 168
23 161
23 188
23 248
24 34
24 104
24 127
24 199
26 46
26 141
26 186
26 215
27 32
27 136
27 177
27 198
27 200
28 88
28 92
29 65
29 201
29 215
30 67
30 242
31 68
31 77
31 102
32 93
32 168
33 112
33 120
33 233
34 151
35 100
35 155
35 215
36 117
37 63
37 122
38 146
38 163
38 170
38 225
39 42
39 43
39 127
39 151
40 146
40 179
41 61
41 82
41 165
41 249
43 95
43 118
43 216
44 79
44 120
44 161
44 176
45 117
45 127
45 177
45 180
46 116
46 117
46 133
46 167
46 221
47 93
48 194
48 245
49 157
49 201
50 211
51 140
51 153
51 212
51 231
53 192
53 201
53 237
54 166
54 237
55 66
55 165
56 226
56 235
57 122
58 107
58 153
59 67
59 68
59 204
60 85
60 110
60 203
60 232
61 91
61 121
61 130
61 199
61 230
62 70
62 87
62 123
62 193
63 172
63 181
63 221
64 102
64 164
64 227
65 246
66 195
66 246
68 76
68 137
68 171
69 74
69 166
70 142
70 152
70 222
71 98
71 166
71 206
72 87
72 138
72 234
73 94
73 141
73 150
74 158
74 212
74 222
75 81
75 109
75 179
77 126
78 81
78 153
79 93
79 132
79 239
79 241
80 134
80 194
81 175
81 239
83 100
83 241
83 244
84 151
84 246
85 217
86 125
86 243
87 186
88 211
88 226
89 123
89 142
90 241
92 166
92 234
93 146
93 184
94 109
94 176
94 177
94 229
96 178
96 229
96 240
97 152
97 222
98 117
100 137
100 167
100 194
101 189
102 134
103 198
104 106
104 135
104 144
105 161
106 181
107 140
107 173
107 214
108 114
108 191
108 203
109 192
110 185
110 220
110 227
111 146
112 121
112 249
113 215
115 180
115 239
116 146
116 156
116 187
116 235
117 191
118 160
118 189
118 218
118 237
119 193
121 144
121 217
123 141
123 191
123 196
124 133
125 157
125 164
125 178
127 220
129 226
130 197
131 132
131 212
133 177
134 166
134 181
134 221
136 217
138 156
138 185
138 206
138 240
139 174
139 221
139 249
141 154
142 147
142 226
142 230
143 238
144 198
146 166
148 166
149 164
149 210
150 158
150 181
150 224
151 199
152 217
154 217
155 199
156 194
159 204
159 209
160 165
161 235
162 189
162 199
162 249
164 214
165 207
165 218
165 222
166 176
166 227
167 208
167 222
168 176
168 194
168 201
169 179
169 232
170 183
173 212
173 231
178 219
179 208
180 213
181 210
182 186
183 235
183 237
184 186
185 195
187 205
187 240
188 224
190 249
192 220
196 231
196 249
197 206
197 239
198 205
199 238
201 206
202 237
203 211
208 219
208 241
213 214
218 229
219 233
220 236
223 236
223 237
225 229
225 247
230 246
231 245
242 245
0
8 249
