250	366	 1
0 123
0 209
0 247
1 66
1 212
2 10
2 62
3 142
3 178
4 18
4 244
5 75
5 131
6 17
6 33
6 215
6 242
7 13
7 21
7 27
7 179
7 199
8 20
8 64
8 212
9 20
9 151
10 20
10 22
10 121
10 145
11 13
11 20
11 97
11 211
11 247
12 147
13 158
13 165
14 197
15 52
15 179
15 193
15 222
16 40
16 103
16 107
16 174
17 86
18 74
18 149
18 211
19 77
19 96
20 45
21 99
21 133
22 103
22 178
23 49
23 55
23 104
23 182
23 207
24 54
24 57
24 78
25 183
25 197
26 62
26 87
27 32
27 39
28 88
28 99
28 139
28 189
28 202
28 244
29 110
29 220
29 234
30 76
30 130
30 170
31 158
31 162
31 172
32 186
33 49
33 171
34 51
34 99
34 106
34 158
35 72
35 75
35 120
35 175
35 236
36 53
37 51
37 165
37 215
37 232
38 64
38 75
38 165
38 191
38 192
39 132
39 143
40 83
40 201
41 183
42 89
42 110
42 229
43 97
43 158
43 189
43 205
43 249
44 126
44 136
44 141
44 170
45 68
45 143
45 204
45 214
45 246
46 114
47 168
47 176
48 59
48 221
50 114
50 146
50 225
51 134
51 187
52 112
52 118
53 82
53 215
53 223
54 163
55 89
55 104
55 236
56 86
56 194
57 80
57 133
57 209
58 110
58 201
58 238
59 85
59 120
59 140
59 199
60 72
60 124
61 173
61 200
61 210
62 132
62 170
62 182
62 218
62 235
63 64
63 132
64 114
64 125
64 164
65 162
66 81
66 111
67 88
68 84
69 90
69 91
69 239
69 248
70 103
70 122
70 230
71 152
71 175
71 204
71 220
72 86
72 106
72 166
72 225
73 138
73 187
73 205
73 214
74 227
75 136
75 157
75 208
75 241
76 93
76 109
76 144
76 179
76 232
77 136
78 134
78 200
79 146
79 189
80 169
80 216
80 226
81 200
81 228
82 108
82 166
82 225
83 143
83 213
84 186
84 203
85 198
86 161
87 93
87 173
88 201
91 157
92 192
93 190
93 240
94 105
94 107
94 202
95 198
95 215
96 113
96 191
97 174
97 184
97 204
98 201
100 140
100 159
100 195
100 198
100 212
101 184
101 231
102 240
103 206
103 239
103 243
104 162
105 112
105 201
106 111
107 111
108 244
110 173
111 168
111 201
112 124
112 183
113 194
113 196
114 135
114 180
114 227
115 143
116 181
117 212
118 124
118 159
119 190
119 191
119 248
121 164
121 177
121 233
122 123
123 246
124 148
124 217
124 241
125 207
125 234
126 154
126 162
126 182
126 207
127 216
127 217
127 229
128 142
128 149
128 233
129 203
130 228
131 156
132 195
132 196
132 218
132 226
133 229
134 219
136 224
137 203
141 219
142 154
142 196
144 154
145 195
145 230
146 181
147 185
148 201
148 231
150 155
151 199
151 213
153 180
153 190
153 207
155 239
155 249
156 226
156 231
156 239
157 187
158 202
159 177
160 171
161 198
164 177
167 203
169 223
171 242
176 185
176 238
178 236
181 216
181 217
182 222
183 207
184 185
186 221
188 247
190 231
192 237
193 227
196 215
196 244
199 223
203 226
206 226
229 246
230 234
245 249
0
8 249
