250	382	 1
0 25
0 141
0 175
1 46
1 202
1 235
2 17
2 104
2 136
2 158
2 172
2 210
3 139
3 167
3 217
4 171
4 200
5 100
5 119
5 174
5 231
6 75
6 86
6 249
7 91
7 157
7 221
8 112
8 123
8 160
8 234
9 14
10 37
10 62
10 225
11 36
11 63
11 107
11 123
11 225
11 239
12 94
12 240
13 94
13 118
13 217
14 17
14 33
14 58
15 158
15 180
16 46
16 122
17 89
17 104
17 110
17 125
18 55
18 94
18 97
18 123
19 28
19 49
19 204
20 42
20 112
20 185
21 96
21 133
21 153
21 180
22 78
22 151
22 192
22 237
23 132
23 225
24 39
24 87
24 93
24 112
24 226
25 58
25 117
25 218
26 47
26 82
26 186
27 159
27 177
28 163
28 201
28 214
29 148
29 159
29 244
30 127
31 114
31 119
32 36
32 81
33 109
33 146
33 211
34 39
34 164
34 232
34 240
35 82
35 95
35 134
35 217
36 131
36 148
37 90
38 120
38 209
39 126
40 59
40 175
41 42
42 62
42 129
42 205
43 158
43 234
44 69
44 202
44 233
45 123
45 134
47 126
47 170
47 189
48 53
48 74
48 111
49 88
49 120
49 235
50 73
50 127
50 138
50 155
51 76
51 138
51 146
51 161
51 175
51 209
52 129
53 55
53 214
54 167
54 194
55 57
55 103
55 106
55 228
56 58
57 73
57 136
59 68
59 82
59 193
59 219
60 96
60 218
61 83
63 109
63 151
63 178
63 179
64 189
64 207
65 89
65 110
66 100
66 211
67 224
67 246
69 98
69 108
70 166
70 186
71 80
71 224
72 86
72 178
73 85
73 103
73 109
73 115
73 207
73 248
74 87
74 100
74 135
74 210
74 249
75 175
76 117
77 206
77 247
78 107
79 220
79 237
80 92
80 236
81 91
81 124
81 127
81 233
82 128
82 142
82 173
83 212
84 157
84 183
85 118
85 186
86 135
86 141
88 159
88 190
89 106
89 120
89 136
89 222
90 118
90 155
91 229
92 101
92 132
93 168
93 189
94 106
94 142
95 131
95 201
96 98
96 137
96 241
97 183
97 185
98 170
99 152
99 248
100 125
101 103
101 143
101 226
102 117
102 231
105 120
106 127
106 225
107 136
107 141
107 243
108 136
108 152
108 236
109 140
110 115
111 147
111 247
112 194
113 147
113 177
113 190
114 115
114 225
116 235
117 194
117 217
118 155
119 212
119 224
120 172
120 238
121 139
122 234
123 145
123 157
123 181
124 143
124 149
124 176
125 165
125 182
126 168
126 178
126 184
126 206
127 142
127 222
127 224
127 237
128 145
129 145
129 148
129 175
130 228
130 248
131 136
132 245
133 208
136 154
136 213
137 198
138 185
139 156
143 150
143 162
143 193
144 216
144 238
145 162
146 215
146 238
147 197
149 223
150 212
150 243
153 199
154 230
154 234
155 233
156 215
156 228
158 193
158 200
158 246
159 221
160 229
160 238
161 187
163 220
164 218
165 203
166 230
168 180
168 197
168 209
168 241
169 233
170 188
170 228
171 190
173 193
174 208
176 218
176 247
179 184
179 207
180 216
181 191
185 211
187 234
188 205
188 225
190 204
190 207
190 233
191 228
192 196
192 240
193 227
195 201
196 218
196 234
197 216
198 218
198 233
214 242
216 224
221 237
222 235
224 234
229 234
232 241
0
8 249
