250	355	 1
0 114
0 126
1 119
1 150
1 177
1 199
2 196
3 6
3 68
3 134
3 248
4 22
4 49
4 138
4 225
4 239
5 42
5 94
5 148
5 176
5 194
5 234
6 226
6 232
7 132
7 202
7 206
8 134
9 166
10 90
11 43
11 76
11 153
12 27
12 87
12 88
12 238
13 26
13 187
13 190
13 220
14 81
14 225
15 161
15 222
16 26
16 41
16 47
16 88
16 183
17 119
17 162
17 229
18 59
18 86
18 163
19 112
19 150
19 158
19 205
20 61
20 109
20 120
20 211
21 216
22 43
22 157
22 245
23 46
23 66
23 68
23 143
24 81
24 145
25 171
25 210
25 241
26 27
26 45
26 50
26 115
27 31
27 141
27 232
27 249
28 92
28 111
28 234
29 117
30 37
30 44
32 231
33 35
33 137
34 102
35 102
35 180
36 236
37 69
38 145
38 154
38 193
38 244
39 160
40 202
40 234
41 93
42 45
42 204
43 67
43 115
44 92
45 175
45 233
46 71
46 112
46 122
47 104
48 171
48 179
49 115
49 151
49 193
49 248
50 234
51 119
51 229
52 75
52 96
52 113
52 189
53 190
54 90
54 169
54 208
55 66
55 72
55 186
56 65
56 119
56 151
56 172
57 73
58 81
58 114
58 168
58 182
59 63
59 172
60 166
60 203
61 84
62 92
62 120
64 66
65 200
67 92
67 124
67 195
68 101
69 86
69 121
70 88
70 141
72 237
73 78
73 104
73 136
74 119
74 159
74 218
75 77
75 221
76 93
76 188
76 201
77 83
77 103
77 214
77 245
79 156
79 232
80 156
80 181
80 218
80 221
82 98
82 108
82 170
83 181
84 129
85 99
85 160
85 246
86 93
86 123
88 165
89 214
90 160
90 188
91 162
91 242
92 129
92 139
92 237
93 131
93 241
95 241
96 238
97 105
98 207
98 217
99 115
99 168
100 151
101 128
101 185
103 180
103 230
104 140
104 218
105 159
106 190
106 238
107 148
107 239
109 118
109 146
110 115
111 135
111 137
111 149
111 167
112 126
113 203
114 143
114 216
115 147
115 166
115 169
116 184
116 217
117 204
117 238
118 238
119 186
119 235
120 191
123 175
123 196
123 199
123 202
124 215
125 159
125 225
127 132
127 135
127 196
127 229
128 246
129 234
130 218
130 249
131 142
131 189
133 203
135 219
135 245
135 247
136 193
136 207
136 223
137 155
137 181
137 201
137 211
138 143
138 173
139 153
139 203
142 177
142 243
144 154
144 243
145 183
145 230
146 219
147 155
147 204
149 153
149 236
149 237
149 249
150 238
150 241
151 165
151 195
152 161
152 184
152 247
153 190
153 203
153 222
154 227
155 195
155 220
156 193
157 217
157 231
159 172
159 194
160 201
161 182
161 219
163 215
163 228
164 210
164 219
165 180
165 224
166 172
168 191
169 209
169 216
169 240
172 215
172 246
174 210
176 236
178 223
179 212
181 221
183 222
186 204
187 238
190 203
190 246
191 223
192 207
194 203
197 223
198 213
198 214
199 221
200 206
202 226
203 227
205 240
216 223
217 220
228 231
235 238
235 246
239 244
241 242
0
8 249
