250	378	 1
0 233
1 50
1 71
1 128
1 184
1 213
2 31
2 219
3 33
3 229
4 211
4 221
5 26
5 225
6 46
6 60
7 8
7 48
7 53
7 55
7 209
8 77
8 89
8 143
8 170
9 34
9 204
10 21
10 83
10 153
10 197
11 95
11 138
11 144
11 191
12 23
12 34
12 164
13 17
13 179
13 245
14 82
14 124
14 169
14 220
14 232
15 30
15 82
15 94
15 117
15 181
16 126
16 134
17 190
17 219
18 195
18 228
19 71
19 96
19 194
20 52
20 61
20 171
21 242
22 28
22 61
22 110
22 154
22 227
23 62
23 164
24 65
24 180
25 75
26 51
26 73
26 75
26 94
26 150
26 212
26 248
27 90
27 114
27 188
28 85
28 105
28 172
28 218
29 72
29 110
29 136
29 170
29 193
30 150
30 205
31 96
31 223
32 179
33 99
33 134
35 109
36 117
36 207
37 134
37 193
38 214
38 246
39 103
39 169
39 207
39 218
39 234
40 224
41 140
41 198
42 61
42 131
42 194
42 235
43 225
44 121
44 122
45 87
45 244
46 69
47 112
48 58
48 73
48 79
49 175
50 115
50 201
51 232
52 92
52 102
53 103
53 125
53 208
54 80
54 121
54 149
55 63
55 142
56 113
56 130
56 245
57 67
57 228
59 92
59 236
60 161
61 103
61 211
62 235
63 121
63 145
63 165
63 236
64 78
64 130
64 183
64 190
64 193
65 71
65 161
66 205
67 181
67 197
68 200
69 188
70 112
70 122
70 131
71 173
71 247
72 98
72 212
73 91
73 187
73 239
74 249
75 112
75 191
75 206
75 248
76 83
76 89
76 101
76 139
76 140
76 240
76 249
77 114
77 148
77 185
78 98
78 106
78 172
78 232
79 195
79 202
79 205
80 109
80 219
81 108
81 240
83 181
83 211
84 218
85 132
85 243
86 93
86 145
86 155
86 211
87 187
88 202
88 210
90 150
90 191
91 220
92 170
92 218
93 182
94 139
94 201
95 131
95 241
96 166
97 107
97 125
97 139
97 202
98 123
98 152
98 206
100 223
101 210
102 126
102 127
102 186
102 213
102 245
103 160
103 175
104 220
105 170
105 207
107 139
108 157
110 166
111 158
112 162
113 231
114 157
115 244
116 135
116 216
116 242
117 175
118 192
118 195
118 211
118 217
119 211
120 130
120 180
120 189
120 202
122 147
123 147
123 189
124 162
124 166
125 233
127 146
127 182
128 211
129 236
130 160
131 132
133 142
133 168
133 248
134 192
136 150
137 222
137 241
138 139
139 151
139 156
139 158
139 178
139 226
140 181
140 182
141 214
142 146
142 180
142 185
142 230
142 237
143 149
143 159
143 210
143 224
146 171
147 150
147 215
147 222
148 155
148 167
148 214
148 236
150 173
150 232
151 243
153 180
154 175
154 197
154 239
155 208
155 241
156 176
156 182
156 184
158 231
160 233
161 223
161 233
161 244
162 238
163 201
164 203
164 213
164 227
164 243
165 169
165 197
166 178
166 220
167 196
169 237
172 199
172 227
173 200
174 208
174 213
176 219
177 223
177 235
178 224
179 232
182 196
185 231
186 236
186 240
187 216
187 229
187 243
189 234
193 228
194 216
195 244
196 225
198 205
198 234
199 204
200 217
200 238
202 213
203 216
223 237
223 240
232 243
236 237
239 242
246 248
0
8 249
