250	360	 1
0 54
0 56
0 86
0 164
0 205
1 177
2 62
2 85
2 151
2 221
3 146
4 45
4 128
4 198
4 218
5 34
5 81
5 228
6 7
6 33
6 35
6 103
6 147
6 185
7 166
8 116
9 11
9 86
9 214
10 117
10 194
10 216
11 97
11 102
11 178
12 242
13 39
14 32
14 56
14 95
14 123
15 135
15 172
16 156
17 161
17 174
18 106
18 182
18 206
19 64
19 126
19 130
19 133
19 157
20 218
21 42
21 120
21 122
22 117
22 200
23 65
23 167
23 188
23 203
23 208
23 224
24 47
24 181
25 39
25 92
25 128
25 134
25 222
26 66
26 162
27 109
27 230
27 244
28 51
28 239
29 87
29 115
30 43
30 47
30 117
31 175
31 225
31 241
32 62
32 82
32 85
32 162
32 234
33 186
33 201
33 211
34 97
34 110
35 71
35 105
35 203
36 42
36 101
36 119
36 161
37 61
37 189
37 237
38 120
39 115
39 119
39 219
40 61
40 192
41 112
41 142
41 213
42 166
43 177
43 195
44 121
44 167
45 52
45 125
46 102
46 172
46 222
47 160
48 187
48 223
48 224
49 201
49 202
49 217
49 221
49 226
50 104
50 111
51 220
52 129
52 219
53 72
53 159
54 126
55 61
57 64
57 129
57 148
57 173
58 229
59 126
60 175
60 179
60 185
61 107
61 143
62 157
63 211
67 147
67 248
68 101
68 144
68 189
68 248
69 101
69 221
70 89
70 98
70 179
70 209
71 137
72 156
72 179
72 192
73 77
73 171
73 206
74 82
74 162
74 169
75 201
75 207
76 164
78 143
78 218
79 129
80 118
80 120
80 150
80 151
81 121
81 182
81 191
81 210
82 112
82 229
82 242
83 145
84 128
84 151
84 223
84 233
85 139
85 140
85 244
86 201
87 136
87 138
87 172
88 196
89 105
89 160
89 177
90 122
90 212
90 241
91 190
91 221
92 131
92 242
93 163
93 239
94 190
95 220
96 224
97 231
98 158
98 171
98 187
99 173
99 190
99 208
100 209
101 135
101 192
102 194
102 212
102 243
103 234
103 248
104 175
106 163
106 203
106 226
106 233
106 243
107 108
107 219
107 232
109 149
109 182
111 119
111 241
112 147
112 178
112 187
113 192
114 152
114 215
115 175
116 161
117 246
118 170
119 219
119 249
120 153
120 213
122 137
122 169
123 207
124 178
124 180
125 242
126 233
127 153
127 199
128 136
128 241
129 165
129 223
129 242
130 132
130 171
132 230
133 204
133 228
133 235
134 196
134 216
136 179
137 163
140 158
141 190
142 238
143 234
145 147
145 168
145 175
145 248
146 203
146 207
147 153
147 155
149 153
150 195
151 239
151 242
152 227
152 238
153 201
154 156
155 171
159 160
159 224
159 236
160 167
161 197
161 246
162 164
164 218
166 171
169 230
171 187
171 188
173 246
174 248
176 218
176 238
177 210
179 236
181 187
181 191
181 233
183 217
184 192
186 227
186 240
189 203
189 208
190 221
191 241
193 198
193 210
195 221
196 240
197 245
204 248
208 215
211 241
213 242
216 240
217 247
220 241
220 246
223 226
223 246
228 233
228 242
231 247
243 245
0
8 249
