250	358	 1
0 82
0 175
0 202
0 241
1 45
1 113
1 182
2 47
2 134
2 212
2 215
2 236
3 83
3 135
4 181
4 198
4 217
5 48
5 73
5 197
6 49
6 107
6 185
6 203
7 112
7 241
8 42
8 44
8 92
8 190
9 57
9 127
9 152
9 218
10 238
11 30
11 143
12 31
12 141
12 150
12 171
13 16
13 129
13 131
14 31
14 68
14 103
14 211
15 81
15 102
15 247
16 46
16 52
16 93
17 66
17 247
18 132
18 158
18 215
19 59
19 84
19 219
20 60
20 68
20 108
20 243
21 58
21 151
22 38
22 215
23 32
23 185
24 81
24 109
24 132
25 83
25 85
25 200
26 79
26 181
27 39
27 106
28 129
29 96
29 196
29 212
29 249
30 234
31 84
31 139
31 207
33 62
33 91
33 220
34 35
34 58
34 111
34 246
36 61
36 100
36 209
36 236
37 157
38 115
38 126
38 230
39 126
39 136
39 185
40 205
40 212
40 218
41 52
41 92
41 113
41 235
42 71
43 198
43 204
43 206
44 220
45 186
47 60
47 228
48 141
48 172
48 213
50 209
50 218
50 228
51 54
51 86
51 91
51 238
52 91
52 94
52 192
53 170
53 201
54 71
55 112
55 149
55 179
55 238
56 222
57 246
58 229
59 206
60 154
60 178
60 183
61 218
61 236
62 82
62 132
62 160
62 221
63 132
64 97
65 122
65 236
66 126
66 173
66 195
66 196
67 114
67 237
69 116
69 160
69 219
70 77
70 128
71 93
71 149
72 77
72 114
73 86
73 174
73 176
74 97
74 147
74 161
74 193
75 237
75 246
76 102
76 106
76 165
77 245
78 158
78 202
79 130
79 144
79 167
80 114
80 170
81 88
81 137
81 175
82 152
82 188
83 94
83 145
83 180
84 228
85 93
85 155
87 231
87 248
88 223
89 91
89 242
90 94
90 95
90 99
90 112
91 106
91 152
94 186
95 100
95 171
96 153
97 131
98 122
100 102
100 125
100 170
100 172
100 176
100 229
100 249
101 121
102 222
104 228
104 230
105 138
105 149
105 167
107 244
108 140
108 181
108 182
108 187
110 188
110 225
111 204
112 143
112 179
112 248
113 153
113 189
115 169
115 208
115 213
116 119
116 120
116 239
117 159
117 183
118 193
118 248
119 191
120 174
120 226
121 134
121 200
121 235
122 165
122 216
123 187
123 189
123 208
123 217
124 139
124 186
125 131
125 168
125 205
125 208
128 211
128 233
129 169
129 220
130 152
131 153
132 158
133 236
133 244
134 157
134 176
134 239
135 197
136 167
136 235
137 233
138 168
139 154
140 158
142 150
142 152
142 158
142 159
143 248
146 156
146 220
146 225
148 179
149 234
151 176
151 178
152 171
154 203
155 161
156 183
156 191
157 168
157 218
158 185
159 195
162 211
163 249
164 227
165 202
166 178
166 237
167 171
168 204
170 206
175 194
176 192
176 224
177 197
177 226
177 228
177 240
178 226
181 183
183 235
183 240
184 235
186 227
186 243
188 210
188 216
192 248
193 237
198 218
199 242
207 221
211 215
212 223
213 245
214 217
215 221
217 219
218 244
232 240
241 246
0
8 249
