250	365	 1
0 22
0 122
0 133
0 222
1 19
1 43
1 65
1 207
2 67
3 24
3 186
4 56
4 112
4 134
4 171
4 205
5 52
6 37
6 48
6 104
6 155
7 100
7 242
8 232
9 29
9 60
9 86
9 216
10 29
10 34
10 93
10 190
11 122
11 182
12 159
12 193
13 26
13 117
13 125
13 129
14 45
14 83
14 184
14 185
15 205
16 48
16 203
17 110
17 114
17 126
18 44
18 52
18 71
18 92
18 100
18 121
18 171
19 41
19 109
19 239
20 28
20 145
20 181
20 200
21 136
21 149
22 71
23 33
23 172
23 173
23 237
24 69
24 131
24 235
24 247
25 29
26 66
26 160
27 49
27 57
27 78
27 140
29 138
29 153
29 167
30 46
30 139
30 193
31 202
32 70
32 160
32 215
32 237
33 53
33 165
33 194
33 210
34 37
35 163
35 177
36 232
36 233
37 73
37 206
38 48
39 57
39 187
40 94
40 211
41 117
41 177
41 216
42 115
42 123
43 109
43 137
44 214
44 242
45 60
45 222
46 91
46 137
46 176
46 222
47 99
47 127
47 142
47 240
47 243
47 247
48 129
48 178
48 216
48 218
49 140
50 107
50 198
50 222
51 85
51 223
52 164
53 170
54 124
54 209
55 86
55 211
57 87
57 129
57 163
57 194
58 93
58 207
59 108
59 170
59 246
60 64
60 136
60 148
60 181
60 189
61 70
61 170
61 198
61 206
61 248
62 79
62 113
63 152
63 196
63 207
65 153
66 104
66 157
66 190
66 194
67 84
67 98
67 135
67 226
68 199
68 216
68 230
69 161
69 208
72 161
73 87
73 119
73 139
73 208
73 242
74 141
74 188
74 219
75 104
75 134
75 207
76 80
77 234
78 233
79 183
80 111
80 130
80 242
81 194
82 241
83 157
84 151
84 157
84 188
85 116
85 175
85 200
86 95
86 104
86 182
86 192
86 194
86 214
86 232
87 120
87 174
88 146
89 91
89 174
89 180
90 93
90 97
90 125
90 144
91 138
91 145
92 214
93 160
93 161
94 126
94 171
94 203
95 133
95 213
96 196
96 217
97 190
98 119
98 196
98 239
99 142
99 147
99 245
100 102
100 188
100 209
100 223
101 207
101 243
102 123
103 171
103 207
105 192
105 237
105 238
106 166
106 212
108 126
108 135
109 133
110 185
111 216
111 240
112 131
113 144
113 221
114 198
114 220
115 156
115 201
117 206
118 218
119 159
120 128
122 207
123 225
124 150
124 158
125 168
125 204
128 211
128 219
129 133
131 153
131 198
132 182
136 159
136 243
136 246
140 198
141 189
141 238
142 149
142 156
143 209
143 237
146 157
151 196
152 166
152 178
152 221
152 249
153 227
153 234
154 228
154 235
156 236
157 196
157 210
158 173
158 214
159 222
160 179
160 188
161 197
161 224
161 245
162 184
163 207
163 216
164 209
164 221
165 199
169 235
170 181
173 187
173 233
174 230
175 239
176 249
177 246
177 249
178 215
179 240
183 235
184 208
185 192
187 248
190 203
191 198
191 228
193 211
195 241
195 249
199 205
201 202
203 240
204 206
206 243
207 247
210 236
211 247
214 225
216 228
222 229
227 228
231 239
232 244
236 241
241 248
0
8 249
