250	372	 1
0 43
0 197
0 215
0 225
1 193
2 24
2 224
2 234
3 127
3 135
3 181
3 188
4 91
5 69
5 103
5 134
5 149
6 41
6 53
6 54
6 245
7 51
7 75
7 80
7 190
8 76
8 147
9 82
9 156
9 218
10 150
11 34
11 110
11 238
12 162
12 184
13 140
13 148
13 191
13 193
14 193
14 196
14 211
15 27
15 59
15 71
15 89
16 179
17 109
17 135
18 32
18 176
19 59
19 70
19 111
20 110
20 123
20 124
20 139
20 198
20 239
21 191
21 207
21 208
22 73
22 97
22 167
22 204
23 44
23 114
25 105
25 132
25 135
26 126
26 151
26 172
26 214
27 55
27 62
27 70
27 88
27 161
28 91
29 60
29 72
29 198
30 170
31 144
32 122
33 126
34 47
34 136
34 204
34 205
34 229
35 64
35 125
36 133
36 226
36 234
37 41
37 58
37 106
37 111
37 131
37 198
38 65
38 129
38 173
38 201
39 154
40 59
40 118
40 186
41 141
41 212
42 169
42 194
42 199
43 78
43 116
43 155
43 196
44 50
44 58
44 118
44 146
44 191
44 199
44 219
45 84
45 89
45 185
45 228
46 104
48 54
48 222
49 63
49 76
50 165
50 184
50 233
51 129
51 193
51 211
52 82
52 83
52 159
52 179
53 104
53 156
54 112
54 218
54 232
54 236
56 168
56 185
57 103
57 148
58 163
58 213
59 92
59 242
60 97
61 164
61 227
62 122
63 120
63 131
63 190
64 78
65 70
65 165
65 182
65 242
66 110
66 155
66 221
67 141
67 142
68 158
68 217
68 243
69 100
70 207
71 228
72 123
72 206
72 238
73 105
73 160
73 200
74 182
74 188
75 235
76 170
77 94
78 94
79 142
79 169
79 236
79 247
80 178
80 187
81 88
81 198
81 215
82 89
82 142
82 204
82 217
82 240
83 126
84 209
85 163
85 217
86 154
86 193
87 145
87 148
87 159
87 241
88 103
88 189
88 193
89 150
89 203
90 129
91 198
91 244
92 106
92 125
93 123
93 150
94 169
95 229
96 99
96 104
96 120
96 193
97 126
97 246
98 174
98 183
98 200
99 156
99 205
100 144
100 211
100 239
101 166
101 235
102 160
103 161
103 227
104 186
104 189
105 138
105 144
107 184
108 169
108 178
109 122
111 172
111 175
112 131
112 159
113 233
115 228
116 234
116 240
117 119
117 237
118 125
119 171
119 206
121 247
122 146
122 182
124 128
124 170
125 132
126 164
127 140
127 213
127 219
129 153
130 142
130 197
132 243
134 187
135 183
136 178
136 184
136 200
137 152
137 164
137 215
137 239
140 208
140 223
141 166
141 176
141 196
142 166
142 226
143 160
144 168
144 202
145 161
146 175
146 241
148 176
149 204
150 155
150 180
150 198
152 216
155 232
156 212
157 190
157 230
158 187
162 190
163 197
163 230
163 239
163 241
165 168
167 182
167 220
169 195
170 205
171 192
172 229
173 187
174 179
174 230
177 208
178 210
178 216
179 231
180 219
183 199
183 237
183 239
183 245
184 237
186 234
189 238
189 241
192 197
193 201
194 204
198 245
200 227
201 236
203 210
206 249
207 225
208 219
210 223
210 241
212 213
213 248
219 249
225 228
228 233
229 230
229 235
232 242
239 247
0
8 249
