64 128 1
0 0
0 1
1 2
1 3
2 4
2 5
3 6
3 7
4 8
4 9
5 10
5 11
6 12
6 13
7 14
7 15
8 16
8 17
9 18
9 19
10 20
10 21
11 22
11 23
12 24
12 25
13 26
13 27
14 28
14 29
15 30
15 31
16 32
16 33
17 34
17 35
18 36
18 37
19 38
19 39
20 40
20 41
21 42
21 43
22 44
22 45
23 46
23 47
24 48
24 49
25 50
25 51
26 52
26 53
27 54
27 55
28 56
28 57
29 58
29 59
30 60
30 61
31 62
31 63
0 32
1 32
2 33
3 33
4 34
5 34
6 35
7 35
8 36
9 36
10 37
11 37
12 38
13 38
14 39
15 39
16 40
17 40
18 41
19 41
20 42
21 42
22 43
23 43
24 44
25 44
26 45
27 45
28 46
29 46
30 47
31 47
32 48
33 48
34 49
35 49
36 50
37 50
38 51
39 51
40 52
41 52
42 53
43 53
44 54
45 54
46 55
47 55
48 56
49 56
50 57
51 57
52 58
53 58
54 59
55 59
56 60
57 60
58 61
59 61
60 62
61 62
62 63
63 63
0
6 63
