500	616	 1
0 120
0 294
0 409
1 151
1 478
2 4
2 115
2 157
2 373
2 480
2 497
3 154
3 249
3 345
3 368
4 262
5 455
6 57
6 194
6 301
7 314
7 442
8 270
8 376
9 228
10 18
10 65
10 358
10 383
11 59
11 196
12 237
12 465
13 35
13 99
14 72
14 319
15 71
15 190
16 44
16 238
17 222
17 437
19 379
20 251
20 281
20 402
20 440
21 96
21 304
22 215
23 307
24 249
24 382
24 437
25 55
25 321
26 86
26 99
26 291
27 45
27 386
27 492
28 42
28 160
28 291
28 401
29 83
29 306
29 406
29 449
30 106
30 236
31 158
31 170
31 394
31 468
32 225
32 251
32 476
33 111
33 205
33 462
34 63
34 164
34 318
34 367
34 421
34 433
34 456
35 286
35 408
35 443
36 194
36 364
36 369
37 268
37 486
38 175
39 284
39 482
40 110
41 192
41 322
42 198
42 274
42 495
43 60
43 88
43 113
43 181
43 444
45 368
46 435
47 246
48 91
48 189
49 328
49 485
50 381
51 265
51 372
51 486
52 136
52 155
52 177
52 276
52 446
53 289
54 94
54 158
54 458
56 217
56 264
57 95
57 169
57 213
57 392
58 333
58 366
59 107
59 140
59 183
59 418
61 152
61 395
62 193
62 391
62 424
63 189
63 467
64 130
64 267
65 102
65 455
65 494
66 382
67 406
68 163
68 211
68 289
69 120
69 425
70 129
70 171
70 232
70 492
71 120
71 149
71 259
73 284
73 460
73 470
74 109
74 144
74 227
74 242
75 301
75 342
75 412
76 318
77 266
78 114
79 189
79 209
79 416
79 455
80 188
80 269
80 468
81 237
81 453
82 117
82 436
83 138
84 224
84 258
84 269
84 332
85 196
87 229
87 245
88 133
89 120
89 333
90 121
90 217
90 245
91 421
92 254
92 316
93 155
93 430
94 190
94 225
95 319
95 455
96 118
96 417
97 332
97 428
98 204
99 213
100 166
100 273
101 149
101 388
102 283
103 203
104 208
104 463
105 111
105 424
105 460
106 337
107 398
108 154
108 165
110 333
110 478
110 499
112 272
112 336
112 341
113 475
114 347
115 136
116 172
116 265
116 419
118 236
119 240
119 308
119 498
120 127
120 338
121 122
122 256
123 155
123 185
123 411
124 169
125 178
125 269
126 198
126 435
127 375
127 466
128 217
130 218
130 326
130 329
130 384
131 207
131 296
131 401
132 291
133 158
133 482
133 488
134 141
135 166
135 183
136 179
136 270
136 390
136 412
136 472
137 476
138 180
138 279
139 146
139 283
140 419
140 464
141 281
141 489
142 354
142 485
143 158
143 315
144 375
144 431
144 445
145 479
145 492
146 263
146 335
147 298
147 439
148 333
148 426
148 477
149 303
150 303
151 439
153 160
155 217
155 257
156 232
156 253
157 236
157 338
157 460
158 435
159 192
159 484
160 219
161 223
162 273
162 304
163 230
163 238
164 310
167 452
167 476
168 183
168 202
169 301
169 414
170 212
170 233
170 306
170 313
170 316
170 327
170 436
171 440
171 484
172 374
173 286
173 342
174 202
174 477
175 311
175 352
176 250
176 481
177 303
178 446
179 247
180 316
180 353
181 241
181 395
181 443
182 299
182 473
184 295
184 314
184 370
184 376
185 232
186 210
186 273
186 324
186 425
187 191
187 198
188 252
188 490
192 200
192 380
193 255
193 324
193 327
194 223
194 396
195 244
196 450
197 411
198 331
199 359
199 366
200 363
201 352
201 413
202 232
203 244
203 345
204 457
204 487
205 237
205 252
206 323
206 447
207 397
209 363
209 464
211 213
211 378
211 382
211 385
212 230
212 380
214 394
215 362
215 386
215 461
216 477
218 265
219 239
220 236
220 410
221 371
221 410
221 477
222 344
224 354
226 466
227 389
227 460
228 439
229 425
230 253
230 278
230 385
231 286
231 307
231 380
231 405
233 285
233 403
233 410
234 355
235 319
240 432
240 455
241 294
241 344
241 390
241 476
242 333
242 358
243 309
245 260
245 287
245 340
245 439
246 317
247 365
248 316
248 366
249 270
251 487
252 486
253 279
253 319
253 356
253 408
255 474
256 307
256 447
257 267
257 351
259 304
259 407
259 450
261 293
261 305
261 495
263 425
263 448
265 415
266 316
267 387
267 444
268 282
268 361
268 372
268 397
269 326
270 302
270 397
271 303
272 379
273 491
273 496
274 332
275 276
277 371
277 487
278 288
278 291
280 354
282 493
284 316
284 479
285 448
286 332
286 404
287 344
287 450
289 362
290 312
291 473
292 451
292 484
293 477
294 404
295 420
295 487
297 416
298 344
298 452
300 309
300 428
301 349
301 399
305 346
305 453
307 320
307 347
309 456
310 398
312 357
316 391
316 392
317 356
317 377
318 360
319 454
321 380
321 432
321 474
321 487
323 343
325 466
326 491
330 367
330 457
331 378
333 412
334 355
335 391
338 341
338 394
339 412
342 414
344 383
345 376
345 400
347 390
348 425
349 441
350 444
350 452
351 353
351 355
352 387
354 400
355 443
357 393
361 447
362 438
364 470
365 373
367 407
371 385
381 407
384 479
386 441
386 463
391 435
393 395
398 442
400 457
403 418
404 471
404 495
409 481
410 473
412 417
412 482
416 491
421 449
422 428
422 433
423 437
423 461
427 431
429 497
434 458
436 459
436 483
438 450
447 466
450 470
456 457
456 469
461 491
464 494
465 466
466 470
475 480
483 493
0
9 499
