500	621	 1
0 160
0 260
0 298
0 332
1 106
1 206
2 357
2 453
3 209
3 383
4 175
4 388
5 183
5 373
5 387
5 413
6 195
6 462
7 295
7 335
7 446
8 17
8 91
8 268
9 494
10 321
10 406
11 47
11 344
11 397
12 101
12 460
13 159
13 292
13 462
14 414
15 79
15 438
16 109
16 267
18 136
19 31
19 38
19 340
19 382
20 72
20 463
21 226
21 315
21 415
22 469
23 371
23 417
24 335
25 153
25 327
25 421
26 303
27 50
27 111
27 457
28 100
29 66
29 251
30 264
30 424
31 74
31 122
31 169
32 98
32 488
33 71
33 125
33 426
34 323
35 490
36 151
36 395
37 369
37 494
38 208
39 120
39 256
39 495
40 186
40 364
40 388
41 95
42 100
42 111
42 142
42 230
42 364
42 467
43 361
43 444
43 451
44 173
44 182
44 429
44 450
44 466
45 107
45 220
45 399
46 162
46 391
47 490
48 471
49 118
49 156
49 381
50 129
50 228
51 230
52 185
52 195
53 98
53 485
54 316
54 358
54 469
55 287
55 411
56 128
56 148
56 254
57 70
58 397
59 381
60 70
60 95
60 139
60 233
60 362
60 487
61 200
61 289
62 202
62 364
62 438
63 93
63 369
64 223
64 412
65 284
66 412
67 377
68 78
68 111
68 321
69 355
69 453
70 389
71 129
71 265
72 340
73 153
73 286
73 487
75 258
75 288
76 109
76 381
77 192
77 302
77 384
77 402
77 415
77 417
79 97
79 272
80 116
80 161
81 231
81 261
81 324
82 296
83 191
83 432
83 456
84 161
84 410
84 444
85 180
85 303
86 129
87 320
87 471
88 90
88 192
88 304
88 423
88 454
89 146
89 387
90 254
90 416
92 410
93 164
93 455
94 490
95 379
95 428
96 184
97 344
97 422
99 137
99 315
100 366
101 393
101 438
102 143
102 470
103 168
103 188
103 212
103 219
104 239
104 246
105 159
105 354
105 375
105 434
105 492
107 229
107 278
107 302
108 161
108 218
108 288
109 290
109 310
110 149
111 281
111 409
112 256
112 403
113 234
114 272
114 324
115 284
115 376
117 360
117 376
118 423
119 121
120 121
120 194
120 328
120 440
120 450
121 456
122 319
122 352
123 197
123 374
124 489
125 153
126 214
126 416
126 490
127 214
127 286
127 413
129 335
130 399
131 234
131 365
132 226
132 247
132 359
133 153
133 186
133 228
133 395
133 491
134 213
135 158
135 464
136 425
138 176
138 487
139 256
139 291
140 343
140 359
141 160
141 263
143 161
143 474
144 225
144 247
145 179
145 356
145 372
147 405
148 379
148 452
149 218
149 297
149 312
150 398
150 454
152 211
154 236
154 363
154 386
154 480
155 271
155 293
155 298
155 341
155 439
155 487
156 290
157 317
157 443
158 163
158 455
159 238
159 475
161 378
161 380
161 382
161 395
164 317
165 414
166 217
166 449
166 473
167 226
167 305
167 486
168 444
169 296
170 180
170 242
170 473
171 284
172 177
172 327
173 328
173 497
174 261
175 253
175 345
177 220
177 353
178 281
178 422
178 469
181 331
184 295
184 389
185 207
185 229
185 270
187 227
188 323
188 366
188 401
189 274
189 331
189 360
189 394
189 405
190 248
190 295
193 229
193 274
193 379
194 225
195 491
196 332
197 303
198 470
199 425
200 317
201 355
202 296
202 379
203 476
204 233
204 257
204 380
205 427
206 353
206 463
206 481
208 258
208 295
210 449
211 285
211 345
211 404
211 476
212 363
213 242
213 326
213 376
214 406
214 485
215 398
215 474
215 488
216 415
216 458
219 237
221 305
222 242
222 451
223 278
223 280
223 427
224 435
224 440
226 270
226 391
227 436
229 447
230 302
231 284
231 332
231 417
232 286
233 358
233 496
234 271
235 401
236 425
237 306
237 432
238 250
238 306
239 242
239 269
239 424
239 493
240 442
241 264
241 322
241 498
242 265
242 487
243 262
243 490
244 303
245 361
246 276
246 449
248 343
249 471
251 272
251 431
252 297
252 477
253 450
255 266
255 347
257 327
257 333
257 394
257 437
257 499
258 334
259 268
259 385
259 409
261 435
261 451
262 338
262 375
262 403
264 466
264 488
265 391
266 493
268 391
269 370
269 387
271 293
271 425
271 463
272 281
272 343
272 407
273 283
273 337
273 472
274 367
275 420
276 319
276 391
277 491
279 459
280 311
280 332
280 368
282 312
282 334
287 292
287 332
287 430
288 412
292 314
292 354
293 350
293 391
293 400
294 392
294 417
295 314
295 377
296 472
299 322
300 400
301 414
302 307
303 461
306 460
307 310
307 323
308 360
309 343
309 481
312 494
313 384
313 421
313 443
313 480
314 333
314 479
315 337
316 447
318 387
320 364
322 447
323 448
325 345
326 345
327 337
327 492
328 429
329 444
330 440
333 369
334 432
335 340
335 362
335 381
335 450
336 382
336 432
339 383
340 355
340 465
341 357
342 365
342 476
343 489
345 348
346 467
346 492
347 469
348 459
349 369
350 445
351 394
353 378
354 369
354 432
356 408
356 484
358 444
362 367
362 456
364 414
365 391
368 414
371 455
374 377
374 447
377 388
379 473
382 478
383 459
384 433
385 423
387 470
389 418
389 428
390 497
392 416
392 458
394 497
395 441
396 430
399 408
401 465
406 407
412 430
412 468
418 425
419 477
420 427
420 474
421 435
421 450
423 464
430 483
432 478
433 457
436 438
438 453
442 452
452 460
458 490
464 481
471 483
482 487
0
9 499
