500	617	 1
0 85
0 207
0 273
0 322
0 332
1 318
2 32
2 41
2 391
2 416
3 137
3 324
3 408
4 45
4 110
4 450
4 477
4 482
5 213
6 187
6 247
6 319
6 470
7 41
7 50
7 450
8 320
8 323
8 393
8 446
9 101
9 287
9 424
10 154
10 371
11 211
11 446
12 86
12 169
12 245
12 317
12 434
13 165
13 187
13 311
14 96
14 244
14 355
15 422
16 275
17 346
18 288
18 351
19 165
19 464
19 477
20 53
21 113
21 382
21 444
22 132
23 312
23 321
24 313
25 309
26 318
27 71
28 169
28 354
28 362
29 138
29 218
30 164
30 297
30 439
31 153
32 143
32 201
32 293
32 321
32 402
32 487
33 365
34 207
34 231
35 187
35 258
36 163
36 317
37 398
37 480
38 115
38 329
39 417
40 113
40 319
40 355
40 399
41 164
41 324
41 355
42 302
42 446
43 385
43 485
44 211
44 289
44 299
45 275
46 246
46 399
47 69
47 365
48 138
48 300
49 230
50 380
50 406
51 160
51 170
51 204
51 226
51 364
52 129
53 147
53 269
53 407
53 493
54 275
55 146
55 251
55 437
56 258
56 394
56 488
57 233
57 270
57 333
57 460
57 499
58 303
59 251
59 407
59 476
60 94
60 322
61 451
62 288
62 423
63 267
64 471
65 351
65 353
65 465
66 144
67 243
67 276
68 344
69 338
70 266
70 278
71 421
72 99
72 202
73 232
73 436
74 179
74 249
75 178
75 280
75 283
75 483
76 317
76 330
77 140
78 238
78 321
79 300
79 315
80 109
80 220
81 119
81 401
81 405
82 90
82 125
82 195
82 248
82 339
83 274
83 370
83 406
83 434
84 268
85 158
85 181
85 196
85 255
85 317
86 273
87 210
87 469
88 250
88 305
89 349
90 166
90 419
91 395
92 287
92 386
92 395
92 406
92 487
93 121
93 471
94 327
95 395
97 209
97 318
98 148
98 430
98 434
99 184
99 185
99 367
100 196
100 232
100 323
100 397
101 210
101 217
101 366
102 163
102 314
102 432
103 226
103 304
103 449
104 346
105 228
105 296
106 281
106 487
107 290
108 159
109 346
110 122
110 283
111 367
111 399
111 421
112 144
112 201
112 282
112 451
113 307
113 439
114 148
114 188
114 265
114 301
115 180
116 163
116 442
117 334
118 447
119 156
119 308
120 470
121 305
121 407
123 134
123 140
123 324
124 183
126 430
127 165
128 327
128 354
129 331
129 496
130 237
131 337
132 149
132 198
132 268
132 289
132 303
133 210
133 251
134 442
135 205
135 357
135 488
136 171
136 370
136 467
137 376
138 358
138 403
138 417
139 161
139 385
140 155
141 239
141 485
142 207
144 257
144 334
144 361
144 441
145 197
145 317
145 393
145 457
146 297
146 335
146 343
146 347
149 316
150 191
151 152
151 227
152 219
153 208
153 210
153 453
154 442
154 447
155 173
155 223
155 383
156 275
156 367
157 308
157 466
158 330
159 269
159 378
161 186
161 277
162 176
163 479
164 302
165 185
165 306
165 400
166 412
167 420
168 240
168 386
169 435
169 494
170 219
170 366
170 435
172 388
172 414
173 333
174 338
174 454
175 342
175 369
176 195
176 306
176 334
176 361
177 263
177 412
178 212
179 328
179 381
180 209
180 426
182 342
183 324
187 235
187 438
188 458
189 193
189 233
190 438
191 495
192 313
193 209
194 228
194 279
195 270
195 398
195 433
196 409
196 431
197 401
198 458
199 359
199 463
200 284
200 322
201 232
203 275
203 357
203 457
204 355
205 337
206 314
207 442
207 478
208 367
208 449
212 408
213 285
213 481
214 482
214 483
215 253
215 454
216 291
217 491
218 254
218 342
218 410
219 242
220 309
221 265
221 386
222 373
224 280
224 284
225 315
226 244
228 230
228 428
228 464
229 251
229 284
229 490
230 469
231 490
232 360
232 456
233 448
234 298
234 444
235 255
235 404
235 425
236 324
237 266
237 325
238 311
239 315
239 335
240 253
241 264
241 451
241 484
242 294
243 284
245 375
245 380
246 347
247 298
249 330
249 371
251 282
252 273
252 342
252 490
254 290
254 384
256 295
258 497
259 281
259 290
259 344
259 346
260 341
260 351
261 304
262 327
263 266
264 488
265 355
266 359
267 420
269 275
270 311
271 359
271 428
272 280
272 305
274 462
275 344
275 414
275 416
275 473
276 339
277 313
277 428
278 307
278 384
279 295
280 499
281 304
281 483
282 297
285 451
286 456
288 372
290 442
291 323
292 460
294 376
294 496
296 325
296 455
297 315
299 427
300 352
300 372
300 399
302 456
303 370
303 420
307 468
309 387
310 461
311 394
311 428
312 365
314 479
315 339
316 399
316 475
317 369
318 429
318 441
319 415
320 459
321 463
323 422
324 388
326 478
327 499
328 457
332 358
336 340
336 352
337 411
338 471
341 386
342 363
344 459
345 379
345 414
346 429
348 363
349 479
350 441
351 402
351 497
353 455
354 444
355 409
356 432
358 364
360 495
361 395
365 499
367 466
368 371
368 398
369 371
369 413
369 414
370 372
372 454
372 472
372 499
373 382
373 398
374 432
377 466
379 454
381 444
384 443
385 483
385 484
386 445
387 441
388 452
389 473
390 392
390 418
390 440
392 441
396 406
399 416
399 461
409 425
409 498
415 447
415 459
415 489
419 494
422 486
423 452
425 426
427 480
429 457
437 462
442 492
452 496
456 474
460 471
468 485
493 495
0
9 499
