500	624	 1
0 125
1 249
1 317
1 473
2 76
2 401
3 162
3 408
3 433
3 484
4 48
4 146
5 312
6 126
6 454
7 68
8 405
9 255
10 178
10 241
10 324
11 294
11 436
11 465
11 491
12 95
12 487
13 51
13 385
14 43
14 464
15 39
16 128
16 130
16 177
16 307
16 316
16 394
16 396
17 487
18 246
18 284
19 154
19 328
19 365
19 369
19 378
20 404
21 62
21 323
22 304
22 373
22 426
22 448
23 42
23 359
23 481
24 217
25 52
25 113
25 280
26 477
27 37
27 163
27 170
28 215
28 415
28 459
29 61
30 414
31 89
31 104
31 195
31 229
32 147
32 262
33 35
33 355
34 235
34 236
34 296
35 182
35 264
36 143
37 41
37 89
38 362
38 379
38 431
38 475
39 252
40 211
40 455
40 467
41 158
41 199
41 307
41 345
41 348
41 416
42 124
42 300
42 458
43 487
44 55
44 276
45 326
46 69
46 138
46 201
46 467
47 282
47 358
48 87
48 133
48 259
48 353
48 449
49 121
49 140
49 204
49 346
49 446
50 137
50 239
50 374
51 356
52 179
52 436
53 90
53 116
53 175
53 210
53 298
53 444
53 457
54 421
55 89
55 275
55 467
56 132
57 168
57 305
57 420
58 62
58 455
59 319
60 165
60 425
61 132
61 391
62 320
63 200
63 287
64 101
64 113
65 235
65 378
66 360
67 184
67 275
67 294
68 341
68 374
69 245
70 423
71 154
72 129
72 221
72 396
73 116
73 142
74 174
74 394
75 286
75 397
75 418
76 80
76 102
76 396
76 397
77 136
78 111
79 366
80 169
80 332
80 413
81 252
81 430
82 278
83 291
83 454
84 85
84 253
85 174
85 205
85 496
86 398
87 111
87 121
87 320
88 181
88 273
88 371
89 142
90 321
91 282
92 272
92 437
93 242
94 252
94 454
95 103
96 268
97 244
97 252
97 443
98 226
98 274
99 406
100 228
101 148
101 250
101 263
102 209
102 220
103 361
103 390
104 468
105 433
106 402
107 176
108 194
108 236
109 221
109 290
110 143
110 148
111 250
111 474
112 118
114 320
114 455
115 224
115 318
115 422
117 130
118 258
118 295
118 460
119 301
119 472
120 293
120 313
120 339
122 165
122 221
122 336
123 297
124 219
125 196
125 285
125 436
126 213
126 221
127 214
128 493
129 213
129 378
130 172
130 244
131 256
131 381
132 401
132 426
133 134
133 231
133 243
133 415
134 451
135 160
135 266
135 499
136 329
136 337
136 344
139 266
139 401
139 450
139 472
140 380
141 245
143 241
144 154
144 356
145 224
146 233
146 269
147 292
147 364
148 223
148 253
148 271
148 364
148 469
149 387
150 151
150 272
150 301
150 316
152 190
152 294
152 335
153 440
154 203
154 265
154 350
154 481
155 181
155 418
155 494
156 175
156 418
157 245
158 432
158 471
159 277
159 370
159 496
161 302
161 393
162 329
163 412
163 498
164 354
165 199
165 309
165 441
166 265
166 303
166 340
167 352
168 326
168 390
169 425
170 200
170 243
171 410
172 281
172 366
173 472
176 203
177 241
178 389
180 455
180 480
181 198
181 334
182 345
182 464
183 303
183 407
184 392
185 456
185 482
185 498
186 284
187 246
188 439
189 286
189 421
189 471
190 358
190 361
190 433
191 486
192 241
192 368
192 376
192 422
192 492
192 495
193 424
193 468
194 403
195 212
195 493
197 243
197 247
197 300
197 399
198 278
198 323
199 329
200 236
200 330
202 208
202 292
202 304
206 215
206 294
206 369
207 351
207 428
208 217
208 254
208 294
208 476
209 245
211 277
211 446
214 290
214 347
214 380
214 461
214 479
216 256
216 290
216 297
217 485
218 240
219 292
219 323
220 419
221 312
222 358
223 285
223 374
224 475
224 485
225 268
227 242
227 354
227 379
228 267
228 298
228 328
228 420
228 423
229 331
230 400
230 405
230 460
232 347
232 450
233 452
234 473
235 272
235 279
236 412
236 452
237 238
237 311
237 361
237 429
237 465
237 470
238 418
240 481
241 333
241 427
241 493
242 426
243 349
245 286
245 344
245 412
246 457
248 313
248 429
249 372
249 417
251 344
255 410
256 481
257 271
257 370
259 483
260 327
260 394
261 453
263 375
263 409
265 324
265 415
266 346
266 494
267 480
268 319
268 338
268 369
268 402
269 429
270 328
270 338
270 433
271 492
273 436
274 452
276 298
276 354
278 321
280 396
281 296
282 355
282 478
283 464
284 323
284 341
285 453
288 353
289 362
290 442
291 396
291 445
294 386
294 426
295 451
296 324
296 383
297 463
298 301
298 302
298 374
299 373
299 395
299 396
299 435
302 314
303 424
304 462
304 496
305 363
305 393
305 447
306 350
307 326
307 414
308 337
309 313
309 371
309 385
309 388
310 410
310 462
310 465
311 375
312 403
313 383
313 433
314 488
315 376
316 473
317 409
318 323
320 322
322 325
323 337
325 392
326 477
329 466
333 411
335 336
336 427
337 394
340 381
341 440
342 353
342 487
343 428
346 460
351 436
351 481
352 412
352 451
355 359
355 384
356 429
357 461
359 420
360 382
360 499
362 477
364 486
366 422
366 464
367 446
372 418
377 413
377 470
378 487
380 472
383 429
384 405
384 455
384 497
386 396
387 411
389 443
391 450
392 439
393 418
398 479
398 482
402 403
402 473
403 450
404 476
406 455
408 478
434 482
438 454
439 447
439 451
440 497
441 489
444 460
450 483
455 478
457 469
461 487
471 490
484 485
495 499
0
9 499
