500	621	 1
0 398
1 320
2 72
2 97
2 338
2 407
2 408
3 156
3 464
4 110
4 493
5 46
6 443
7 57
8 297
8 497
9 483
9 497
10 90
11 18
11 65
11 430
12 48
13 47
13 98
13 185
13 352
13 439
14 211
15 172
15 449
16 192
16 250
16 413
16 479
17 164
18 68
18 157
18 199
18 424
19 124
19 376
20 299
20 393
21 89
21 172
22 109
22 468
23 493
24 220
24 404
24 464
24 483
25 195
25 348
25 480
26 277
26 456
27 43
27 181
28 139
29 157
29 348
30 141
30 322
30 340
31 257
32 59
32 184
33 319
33 359
33 383
33 429
34 271
34 306
34 307
35 104
35 135
35 282
36 129
36 375
36 409
36 443
37 59
37 89
37 103
37 210
37 258
37 308
37 391
37 483
38 227
38 268
39 108
39 112
39 311
40 184
41 224
42 163
42 359
43 412
44 130
44 257
44 259
45 414
46 100
46 264
46 350
46 373
47 453
47 471
47 489
47 496
48 95
48 128
48 333
48 398
48 496
49 336
49 450
50 91
50 135
50 250
51 52
51 66
52 132
53 156
54 82
54 202
55 308
55 313
56 234
57 496
58 308
59 427
60 379
60 465
61 217
61 434
62 99
62 173
63 462
64 351
65 83
65 487
67 308
67 467
69 252
69 456
70 214
70 218
70 281
71 132
71 183
71 344
73 293
73 362
73 424
74 89
74 204
74 357
75 221
75 295
75 355
75 405
75 446
76 100
76 235
76 357
76 454
77 394
77 426
78 245
78 426
78 445
79 270
79 406
80 278
80 461
80 488
81 488
82 141
82 186
83 130
83 339
83 386
84 253
84 329
85 390
86 111
86 222
87 288
87 381
87 444
88 147
88 289
89 127
89 223
89 238
90 216
90 447
90 450
90 452
92 167
92 317
93 187
94 148
94 342
94 406
95 133
95 155
95 208
95 262
95 402
96 156
97 409
97 481
98 214
98 260
98 266
98 374
100 116
100 242
101 369
102 433
103 175
105 117
105 157
106 364
106 386
107 256
107 348
108 201
109 246
109 382
109 395
110 379
111 178
112 380
113 190
114 231
114 463
115 375
115 431
115 488
116 279
117 217
118 147
119 234
119 371
120 493
121 175
121 388
121 450
121 466
122 308
122 492
123 152
124 208
125 153
125 273
125 328
126 225
126 492
127 244
127 332
127 428
128 301
128 319
129 269
129 414
130 300
130 325
130 356
130 364
131 303
132 481
134 181
134 351
135 360
135 485
136 405
137 149
137 384
138 327
139 282
140 311
141 228
141 232
141 351
141 437
142 317
143 203
143 330
144 284
145 329
146 303
147 169
147 389
147 487
148 192
149 235
149 490
150 229
150 333
150 433
151 429
152 201
152 352
153 400
153 442
154 247
156 221
156 247
156 330
156 469
157 294
157 366
157 421
158 348
159 248
159 280
159 354
159 416
160 209
160 238
161 180
161 448
162 393
163 165
163 362
164 226
164 395
164 459
165 353
165 385
166 322
166 390
167 382
167 499
168 194
170 465
170 471
171 311
173 308
173 323
173 423
174 228
174 383
176 358
176 458
177 338
177 404
177 491
178 347
179 351
180 378
181 321
181 395
182 451
183 357
184 367
185 368
185 417
186 265
186 384
187 318
188 239
188 273
188 393
189 267
190 287
191 455
191 467
192 275
193 424
194 252
194 300
195 277
196 232
196 329
197 430
198 478
199 486
200 316
201 251
201 257
201 463
202 383
202 487
203 290
203 337
204 408
204 473
205 421
206 260
206 412
206 428
206 472
207 347
207 453
207 497
208 301
211 411
211 447
212 227
212 265
212 276
212 280
212 434
213 253
213 461
214 408
214 483
215 256
215 284
215 314
215 448
218 238
218 306
218 477
219 296
219 360
219 424
221 231
222 328
222 392
223 294
224 347
225 289
225 439
226 456
228 361
229 258
229 302
229 321
229 334
229 348
230 232
231 296
231 381
231 420
232 347
233 409
234 385
235 401
236 282
236 418
237 406
239 283
239 310
239 360
239 486
240 296
240 408
241 488
242 302
243 375
243 474
244 326
244 387
244 440
245 422
246 386
246 474
249 386
249 402
249 460
251 298
251 328
251 377
252 326
252 353
252 406
253 400
253 462
254 438
255 257
255 263
256 458
257 410
258 324
258 433
258 476
259 398
260 299
261 345
262 367
262 378
263 372
264 285
264 494
265 353
266 363
267 279
267 331
267 471
267 498
268 395
269 292
270 371
271 394
272 349
272 418
274 286
274 373
274 397
274 431
275 323
276 498
277 358
277 452
278 396
279 372
280 282
280 336
280 364
281 341
281 394
282 345
284 344
285 415
286 325
287 381
289 375
289 492
289 495
291 327
291 491
292 418
293 493
293 494
298 404
298 424
299 369
299 375
300 361
300 425
301 460
302 361
303 362
304 392
305 384
305 410
306 494
307 320
308 474
309 329
309 457
311 333
312 400
313 348
313 373
314 365
314 440
314 454
315 390
316 488
317 460
318 334
318 425
322 357
323 396
325 357
325 384
325 426
325 494
326 388
326 431
326 436
327 412
329 335
329 403
330 402
337 417
341 359
343 363
344 464
345 368
345 370
346 446
347 365
350 454
352 362
354 422
354 450
356 401
357 387
357 413
360 440
362 451
363 372
366 419
367 438
370 412
372 422
372 483
377 397
378 385
379 383
380 435
382 484
384 457
393 427
394 478
399 493
403 440
405 482
414 432
425 467
427 456
428 459
430 475
434 442
435 476
441 461
445 479
456 481
459 485
470 493
472 474
0
9 499
