500	617	 1
0 83
0 425
1 14
1 22
1 187
1 193
1 257
1 376
2 166
2 356
3 274
4 260
5 167
6 55
6 209
6 287
7 330
8 148
8 254
9 313
10 183
11 223
11 403
12 157
12 197
12 323
12 387
12 462
13 165
13 191
13 238
13 420
13 421
14 124
14 257
14 386
14 487
15 473
16 304
16 320
16 343
17 188
17 434
17 473
18 23
18 462
18 490
19 70
19 233
20 122
20 133
20 480
21 446
23 438
24 164
25 116
26 42
26 121
26 290
26 398
27 415
28 126
28 407
28 496
29 486
30 93
31 203
31 277
31 331
31 446
32 83
33 386
34 120
35 46
35 184
35 272
35 379
36 96
36 339
37 119
38 115
39 44
39 255
39 358
39 382
39 383
40 350
40 430
40 438
41 125
41 179
42 430
43 223
43 345
44 79
45 182
46 413
47 78
47 368
48 158
49 59
49 82
49 231
50 217
50 264
50 435
51 291
51 356
52 173
53 368
54 113
54 262
54 426
55 85
55 150
56 147
56 278
57 248
57 495
58 273
58 376
59 111
59 326
60 124
60 305
61 145
61 186
62 179
63 103
63 344
64 162
64 187
64 358
65 230
65 357
66 85
66 139
66 218
67 188
67 367
68 185
68 314
69 229
69 477
70 146
70 347
70 479
71 277
72 224
72 258
72 284
73 337
73 404
74 79
74 418
75 83
75 409
75 439
76 467
77 149
80 368
80 450
81 321
81 452
82 207
83 336
83 399
84 103
84 116
84 148
85 275
86 228
86 253
87 398
88 142
88 223
88 289
88 443
89 146
90 176
90 246
91 178
91 278
91 425
92 457
93 134
93 222
94 170
94 399
95 135
95 245
95 260
96 177
96 301
97 412
97 423
97 465
98 184
98 235
98 367
99 464
100 223
101 126
101 359
101 419
101 485
102 137
102 192
103 296
103 417
104 105
104 268
104 315
105 344
105 445
106 317
106 449
107 216
107 376
108 143
108 173
108 342
109 245
109 263
109 299
110 282
112 135
112 227
114 124
114 392
114 480
115 207
115 258
116 365
116 455
117 130
117 266
118 435
119 147
120 472
122 125
122 242
122 335
123 159
123 441
124 371
125 299
125 353
125 499
126 270
126 398
126 466
126 475
126 482
127 227
127 353
127 366
128 207
129 384
129 411
129 480
130 180
131 224
131 494
132 302
132 394
133 179
133 211
134 158
134 421
134 468
135 457
136 208
136 209
136 218
137 182
138 309
138 349
138 493
139 403
139 419
139 475
140 438
141 308
141 324
141 346
142 179
142 321
143 171
143 333
143 394
144 305
145 221
147 194
147 242
148 186
148 228
148 383
148 410
148 423
148 426
149 252
149 254
149 420
150 307
151 468
152 416
153 239
153 288
154 286
154 292
154 489
155 286
155 383
156 192
156 348
157 432
157 444
159 384
160 172
160 222
160 459
161 201
163 352
163 406
164 211
167 310
167 372
167 407
168 416
169 372
169 395
170 293
172 259
172 370
172 468
173 370
173 389
173 413
174 274
175 305
176 478
177 402
178 206
178 224
178 314
178 405
178 452
179 451
180 193
180 348
180 493
181 300
181 337
181 427
182 297
183 278
183 339
184 303
185 342
187 381
187 488
188 259
188 471
189 443
190 258
190 354
190 393
192 442
192 486
193 294
193 483
194 448
195 381
195 421
196 241
196 287
196 362
197 346
198 387
199 221
199 276
199 386
199 392
200 216
200 435
201 372
201 448
202 227
202 429
203 442
204 346
205 473
206 295
207 264
208 286
209 248
210 377
210 446
212 492
213 342
213 430
214 367
214 420
215 395
216 413
216 474
217 248
217 250
217 344
218 290
219 327
219 364
220 369
221 340
222 454
223 473
224 476
225 247
225 384
226 235
227 375
228 257
229 302
230 322
231 498
232 317
232 349
233 412
233 429
234 271
234 364
235 255
235 316
236 457
237 275
238 416
239 344
240 309
242 442
243 325
244 341
244 428
246 266
246 366
246 453
248 320
248 456
249 325
249 438
250 265
250 383
251 429
253 486
253 491
254 269
254 388
254 400
256 269
256 338
256 403
257 427
259 360
261 277
261 480
265 393
265 449
266 497
267 364
267 376
267 398
268 435
270 358
270 431
272 463
273 385
273 414
274 461
275 437
279 285
279 346
279 430
280 308
281 467
282 408
283 328
283 336
283 440
283 457
283 486
284 392
285 447
286 287
286 413
289 336
289 397
290 455
291 442
293 432
294 472
296 304
296 382
297 323
297 423
298 314
298 341
300 452
302 389
302 394
303 364
304 379
305 414
306 386
306 467
307 410
307 490
308 312
309 344
311 347
311 445
312 461
313 354
313 485
315 410
316 436
317 399
318 328
319 358
320 378
321 479
328 411
328 483
329 491
330 462
331 445
331 457
332 483
333 361
334 391
335 423
336 356
336 431
336 477
337 414
339 445
340 495
341 430
341 481
342 486
343 380
343 432
343 477
347 408
347 433
349 427
350 423
351 395
351 476
352 375
354 355
355 471
356 453
357 373
357 453
359 436
361 484
362 384
362 455
363 472
364 368
366 498
367 427
368 403
368 415
369 440
369 457
372 396
373 442
374 427
379 448
381 428
381 460
382 401
383 438
383 482
384 474
390 418
390 474
391 453
392 444
393 458
396 428
404 463
406 407
406 459
410 432
416 469
418 464
421 477
421 488
422 431
423 492
424 474
431 458
432 498
437 499
441 472
446 471
448 485
451 470
451 486
455 457
461 495
466 492
478 481
478 488
491 495
0
9 499
