500	648	 1
0 72
0 356
0 489
1 162
1 171
1 193
1 210
1 235
1 453
2 188
3 72
3 123
3 217
4 51
4 89
4 223
4 459
5 81
5 206
5 299
5 372
6 26
6 141
6 313
6 318
7 38
7 180
7 311
8 367
8 415
9 43
9 149
9 170
9 401
10 194
11 197
11 454
12 105
12 156
12 258
12 456
13 105
13 259
13 384
13 420
14 20
14 178
14 286
15 249
15 403
15 483
16 235
16 467
17 300
17 359
18 247
18 425
19 482
20 53
20 203
20 391
20 448
21 229
22 185
22 254
22 421
22 449
22 473
23 41
23 257
23 322
23 417
23 452
24 255
25 71
25 390
25 430
25 447
25 456
26 133
26 347
27 106
27 200
27 266
27 314
27 338
27 492
28 244
28 496
29 303
29 416
30 62
30 124
30 191
30 456
30 490
31 406
32 131
32 191
33 239
34 111
34 279
34 404
35 150
36 388
36 392
36 441
37 353
37 386
37 479
39 109
40 123
40 217
40 337
40 368
40 483
42 315
44 347
44 445
45 57
45 269
45 379
46 81
46 443
47 73
47 170
47 349
48 280
49 328
49 394
50 141
50 245
50 257
51 131
51 244
51 257
51 472
52 105
52 184
52 185
52 307
52 424
53 434
54 98
55 100
55 365
55 369
56 102
57 309
58 114
58 389
59 241
60 133
60 199
60 367
61 185
61 462
63 79
63 399
63 467
64 122
64 340
64 341
64 386
65 266
66 266
67 109
68 75
68 464
69 117
69 149
69 394
70 241
70 414
71 87
71 178
71 217
71 331
71 442
72 107
72 354
73 275
73 312
73 475
74 380
75 189
76 232
76 389
77 317
77 373
77 480
78 140
78 157
78 238
80 328
80 338
80 416
81 124
82 363
82 455
83 190
83 332
84 112
84 349
85 140
86 131
86 442
87 106
87 381
88 296
88 498
89 150
89 215
89 258
89 423
89 458
89 484
90 260
90 373
91 346
92 114
92 129
92 394
93 98
94 315
94 410
95 424
95 438
96 149
96 230
96 302
96 497
97 109
97 296
98 120
98 258
98 359
98 377
99 192
99 354
99 404
100 181
100 207
100 306
101 178
101 192
101 316
102 113
102 119
102 270
102 362
102 499
103 370
103 479
104 292
105 244
105 471
106 313
107 208
107 470
108 128
109 223
109 344
110 263
111 363
112 153
112 173
112 428
113 351
113 497
114 202
114 450
115 123
115 199
115 270
115 395
115 439
116 297
116 372
116 469
118 322
118 339
118 426
119 366
120 133
120 145
120 159
120 278
121 133
123 403
124 145
124 381
125 317
125 332
126 318
127 342
127 476
128 268
129 414
129 493
130 134
131 163
131 213
131 273
131 487
131 488
132 233
132 264
132 424
132 443
134 384
135 222
135 283
135 301
136 224
136 246
137 194
137 400
138 188
139 213
139 274
140 362
141 305
142 343
142 363
143 187
143 217
144 219
144 415
144 463
146 151
146 273
147 411
148 383
149 353
149 371
150 397
151 408
151 436
151 490
151 492
152 200
152 406
153 397
154 276
154 335
154 465
154 486
155 234
155 282
155 408
156 216
157 164
157 215
157 263
158 165
158 326
158 418
158 480
159 469
160 175
160 407
161 351
162 321
163 195
163 378
164 186
164 364
166 229
166 392
167 168
167 264
167 277
167 386
168 242
168 313
169 308
170 261
171 359
172 384
173 252
174 303
175 280
175 438
176 208
176 253
176 268
176 352
177 303
177 458
178 362
179 376
180 441
181 306
181 499
182 437
183 321
184 228
185 316
186 262
186 405
186 494
187 276
187 280
187 383
188 284
188 483
189 248
189 442
190 330
190 360
190 492
191 362
191 457
193 447
194 457
196 251
196 411
197 227
197 444
198 265
198 306
200 346
201 205
201 326
201 422
202 281
202 386
202 486
204 278
206 436
207 305
207 475
208 478
209 301
209 383
210 275
211 281
211 340
212 481
214 330
215 220
215 323
216 283
216 313
216 361
216 426
218 255
218 324
219 256
219 300
219 481
220 352
220 449
221 442
222 312
222 441
223 249
224 402
225 319
225 389
225 455
225 481
226 338
227 239
228 461
229 342
230 412
231 317
231 396
232 242
234 252
234 374
236 267
236 428
237 436
237 450
237 475
238 438
238 440
239 451
240 244
240 261
242 339
242 474
243 370
244 492
245 300
245 309
245 406
248 290
248 367
250 265
250 287
250 310
250 370
250 425
250 448
253 477
254 308
254 389
254 393
255 290
255 352
255 498
257 334
258 259
258 431
260 473
261 395
261 401
262 312
263 288
263 304
263 431
265 317
265 370
265 474
266 342
266 435
267 386
269 316
271 415
272 365
272 432
273 277
276 318
277 314
277 477
278 342
278 392
278 419
279 292
280 444
280 480
282 306
282 460
283 396
283 414
284 468
285 348
287 484
289 480
290 323
291 380
293 328
293 350
293 428
294 313
294 355
295 296
295 436
296 398
296 471
298 413
300 416
301 411
302 470
303 453
303 494
304 495
307 383
308 337
310 356
311 418
313 387
313 397
314 419
315 453
316 459
316 467
317 417
317 475
319 375
319 379
319 427
319 495
320 400
321 460
322 446
325 461
326 413
326 473
327 436
328 444
329 394
329 436
332 427
333 375
336 358
337 457
343 387
345 402
345 469
346 354
346 358
348 485
350 445
351 376
352 371
355 404
357 474
358 425
359 464
364 405
365 392
367 371
368 392
368 482
374 437
374 490
375 418
380 421
382 383
382 498
384 411
385 415
390 498
395 429
396 490
397 407
397 488
397 491
402 436
402 437
402 478
407 410
409 433
410 451
413 498
414 463
415 447
418 475
421 485
422 450
426 439
428 488
431 435
433 486
434 477
440 446
447 475
449 480
450 451
452 493
454 494
458 466
465 494
0
9 499
