500	605	 1
0 103
0 469
1 93
1 326
1 463
2 257
3 362
3 421
3 488
4 410
5 422
5 475
6 208
7 276
7 460
8 304
8 436
8 499
9 20
9 82
10 25
10 444
11 359
11 493
12 120
12 190
12 191
12 204
12 239
13 124
13 305
13 430
14 267
14 475
15 344
16 294
16 321
17 47
17 95
17 230
17 351
18 437
19 56
19 279
19 302
21 165
21 284
22 388
23 29
23 108
23 158
23 289
24 106
24 188
24 325
25 78
25 335
25 346
26 328
26 339
27 324
27 425
28 58
28 258
28 276
28 330
28 396
30 312
30 324
31 299
32 111
33 83
33 318
33 483
34 177
34 288
34 319
34 406
35 88
35 361
35 396
36 54
36 73
36 227
37 68
37 424
37 425
37 480
38 159
38 173
39 195
39 297
39 349
39 435
40 134
40 305
41 174
41 211
41 255
42 49
42 333
42 335
43 128
43 137
44 88
44 409
45 400
46 117
46 388
46 456
46 493
47 215
47 413
47 414
48 144
48 253
48 268
48 334
49 159
49 187
49 192
49 243
50 135
50 227
51 265
52 374
53 404
54 119
54 158
54 212
54 293
54 383
55 126
55 313
55 478
56 241
56 476
57 196
59 337
59 341
60 75
60 150
60 209
60 330
61 170
61 239
62 249
63 229
63 364
64 114
64 128
64 314
65 133
65 184
65 337
66 178
66 363
66 488
67 72
67 157
67 492
68 256
68 279
68 437
69 304
69 321
70 171
70 240
70 469
71 229
71 254
72 418
72 426
73 200
73 331
73 432
73 443
74 202
74 398
75 181
76 448
77 212
79 223
79 350
79 390
80 211
81 208
81 426
81 448
82 118
82 152
82 378
83 143
83 166
84 158
85 270
85 304
85 324
86 153
87 349
87 468
87 490
88 175
89 214
90 104
90 251
90 386
91 184
91 473
92 142
92 262
92 327
93 368
93 401
93 420
94 260
94 307
94 441
95 127
95 496
96 242
96 308
97 491
98 448
99 189
100 433
101 139
101 152
101 261
102 151
102 184
102 226
102 336
102 359
103 402
104 361
105 238
106 276
106 433
107 386
107 486
109 458
110 229
111 262
112 313
113 137
113 146
113 499
115 422
116 379
117 391
117 393
118 295
119 177
120 169
120 373
121 223
121 330
121 464
122 124
122 266
123 300
124 172
124 259
124 287
125 222
125 408
126 274
126 434
127 214
127 277
127 374
127 385
128 138
128 208
129 203
129 305
129 389
129 448
129 474
130 263
130 367
131 489
132 300
132 446
133 319
133 333
133 397
134 206
134 287
134 397
136 260
138 141
138 241
138 247
138 306
139 301
139 473
140 483
141 189
142 485
143 189
143 319
143 451
144 399
145 400
146 269
147 462
148 299
148 428
148 431
148 434
149 266
150 358
151 264
151 295
153 206
154 233
155 283
155 343
155 405
155 416
156 424
156 453
156 462
158 360
158 365
159 160
159 324
161 187
161 272
161 324
161 447
162 319
163 298
164 315
164 396
164 410
165 214
165 364
166 232
167 194
167 347
168 306
169 325
169 339
169 452
170 451
171 234
171 328
171 353
173 243
173 403
174 176
174 219
174 231
174 351
178 214
179 187
179 428
180 211
180 286
181 455
182 363
183 467
184 339
185 202
186 207
186 275
186 311
186 497
187 256
187 362
188 258
188 263
188 457
189 273
189 283
192 236
192 241
192 491
193 274
194 387
194 478
194 498
196 217
196 296
196 474
197 273
197 340
198 275
199 486
201 389
202 451
203 371
204 269
204 413
205 294
205 485
206 255
208 324
210 403
210 486
210 487
212 376
213 373
215 244
216 495
217 248
217 317
217 416
217 454
217 471
218 415
218 447
219 342
220 305
220 396
221 431
221 476
222 280
222 281
222 356
224 242
224 271
225 357
225 364
227 334
228 297
230 459
231 235
231 241
231 322
232 487
233 254
233 268
233 406
233 448
234 401
235 316
235 453
235 487
237 360
238 425
238 461
240 245
240 387
245 390
246 262
246 321
247 378
247 424
248 461
249 276
249 378
250 286
250 481
252 490
256 473
257 462
257 486
258 293
258 495
260 437
261 345
261 354
263 491
264 412
265 406
266 350
267 445
267 464
268 285
268 296
268 469
269 417
271 494
274 472
275 296
275 355
275 454
276 322
277 476
278 414
279 335
279 380
279 406
280 285
280 415
281 444
282 356
284 426
285 436
286 462
287 343
287 386
289 312
290 330
291 380
292 319
294 402
297 301
298 303
298 422
299 313
304 329
305 403
306 361
307 344
308 426
309 326
310 338
310 395
310 408
311 313
311 463
312 315
313 450
317 392
318 345
318 347
319 400
319 424
320 343
320 377
320 454
321 365
322 486
323 333
325 406
326 428
329 361
329 476
330 409
331 477
331 485
332 384
332 385
333 421
335 369
335 435
336 352
339 487
343 446
345 493
346 484
347 491
348 375
348 394
348 475
349 452
351 404
351 421
352 389
356 362
356 391
359 374
360 440
366 458
366 475
368 432
368 470
370 379
372 393
376 485
377 499
379 402
379 457
379 464
381 482
382 439
383 419
387 477
388 407
388 423
393 429
396 461
397 422
398 438
402 403
403 470
409 436
409 485
411 461
415 442
418 431
418 490
421 466
422 448
423 463
427 443
427 491
428 491
432 491
439 480
441 479
444 466
444 467
445 454
445 475
449 474
451 494
465 482
477 489
482 487
0
9 499
