500	624	 1
0 108
0 434
1 7
2 59
2 400
3 159
3 397
4 212
5 89
5 198
6 139
7 85
7 141
7 209
7 385
7 396
7 398
7 403
8 143
9 118
9 180
9 317
10 171
11 39
11 60
11 82
11 379
11 433
12 16
12 90
12 204
13 54
13 188
14 71
15 140
15 295
16 28
17 176
18 237
18 354
18 458
19 488
20 135
20 183
21 380
22 41
22 152
22 266
23 70
23 271
23 357
24 312
25 298
26 184
26 223
26 321
27 415
28 352
28 402
29 188
29 268
29 382
29 421
29 492
30 252
30 444
31 50
31 62
31 171
32 272
33 215
33 289
33 348
34 82
34 422
35 387
36 248
37 130
37 357
37 420
37 439
38 112
38 119
39 59
40 484
41 42
41 110
41 435
41 452
43 263
43 278
43 378
43 415
44 190
45 294
45 375
46 236
47 383
48 50
48 273
48 340
48 455
49 484
50 126
50 435
51 75
51 389
52 322
53 391
54 188
54 221
54 444
54 463
55 346
55 360
56 147
56 213
56 242
57 323
57 385
58 65
58 392
58 471
59 327
59 361
59 379
59 388
59 497
61 134
61 247
61 390
62 79
62 176
62 217
62 304
63 396
64 74
64 85
64 92
64 400
65 141
65 263
66 194
66 295
66 302
67 138
67 225
67 237
67 272
67 280
67 441
67 481
68 130
68 376
69 240
69 341
69 496
70 111
71 76
71 150
71 156
71 339
72 385
72 479
73 152
73 282
74 279
74 478
76 129
76 272
76 449
76 495
77 311
77 325
78 391
78 485
79 340
80 125
80 291
80 454
81 167
81 478
82 236
82 382
82 432
83 129
83 393
83 406
84 285
84 315
84 386
86 216
86 338
86 342
87 90
87 190
88 229
88 377
89 341
89 422
90 267
91 135
91 231
91 246
91 371
91 493
93 137
94 216
94 435
95 129
95 219
96 235
96 289
97 113
97 307
97 476
98 267
98 314
99 310
99 376
100 422
100 479
101 187
101 192
101 269
102 145
102 298
102 330
103 144
103 156
104 247
105 127
105 138
105 412
105 421
106 189
106 310
106 337
107 247
109 178
110 313
111 264
112 345
112 376
114 223
114 364
115 148
115 470
116 120
116 127
116 251
116 333
116 449
117 127
117 287
117 411
119 440
120 218
120 392
120 477
120 492
121 350
121 465
122 453
123 200
123 278
123 306
124 213
124 337
125 261
126 236
126 238
126 242
126 296
126 331
127 418
128 484
129 174
129 409
129 463
130 305
130 490
131 347
132 318
132 363
132 396
133 225
134 210
134 288
134 306
134 383
135 456
136 333
136 337
137 259
137 489
138 303
139 216
139 445
139 448
140 255
140 332
141 181
141 192
141 244
141 260
141 272
141 498
142 147
142 386
143 460
145 166
145 174
145 498
146 365
146 484
147 170
147 417
148 364
148 428
149 242
149 431
150 153
150 376
151 422
152 158
152 208
153 215
153 482
154 253
155 422
156 314
156 461
157 340
158 168
158 236
158 407
159 168
160 264
161 209
162 244
162 356
163 485
163 494
164 321
165 295
166 293
167 322
168 277
168 459
169 295
170 258
171 290
172 244
173 475
174 219
174 262
174 367
175 199
175 324
175 343
175 488
176 179
176 296
177 209
178 354
180 185
180 320
181 203
181 213
182 477
184 254
186 340
186 426
187 244
188 371
188 443
189 238
189 493
190 233
190 364
190 438
190 469
190 497
191 238
191 257
192 215
192 220
193 465
194 375
195 443
196 234
197 416
197 436
199 237
200 477
201 209
201 272
201 283
201 336
202 406
202 446
202 447
202 464
204 308
204 415
205 276
205 384
206 274
206 303
206 352
207 262
207 474
208 377
210 415
210 489
211 453
212 354
212 478
213 243
214 425
214 437
214 466
214 494
215 401
216 439
218 420
220 478
221 259
221 297
222 231
222 298
224 303
225 419
226 229
227 385
228 247
229 362
229 466
230 312
231 301
232 288
233 353
233 460
234 293
235 450
236 411
236 470
237 389
237 471
238 413
239 365
241 380
243 250
245 309
247 353
248 292
248 464
249 475
250 316
250 363
251 365
253 271
253 475
254 259
254 296
254 467
255 354
256 399
256 498
257 394
257 424
257 472
260 436
260 486
261 298
261 299
262 321
262 473
263 379
264 299
265 404
266 403
266 424
266 439
267 368
268 334
269 335
269 347
270 314
271 352
271 443
271 447
272 311
272 411
273 285
275 313
276 418
278 452
279 487
280 324
280 387
280 412
281 312
281 474
284 358
284 377
286 442
289 315
289 398
289 414
290 416
290 436
291 369
291 405
291 463
293 319
293 452
294 462
297 452
300 362
300 458
302 460
303 381
305 475
307 445
309 411
310 430
313 355
314 494
316 324
316 442
318 384
320 432
321 380
321 456
323 429
324 402
325 427
326 343
326 372
327 343
327 434
328 395
328 482
329 402
329 489
330 452
332 343
333 339
333 381
338 450
340 349
340 420
341 381
341 438
344 412
346 465
346 469
347 423
347 433
348 398
351 409
352 493
353 429
355 429
357 436
359 360
359 373
359 397
359 415
361 483
361 488
364 444
365 418
366 443
367 413
368 451
370 399
372 373
374 481
375 417
378 469
379 446
383 404
391 497
392 423
392 491
394 401
397 419
397 451
397 474
401 410
401 414
402 408
403 492
404 454
405 415
405 428
405 484
406 496
408 455
410 425
410 470
413 442
414 446
422 460
422 468
423 457
425 440
432 476
433 434
433 453
434 480
437 449
450 478
452 489
456 468
456 471
460 466
462 496
468 472
470 499
472 475
0
9 499
