500	613	 1
0 68
1 481
1 484
2 255
3 19
3 41
3 78
3 211
3 258
3 274
4 32
4 40
4 199
5 45
5 84
5 331
5 395
5 478
6 166
7 172
7 314
8 198
8 336
8 409
8 462
9 91
9 172
10 79
10 227
10 460
11 110
11 388
12 121
12 415
12 479
13 88
13 485
14 354
14 429
15 320
16 317
16 468
17 176
18 204
18 290
18 291
18 445
19 264
20 119
20 174
21 39
21 135
21 190
21 344
22 229
23 246
23 262
23 300
23 474
24 249
24 395
24 432
25 418
25 449
25 489
26 126
26 138
27 33
27 333
28 187
28 201
28 340
29 53
29 375
29 408
29 453
30 78
31 471
31 491
32 136
32 188
32 250
34 186
34 442
35 52
35 62
35 213
36 178
36 241
36 394
36 413
37 311
37 453
37 460
38 57
38 413
38 417
39 94
40 130
40 391
42 403
42 478
43 76
43 276
44 322
44 380
44 494
45 221
45 301
45 316
46 421
46 453
46 470
47 183
47 301
48 347
48 364
49 75
49 222
50 51
51 186
51 450
51 493
52 443
53 170
54 76
54 368
54 497
55 141
55 268
55 438
56 378
57 212
57 488
58 133
58 242
58 351
59 81
59 118
59 343
59 411
60 194
60 210
60 381
60 420
61 160
61 336
62 133
63 391
64 84
64 169
65 296
65 494
66 330
66 460
67 110
67 132
67 137
68 104
68 191
69 375
69 435
70 275
71 173
71 428
72 227
73 75
73 187
74 193
74 368
74 481
75 281
76 311
76 342
76 461
77 229
78 92
78 363
79 145
79 437
80 148
80 150
81 148
81 455
82 83
82 162
82 171
82 270
82 271
82 287
82 361
85 102
85 178
85 224
85 275
85 283
86 122
86 439
87 179
87 349
87 499
88 448
89 394
89 454
90 411
91 104
91 253
91 310
93 158
93 317
93 390
94 299
94 317
95 183
95 288
96 125
96 293
97 331
97 498
98 113
98 394
99 144
99 259
99 483
100 444
101 169
101 312
102 372
102 389
103 269
105 263
105 407
106 206
107 143
107 227
107 260
108 124
108 193
109 261
109 265
109 351
109 434
110 153
111 428
112 315
112 476
113 482
114 170
114 457
115 205
116 252
116 423
117 219
117 270
119 329
119 436
120 155
120 298
120 341
121 323
121 363
121 426
121 470
122 139
122 195
122 481
123 444
125 139
125 197
126 273
126 326
126 435
127 175
127 287
128 145
128 234
128 452
129 434
131 147
131 292
131 400
131 456
132 255
134 305
134 411
136 463
137 161
137 190
139 325
139 338
140 360
140 385
141 233
141 291
142 423
143 241
143 349
143 381
143 498
145 146
145 343
148 301
149 351
151 260
151 359
152 181
154 231
154 240
154 307
155 438
156 284
157 236
157 352
158 332
159 186
159 248
160 292
161 236
161 288
161 302
162 245
163 414
163 422
164 186
164 411
165 217
165 314
165 403
166 396
167 428
168 342
168 353
170 252
170 454
171 252
171 474
172 493
173 214
174 365
176 235
176 307
176 444
176 475
177 366
178 287
178 333
178 362
179 193
180 250
180 263
181 231
181 402
181 403
182 410
183 409
184 231
185 204
185 217
187 210
187 320
187 327
189 192
189 238
192 405
193 301
193 490
195 277
196 370
197 483
198 206
198 207
198 229
198 269
198 346
200 375
201 203
201 442
202 387
202 417
204 481
205 280
208 430
209 261
209 333
210 219
210 272
210 399
211 338
213 268
214 253
214 260
214 323
214 397
215 223
215 471
216 379
217 220
217 280
218 383
219 235
219 334
219 375
220 472
221 280
221 394
223 336
223 338
224 262
224 345
225 339
225 387
225 415
226 479
228 365
228 384
229 373
230 453
231 290
232 235
232 273
233 373
233 377
233 443
234 241
234 268
235 291
235 426
236 248
237 410
239 465
239 477
240 459
240 495
241 262
241 476
242 462
243 278
243 313
243 321
243 382
243 451
244 274
244 436
245 278
246 492
247 337
249 438
250 399
251 405
251 413
253 402
254 290
254 319
254 322
255 268
255 382
255 433
256 297
256 303
256 368
256 371
257 312
257 373
258 425
259 340
259 417
260 400
261 315
261 406
264 467
266 335
266 436
267 282
267 284
267 467
268 288
269 333
271 421
272 354
274 423
275 280
275 413
277 345
277 387
277 493
278 354
279 289
279 294
279 430
280 370
280 471
283 422
284 299
284 380
285 365
286 388
287 323
289 348
289 487
291 295
292 446
293 377
294 343
294 447
295 302
295 351
296 352
296 418
297 366
297 418
299 457
300 339
301 383
301 404
301 421
302 309
302 419
303 410
303 460
304 472
306 436
308 385
308 431
309 343
309 425
310 493
312 355
312 394
313 411
313 412
313 424
314 365
314 432
315 416
317 355
317 497
318 324
318 358
319 335
319 470
321 474
326 446
328 447
329 490
330 464
331 464
332 386
332 495
333 356
335 433
336 346
336 440
337 415
337 419
339 468
344 392
347 393
348 379
348 486
349 439
350 385
350 394
351 464
352 452
354 492
356 369
357 392
357 412
358 487
359 401
360 404
360 481
363 462
363 466
364 478
365 441
367 379
369 376
369 435
369 452
371 414
371 489
374 479
375 464
377 380
377 396
378 403
379 498
380 489
387 453
388 442
393 493
395 472
398 428
400 471
403 496
411 466
411 480
418 481
420 444
422 471
422 486
427 483
428 477
433 444
433 485
438 487
447 486
448 449
458 498
466 469
470 489
473 482
0
9 499
