500	634	 1
0 87
0 295
0 463
1 60
1 109
2 133
2 434
2 448
2 487
3 90
3 358
4 264
5 254
5 435
5 452
5 477
6 61
7 328
8 163
8 178
8 183
9 29
9 147
9 217
10 384
11 344
12 13
12 43
12 329
13 18
13 172
14 111
14 191
14 374
14 428
15 304
15 373
16 68
16 88
16 216
16 427
17 270
17 349
18 95
18 121
18 136
18 490
19 288
19 350
19 403
20 417
20 422
21 26
21 75
21 214
21 389
22 129
23 185
24 71
24 157
24 241
24 284
24 367
24 456
25 311
26 55
26 349
26 497
27 159
27 249
27 253
28 208
30 76
30 173
30 229
30 282
31 218
31 246
31 492
32 83
32 311
33 91
34 252
34 320
34 389
34 490
34 494
35 307
35 463
36 189
36 217
37 72
37 222
37 299
37 303
37 456
38 62
38 96
38 413
39 235
39 454
40 232
41 376
42 207
42 462
43 238
44 203
45 173
45 229
45 266
46 198
46 375
46 419
47 211
47 354
48 386
48 475
49 188
50 232
50 287
50 443
50 495
51 177
52 498
53 196
54 252
54 473
54 477
55 372
56 169
57 210
57 213
57 379
58 90
58 204
58 470
59 107
59 298
59 471
60 61
60 184
60 296
60 476
61 324
63 277
63 418
64 110
64 359
64 374
65 321
66 82
66 123
67 330
67 404
68 119
68 469
69 193
70 122
71 255
71 309
72 215
72 474
73 277
73 363
73 415
74 219
74 233
74 352
75 270
75 271
75 405
76 122
76 311
76 339
76 427
76 473
77 79
77 106
77 123
77 366
77 490
78 488
78 490
79 100
80 304
80 334
81 103
81 132
83 182
83 274
83 411
83 484
84 242
84 454
84 477
84 499
85 268
85 272
86 230
87 145
87 384
87 421
87 432
88 256
88 391
89 282
90 407
91 360
91 426
91 451
91 458
91 462
91 482
92 334
93 368
93 390
94 142
94 346
95 382
96 130
96 417
97 254
97 426
98 436
98 464
99 372
99 426
99 486
100 198
100 225
100 358
101 254
102 142
104 401
104 409
104 480
105 119
105 189
105 308
105 321
106 181
106 187
106 334
107 143
107 200
107 308
108 115
108 120
108 223
109 192
110 158
110 226
110 460
111 330
111 333
111 437
112 118
112 147
113 137
114 135
115 195
115 354
115 496
116 342
116 476
117 277
117 379
118 197
118 373
118 400
118 478
121 294
121 431
121 445
122 123
122 354
123 208
123 278
123 311
123 317
124 318
124 447
125 208
125 247
125 335
126 239
126 308
126 485
127 298
128 472
129 441
129 464
130 345
130 353
130 424
130 471
131 315
131 338
131 409
132 258
133 305
134 390
134 455
134 462
135 227
135 325
135 396
135 399
135 476
136 140
136 180
136 322
136 413
137 412
138 432
138 440
138 450
139 397
139 471
140 350
140 351
141 250
142 439
143 414
144 284
145 263
145 371
146 429
148 302
148 345
149 258
150 280
150 448
151 387
151 447
152 327
152 467
153 157
153 367
154 181
155 337
155 472
156 220
156 315
157 195
157 256
158 401
159 469
160 194
160 363
161 255
162 349
163 344
163 398
163 473
164 169
164 248
165 196
166 448
167 259
168 233
168 370
169 377
169 496
170 279
171 174
172 192
174 272
174 382
174 473
175 209
176 453
177 246
177 360
177 422
178 392
179 319
179 466
179 493
180 276
180 394
181 469
181 479
184 414
185 478
186 297
186 447
187 263
187 439
188 191
188 334
188 381
188 453
189 398
190 224
190 389
190 498
192 243
192 457
193 236
193 394
193 397
194 457
196 399
197 253
198 266
199 476
200 369
201 349
202 245
202 261
202 280
202 383
203 365
204 338
205 208
206 288
206 331
207 267
207 272
207 297
209 285
209 427
210 342
211 236
211 334
211 367
211 476
212 371
213 455
214 228
214 231
214 264
214 365
214 406
215 234
215 274
216 336
216 341
216 469
217 414
218 240
219 437
220 377
220 417
221 450
222 408
222 429
223 379
223 393
223 414
226 372
227 258
227 459
228 295
228 405
229 307
230 447
231 414
232 493
233 344
233 436
235 259
237 262
237 281
237 347
237 395
237 442
238 373
240 470
241 426
242 292
242 316
243 273
244 466
245 340
245 341
246 287
249 263
249 323
249 363
249 408
250 276
250 468
251 298
251 480
252 306
252 470
253 438
253 477
254 394
255 406
256 265
257 486
258 369
259 376
260 307
262 356
262 383
263 364
263 454
265 275
265 340
265 352
266 487
269 293
269 362
270 307
270 346
270 387
270 438
270 440
271 330
271 383
272 340
272 425
272 481
273 319
273 458
274 283
274 355
274 391
274 465
275 373
278 366
279 404
281 403
284 349
285 290
285 341
285 373
285 400
286 493
287 319
289 319
290 343
291 312
291 433
291 435
293 449
296 495
297 489
299 461
300 494
301 466
303 449
303 462
305 377
306 381
306 420
307 348
307 354
307 494
310 435
312 415
313 419
314 433
314 454
318 398
324 376
324 432
325 368
326 342
326 379
327 337
328 470
330 451
331 481
332 397
335 352
335 446
339 347
340 350
342 372
344 492
345 350
350 351
350 374
350 406
351 388
352 410
357 482
361 405
362 383
362 445
366 402
369 379
370 464
370 483
371 478
372 396
375 454
376 441
377 425
377 452
378 489
379 444
379 472
380 497
381 406
383 468
384 460
385 386
387 492
390 476
392 414
392 453
392 494
396 422
400 491
402 436
403 443
404 429
408 472
412 424
414 449
416 420
419 436
420 444
423 427
423 439
430 463
436 456
436 482
446 495
450 486
452 475
452 480
453 485
457 479
459 471
461 486
465 477
470 490
0
9 499
