500	605	 1
0 284
1 179
2 154
2 173
3 30
4 39
4 274
5 18
5 336
6 33
6 96
6 197
6 294
6 324
6 478
7 25
7 69
7 117
7 172
7 402
8 355
9 78
9 217
9 341
10 166
10 209
11 92
12 13
12 345
13 87
13 185
14 370
15 81
15 94
16 66
16 184
17 414
18 58
18 183
18 189
18 237
18 296
18 399
18 438
19 255
20 74
20 437
21 327
21 396
22 73
22 87
22 114
23 32
23 306
23 312
24 326
25 187
25 276
25 340
26 277
26 378
27 358
28 219
28 420
29 66
30 158
30 277
30 358
30 464
31 189
32 173
32 196
32 395
33 422
34 82
34 104
34 397
35 157
36 441
37 159
37 315
37 387
38 348
39 64
39 185
40 152
40 279
40 302
41 125
41 133
41 323
42 395
42 444
43 463
43 494
44 116
45 190
45 444
46 72
47 122
48 110
48 254
48 291
49 195
49 360
50 344
50 436
51 166
52 246
52 317
52 350
53 57
53 132
53 386
53 411
54 137
54 155
55 74
55 120
56 126
56 363
57 214
57 238
58 330
59 218
59 280
60 261
60 392
60 491
61 98
62 409
62 468
63 192
63 368
64 123
64 235
64 492
65 90
65 267
66 183
67 193
67 434
68 281
68 288
68 336
69 85
70 117
70 201
70 319
71 374
71 484
72 191
72 468
73 321
74 210
74 377
75 470
76 97
76 107
77 81
77 245
79 131
79 154
79 163
79 266
79 351
80 145
80 150
80 179
81 336
83 264
83 288
83 426
84 206
85 118
86 169
86 250
87 420
88 166
88 290
89 193
89 341
90 205
90 376
91 152
91 338
91 391
92 207
92 435
92 471
93 242
93 293
93 313
93 353
93 416
95 271
95 310
95 383
96 190
98 180
98 247
98 248
98 331
98 499
99 479
100 182
100 484
101 210
102 351
103 167
103 284
104 438
105 414
105 465
106 161
106 256
106 374
107 108
107 251
109 241
109 282
110 242
111 386
112 211
112 222
112 428
113 249
114 256
114 466
115 193
115 215
115 339
116 139
116 164
116 171
116 191
116 210
116 232
116 303
116 470
117 174
117 301
117 485
118 268
118 392
118 414
119 161
119 419
119 437
120 148
120 236
121 163
122 178
122 245
123 126
123 157
123 373
123 473
124 321
125 290
126 369
126 381
127 153
128 243
128 321
128 487
129 360
130 423
131 175
132 414
132 452
133 240
133 289
133 326
133 439
133 440
134 141
134 429
135 282
135 387
135 430
136 275
136 444
137 144
137 180
137 411
138 278
140 172
141 171
142 411
143 407
144 283
145 180
145 263
145 477
146 284
146 446
147 161
147 257
149 193
149 340
150 317
151 167
152 265
153 317
154 205
154 295
154 469
155 279
156 383
156 445
156 459
158 273
160 406
160 418
161 168
161 393
161 481
162 167
162 465
164 324
164 366
165 382
167 201
167 388
169 195
169 341
170 348
171 258
172 499
173 223
175 364
175 389
175 421
176 220
176 223
177 234
177 342
177 349
177 370
178 204
178 475
180 190
180 278
180 301
181 461
184 192
184 387
185 383
186 426
187 302
187 325
187 332
187 361
188 429
189 339
189 471
191 307
192 316
192 411
192 422
192 439
194 455
196 204
196 219
197 288
198 215
199 334
199 479
200 470
200 495
201 364
202 433
203 397
204 293
205 472
206 277
206 424
207 249
207 462
208 335
208 401
208 495
209 216
209 239
210 254
210 379
210 479
212 331
212 353
212 461
212 474
213 237
213 328
214 333
214 351
215 229
216 288
217 256
219 286
220 322
221 307
221 435
222 321
224 249
224 468
225 344
226 447
227 394
227 406
227 457
228 318
228 454
228 488
229 453
230 392
231 477
232 276
233 265
234 328
234 345
235 379
236 280
237 390
237 400
238 458
240 294
241 411
242 329
242 490
244 293
244 427
245 295
245 312
245 465
248 337
249 362
249 376
250 370
250 394
250 422
251 369
251 462
252 286
252 308
253 490
254 294
254 364
254 412
255 485
257 356
257 418
258 494
259 312
259 380
260 407
261 385
261 410
262 280
263 304
263 312
264 284
264 291
265 463
266 491
267 367
269 303
270 296
270 483
270 497
271 284
271 331
271 474
272 308
272 431
273 405
273 435
276 476
280 351
281 442
281 491
284 432
285 482
286 393
287 346
287 436
288 320
289 408
292 477
293 329
294 453
295 455
296 309
296 347
297 380
297 497
298 389
299 491
300 356
302 461
303 494
305 364
305 476
306 455
307 431
308 387
310 484
311 435
312 403
312 458
314 355
315 316
317 496
318 482
319 344
320 368
321 353
321 449
322 379
323 393
324 360
324 423
327 337
328 425
331 366
331 389
332 347
333 451
339 425
339 436
339 456
341 398
342 387
342 413
343 495
344 360
344 362
345 447
347 349
347 404
348 452
349 437
350 418
350 443
352 438
352 480
353 441
354 453
355 450
357 395
359 474
359 478
362 363
363 402
365 383
366 441
367 377
369 429
369 467
369 488
371 409
372 404
375 456
376 441
377 424
379 458
382 468
384 442
385 402
385 482
387 419
387 472
389 407
389 473
391 496
394 483
400 471
404 460
406 486
406 489
407 450
410 423
415 443
417 497
420 483
423 465
428 472
429 457
430 448
431 460
431 470
433 448
434 440
439 448
439 474
440 493
444 452
449 462
450 459
455 471
456 463
458 474
462 498
467 486
491 492
0
9 499
