500	629	 1
0 61
0 161
0 253
0 303
0 386
1 262
2 98
2 253
2 497
3 74
3 155
3 235
3 331
3 395
3 483
4 428
4 498
5 360
6 246
6 327
6 490
7 92
7 229
7 356
8 158
9 58
9 195
9 293
10 25
10 325
11 350
12 104
12 337
13 25
13 68
13 179
14 132
14 254
14 427
15 479
16 150
16 270
16 320
16 479
17 108
17 205
17 372
17 432
18 53
18 73
18 75
18 196
18 271
18 337
19 208
19 340
20 201
20 272
20 429
20 475
21 59
21 255
21 268
21 385
22 370
22 392
22 434
23 136
23 290
23 361
23 445
24 145
24 463
25 266
26 360
26 407
26 491
27 281
27 293
27 296
27 410
28 56
28 321
28 431
28 465
29 246
30 36
30 329
31 192
31 307
32 338
32 343
32 413
33 106
33 289
33 398
33 477
34 46
34 97
34 162
34 237
34 381
35 84
35 145
35 276
35 369
36 366
37 223
37 274
38 145
38 265
38 405
39 317
39 334
40 66
41 45
41 115
41 221
41 483
42 205
42 447
43 311
44 105
45 166
45 300
46 51
46 216
46 349
46 498
47 270
47 464
48 209
48 233
48 493
49 199
49 347
49 402
50 54
50 263
51 63
51 376
51 421
52 126
52 266
53 350
53 368
54 102
54 140
54 288
55 74
55 122
55 496
56 426
57 95
57 137
57 403
58 73
58 256
58 355
58 397
58 422
59 208
59 420
60 141
60 159
60 200
60 211
60 302
60 491
61 488
62 143
62 347
62 379
63 157
63 300
64 134
64 207
65 485
66 219
66 230
67 425
68 226
69 209
70 314
70 487
71 426
72 140
72 202
72 499
73 106
73 141
73 294
74 122
74 213
74 243
76 182
77 152
77 353
78 245
79 202
80 182
80 204
80 491
81 220
81 231
82 272
83 215
83 282
85 91
85 273
85 296
85 481
86 150
86 239
86 330
87 179
87 298
87 440
88 233
88 378
89 230
89 435
90 428
91 433
91 449
92 112
92 228
92 261
92 353
92 423
92 442
93 158
93 256
94 313
95 291
95 349
96 214
96 431
96 448
97 206
97 318
98 413
99 168
99 246
99 272
99 359
99 367
100 389
101 126
101 213
101 294
101 435
102 243
102 284
102 316
103 215
104 191
105 125
105 312
105 417
107 306
108 177
108 384
109 119
110 315
110 462
111 129
111 141
111 235
112 362
112 453
113 305
113 469
114 310
114 368
114 485
114 488
116 169
116 202
117 225
117 379
118 276
118 294
118 406
118 441
119 210
120 178
120 205
120 279
120 409
121 239
123 274
123 376
124 486
125 228
125 479
126 359
127 295
127 428
128 171
128 257
128 370
128 486
129 387
130 360
130 388
131 251
131 304
133 248
133 293
135 270
137 360
138 172
138 487
139 294
139 319
140 272
140 315
142 246
143 146
143 237
143 303
144 479
145 285
145 310
145 446
146 189
146 344
147 384
147 415
148 180
148 467
148 468
148 470
149 255
149 319
149 400
150 271
150 292
150 318
150 371
151 488
152 218
152 242
152 262
152 411
152 497
153 359
153 433
154 194
155 203
156 209
156 359
156 377
158 224
158 247
158 297
158 325
159 340
159 350
160 349
160 406
161 410
162 486
163 195
164 181
165 341
167 351
168 194
168 456
168 489
169 181
169 280
170 450
171 385
173 334
173 360
173 494
174 490
175 307
176 490
177 228
177 241
179 254
179 307
179 498
180 292
181 408
182 250
183 235
184 233
184 363
185 257
185 293
185 335
186 332
186 377
187 264
187 411
187 464
188 257
188 320
188 448
188 499
190 210
191 299
191 313
191 374
192 367
193 335
193 418
194 335
194 497
195 214
196 280
197 255
198 454
201 403
201 481
201 492
202 293
204 364
206 285
206 446
207 362
207 399
208 380
208 407
209 487
210 235
210 255
210 476
211 493
212 386
212 427
214 232
214 438
214 462
215 277
216 225
216 425
217 244
217 331
217 365
218 412
218 442
220 376
221 229
221 278
221 358
221 455
222 275
222 356
223 273
223 406
223 462
223 499
226 419
227 474
228 388
231 235
231 327
231 421
234 246
234 466
235 391
236 398
237 309
238 321
239 278
239 350
239 394
240 388
240 424
241 376
241 480
242 383
243 308
243 471
243 494
245 439
245 460
248 339
249 279
250 300
251 409
252 407
252 498
253 488
255 346
256 281
256 442
258 405
259 380
260 440
261 405
263 348
264 454
265 364
265 415
265 451
266 286
267 382
269 277
269 343
269 409
270 317
272 444
274 299
275 431
276 354
277 455
278 322
278 323
278 466
279 334
283 367
284 457
287 317
288 443
289 455
290 334
292 339
293 295
293 496
294 297
295 390
295 479
297 298
301 307
301 411
302 336
302 480
302 495
303 493
304 375
305 434
306 430
306 477
307 348
311 408
313 336
313 389
314 405
316 476
322 387
323 473
324 327
325 331
326 365
326 377
327 450
328 331
328 375
329 343
332 424
332 451
333 379
333 414
334 372
334 387
334 424
336 486
340 348
341 355
341 360
341 419
341 464
342 423
342 462
344 475
345 442
346 474
350 402
351 409
352 415
353 447
354 431
354 498
355 366
356 427
357 376
358 389
361 383
363 424
364 405
365 468
367 382
370 422
370 444
373 379
374 377
374 416
375 400
375 499
383 393
383 482
386 426
389 484
392 397
394 426
396 468
401 451
402 420
404 483
404 489
405 412
405 459
409 486
411 493
413 415
416 472
418 498
423 456
424 428
425 461
431 471
434 472
436 467
437 493
439 451
445 491
446 453
449 468
452 459
454 478
458 488
460 477
485 487
0
9 499
