500	626	 1
0 185
0 217
0 277
0 340
0 464
1 166
1 240
2 57
2 454
2 491
3 431
4 447
5 91
5 124
5 137
5 255
6 317
7 462
8 68
8 111
8 148
9 396
9 422
10 108
10 237
10 382
11 41
11 287
12 173
13 341
14 138
14 154
14 195
14 374
14 430
15 20
15 27
15 59
16 30
16 231
16 250
16 444
17 21
17 479
18 41
18 222
18 372
19 143
19 196
20 188
20 355
22 366
23 44
23 301
24 402
25 207
25 228
25 432
25 487
25 496
26 232
26 371
27 286
28 199
28 301
28 363
29 157
29 351
30 332
30 490
31 279
31 491
32 357
33 69
33 173
34 75
34 124
34 216
35 119
35 167
35 387
35 428
36 161
37 248
37 475
38 69
38 386
39 118
39 273
39 491
40 153
40 283
40 344
40 472
42 111
42 317
42 399
43 314
44 96
44 318
45 259
45 466
46 68
46 138
46 345
47 364
48 331
48 384
49 237
50 67
50 395
51 336
51 496
52 95
52 246
52 465
52 479
52 486
53 103
53 281
54 92
54 99
54 163
54 319
54 411
54 496
55 88
55 466
56 185
56 240
57 103
58 162
58 264
58 425
59 119
59 356
60 75
60 213
60 270
61 122
61 153
61 166
61 298
62 187
62 200
62 311
63 264
63 329
63 346
63 352
64 122
65 175
65 220
65 338
66 261
66 307
67 136
67 268
67 430
68 211
68 311
68 453
69 108
69 136
69 146
69 201
69 323
69 435
70 112
70 120
70 374
70 485
71 81
71 235
72 227
72 450
73 434
74 99
74 196
75 193
76 243
76 484
77 169
77 463
78 109
78 150
78 197
78 374
79 464
80 94
80 366
81 117
81 421
82 157
83 428
84 237
85 436
86 125
86 263
86 285
86 306
86 483
87 315
88 288
88 435
89 104
89 262
89 410
90 320
91 129
91 214
91 333
92 230
92 300
92 303
92 398
93 408
95 396
95 417
95 434
95 486
96 231
96 490
97 285
97 368
98 379
99 203
99 263
100 432
101 229
101 264
101 342
102 128
104 258
104 399
105 357
105 447
106 159
106 179
106 265
107 300
107 451
109 121
109 131
109 190
109 334
109 375
110 210
111 413
113 261
114 256
114 417
114 494
115 142
115 180
115 400
116 378
116 380
118 138
119 221
120 322
121 248
121 454
122 320
123 396
124 222
124 347
126 142
126 358
127 156
127 208
127 451
128 212
128 218
128 394
128 402
129 358
129 493
130 238
131 360
131 426
131 438
132 163
132 254
132 340
132 381
132 415
133 238
134 372
134 376
135 184
136 144
137 284
138 210
139 227
139 248
140 282
141 235
141 397
142 403
143 370
144 396
145 249
146 307
146 351
147 286
147 334
147 354
149 165
149 199
149 313
150 408
150 481
151 307
151 405
152 359
152 432
152 466
153 491
154 345
154 401
154 410
155 254
155 432
156 270
156 480
157 421
158 292
158 375
159 218
159 450
160 204
160 233
160 363
161 323
161 492
162 305
163 266
163 412
164 210
164 384
165 411
166 225
167 258
167 265
168 175
168 300
169 194
169 323
169 393
169 401
170 186
170 212
170 315
171 182
171 223
171 271
172 177
172 238
174 351
174 379
174 440
174 498
175 286
175 308
175 469
175 474
176 291
177 478
178 460
180 221
181 236
181 310
182 196
182 239
182 439
183 202
184 214
184 393
185 189
186 423
187 310
187 385
187 407
187 449
188 312
189 379
189 467
189 495
191 299
191 435
192 254
193 327
195 328
195 459
196 267
197 386
198 373
198 428
200 431
202 264
202 329
203 258
204 223
204 244
205 268
205 402
205 425
205 429
205 490
206 469
207 353
207 387
207 407
208 404
208 452
209 361
209 389
209 486
210 276
210 336
210 390
210 497
212 342
213 230
213 442
214 441
215 351
215 468
217 392
218 271
218 286
218 422
219 221
220 333
220 394
220 419
222 354
222 433
222 441
223 231
223 341
223 434
224 391
225 232
225 436
226 384
226 400
226 486
228 396
229 469
230 466
232 275
232 350
232 464
233 364
233 383
233 450
234 282
235 370
236 443
237 276
238 486
241 421
242 269
242 273
242 437
243 370
243 482
245 335
245 338
245 361
245 408
245 477
247 253
247 459
247 487
249 274
249 366
250 270
250 443
251 346
252 493
256 279
256 316
257 365
258 346
259 445
260 390
261 365
264 351
265 329
266 338
267 351
267 470
270 461
272 439
274 346
274 389
274 421
277 292
277 497
278 407
278 414
278 444
279 287
279 472
280 379
281 335
282 332
282 370
282 409
283 438
283 488
284 301
284 397
285 445
287 422
287 446
288 462
289 363
290 369
290 491
291 367
292 321
293 351
294 428
295 393
296 342
297 320
298 336
298 339
298 425
301 387
302 333
302 334
304 367
305 366
305 373
306 478
308 415
309 493
311 329
311 416
312 337
312 413
314 466
314 497
316 325
317 341
318 455
318 473
319 368
319 499
321 325
321 399
322 350
322 435
324 433
325 375
326 473
328 417
330 427
330 452
331 348
332 421
333 342
333 377
334 357
337 358
337 375
337 471
338 420
339 467
343 497
344 358
348 385
349 485
350 483
353 451
355 471
358 395
361 426
362 487
363 394
365 434
367 435
368 395
370 384
372 418
372 428
373 382
374 458
375 490
376 457
380 439
383 436
385 479
388 412
388 453
389 403
391 406
391 490
392 492
395 397
399 406
399 420
411 426
412 467
413 451
417 459
417 475
418 449
418 473
423 441
424 448
424 485
439 456
440 452
445 457
451 463
451 478
453 491
457 489
460 490
461 476
0
9 499
