500	622	 1
0 201
0 350
1 54
2 106
2 190
3 246
4 105
4 146
4 171
4 276
4 282
4 382
4 406
5 63
6 215
7 68
7 223
7 291
7 415
8 55
8 193
8 252
8 263
8 409
9 425
9 499
10 357
10 471
11 372
12 43
12 72
12 129
12 216
12 382
13 26
13 200
13 265
14 34
14 98
15 128
15 135
15 146
15 320
16 300
16 477
16 479
17 153
17 284
17 288
17 436
18 92
18 151
18 268
19 91
19 126
19 193
19 263
19 313
20 55
20 132
20 279
20 388
21 99
21 149
21 257
22 89
22 116
22 123
22 290
22 392
23 64
23 125
23 257
23 419
24 396
25 85
25 104
26 432
27 159
27 263
28 235
29 314
30 234
30 350
31 56
31 363
32 62
32 131
32 381
33 58
33 194
33 225
33 307
34 401
35 404
35 409
36 191
37 296
38 53
39 228
40 110
41 52
41 243
41 422
42 159
43 420
44 153
44 162
44 210
44 314
45 101
45 317
46 133
46 276
46 436
47 474
48 164
48 237
49 207
49 298
49 453
50 280
50 310
50 434
50 455
51 70
51 100
51 351
52 157
53 104
53 347
53 440
54 95
54 472
56 68
56 156
56 185
57 270
57 437
57 475
58 112
58 152
58 202
58 315
58 487
59 274
60 248
60 386
60 430
61 161
61 343
62 146
62 349
62 421
63 329
63 450
64 82
64 345
64 390
64 459
65 265
66 243
66 258
66 466
67 140
68 124
68 398
68 435
69 316
69 342
70 107
71 162
72 365
72 367
73 463
74 369
74 478
75 115
75 160
76 395
76 403
76 439
77 372
78 126
78 175
78 259
78 384
78 434
79 387
80 219
80 319
81 396
82 239
82 423
82 429
83 178
83 389
83 412
84 311
84 372
84 394
84 402
85 220
86 423
87 117
87 238
88 200
88 441
89 219
90 324
90 480
91 279
91 464
93 113
93 134
93 395
93 492
94 273
94 382
95 347
96 135
96 285
96 380
96 456
97 227
98 165
100 165
100 220
100 400
101 132
101 484
102 455
103 138
103 208
103 242
103 322
103 392
103 460
104 376
104 468
106 297
107 160
107 250
107 427
108 284
108 465
109 258
109 349
109 364
109 417
109 488
109 491
110 278
111 359
113 157
113 435
114 170
114 273
116 133
116 482
117 194
118 224
118 364
119 343
120 250
120 268
120 459
121 201
121 292
121 386
122 191
123 368
124 188
124 351
124 372
125 309
125 424
126 189
127 497
130 139
130 190
130 458
131 295
134 278
135 216
135 384
135 434
135 449
136 186
136 196
137 160
137 354
137 364
137 428
138 146
138 292
138 435
138 448
139 337
139 384
140 163
140 377
140 481
141 160
141 388
142 338
142 460
142 475
143 155
143 332
143 447
144 165
144 240
144 264
145 195
145 301
145 337
146 173
146 191
146 253
147 218
147 254
147 412
148 154
148 161
148 378
148 459
149 342
149 457
150 344
151 369
151 486
152 382
152 449
152 472
155 479
156 192
158 225
158 360
159 406
160 245
160 294
160 402
161 362
162 329
163 263
164 431
165 206
166 246
166 416
167 236
168 220
169 212
169 318
170 174
171 262
171 312
172 191
172 233
172 296
173 268
174 301
176 398
177 297
177 397
177 435
178 201
178 469
179 266
179 426
180 223
181 398
182 193
182 214
182 258
182 301
182 366
183 384
184 197
185 210
185 276
186 257
186 361
187 263
187 274
188 235
189 261
189 339
190 236
190 308
191 325
191 367
191 486
192 205
192 206
192 391
192 470
193 261
193 304
195 407
196 475
197 356
197 378
197 431
198 329
198 350
199 393
199 445
200 222
200 490
201 495
202 380
203 368
204 221
205 322
206 274
206 417
206 428
206 496
207 213
209 358
210 272
211 417
211 423
212 444
213 277
214 226
214 474
215 436
216 352
217 251
218 219
219 299
219 342
220 358
220 491
221 222
221 387
222 267
222 287
223 270
223 439
223 482
225 362
225 411
226 291
226 442
226 487
227 340
228 324
228 441
229 446
229 450
230 254
230 306
230 370
231 418
232 321
232 438
235 473
240 355
240 471
241 312
241 371
243 297
244 359
244 362
244 395
245 462
247 284
247 384
249 425
249 456
250 371
250 379
251 447
251 475
252 447
254 291
254 477
255 324
255 339
256 346
257 360
258 433
260 274
260 348
260 403
261 498
263 495
265 393
267 269
267 271
270 305
271 349
272 295
272 477
273 293
273 356
273 460
274 311
274 316
275 314
276 454
276 489
277 364
279 345
279 415
279 426
279 499
280 461
281 379
281 405
283 469
286 335
286 344
287 446
289 379
290 306
290 373
290 490
291 375
292 302
292 467
293 379
293 408
293 413
293 489
296 315
297 477
299 479
302 476
303 383
304 414
305 375
308 370
308 451
315 333
317 391
318 383
319 331
319 481
320 465
321 499
323 344
324 397
324 432
324 440
324 450
326 386
327 365
327 393
328 498
329 418
330 460
331 436
334 369
335 390
335 438
336 370
336 406
337 423
338 390
339 405
340 451
341 343
346 360
346 461
351 456
351 477
353 438
354 398
355 380
357 493
358 408
359 376
359 471
363 390
363 402
363 419
363 444
364 406
366 385
368 386
368 469
369 442
370 373
374 442
377 394
377 496
378 391
379 430
380 483
382 494
385 449
386 442
387 414
391 396
394 396
397 437
399 434
399 490
404 493
406 476
409 443
410 436
411 443
412 447
416 472
423 478
423 489
424 463
426 445
430 474
430 494
441 444
447 448
447 485
452 492
453 492
464 497
470 473
0
9 499
