500	637	 1
0 390
1 25
1 236
1 248
1 304
1 410
1 421
1 498
2 463
2 477
3 55
3 154
3 416
3 417
4 33
5 96
6 189
6 231
6 291
6 294
7 16
7 116
7 473
8 229
8 230
8 353
9 198
9 363
10 71
10 151
10 264
11 130
12 16
12 450
13 116
14 27
14 103
14 147
14 202
15 295
16 158
16 278
16 367
17 499
18 48
18 258
19 53
19 283
19 446
19 471
20 100
20 101
20 238
20 279
21 177
21 429
22 116
22 339
22 419
23 44
23 80
23 342
23 389
24 174
24 232
24 453
25 304
26 140
26 147
27 35
27 173
27 192
27 266
28 212
28 235
28 275
28 427
29 378
29 396
29 496
30 117
30 254
30 343
31 109
31 224
32 290
33 194
33 287
33 294
33 298
33 437
34 61
34 321
34 348
35 116
35 375
35 489
36 112
36 404
37 444
38 161
38 238
38 398
39 175
39 467
40 135
40 423
41 161
41 332
41 398
41 469
42 386
43 328
43 349
43 374
44 182
44 391
45 470
46 370
47 205
47 381
47 405
47 465
48 179
48 217
48 341
48 374
48 433
49 169
49 325
50 85
50 217
50 305
50 306
50 366
51 412
51 460
52 259
53 268
54 56
54 485
55 208
55 241
55 266
55 437
56 128
56 237
57 178
57 459
57 480
58 344
58 349
58 382
59 347
60 67
60 200
62 176
62 291
62 299
63 95
63 145
63 219
64 404
65 251
65 280
65 357
66 76
66 141
67 168
68 120
68 309
68 329
69 81
69 90
69 102
69 230
69 376
70 234
70 238
71 175
71 326
72 122
72 244
72 402
73 237
73 289
73 450
74 121
74 245
74 289
74 438
75 404
76 282
76 323
76 448
77 492
78 248
78 365
78 392
79 356
79 369
81 98
81 111
81 323
82 233
83 383
84 155
84 415
84 425
85 93
85 253
85 409
85 454
86 370
86 392
87 212
87 295
88 294
88 349
88 410
89 386
89 451
90 104
90 324
90 395
91 177
91 236
91 245
92 184
92 327
92 450
93 320
94 486
95 218
95 240
96 172
96 187
96 399
97 274
98 458
99 273
99 343
99 470
100 273
102 407
103 337
103 460
104 194
104 331
105 204
105 317
105 427
106 112
107 347
108 198
108 210
108 214
108 259
108 379
109 499
110 123
110 132
110 143
111 407
111 439
112 228
113 238
113 347
113 421
114 153
114 219
115 141
115 143
115 154
118 134
118 221
118 330
119 153
119 206
119 363
120 287
121 301
121 421
122 377
123 357
123 449
124 423
125 265
126 318
127 208
127 342
128 252
128 443
129 368
129 468
130 435
131 135
131 160
133 183
134 354
135 358
135 393
136 141
137 365
138 171
138 210
139 282
139 331
140 170
140 314
141 156
141 189
141 304
142 418
143 218
143 264
143 390
144 351
145 302
145 335
145 409
146 169
147 287
148 248
148 316
148 398
148 403
148 492
149 227
149 327
149 452
149 455
150 267
150 281
151 264
151 337
152 238
153 371
157 322
157 341
157 380
157 415
158 183
159 450
160 275
160 414
160 493
161 248
161 262
161 294
162 498
163 498
164 217
164 299
164 395
165 384
166 172
167 296
169 196
169 346
170 199
170 225
170 261
170 337
172 201
172 362
174 229
174 308
174 483
175 347
175 426
176 337
177 274
177 350
178 386
180 276
180 400
180 499
181 215
181 288
181 388
181 493
182 187
183 223
183 485
184 217
184 402
185 315
186 330
188 382
188 395
189 227
189 305
189 313
190 295
190 368
191 331
192 290
192 307
192 350
192 387
192 422
193 458
194 252
195 459
196 318
196 431
196 461
197 341
197 420
198 479
199 265
199 279
200 301
201 300
202 314
203 284
203 439
204 376
205 229
205 257
206 251
207 445
209 334
209 470
210 263
210 306
210 399
211 306
211 456
212 284
212 314
213 398
213 464
213 492
214 389
216 291
217 354
218 292
219 330
219 379
220 325
220 391
220 423
220 431
221 316
221 334
221 489
222 431
223 373
223 476
224 443
225 268
226 316
227 479
228 307
228 369
228 440
228 491
229 282
229 458
232 340
232 413
232 462
233 467
233 495
234 303
235 250
235 317
236 295
236 306
236 356
236 478
237 327
237 413
238 260
238 361
239 255
239 497
240 271
240 336
241 368
242 329
243 412
245 324
245 337
246 416
247 403
247 405
247 490
248 366
249 420
250 345
250 442
251 486
253 290
254 337
254 434
254 465
256 480
257 492
258 468
259 275
259 350
261 481
262 490
263 327
265 431
268 269
270 341
272 355
272 373
277 329
277 360
278 366
278 436
280 315
280 383
281 471
281 496
282 418
285 398
286 360
287 423
288 417
289 487
290 318
291 457
292 348
292 468
293 360
296 349
297 394
300 382
300 471
303 452
303 468
304 382
304 394
304 497
306 332
309 386
310 361
311 428
312 341
312 432
313 345
313 484
315 370
317 445
317 477
319 410
320 460
323 447
324 335
324 406
324 457
326 372
327 473
329 418
331 386
333 342
333 393
334 434
334 444
335 424
338 364
338 366
338 461
340 460
340 472
343 452
343 497
344 366
344 404
344 482
347 445
349 390
351 453
352 376
353 364
353 377
353 421
353 443
354 380
355 472
358 444
359 393
361 401
361 487
364 376
364 381
367 409
369 401
369 461
372 385
373 417
376 466
378 426
379 440
380 499
382 435
383 413
384 386
384 432
384 492
388 459
390 475
393 402
393 411
394 468
395 424
397 399
405 494
406 450
408 471
411 470
412 428
412 491
419 430
421 450
421 481
422 481
423 466
425 442
441 445
443 473
444 478
445 465
447 459
447 488
451 470
465 483
470 474
471 485
471 491
487 488
0
9 499
