500	606	 1
0 405
1 289
1 488
2 132
2 188
2 363
2 389
3 295
3 343
3 350
4 139
4 262
4 317
5 158
5 394
5 397
5 462
5 489
6 231
6 315
6 317
7 250
7 277
8 478
9 414
9 438
9 465
10 65
10 330
11 466
12 185
12 213
12 237
12 420
12 460
12 483
13 161
13 207
13 316
14 155
14 278
14 331
14 393
15 338
16 299
16 497
17 29
17 276
18 80
18 161
19 56
19 391
19 475
20 212
20 413
20 421
20 493
21 76
21 156
22 105
22 240
22 411
22 412
22 413
22 425
23 127
23 451
24 39
24 200
24 286
24 397
25 30
26 88
26 249
27 37
27 96
27 131
27 182
27 190
27 247
27 373
27 435
28 106
28 191
29 399
30 142
30 164
30 415
31 208
31 238
32 433
33 292
34 107
34 355
35 225
35 458
36 70
36 290
37 256
37 310
38 43
38 125
38 138
38 472
38 482
39 364
40 48
40 272
40 346
41 221
41 484
42 126
42 279
42 309
42 365
44 149
44 193
45 95
45 131
46 214
47 225
47 318
48 160
48 223
48 233
48 303
48 453
49 182
49 312
49 367
50 229
50 369
51 165
51 204
51 209
51 311
51 339
52 181
52 190
53 68
53 457
54 205
54 381
55 122
55 492
56 326
57 68
58 250
58 299
58 341
58 427
58 483
59 346
60 89
60 498
61 297
62 372
63 93
63 220
63 325
64 403
64 457
66 199
67 344
68 407
69 104
69 169
69 179
70 194
70 208
70 268
70 405
71 120
71 222
71 223
72 99
72 330
73 393
73 422
73 430
74 88
74 458
75 250
75 344
76 149
76 476
77 120
77 359
77 466
78 109
79 249
79 438
79 458
80 288
80 407
81 158
81 226
82 85
82 397
83 101
83 174
83 391
83 417
83 440
84 279
85 119
86 257
86 353
86 441
87 193
87 453
88 340
89 184
89 273
90 292
91 296
92 436
94 123
94 255
94 278
94 299
94 303
94 355
96 421
96 441
97 129
97 329
97 348
97 349
98 137
98 150
98 262
99 237
100 186
102 112
102 226
102 396
103 276
103 342
103 359
103 375
103 447
105 300
105 316
105 455
106 364
107 110
107 176
107 215
107 349
108 287
108 304
109 181
109 194
110 429
110 482
111 167
111 248
111 249
111 304
113 232
113 479
114 256
114 338
114 351
114 459
115 256
116 464
117 166
117 249
117 354
117 378
117 386
118 132
118 486
119 299
121 142
121 151
121 329
121 473
123 301
124 319
124 345
124 463
125 150
125 205
125 299
125 401
125 423
126 495
127 440
128 188
128 385
130 197
130 499
131 279
132 225
133 351
134 471
135 242
135 254
136 145
136 407
138 270
139 357
140 159
141 194
141 314
141 428
141 485
143 473
144 223
145 165
145 399
146 187
146 273
147 298
148 202
148 251
148 296
149 339
149 439
149 496
150 208
150 421
152 248
152 474
153 319
154 277
155 379
156 186
156 194
157 237
157 315
158 189
158 377
158 399
159 457
159 481
161 307
161 339
161 473
162 490
163 210
163 211
163 407
163 408
164 259
164 309
165 476
166 228
166 248
167 353
168 419
169 397
170 333
170 454
171 402
172 300
172 441
172 494
173 277
173 361
173 392
174 253
175 261
175 321
175 349
176 205
177 351
178 336
179 274
179 318
180 193
180 348
180 390
181 285
182 218
182 295
182 319
183 240
183 458
184 413
185 362
185 404
186 332
187 354
188 300
188 343
191 442
192 483
193 400
194 282
194 419
195 436
195 474
196 236
197 346
197 436
198 265
198 345
198 391
198 434
199 435
200 246
200 334
200 365
200 418
201 446
202 376
203 399
204 233
204 422
206 265
206 498
207 267
208 409
208 475
210 321
210 344
210 359
211 217
211 452
211 490
212 315
214 250
215 391
216 400
217 462
219 381
221 336
221 341
222 446
223 431
224 250
224 454
225 233
225 254
225 269
226 349
227 486
229 251
229 483
230 427
230 499
231 338
232 236
232 486
234 241
234 493
235 462
236 279
238 418
239 305
241 482
242 441
243 393
243 413
243 464
243 477
244 457
245 394
248 443
251 320
251 360
251 376
252 480
253 258
253 404
254 453
256 280
258 284
258 465
260 385
262 348
262 411
263 309
263 431
264 481
266 428
266 470
270 324
270 400
271 310
271 321
272 388
272 404
274 311
275 488
278 374
281 350
283 474
284 435
286 395
287 297
289 407
289 415
289 444
291 297
291 335
292 368
292 482
293 325
293 443
294 370
294 392
295 305
295 306
295 383
298 380
302 362
304 329
305 463
306 385
306 389
306 466
308 485
309 313
311 386
314 317
316 486
317 439
317 495
318 462
319 432
321 354
322 476
323 398
323 428
324 432
324 475
325 473
327 445
328 375
332 425
333 380
333 446
333 479
333 495
334 360
336 344
337 349
337 450
338 379
338 396
340 358
343 488
347 397
347 426
349 490
351 471
352 464
356 450
357 424
357 469
358 372
358 456
361 448
365 486
365 491
366 381
366 428
366 479
366 489
371 373
371 430
371 451
372 413
373 400
373 462
373 465
376 433
379 454
381 419
382 395
383 416
384 423
384 453
387 472
391 461
392 474
397 468
402 474
403 406
404 432
407 456
409 478
410 428
410 476
412 434
412 480
424 463
424 468
430 445
437 492
438 482
441 487
442 490
448 464
449 471
455 464
456 467
459 472
461 481
463 484
486 492
0
9 499
