500	645	 1
0 42
0 308
0 413
1 30
1 112
1 242
1 262
1 470
2 155
2 315
3 227
3 373
3 411
4 45
4 62
4 109
4 274
4 322
5 51
6 128
7 12
7 287
7 391
8 297
8 420
9 453
10 45
10 187
11 53
11 279
11 496
12 86
12 226
12 308
12 371
13 28
13 174
13 206
13 307
14 454
15 269
16 100
16 102
16 483
17 283
18 219
19 194
19 485
20 244
21 218
21 461
22 233
23 45
23 414
24 390
25 432
26 430
26 478
27 316
28 382
29 293
29 339
29 384
29 498
30 270
31 50
31 121
31 284
31 325
31 449
32 349
32 414
33 127
33 155
33 170
33 176
33 186
34 334
34 362
34 382
35 162
36 307
36 312
36 318
37 204
37 215
37 415
38 53
38 252
38 306
38 419
39 388
40 304
41 195
41 198
42 205
42 249
43 166
43 310
43 457
44 78
44 315
45 95
45 136
45 372
45 433
46 293
46 389
47 222
47 302
48 128
48 185
49 210
49 430
50 315
51 169
51 221
51 246
51 343
52 66
52 451
53 129
53 271
54 108
54 185
55 130
55 408
55 454
56 117
56 276
57 175
57 325
57 386
58 170
58 302
58 366
59 229
59 279
60 93
61 212
61 235
61 492
62 173
62 242
62 252
63 286
64 156
64 180
64 192
64 234
64 255
64 321
64 383
64 439
65 259
65 280
66 160
66 261
66 267
66 408
66 484
67 443
67 498
68 155
68 186
68 410
69 130
69 266
69 278
70 92
70 157
70 182
71 89
71 355
71 483
71 491
72 214
72 302
72 358
73 114
73 257
74 205
74 237
74 243
75 124
75 379
75 436
76 204
77 197
78 151
78 484
79 125
80 235
80 368
81 211
81 341
82 285
82 379
83 299
83 347
84 295
84 304
85 153
85 268
87 170
87 319
88 340
89 93
90 333
90 389
91 123
91 173
91 253
92 416
93 194
93 231
94 314
94 361
95 232
95 327
96 142
96 161
96 293
96 294
96 301
97 235
97 265
98 442
98 494
99 291
99 330
100 111
100 454
100 475
100 479
101 465
101 480
103 143
103 275
104 356
104 378
104 425
105 106
106 304
106 393
107 246
108 314
109 484
110 296
110 472
111 215
113 177
113 216
113 270
115 189
115 317
116 365
116 451
118 198
119 243
120 138
120 301
120 396
120 499
121 434
122 239
122 361
122 440
122 464
123 187
124 453
125 159
126 202
126 414
127 236
128 201
128 394
129 250
129 262
129 297
129 364
130 264
130 322
131 435
132 352
133 182
134 270
134 457
134 485
135 190
135 208
136 403
136 425
137 333
138 207
138 260
138 385
139 480
140 388
140 439
141 174
141 181
141 242
142 248
142 334
142 349
142 497
143 363
144 454
145 286
145 396
146 204
146 323
147 241
148 249
148 261
148 314
149 203
149 431
150 453
151 166
151 311
151 348
151 367
151 447
152 484
153 230
153 254
153 363
154 224
155 380
155 456
156 381
157 215
157 468
158 295
159 199
159 455
160 380
160 395
162 289
163 229
163 491
164 175
164 177
164 182
164 398
165 311
166 176
167 314
168 240
168 307
168 466
168 472
169 265
170 321
171 225
171 433
172 450
174 257
176 421
176 435
176 449
177 358
178 282
178 313
179 304
179 400
180 181
180 206
180 360
181 268
181 336
181 471
182 376
182 449
183 247
184 266
184 337
184 346
184 353
184 418
185 242
186 367
186 476
188 196
188 418
189 496
190 446
190 498
191 256
191 303
192 207
192 346
192 374
193 280
193 406
195 214
195 273
195 278
195 377
195 456
196 313
196 482
197 251
197 301
198 342
199 258
199 377
199 438
200 243
201 465
201 490
202 363
202 366
203 420
205 234
207 271
208 372
209 473
209 474
211 348
211 395
211 433
212 295
213 332
215 326
215 337
215 381
216 282
217 253
217 451
218 365
219 277
220 292
221 424
221 483
221 492
222 251
222 298
223 242
223 467
224 332
224 341
224 355
224 371
224 375
225 231
226 489
228 440
229 385
230 469
232 357
233 354
233 499
234 376
236 296
237 334
237 494
238 389
238 462
239 350
239 353
239 416
240 412
241 323
242 445
243 270
243 498
244 292
244 388
244 396
245 395
246 426
247 331
247 435
250 287
251 392
251 420
252 298
253 282
256 276
256 361
256 464
257 472
258 367
259 439
259 468
260 400
262 307
263 352
263 373
263 497
265 377
266 459
266 481
267 492
269 333
271 279
271 331
272 345
273 336
273 428
275 325
275 348
276 359
276 421
277 290
277 368
278 407
279 309
281 295
282 348
282 485
283 302
283 335
285 352
285 409
286 340
286 370
286 473
286 474
286 478
288 340
288 493
289 368
290 496
291 354
291 477
293 358
294 403
294 437
295 397
296 317
296 389
296 422
296 472
298 342
299 341
299 462
300 304
301 351
304 385
304 405
305 306
306 370
306 429
310 324
313 412
313 451
314 414
315 463
315 498
316 394
317 326
317 467
319 426
320 330
321 409
324 360
324 407
324 415
324 474
326 412
327 477
328 479
329 339
330 478
331 484
332 355
334 369
335 336
335 463
337 417
337 430
338 375
343 444
344 469
345 452
346 460
352 420
352 454
353 415
353 495
354 388
355 451
356 474
358 411
359 481
360 423
361 415
363 390
364 365
364 471
365 406
366 482
369 463
371 378
372 494
373 401
373 456
375 422
377 446
378 490
380 418
382 483
386 438
387 488
390 472
394 408
394 457
399 420
399 427
401 461
402 426
404 476
407 494
413 469
414 469
414 490
414 492
414 494
417 432
417 486
421 441
422 468
422 481
424 472
428 443
428 477
430 436
430 450
440 458
444 474
448 451
452 460
455 477
461 478
462 493
465 489
468 499
478 481
482 488
487 490
488 498
0
9 499
