500	621	 1
0 99
0 210
0 441
1 64
1 135
1 205
2 221
3 247
3 301
4 157
4 319
5 107
6 32
6 50
6 395
6 432
7 301
8 67
8 387
9 437
10 407
11 252
12 91
12 124
12 146
12 230
12 423
13 186
14 132
14 157
14 466
15 107
15 334
16 350
17 228
18 40
19 165
19 243
20 129
20 212
20 274
21 111
21 176
21 465
22 315
22 393
23 68
23 86
23 140
23 466
23 482
24 404
25 34
25 73
25 418
26 394
27 56
27 388
27 477
28 160
28 203
28 384
29 470
30 184
30 308
30 312
30 408
30 426
31 66
31 137
31 162
31 333
33 47
33 201
35 157
35 175
35 259
36 99
36 156
36 279
36 288
36 380
37 305
38 451
39 499
40 170
40 218
40 231
40 467
41 158
41 248
41 326
41 460
42 83
42 146
42 182
42 385
42 441
43 122
43 290
43 338
44 386
45 106
45 306
46 52
46 217
46 484
47 240
48 85
49 73
49 262
49 345
50 236
50 318
51 64
51 323
52 415
53 197
54 55
54 128
55 81
55 103
55 226
56 157
57 259
57 333
58 95
58 104
58 175
58 280
59 183
59 381
60 292
60 298
60 309
61 152
61 265
62 86
62 97
62 230
62 325
63 118
63 316
63 459
64 216
64 335
65 92
65 233
65 270
66 172
67 125
67 266
67 377
68 382
69 194
70 72
71 237
71 414
72 116
72 246
72 431
72 452
73 74
73 251
73 366
74 406
75 171
76 213
76 402
76 419
77 362
77 389
78 337
78 369
78 486
79 156
79 214
80 149
81 242
82 231
83 346
83 483
84 134
84 277
85 346
85 347
86 89
86 141
86 255
86 499
87 194
87 224
88 165
89 176
89 184
89 311
89 364
90 324
90 344
90 382
90 383
91 150
91 483
92 101
92 109
92 442
93 346
94 121
94 153
94 422
96 349
97 403
98 423
98 433
99 283
100 219
101 222
101 271
101 404
102 273
102 440
103 370
105 465
106 397
107 183
108 170
108 315
108 468
109 206
109 283
109 390
109 478
109 488
110 252
110 453
111 145
112 137
112 452
112 459
113 300
114 191
114 322
115 453
116 356
117 304
117 467
119 246
119 468
120 189
120 213
120 284
121 220
121 487
122 246
123 413
123 475
124 400
126 287
127 207
127 464
128 455
129 346
129 402
130 336
131 308
132 451
133 171
134 154
134 202
134 339
134 390
134 480
135 231
136 275
136 358
136 372
137 166
137 379
138 349
138 415
139 271
141 208
141 411
142 267
143 167
143 366
144 299
144 336
144 387
144 489
145 341
147 222
147 270
147 364
148 229
148 293
148 378
149 298
150 312
150 353
150 453
151 198
151 232
151 233
151 485
152 338
152 371
152 479
153 168
153 375
154 276
155 337
155 344
156 168
156 338
156 340
157 348
158 262
158 265
159 453
160 184
160 249
160 352
161 299
161 405
161 428
162 457
162 470
163 477
164 230
164 479
166 290
167 494
168 199
169 320
169 329
169 359
169 455
170 387
171 400
171 424
172 229
173 252
173 372
174 236
174 352
174 391
175 249
176 306
177 186
177 284
177 473
177 492
178 259
178 366
179 235
180 345
181 416
182 225
182 361
183 302
183 417
183 435
183 464
184 195
185 232
185 238
186 449
187 454
188 309
188 310
190 332
191 358
191 371
191 385
191 470
192 274
192 291
193 232
194 299
194 497
195 250
196 344
197 291
197 452
197 463
198 445
199 312
200 294
200 413
200 418
202 397
202 421
204 271
204 461
205 436
206 319
207 243
208 279
208 481
209 229
210 227
211 288
211 404
211 497
212 401
214 476
214 495
214 496
215 232
215 351
217 226
217 289
218 257
218 331
219 467
220 394
221 261
221 459
223 266
223 454
224 449
225 307
225 377
226 320
226 398
226 423
228 247
228 347
229 301
232 475
232 485
233 380
234 433
235 414
235 448
235 486
236 435
237 352
238 346
238 495
239 337
240 335
240 483
241 425
241 454
243 284
243 340
244 248
245 385
246 403
247 407
247 416
248 383
248 461
250 463
250 469
252 470
253 301
254 267
255 366
256 402
258 463
259 452
260 365
261 417
263 313
263 364
264 432
264 497
265 411
266 382
267 441
268 296
268 459
269 287
269 439
270 384
272 325
272 453
273 319
274 275
274 318
274 359
276 302
276 334
277 476
277 496
278 348
279 369
279 376
280 329
280 456
281 495
282 292
283 497
285 436
286 376
288 414
288 479
291 305
293 487
294 309
294 382
294 386
295 381
295 484
296 492
297 423
298 387
300 459
301 384
301 392
301 454
303 491
305 387
307 326
307 443
308 438
309 367
309 385
312 416
314 443
317 421
318 429
319 325
319 347
319 394
320 494
321 408
322 444
322 478
323 493
327 480
328 425
328 441
329 385
330 366
331 342
332 339
332 498
333 485
333 492
335 351
336 362
336 442
337 447
339 439
339 465
340 343
340 419
340 438
343 440
344 347
347 420
348 372
350 366
351 355
351 481
353 484
354 443
354 483
357 391
358 399
360 441
360 488
362 447
363 386
365 422
366 376
366 456
367 368
367 409
368 400
370 395
372 485
373 495
373 496
374 463
383 478
385 446
386 400
390 407
391 400
391 494
392 448
393 446
394 481
395 413
396 436
397 430
400 432
400 492
410 473
411 465
411 491
412 428
412 437
413 439
414 416
414 485
415 430
423 450
424 434
425 428
427 455
433 449
434 449
436 490
440 476
443 475
447 458
454 472
460 474
462 485
463 468
467 485
471 490
474 476
482 489
489 495
0
9 499
