500	624	 1
0 102
0 140
0 183
1 15
1 228
1 332
2 380
3 12
3 78
3 88
4 82
4 101
5 79
6 111
6 132
7 258
7 428
8 370
8 447
9 175
9 244
10 225
10 462
11 292
11 472
12 103
12 171
12 429
12 467
13 182
13 265
13 271
13 386
13 402
13 410
13 445
14 486
15 197
15 216
15 277
16 183
17 65
17 180
17 209
17 244
18 196
18 307
19 414
19 476
20 187
20 493
21 75
21 121
21 393
22 107
23 381
24 46
24 97
24 135
24 331
24 478
25 184
25 230
25 336
25 461
26 430
27 431
27 480
28 49
28 68
28 244
29 166
29 212
29 339
29 451
29 453
30 348
30 351
31 417
32 70
32 220
33 181
33 314
34 56
35 273
36 475
37 465
38 171
38 287
38 350
38 489
39 65
39 239
40 88
40 317
40 497
41 466
42 248
42 275
43 210
44 82
44 131
44 227
45 284
45 404
46 395
47 78
47 130
48 232
48 236
48 364
48 391
49 53
49 137
49 233
49 329
50 96
50 290
50 421
51 102
51 202
51 445
52 123
52 215
53 401
54 65
54 419
55 182
55 190
55 405
56 107
56 214
57 159
57 438
58 426
59 72
59 379
60 65
61 185
62 487
63 127
63 247
63 446
64 117
64 191
65 272
66 264
66 270
67 133
67 220
67 443
68 94
68 305
68 320
69 115
69 301
71 269
71 359
72 160
72 442
73 168
74 266
74 376
75 412
76 140
76 328
76 408
76 422
77 273
77 371
78 79
78 328
79 427
79 467
80 301
80 338
81 178
81 209
82 94
82 240
83 129
83 478
84 100
84 285
84 476
85 330
86 293
86 417
87 254
87 297
87 366
87 465
89 323
89 340
90 166
90 193
91 151
91 242
91 362
92 369
92 474
93 308
93 355
94 413
95 279
95 453
96 411
96 497
96 499
98 298
98 362
98 434
99 448
100 281
101 164
101 310
101 387
101 458
102 189
102 243
102 451
102 481
103 227
103 381
103 459
104 147
105 150
105 391
106 279
107 160
107 282
108 133
108 304
108 313
108 369
108 370
109 448
110 320
110 494
111 402
112 174
112 228
112 290
113 285
114 321
114 434
115 407
116 186
117 304
118 143
118 189
119 419
120 393
120 398
121 280
121 341
121 422
121 449
122 250
122 391
122 455
123 236
123 273
123 423
124 328
125 234
125 331
125 478
126 416
126 418
126 445
127 450
128 220
128 470
131 387
131 494
132 154
132 220
132 360
133 200
133 279
134 440
135 402
136 246
137 343
138 303
138 318
139 448
139 477
140 209
140 319
140 470
141 163
141 330
141 422
141 472
142 448
144 186
145 208
145 358
145 372
145 489
146 185
146 198
147 204
147 208
147 249
147 303
147 369
147 381
148 463
149 257
149 491
150 399
150 462
151 157
152 278
152 358
152 393
153 172
153 249
154 222
154 298
155 175
155 194
155 276
155 298
155 329
156 371
156 497
157 239
157 275
157 315
157 324
158 353
158 414
158 430
160 170
160 245
160 319
160 325
161 200
161 257
161 426
162 222
162 431
163 442
164 219
164 415
165 267
165 344
165 438
166 357
166 398
167 179
167 301
167 385
167 494
168 230
168 411
168 472
169 363
169 388
170 183
170 234
170 385
171 403
171 405
172 482
173 392
174 424
174 475
176 266
177 294
177 316
178 291
178 449
180 199
180 480
181 292
182 340
183 457
185 231
185 259
185 368
186 223
186 360
187 375
188 448
189 210
191 193
191 489
191 493
192 204
192 325
192 384
192 472
194 207
194 435
195 218
196 448
197 265
197 409
198 262
198 295
198 376
200 488
201 401
203 397
203 420
205 335
206 355
211 240
211 435
213 403
216 439
216 471
217 309
217 320
217 388
218 275
219 335
219 452
219 474
220 301
220 466
221 267
221 342
223 437
224 454
225 283
225 341
225 484
226 464
227 260
229 285
229 314
230 485
230 486
230 496
231 436
234 346
235 314
235 492
236 256
236 278
237 445
237 496
238 255
238 363
240 380
241 266
241 402
241 448
243 250
245 255
245 346
245 487
246 257
247 391
248 364
250 300
250 353
250 388
251 287
252 461
253 420
253 425
254 356
255 309
257 357
257 436
260 377
261 274
261 282
261 438
262 320
262 476
263 436
264 350
264 466
265 466
266 381
266 433
266 468
267 448
268 321
269 362
272 396
272 462
273 290
274 496
275 327
275 476
277 402
280 492
281 456
284 314
284 322
285 357
286 387
287 305
287 362
287 479
288 375
289 327
289 398
290 380
291 439
292 430
293 448
294 346
294 465
295 299
296 326
297 401
298 435
299 429
299 473
302 315
302 440
302 464
304 305
304 410
305 453
306 413
306 453
307 487
308 326
309 490
310 359
311 340
312 463
313 381
314 319
318 427
321 390
323 460
324 417
326 416
327 410
329 410
332 495
333 455
334 409
334 463
334 490
337 498
338 351
338 443
338 452
340 376
340 390
340 401
341 373
341 469
342 488
343 432
343 498
345 375
345 400
345 432
345 448
345 482
347 356
347 465
349 449
349 491
352 447
352 490
354 402
356 471
359 423
359 482
360 443
360 452
361 449
361 482
362 428
365 393
366 371
367 457
368 406
368 439
369 451
374 389
375 440
376 395
378 479
380 394
381 425
381 444
382 417
383 485
385 414
386 470
389 397
390 493
391 454
392 394
392 443
394 405
397 465
397 487
401 406
403 445
404 489
411 483
413 448
419 450
424 441
424 474
427 451
433 474
436 471
436 477
437 471
446 499
447 452
454 474
456 483
460 489
466 471
482 499
0
9 499
