500	619	 1
0 321
1 218
1 300
2 213
2 307
3 204
3 221
4 35
4 169
4 478
5 329
5 417
6 201
7 367
7 452
7 460
7 480
8 326
8 406
9 90
9 158
9 307
10 141
10 319
10 408
10 426
10 439
11 54
12 68
12 101
12 407
13 435
14 171
14 317
14 498
15 246
16 24
16 78
16 92
17 242
17 352
18 92
18 361
19 243
20 156
20 480
21 86
21 91
21 183
22 168
22 422
23 312
24 38
24 99
24 327
24 357
25 373
26 229
26 313
27 113
27 278
27 461
28 471
29 337
29 345
30 221
30 306
31 365
31 444
32 380
32 412
33 467
34 344
35 41
36 240
37 75
38 132
39 217
39 461
40 97
40 131
40 278
42 336
42 411
43 134
43 272
43 369
44 474
45 144
45 305
45 359
45 365
45 463
46 249
46 392
47 62
47 175
47 193
47 195
47 281
48 363
49 190
50 473
51 348
51 427
52 181
52 333
53 240
53 290
53 354
53 446
54 230
55 473
56 188
56 235
56 283
56 420
57 214
58 253
58 365
59 79
59 355
60 135
60 480
60 487
61 113
61 427
61 432
62 100
62 356
62 456
62 467
63 136
63 412
64 277
64 286
64 397
64 418
65 278
65 465
66 164
66 450
67 95
68 334
68 380
69 452
70 211
70 292
71 204
71 317
71 433
72 223
72 291
72 327
72 488
73 181
73 395
74 149
74 346
74 360
74 423
75 241
76 234
77 482
78 431
79 151
80 120
80 143
80 172
80 493
81 110
81 267
81 448
82 156
82 190
83 129
83 326
83 476
84 88
84 425
85 327
85 356
85 419
85 460
87 468
88 301
89 197
89 235
89 275
89 441
89 474
90 371
90 464
91 95
91 398
92 355
92 389
93 133
93 312
93 430
94 148
94 317
94 344
94 428
95 305
96 97
96 110
96 267
96 316
96 470
97 166
97 295
98 396
99 251
100 338
100 400
100 436
102 269
102 456
103 193
103 243
103 481
104 206
104 416
105 312
106 127
106 211
106 222
106 255
107 308
108 332
109 278
110 384
111 191
111 416
112 220
112 234
112 379
112 469
114 171
115 178
115 203
116 449
116 476
117 459
118 337
119 379
120 343
121 128
122 155
123 161
123 191
123 287
124 396
125 341
126 296
126 349
126 353
127 370
128 381
129 381
129 471
130 204
130 205
130 241
131 445
131 455
133 148
133 364
134 434
135 193
135 203
135 274
136 261
136 291
136 297
136 345
137 492
138 250
138 331
139 140
140 392
141 399
141 423
141 458
142 280
142 357
143 200
143 245
143 271
143 310
144 279
145 200
145 244
145 461
146 157
146 175
147 150
148 358
149 152
149 290
149 314
149 375
150 335
152 492
153 185
153 417
153 421
153 497
154 265
154 284
154 337
155 237
155 247
155 347
155 375
155 442
156 259
156 333
157 468
158 167
158 244
159 167
159 250
159 491
160 381
161 201
161 211
161 304
161 308
162 213
162 256
162 324
163 360
164 197
164 226
164 242
164 367
165 275
165 472
166 175
166 421
167 169
168 233
168 295
168 460
169 170
169 278
169 295
171 343
171 418
172 185
172 299
172 304
172 355
173 276
173 383
174 298
175 215
175 256
175 457
176 403
177 376
178 488
179 462
180 364
182 307
183 409
183 420
184 191
185 414
186 207
187 303
187 402
188 448
189 332
190 288
190 304
190 307
190 312
190 341
190 454
192 257
192 352
192 371
192 376
193 344
194 340
194 394
194 460
195 480
196 239
196 335
197 427
198 255
198 259
198 268
198 370
198 434
198 497
199 325
201 315
202 279
202 362
203 293
203 370
204 475
205 320
205 431
206 297
206 405
207 237
207 391
208 231
208 266
208 416
208 421
209 239
210 330
211 328
211 390
212 213
213 424
214 216
214 358
215 338
216 237
216 473
217 304
217 322
217 339
217 409
218 422
219 443
220 446
221 366
222 455
223 323
224 282
225 427
227 341
228 355
228 433
230 242
231 482
232 388
234 323
234 338
235 252
236 377
236 461
237 432
238 439
239 296
241 459
241 472
242 338
242 397
246 338
247 451
248 346
249 368
250 369
251 353
251 356
252 485
254 291
254 351
254 478
257 298
258 357
258 369
258 485
260 266
262 338
263 296
264 294
264 306
265 467
266 285
266 350
268 363
268 385
269 397
269 490
270 415
271 321
271 387
271 453
271 494
272 368
272 387
273 493
274 466
275 349
276 421
276 478
278 422
281 313
282 283
282 464
285 372
288 459
289 317
289 491
290 443
291 433
291 457
291 485
292 338
302 381
302 395
303 495
304 325
305 308
305 458
306 352
306 366
307 415
308 389
309 388
309 476
310 321
311 477
312 499
313 387
316 382
318 320
319 486
320 402
321 406
324 408
324 493
327 382
329 417
330 441
331 432
332 392
332 474
333 334
333 348
334 379
334 386
335 444
337 464
338 356
338 401
342 364
346 347
347 384
347 483
348 356
348 378
348 408
348 444
352 381
358 397
358 404
358 479
359 393
359 482
360 363
362 421
362 496
363 379
363 386
367 462
368 403
368 471
369 432
370 449
373 399
373 484
374 382
374 410
377 432
380 411
381 406
381 484
383 431
386 428
386 436
388 414
389 403
390 489
395 450
395 487
396 471
404 456
405 413
407 410
407 426
407 490
408 415
410 433
414 477
416 440
416 494
417 498
422 454
423 480
424 451
425 469
428 496
429 467
432 498
433 483
435 441
436 437
436 472
436 481
438 451
440 468
443 447
446 491
449 477
462 469
484 497
485 496
0
9 499
