500	634	 1
0 17
0 22
0 258
1 158
1 178
2 89
2 165
2 221
3 240
3 409
3 415
4 399
5 61
5 326
5 358
6 210
6 432
7 8
7 193
7 431
8 199
8 445
9 138
9 141
9 260
9 376
9 449
10 117
10 425
10 469
10 494
11 351
11 493
12 87
12 108
13 329
14 35
15 55
15 146
15 174
15 488
16 226
16 312
16 330
17 426
18 26
18 106
19 42
19 325
20 110
20 242
21 114
22 282
23 173
23 264
24 250
24 291
24 320
25 65
25 102
25 484
26 159
27 145
27 293
27 326
28 319
28 383
29 465
30 63
30 316
30 324
31 108
31 121
31 170
31 247
31 270
31 351
32 81
32 107
33 48
33 222
34 304
34 378
35 92
35 133
35 176
35 250
36 456
36 498
37 112
38 88
38 271
39 123
39 279
39 398
39 449
40 47
40 54
40 194
40 277
41 189
41 191
42 290
42 410
43 214
44 337
45 46
45 433
46 127
46 209
46 266
47 451
48 66
48 103
48 230
49 207
49 322
49 370
49 443
50 77
50 375
51 78
51 175
51 191
51 348
52 131
52 250
52 363
53 146
54 259
54 361
55 224
55 312
55 429
55 446
56 206
56 350
56 390
56 405
57 113
57 187
58 144
58 227
58 424
59 78
59 112
59 331
60 275
61 215
62 241
64 251
64 351
64 372
64 487
65 162
65 213
65 245
65 248
65 318
66 67
66 229
67 93
67 244
67 395
68 102
69 95
69 115
69 152
69 495
70 195
71 246
71 323
72 127
72 217
72 303
72 483
73 84
73 122
74 116
75 183
76 119
76 235
76 334
77 261
77 409
79 87
80 158
81 121
81 343
81 358
82 249
82 302
83 197
84 341
84 362
84 499
85 222
85 304
85 496
86 128
86 181
86 259
87 180
87 350
90 134
90 228
90 296
91 190
92 329
92 357
93 299
94 155
94 357
96 272
96 342
96 368
97 279
98 196
99 226
99 466
100 474
101 427
101 470
102 207
102 335
104 149
104 154
104 273
105 213
106 141
106 254
109 134
109 325
110 192
110 363
110 369
110 469
111 245
112 159
113 442
114 404
114 475
116 118
116 151
116 404
117 267
119 236
119 337
120 208
120 233
120 246
120 257
121 261
122 147
124 222
125 135
125 366
125 481
126 136
126 297
126 437
127 168
127 448
129 186
129 315
129 416
130 216
130 282
131 327
132 257
132 294
132 417
133 294
134 305
135 203
136 210
136 366
137 140
137 280
137 286
138 181
138 328
139 221
139 260
139 397
140 455
140 466
141 186
141 253
141 454
142 164
142 230
142 414
143 493
145 245
145 274
146 227
146 266
146 296
146 443
147 463
148 178
148 285
148 297
148 475
149 247
150 241
150 396
150 457
152 249
152 434
153 290
153 406
153 414
154 192
154 473
155 446
156 283
157 228
157 368
159 220
159 376
159 439
160 251
160 320
161 452
163 266
164 319
165 195
165 295
165 356
165 400
165 489
166 359
167 213
167 406
168 298
169 244
171 318
171 491
172 180
172 196
172 199
172 277
173 499
175 296
175 385
177 259
178 315
178 454
179 214
179 266
179 381
180 321
181 184
181 201
181 312
181 382
182 245
182 313
183 184
183 248
183 256
183 386
183 440
184 219
185 196
185 348
186 409
186 415
187 292
187 330
188 250
188 459
190 253
191 233
191 427
192 309
194 250
194 386
195 252
196 464
197 248
197 423
197 452
197 463
198 418
199 458
200 372
200 453
201 205
201 317
201 371
201 447
202 258
202 341
204 453
206 358
206 445
207 309
207 429
208 338
208 358
209 237
210 381
211 300
211 428
211 490
212 327
212 416
218 251
219 236
220 268
220 495
221 378
222 231
222 465
223 243
224 479
225 294
226 258
226 323
228 374
228 388
228 442
229 281
229 452
230 304
230 478
232 254
233 240
234 329
234 361
234 374
234 475
235 315
236 315
236 409
238 385
239 265
239 293
239 330
240 385
240 489
241 335
241 415
241 453
242 396
243 288
243 421
243 492
244 279
244 376
245 326
245 368
245 419
245 452
246 262
246 472
247 332
248 367
248 451
249 318
249 469
249 484
250 263
250 314
250 342
251 337
252 312
253 283
253 343
253 405
255 435
257 262
257 459
258 436
259 437
260 400
261 308
261 468
263 377
264 276
264 383
264 400
264 485
265 311
267 287
267 371
269 291
271 475
272 363
275 395
275 470
278 342
279 302
279 384
281 334
282 414
283 402
284 360
285 353
285 414
286 452
286 454
287 453
287 475
288 341
288 420
288 421
289 499
290 390
291 348
291 424
291 435
293 397
293 480
294 347
296 471
299 451
299 489
301 337
304 315
306 446
307 315
307 499
308 332
310 482
311 324
311 411
312 425
312 456
313 387
313 390
315 394
315 406
316 450
317 417
317 433
317 462
318 388
318 442
321 373
323 426
324 415
325 487
325 492
326 486
327 341
327 398
328 338
328 369
329 357
333 347
333 405
334 404
335 463
336 436
337 491
339 416
339 474
340 433
343 354
343 446
343 485
344 380
344 428
345 348
346 351
346 418
346 488
349 424
350 492
352 407
352 433
353 379
354 443
354 499
355 367
355 390
359 393
360 450
362 381
362 391
362 430
363 467
364 398
364 483
365 460
365 464
367 481
368 371
369 482
370 404
372 422
373 408
373 414
377 410
378 492
379 392
383 389
384 486
386 487
387 466
393 453
393 497
394 413
395 448
399 464
400 476
401 416
402 412
403 439
410 440
411 477
414 468
423 461
426 490
434 479
436 481
437 456
438 489
440 454
440 497
441 455
441 483
442 471
444 474
451 471
456 472
459 474
465 472
471 483
480 495
0
9 499
