500	599	 1
0 351
0 394
1 87
2 28
2 197
2 305
3 99
3 469
4 270
4 456
5 226
5 297
5 384
6 43
6 243
7 28
7 124
7 147
7 152
7 302
7 353
8 175
8 440
9 146
9 214
9 261
9 303
10 198
11 212
11 323
12 173
12 343
12 425
13 405
14 138
14 213
14 307
14 477
15 155
15 170
15 280
15 457
16 136
16 406
17 118
17 479
18 265
18 306
18 338
19 93
19 203
19 215
19 300
19 359
20 172
21 169
21 441
22 41
22 50
23 174
23 193
24 113
25 205
25 316
25 333
26 38
26 282
26 327
26 432
26 492
27 191
27 209
27 350
27 419
29 168
30 202
30 333
31 203
32 172
32 250
33 86
33 187
34 58
34 112
34 164
34 418
34 474
35 95
35 315
35 375
36 101
36 166
36 194
36 317
37 118
37 175
37 423
38 57
38 219
38 385
39 181
39 489
40 188
40 305
40 345
40 488
41 223
41 447
42 258
42 290
44 165
44 361
44 499
45 82
45 203
46 481
47 141
47 413
48 165
49 444
49 481
50 57
50 431
51 110
51 277
52 113
52 123
52 427
53 147
53 451
54 284
55 479
56 224
57 257
58 59
58 115
58 239
58 456
58 496
59 404
60 408
60 455
61 190
61 438
61 477
62 475
63 487
64 121
64 172
64 385
65 181
65 233
65 338
65 365
66 232
66 476
67 476
68 244
68 499
69 450
70 134
71 197
71 367
72 257
72 275
72 352
72 439
73 79
73 293
74 192
74 200
74 316
74 446
75 156
75 267
75 496
76 291
76 350
77 118
77 409
78 103
78 153
78 199
79 180
79 356
80 144
80 460
81 259
82 111
82 145
83 121
83 333
83 379
84 400
84 473
85 168
85 230
85 419
86 370
87 132
87 207
87 300
87 364
87 381
87 408
87 476
88 269
88 332
89 339
89 437
90 135
90 193
90 267
90 499
91 425
91 471
92 216
93 149
94 271
94 407
94 416
95 179
95 400
96 108
96 324
97 268
97 443
98 161
98 225
100 433
101 193
101 351
101 381
101 478
102 264
103 157
104 143
104 364
105 223
105 294
105 477
106 460
107 162
107 322
107 323
107 434
108 254
108 261
108 319
108 371
108 385
108 389
109 494
110 246
111 477
111 485
112 140
112 299
112 345
112 403
113 265
113 332
114 189
114 237
116 306
116 489
117 244
118 176
118 248
119 440
120 123
120 190
120 332
120 493
121 129
121 240
121 360
122 266
122 436
123 160
123 281
123 477
125 392
125 395
126 145
127 188
127 392
128 283
128 413
129 140
129 267
130 221
131 222
131 330
132 240
133 349
133 386
134 344
135 330
136 276
136 340
136 388
136 422
137 292
137 372
137 480
138 288
138 440
139 331
139 396
142 427
143 411
143 452
143 465
144 349
144 461
144 491
147 154
148 255
149 291
149 330
149 383
150 165
151 329
151 459
152 290
152 488
154 391
154 433
155 223
155 335
156 402
157 170
157 483
158 198
158 258
158 266
158 310
158 418
159 396
160 241
160 374
160 495
162 440
163 345
165 467
166 301
167 280
167 482
169 355
171 347
172 489
173 250
173 450
173 463
173 483
175 378
175 385
176 243
176 397
177 322
178 203
179 278
180 405
180 426
181 195
181 283
181 308
181 353
181 429
182 358
183 237
183 452
184 342
184 464
185 302
186 465
188 473
189 335
189 491
190 217
191 229
191 309
192 327
193 451
194 238
195 205
195 409
196 414
196 476
197 354
198 273
199 306
200 405
201 287
201 442
202 225
203 391
204 494
205 417
206 366
206 487
208 285
208 294
210 234
211 213
213 337
213 344
214 228
214 241
215 357
216 439
217 482
218 449
218 496
219 248
220 425
221 440
222 331
224 294
224 388
226 309
226 418
227 269
227 380
227 470
229 236
229 290
230 463
230 481
231 489
232 493
233 344
234 351
234 405
234 410
234 412
235 288
235 291
235 295
235 496
236 466
237 336
237 348
237 412
237 462
239 286
239 321
241 356
242 497
243 321
245 325
245 338
246 276
247 348
247 349
248 489
249 276
251 270
252 351
253 439
254 312
255 312
256 384
256 433
257 320
257 371
257 422
258 316
259 262
260 281
262 311
262 362
262 376
262 453
263 495
264 290
265 334
266 404
267 303
268 284
270 282
270 314
270 378
272 284
272 420
274 291
274 467
275 399
277 469
278 471
279 370
279 387
284 368
284 400
286 441
287 414
287 430
288 379
289 308
289 358
290 369
291 292
296 367
296 484
298 303
298 390
301 428
302 386
303 304
303 491
305 357
308 332
308 443
311 373
312 498
313 402
314 402
316 445
318 363
321 354
323 437
324 373
325 403
326 331
326 336
326 474
327 360
328 345
328 374
328 461
330 465
331 444
331 455
338 473
339 348
340 473
341 440
342 376
344 346
344 389
347 405
352 416
356 409
357 392
358 394
362 422
363 413
363 457
364 473
364 487
367 494
368 415
373 482
375 408
376 443
376 466
377 392
377 402
378 403
380 420
381 495
382 444
387 438
391 475
393 449
395 460
398 466
400 493
401 445
406 484
407 480
407 487
408 465
409 424
410 486
413 443
417 443
420 499
421 425
421 496
423 458
423 492
429 459
430 465
431 441
433 442
433 472
435 474
441 455
441 497
444 454
444 460
448 496
451 486
452 468
460 490
461 480
484 485
0
9 499
