4608	6912	1
0	1
0	9
1	2
1	19
2	3
2	38
3	4
3	75
4	5
4	148
5	6
5	293
6	7
6	582
7	8
7	1159
8	0
8	2312
9	10
10	11
10	28
11	12
11	47
12	13
12	84
13	14
13	157
14	15
14	302
15	16
15	591
16	17
16	1168
17	9
17	2321
18	19
18	27
19	20
20	21
20	56
21	22
21	93
22	23
22	166
23	24
23	311
24	25
24	600
25	26
25	1177
26	18
26	2330
27	28
28	29
29	30
29	65
30	31
30	102
31	32
31	175
32	33
32	320
33	34
33	609
34	35
34	1186
35	27
35	2339
36	37
36	45
37	38
37	55
38	39
39	40
39	111
40	41
40	184
41	42
41	329
42	43
42	618
43	44
43	1195
44	36
44	2348
45	46
46	47
46	64
47	48
48	49
48	120
49	50
49	193
50	51
50	338
51	52
51	627
52	53
52	1204
53	45
53	2357
54	55
54	63
55	56
56	57
57	58
57	129
58	59
58	202
59	60
59	347
60	61
60	636
61	62
61	1213
62	54
62	2366
63	64
64	65
65	66
66	67
66	138
67	68
67	211
68	69
68	356
69	70
69	645
70	71
70	1222
71	63
71	2375
72	73
72	81
73	74
73	91
74	75
74	110
75	76
76	77
76	220
77	78
77	365
78	79
78	654
79	80
79	1231
80	72
80	2384
81	82
82	83
82	100
83	84
83	119
84	85
85	86
85	229
86	87
86	374
87	88
87	663
88	89
88	1240
89	81
89	2393
90	91
90	99
91	92
92	93
92	128
93	94
94	95
94	238
95	96
95	383
96	97
96	672
97	98
97	1249
98	90
98	2402
99	100
100	101
101	102
101	137
102	103
103	104
103	247
104	105
104	392
105	106
105	681
106	107
106	1258
107	99
107	2411
108	109
108	117
109	110
109	127
110	111
111	112
112	113
112	256
113	114
113	401
114	115
114	690
115	116
115	1267
116	108
116	2420
117	118
118	119
118	136
119	120
120	121
121	122
121	265
122	123
122	410
123	124
123	699
124	125
124	1276
125	117
125	2429
126	127
126	135
127	128
128	129
129	130
130	131
130	274
131	132
131	419
132	133
132	708
133	134
133	1285
134	126
134	2438
135	136
136	137
137	138
138	139
139	140
139	283
140	141
140	428
141	142
141	717
142	143
142	1294
143	135
143	2447
144	145
144	153
145	146
145	163
146	147
146	182
147	148
147	219
148	149
149	150
149	437
150	151
150	726
151	152
151	1303
152	144
152	2456
153	154
154	155
154	172
155	156
155	191
156	157
156	228
157	158
158	159
158	446
159	160
159	735
160	161
160	1312
161	153
161	2465
162	163
162	171
163	164
164	165
164	200
165	166
165	237
166	167
167	168
167	455
168	169
168	744
169	170
169	1321
170	162
170	2474
171	172
172	173
173	174
173	209
174	175
174	246
175	176
176	177
176	464
177	178
177	753
178	179
178	1330
179	171
179	2483
180	181
180	189
181	182
181	199
182	183
183	184
183	255
184	185
185	186
185	473
186	187
186	762
187	188
187	1339
188	180
188	2492
189	190
190	191
190	208
191	192
192	193
192	264
193	194
194	195
194	482
195	196
195	771
196	197
196	1348
197	189
197	2501
198	199
198	207
199	200
200	201
201	202
201	273
202	203
203	204
203	491
204	205
204	780
205	206
205	1357
206	198
206	2510
207	208
208	209
209	210
210	211
210	282
211	212
212	213
212	500
213	214
213	789
214	215
214	1366
215	207
215	2519
216	217
216	225
217	218
217	235
218	219
218	254
219	220
220	221
221	222
221	509
222	223
222	798
223	224
223	1375
224	216
224	2528
225	226
226	227
226	244
227	228
227	263
228	229
229	230
230	231
230	518
231	232
231	807
232	233
232	1384
233	225
233	2537
234	235
234	243
235	236
236	237
236	272
237	238
238	239
239	240
239	527
240	241
240	816
241	242
241	1393
242	234
242	2546
243	244
244	245
245	246
245	281
246	247
247	248
248	249
248	536
249	250
249	825
250	251
250	1402
251	243
251	2555
252	253
252	261
253	254
253	271
254	255
255	256
256	257
257	258
257	545
258	259
258	834
259	260
259	1411
260	252
260	2564
261	262
262	263
262	280
263	264
264	265
265	266
266	267
266	554
267	268
267	843
268	269
268	1420
269	261
269	2573
270	271
270	279
271	272
272	273
273	274
274	275
275	276
275	563
276	277
276	852
277	278
277	1429
278	270
278	2582
279	280
280	281
281	282
282	283
283	284
284	285
284	572
285	286
285	861
286	287
286	1438
287	279
287	2591
288	289
288	297
289	290
289	307
290	291
290	326
291	292
291	363
292	293
292	436
293	294
294	295
294	870
295	296
295	1447
296	288
296	2600
297	298
298	299
298	316
299	300
299	335
300	301
300	372
301	302
301	445
302	303
303	304
303	879
304	305
304	1456
305	297
305	2609
306	307
306	315
307	308
308	309
308	344
309	310
309	381
310	311
310	454
311	312
312	313
312	888
313	314
313	1465
314	306
314	2618
315	316
316	317
317	318
317	353
318	319
318	390
319	320
319	463
320	321
321	322
321	897
322	323
322	1474
323	315
323	2627
324	325
324	333
325	326
325	343
326	327
327	328
327	399
328	329
328	472
329	330
330	331
330	906
331	332
331	1483
332	324
332	2636
333	334
334	335
334	352
335	336
336	337
336	408
337	338
337	481
338	339
339	340
339	915
340	341
340	1492
341	333
341	2645
342	343
342	351
343	344
344	345
345	346
345	417
346	347
346	490
347	348
348	349
348	924
349	350
349	1501
350	342
350	2654
351	352
352	353
353	354
354	355
354	426
355	356
355	499
356	357
357	358
357	933
358	359
358	1510
359	351
359	2663
360	361
360	369
361	362
361	379
362	363
362	398
363	364
364	365
364	508
365	366
366	367
366	942
367	368
367	1519
368	360
368	2672
369	370
370	371
370	388
371	372
371	407
372	373
373	374
373	517
374	375
375	376
375	951
376	377
376	1528
377	369
377	2681
378	379
378	387
379	380
380	381
380	416
381	382
382	383
382	526
383	384
384	385
384	960
385	386
385	1537
386	378
386	2690
387	388
388	389
389	390
389	425
390	391
391	392
391	535
392	393
393	394
393	969
394	395
394	1546
395	387
395	2699
396	397
396	405
397	398
397	415
398	399
399	400
400	401
400	544
401	402
402	403
402	978
403	404
403	1555
404	396
404	2708
405	406
406	407
406	424
407	408
408	409
409	410
409	553
410	411
411	412
411	987
412	413
412	1564
413	405
413	2717
414	415
414	423
415	416
416	417
417	418
418	419
418	562
419	420
420	421
420	996
421	422
421	1573
422	414
422	2726
423	424
424	425
425	426
426	427
427	428
427	571
428	429
429	430
429	1005
430	431
430	1582
431	423
431	2735
432	433
432	441
433	434
433	451
434	435
434	470
435	436
435	507
436	437
437	438
438	439
438	1014
439	440
439	1591
440	432
440	2744
441	442
442	443
442	460
443	444
443	479
444	445
444	516
445	446
446	447
447	448
447	1023
448	449
448	1600
449	441
449	2753
450	451
450	459
451	452
452	453
452	488
453	454
453	525
454	455
455	456
456	457
456	1032
457	458
457	1609
458	450
458	2762
459	460
460	461
461	462
461	497
462	463
462	534
463	464
464	465
465	466
465	1041
466	467
466	1618
467	459
467	2771
468	469
468	477
469	470
469	487
470	471
471	472
471	543
472	473
473	474
474	475
474	1050
475	476
475	1627
476	468
476	2780
477	478
478	479
478	496
479	480
480	481
480	552
481	482
482	483
483	484
483	1059
484	485
484	1636
485	477
485	2789
486	487
486	495
487	488
488	489
489	490
489	561
490	491
491	492
492	493
492	1068
493	494
493	1645
494	486
494	2798
495	496
496	497
497	498
498	499
498	570
499	500
500	501
501	502
501	1077
502	503
502	1654
503	495
503	2807
504	505
504	513
505	506
505	523
506	507
506	542
507	508
508	509
509	510
510	511
510	1086
511	512
511	1663
512	504
512	2816
513	514
514	515
514	532
515	516
515	551
516	517
517	518
518	519
519	520
519	1095
520	521
520	1672
521	513
521	2825
522	523
522	531
523	524
524	525
524	560
525	526
526	527
527	528
528	529
528	1104
529	530
529	1681
530	522
530	2834
531	532
532	533
533	534
533	569
534	535
535	536
536	537
537	538
537	1113
538	539
538	1690
539	531
539	2843
540	541
540	549
541	542
541	559
542	543
543	544
544	545
545	546
546	547
546	1122
547	548
547	1699
548	540
548	2852
549	550
550	551
550	568
551	552
552	553
553	554
554	555
555	556
555	1131
556	557
556	1708
557	549
557	2861
558	559
558	567
559	560
560	561
561	562
562	563
563	564
564	565
564	1140
565	566
565	1717
566	558
566	2870
567	568
568	569
569	570
570	571
571	572
572	573
573	574
573	1149
574	575
574	1726
575	567
575	2879
576	577
576	585
577	578
577	595
578	579
578	614
579	580
579	651
580	581
580	724
581	582
581	869
582	583
583	584
583	1735
584	576
584	2888
585	586
586	587
586	604
587	588
587	623
588	589
588	660
589	590
589	733
590	591
590	878
591	592
592	593
592	1744
593	585
593	2897
594	595
594	603
595	596
596	597
596	632
597	598
597	669
598	599
598	742
599	600
599	887
600	601
601	602
601	1753
602	594
602	2906
603	604
604	605
605	606
605	641
606	607
606	678
607	608
607	751
608	609
608	896
609	610
610	611
610	1762
611	603
611	2915
612	613
612	621
613	614
613	631
614	615
615	616
615	687
616	617
616	760
617	618
617	905
618	619
619	620
619	1771
620	612
620	2924
621	622
622	623
622	640
623	624
624	625
624	696
625	626
625	769
626	627
626	914
627	628
628	629
628	1780
629	621
629	2933
630	631
630	639
631	632
632	633
633	634
633	705
634	635
634	778
635	636
635	923
636	637
637	638
637	1789
638	630
638	2942
639	640
640	641
641	642
642	643
642	714
643	644
643	787
644	645
644	932
645	646
646	647
646	1798
647	639
647	2951
648	649
648	657
649	650
649	667
650	651
650	686
651	652
652	653
652	796
653	654
653	941
654	655
655	656
655	1807
656	648
656	2960
657	658
658	659
658	676
659	660
659	695
660	661
661	662
661	805
662	663
662	950
663	664
664	665
664	1816
665	657
665	2969
666	667
666	675
667	668
668	669
668	704
669	670
670	671
670	814
671	672
671	959
672	673
673	674
673	1825
674	666
674	2978
675	676
676	677
677	678
677	713
678	679
679	680
679	823
680	681
680	968
681	682
682	683
682	1834
683	675
683	2987
684	685
684	693
685	686
685	703
686	687
687	688
688	689
688	832
689	690
689	977
690	691
691	692
691	1843
692	684
692	2996
693	694
694	695
694	712
695	696
696	697
697	698
697	841
698	699
698	986
699	700
700	701
700	1852
701	693
701	3005
702	703
702	711
703	704
704	705
705	706
706	707
706	850
707	708
707	995
708	709
709	710
709	1861
710	702
710	3014
711	712
712	713
713	714
714	715
715	716
715	859
716	717
716	1004
717	718
718	719
718	1870
719	711
719	3023
720	721
720	729
721	722
721	739
722	723
722	758
723	724
723	795
724	725
725	726
725	1013
726	727
727	728
727	1879
728	720
728	3032
729	730
730	731
730	748
731	732
731	767
732	733
732	804
733	734
734	735
734	1022
735	736
736	737
736	1888
737	729
737	3041
738	739
738	747
739	740
740	741
740	776
741	742
741	813
742	743
743	744
743	1031
744	745
745	746
745	1897
746	738
746	3050
747	748
748	749
749	750
749	785
750	751
750	822
751	752
752	753
752	1040
753	754
754	755
754	1906
755	747
755	3059
756	757
756	765
757	758
757	775
758	759
759	760
759	831
760	761
761	762
761	1049
762	763
763	764
763	1915
764	756
764	3068
765	766
766	767
766	784
767	768
768	769
768	840
769	770
770	771
770	1058
771	772
772	773
772	1924
773	765
773	3077
774	775
774	783
775	776
776	777
777	778
777	849
778	779
779	780
779	1067
780	781
781	782
781	1933
782	774
782	3086
783	784
784	785
785	786
786	787
786	858
787	788
788	789
788	1076
789	790
790	791
790	1942
791	783
791	3095
792	793
792	801
793	794
793	811
794	795
794	830
795	796
796	797
797	798
797	1085
798	799
799	800
799	1951
800	792
800	3104
801	802
802	803
802	820
803	804
803	839
804	805
805	806
806	807
806	1094
807	808
808	809
808	1960
809	801
809	3113
810	811
810	819
811	812
812	813
812	848
813	814
814	815
815	816
815	1103
816	817
817	818
817	1969
818	810
818	3122
819	820
820	821
821	822
821	857
822	823
823	824
824	825
824	1112
825	826
826	827
826	1978
827	819
827	3131
828	829
828	837
829	830
829	847
830	831
831	832
832	833
833	834
833	1121
834	835
835	836
835	1987
836	828
836	3140
837	838
838	839
838	856
839	840
840	841
841	842
842	843
842	1130
843	844
844	845
844	1996
845	837
845	3149
846	847
846	855
847	848
848	849
849	850
850	851
851	852
851	1139
852	853
853	854
853	2005
854	846
854	3158
855	856
856	857
857	858
858	859
859	860
860	861
860	1148
861	862
862	863
862	2014
863	855
863	3167
864	865
864	873
865	866
865	883
866	867
866	902
867	868
867	939
868	869
868	1012
869	870
870	871
871	872
871	2023
872	864
872	3176
873	874
874	875
874	892
875	876
875	911
876	877
876	948
877	878
877	1021
878	879
879	880
880	881
880	2032
881	873
881	3185
882	883
882	891
883	884
884	885
884	920
885	886
885	957
886	887
886	1030
887	888
888	889
889	890
889	2041
890	882
890	3194
891	892
892	893
893	894
893	929
894	895
894	966
895	896
895	1039
896	897
897	898
898	899
898	2050
899	891
899	3203
900	901
900	909
901	902
901	919
902	903
903	904
903	975
904	905
904	1048
905	906
906	907
907	908
907	2059
908	900
908	3212
909	910
910	911
910	928
911	912
912	913
912	984
913	914
913	1057
914	915
915	916
916	917
916	2068
917	909
917	3221
918	919
918	927
919	920
920	921
921	922
921	993
922	923
922	1066
923	924
924	925
925	926
925	2077
926	918
926	3230
927	928
928	929
929	930
930	931
930	1002
931	932
931	1075
932	933
933	934
934	935
934	2086
935	927
935	3239
936	937
936	945
937	938
937	955
938	939
938	974
939	940
940	941
940	1084
941	942
942	943
943	944
943	2095
944	936
944	3248
945	946
946	947
946	964
947	948
947	983
948	949
949	950
949	1093
950	951
951	952
952	953
952	2104
953	945
953	3257
954	955
954	963
955	956
956	957
956	992
957	958
958	959
958	1102
959	960
960	961
961	962
961	2113
962	954
962	3266
963	964
964	965
965	966
965	1001
966	967
967	968
967	1111
968	969
969	970
970	971
970	2122
971	963
971	3275
972	973
972	981
973	974
973	991
974	975
975	976
976	977
976	1120
977	978
978	979
979	980
979	2131
980	972
980	3284
981	982
982	983
982	1000
983	984
984	985
985	986
985	1129
986	987
987	988
988	989
988	2140
989	981
989	3293
990	991
990	999
991	992
992	993
993	994
994	995
994	1138
995	996
996	997
997	998
997	2149
998	990
998	3302
999	1000
1000	1001
1001	1002
1002	1003
1003	1004
1003	1147
1004	1005
1005	1006
1006	1007
1006	2158
1007	999
1007	3311
1008	1009
1008	1017
1009	1010
1009	1027
1010	1011
1010	1046
1011	1012
1011	1083
1012	1013
1013	1014
1014	1015
1015	1016
1015	2167
1016	1008
1016	3320
1017	1018
1018	1019
1018	1036
1019	1020
1019	1055
1020	1021
1020	1092
1021	1022
1022	1023
1023	1024
1024	1025
1024	2176
1025	1017
1025	3329
1026	1027
1026	1035
1027	1028
1028	1029
1028	1064
1029	1030
1029	1101
1030	1031
1031	1032
1032	1033
1033	1034
1033	2185
1034	1026
1034	3338
1035	1036
1036	1037
1037	1038
1037	1073
1038	1039
1038	1110
1039	1040
1040	1041
1041	1042
1042	1043
1042	2194
1043	1035
1043	3347
1044	1045
1044	1053
1045	1046
1045	1063
1046	1047
1047	1048
1047	1119
1048	1049
1049	1050
1050	1051
1051	1052
1051	2203
1052	1044
1052	3356
1053	1054
1054	1055
1054	1072
1055	1056
1056	1057
1056	1128
1057	1058
1058	1059
1059	1060
1060	1061
1060	2212
1061	1053
1061	3365
1062	1063
1062	1071
1063	1064
1064	1065
1065	1066
1065	1137
1066	1067
1067	1068
1068	1069
1069	1070
1069	2221
1070	1062
1070	3374
1071	1072
1072	1073
1073	1074
1074	1075
1074	1146
1075	1076
1076	1077
1077	1078
1078	1079
1078	2230
1079	1071
1079	3383
1080	1081
1080	1089
1081	1082
1081	1099
1082	1083
1082	1118
1083	1084
1084	1085
1085	1086
1086	1087
1087	1088
1087	2239
1088	1080
1088	3392
1089	1090
1090	1091
1090	1108
1091	1092
1091	1127
1092	1093
1093	1094
1094	1095
1095	1096
1096	1097
1096	2248
1097	1089
1097	3401
1098	1099
1098	1107
1099	1100
1100	1101
1100	1136
1101	1102
1102	1103
1103	1104
1104	1105
1105	1106
1105	2257
1106	1098
1106	3410
1107	1108
1108	1109
1109	1110
1109	1145
1110	1111
1111	1112
1112	1113
1113	1114
1114	1115
1114	2266
1115	1107
1115	3419
1116	1117
1116	1125
1117	1118
1117	1135
1118	1119
1119	1120
1120	1121
1121	1122
1122	1123
1123	1124
1123	2275
1124	1116
1124	3428
1125	1126
1126	1127
1126	1144
1127	1128
1128	1129
1129	1130
1130	1131
1131	1132
1132	1133
1132	2284
1133	1125
1133	3437
1134	1135
1134	1143
1135	1136
1136	1137
1137	1138
1138	1139
1139	1140
1140	1141
1141	1142
1141	2293
1142	1134
1142	3446
1143	1144
1144	1145
1145	1146
1146	1147
1147	1148
1148	1149
1149	1150
1150	1151
1150	2302
1151	1143
1151	3455
1152	1153
1152	1161
1153	1154
1153	1171
1154	1155
1154	1190
1155	1156
1155	1227
1156	1157
1156	1300
1157	1158
1157	1445
1158	1159
1158	1734
1159	1160
1160	1152
1160	3464
1161	1162
1162	1163
1162	1180
1163	1164
1163	1199
1164	1165
1164	1236
1165	1166
1165	1309
1166	1167
1166	1454
1167	1168
1167	1743
1168	1169
1169	1161
1169	3473
1170	1171
1170	1179
1171	1172
1172	1173
1172	1208
1173	1174
1173	1245
1174	1175
1174	1318
1175	1176
1175	1463
1176	1177
1176	1752
1177	1178
1178	1170
1178	3482
1179	1180
1180	1181
1181	1182
1181	1217
1182	1183
1182	1254
1183	1184
1183	1327
1184	1185
1184	1472
1185	1186
1185	1761
1186	1187
1187	1179
1187	3491
1188	1189
1188	1197
1189	1190
1189	1207
1190	1191
1191	1192
1191	1263
1192	1193
1192	1336
1193	1194
1193	1481
1194	1195
1194	1770
1195	1196
1196	1188
1196	3500
1197	1198
1198	1199
1198	1216
1199	1200
1200	1201
1200	1272
1201	1202
1201	1345
1202	1203
1202	1490
1203	1204
1203	1779
1204	1205
1205	1197
1205	3509
1206	1207
1206	1215
1207	1208
1208	1209
1209	1210
1209	1281
1210	1211
1210	1354
1211	1212
1211	1499
1212	1213
1212	1788
1213	1214
1214	1206
1214	3518
1215	1216
1216	1217
1217	1218
1218	1219
1218	1290
1219	1220
1219	1363
1220	1221
1220	1508
1221	1222
1221	1797
1222	1223
1223	1215
1223	3527
1224	1225
1224	1233
1225	1226
1225	1243
1226	1227
1226	1262
1227	1228
1228	1229
1228	1372
1229	1230
1229	1517
1230	1231
1230	1806
1231	1232
1232	1224
1232	3536
1233	1234
1234	1235
1234	1252
1235	1236
1235	1271
1236	1237
1237	1238
1237	1381
1238	1239
1238	1526
1239	1240
1239	1815
1240	1241
1241	1233
1241	3545
1242	1243
1242	1251
1243	1244
1244	1245
1244	1280
1245	1246
1246	1247
1246	1390
1247	1248
1247	1535
1248	1249
1248	1824
1249	1250
1250	1242
1250	3554
1251	1252
1252	1253
1253	1254
1253	1289
1254	1255
1255	1256
1255	1399
1256	1257
1256	1544
1257	1258
1257	1833
1258	1259
1259	1251
1259	3563
1260	1261
1260	1269
1261	1262
1261	1279
1262	1263
1263	1264
1264	1265
1264	1408
1265	1266
1265	1553
1266	1267
1266	1842
1267	1268
1268	1260
1268	3572
1269	1270
1270	1271
1270	1288
1271	1272
1272	1273
1273	1274
1273	1417
1274	1275
1274	1562
1275	1276
1275	1851
1276	1277
1277	1269
1277	3581
1278	1279
1278	1287
1279	1280
1280	1281
1281	1282
1282	1283
1282	1426
1283	1284
1283	1571
1284	1285
1284	1860
1285	1286
1286	1278
1286	3590
1287	1288
1288	1289
1289	1290
1290	1291
1291	1292
1291	1435
1292	1293
1292	1580
1293	1294
1293	1869
1294	1295
1295	1287
1295	3599
1296	1297
1296	1305
1297	1298
1297	1315
1298	1299
1298	1334
1299	1300
1299	1371
1300	1301
1301	1302
1301	1589
1302	1303
1302	1878
1303	1304
1304	1296
1304	3608
1305	1306
1306	1307
1306	1324
1307	1308
1307	1343
1308	1309
1308	1380
1309	1310
1310	1311
1310	1598
1311	1312
1311	1887
1312	1313
1313	1305
1313	3617
1314	1315
1314	1323
1315	1316
1316	1317
1316	1352
1317	1318
1317	1389
1318	1319
1319	1320
1319	1607
1320	1321
1320	1896
1321	1322
1322	1314
1322	3626
1323	1324
1324	1325
1325	1326
1325	1361
1326	1327
1326	1398
1327	1328
1328	1329
1328	1616
1329	1330
1329	1905
1330	1331
1331	1323
1331	3635
1332	1333
1332	1341
1333	1334
1333	1351
1334	1335
1335	1336
1335	1407
1336	1337
1337	1338
1337	1625
1338	1339
1338	1914
1339	1340
1340	1332
1340	3644
1341	1342
1342	1343
1342	1360
1343	1344
1344	1345
1344	1416
1345	1346
1346	1347
1346	1634
1347	1348
1347	1923
1348	1349
1349	1341
1349	3653
1350	1351
1350	1359
1351	1352
1352	1353
1353	1354
1353	1425
1354	1355
1355	1356
1355	1643
1356	1357
1356	1932
1357	1358
1358	1350
1358	3662
1359	1360
1360	1361
1361	1362
1362	1363
1362	1434
1363	1364
1364	1365
1364	1652
1365	1366
1365	1941
1366	1367
1367	1359
1367	3671
1368	1369
1368	1377
1369	1370
1369	1387
1370	1371
1370	1406
1371	1372
1372	1373
1373	1374
1373	1661
1374	1375
1374	1950
1375	1376
1376	1368
1376	3680
1377	1378
1378	1379
1378	1396
1379	1380
1379	1415
1380	1381
1381	1382
1382	1383
1382	1670
1383	1384
1383	1959
1384	1385
1385	1377
1385	3689
1386	1387
1386	1395
1387	1388
1388	1389
1388	1424
1389	1390
1390	1391
1391	1392
1391	1679
1392	1393
1392	1968
1393	1394
1394	1386
1394	3698
1395	1396
1396	1397
1397	1398
1397	1433
1398	1399
1399	1400
1400	1401
1400	1688
1401	1402
1401	1977
1402	1403
1403	1395
1403	3707
1404	1405
1404	1413
1405	1406
1405	1423
1406	1407
1407	1408
1408	1409
1409	1410
1409	1697
1410	1411
1410	1986
1411	1412
1412	1404
1412	3716
1413	1414
1414	1415
1414	1432
1415	1416
1416	1417
1417	1418
1418	1419
1418	1706
1419	1420
1419	1995
1420	1421
1421	1413
1421	3725
1422	1423
1422	1431
1423	1424
1424	1425
1425	1426
1426	1427
1427	1428
1427	1715
1428	1429
1428	2004
1429	1430
1430	1422
1430	3734
1431	1432
1432	1433
1433	1434
1434	1435
1435	1436
1436	1437
1436	1724
1437	1438
1437	2013
1438	1439
1439	1431
1439	3743
1440	1441
1440	1449
1441	1442
1441	1459
1442	1443
1442	1478
1443	1444
1443	1515
1444	1445
1444	1588
1445	1446
1446	1447
1446	2022
1447	1448
1448	1440
1448	3752
1449	1450
1450	1451
1450	1468
1451	1452
1451	1487
1452	1453
1452	1524
1453	1454
1453	1597
1454	1455
1455	1456
1455	2031
1456	1457
1457	1449
1457	3761
1458	1459
1458	1467
1459	1460
1460	1461
1460	1496
1461	1462
1461	1533
1462	1463
1462	1606
1463	1464
1464	1465
1464	2040
1465	1466
1466	1458
1466	3770
1467	1468
1468	1469
1469	1470
1469	1505
1470	1471
1470	1542
1471	1472
1471	1615
1472	1473
1473	1474
1473	2049
1474	1475
1475	1467
1475	3779
1476	1477
1476	1485
1477	1478
1477	1495
1478	1479
1479	1480
1479	1551
1480	1481
1480	1624
1481	1482
1482	1483
1482	2058
1483	1484
1484	1476
1484	3788
1485	1486
1486	1487
1486	1504
1487	1488
1488	1489
1488	1560
1489	1490
1489	1633
1490	1491
1491	1492
1491	2067
1492	1493
1493	1485
1493	3797
1494	1495
1494	1503
1495	1496
1496	1497
1497	1498
1497	1569
1498	1499
1498	1642
1499	1500
1500	1501
1500	2076
1501	1502
1502	1494
1502	3806
1503	1504
1504	1505
1505	1506
1506	1507
1506	1578
1507	1508
1507	1651
1508	1509
1509	1510
1509	2085
1510	1511
1511	1503
1511	3815
1512	1513
1512	1521
1513	1514
1513	1531
1514	1515
1514	1550
1515	1516
1516	1517
1516	1660
1517	1518
1518	1519
1518	2094
1519	1520
1520	1512
1520	3824
1521	1522
1522	1523
1522	1540
1523	1524
1523	1559
1524	1525
1525	1526
1525	1669
1526	1527
1527	1528
1527	2103
1528	1529
1529	1521
1529	3833
1530	1531
1530	1539
1531	1532
1532	1533
1532	1568
1533	1534
1534	1535
1534	1678
1535	1536
1536	1537
1536	2112
1537	1538
1538	1530
1538	3842
1539	1540
1540	1541
1541	1542
1541	1577
1542	1543
1543	1544
1543	1687
1544	1545
1545	1546
1545	2121
1546	1547
1547	1539
1547	3851
1548	1549
1548	1557
1549	1550
1549	1567
1550	1551
1551	1552
1552	1553
1552	1696
1553	1554
1554	1555
1554	2130
1555	1556
1556	1548
1556	3860
1557	1558
1558	1559
1558	1576
1559	1560
1560	1561
1561	1562
1561	1705
1562	1563
1563	1564
1563	2139
1564	1565
1565	1557
1565	3869
1566	1567
1566	1575
1567	1568
1568	1569
1569	1570
1570	1571
1570	1714
1571	1572
1572	1573
1572	2148
1573	1574
1574	1566
1574	3878
1575	1576
1576	1577
1577	1578
1578	1579
1579	1580
1579	1723
1580	1581
1581	1582
1581	2157
1582	1583
1583	1575
1583	3887
1584	1585
1584	1593
1585	1586
1585	1603
1586	1587
1586	1622
1587	1588
1587	1659
1588	1589
1589	1590
1590	1591
1590	2166
1591	1592
1592	1584
1592	3896
1593	1594
1594	1595
1594	1612
1595	1596
1595	1631
1596	1597
1596	1668
1597	1598
1598	1599
1599	1600
1599	2175
1600	1601
1601	1593
1601	3905
1602	1603
1602	1611
1603	1604
1604	1605
1604	1640
1605	1606
1605	1677
1606	1607
1607	1608
1608	1609
1608	2184
1609	1610
1610	1602
1610	3914
1611	1612
1612	1613
1613	1614
1613	1649
1614	1615
1614	1686
1615	1616
1616	1617
1617	1618
1617	2193
1618	1619
1619	1611
1619	3923
1620	1621
1620	1629
1621	1622
1621	1639
1622	1623
1623	1624
1623	1695
1624	1625
1625	1626
1626	1627
1626	2202
1627	1628
1628	1620
1628	3932
1629	1630
1630	1631
1630	1648
1631	1632
1632	1633
1632	1704
1633	1634
1634	1635
1635	1636
1635	2211
1636	1637
1637	1629
1637	3941
1638	1639
1638	1647
1639	1640
1640	1641
1641	1642
1641	1713
1642	1643
1643	1644
1644	1645
1644	2220
1645	1646
1646	1638
1646	3950
1647	1648
1648	1649
1649	1650
1650	1651
1650	1722
1651	1652
1652	1653
1653	1654
1653	2229
1654	1655
1655	1647
1655	3959
1656	1657
1656	1665
1657	1658
1657	1675
1658	1659
1658	1694
1659	1660
1660	1661
1661	1662
1662	1663
1662	2238
1663	1664
1664	1656
1664	3968
1665	1666
1666	1667
1666	1684
1667	1668
1667	1703
1668	1669
1669	1670
1670	1671
1671	1672
1671	2247
1672	1673
1673	1665
1673	3977
1674	1675
1674	1683
1675	1676
1676	1677
1676	1712
1677	1678
1678	1679
1679	1680
1680	1681
1680	2256
1681	1682
1682	1674
1682	3986
1683	1684
1684	1685
1685	1686
1685	1721
1686	1687
1687	1688
1688	1689
1689	1690
1689	2265
1690	1691
1691	1683
1691	3995
1692	1693
1692	1701
1693	1694
1693	1711
1694	1695
1695	1696
1696	1697
1697	1698
1698	1699
1698	2274
1699	1700
1700	1692
1700	4004
1701	1702
1702	1703
1702	1720
1703	1704
1704	1705
1705	1706
1706	1707
1707	1708
1707	2283
1708	1709
1709	1701
1709	4013
1710	1711
1710	1719
1711	1712
1712	1713
1713	1714
1714	1715
1715	1716
1716	1717
1716	2292
1717	1718
1718	1710
1718	4022
1719	1720
1720	1721
1721	1722
1722	1723
1723	1724
1724	1725
1725	1726
1725	2301
1726	1727
1727	1719
1727	4031
1728	1729
1728	1737
1729	1730
1729	1747
1730	1731
1730	1766
1731	1732
1731	1803
1732	1733
1732	1876
1733	1734
1733	2021
1734	1735
1735	1736
1736	1728
1736	4040
1737	1738
1738	1739
1738	1756
1739	1740
1739	1775
1740	1741
1740	1812
1741	1742
1741	1885
1742	1743
1742	2030
1743	1744
1744	1745
1745	1737
1745	4049
1746	1747
1746	1755
1747	1748
1748	1749
1748	1784
1749	1750
1749	1821
1750	1751
1750	1894
1751	1752
1751	2039
1752	1753
1753	1754
1754	1746
1754	4058
1755	1756
1756	1757
1757	1758
1757	1793
1758	1759
1758	1830
1759	1760
1759	1903
1760	1761
1760	2048
1761	1762
1762	1763
1763	1755
1763	4067
1764	1765
1764	1773
1765	1766
1765	1783
1766	1767
1767	1768
1767	1839
1768	1769
1768	1912
1769	1770
1769	2057
1770	1771
1771	1772
1772	1764
1772	4076
1773	1774
1774	1775
1774	1792
1775	1776
1776	1777
1776	1848
1777	1778
1777	1921
1778	1779
1778	2066
1779	1780
1780	1781
1781	1773
1781	4085
1782	1783
1782	1791
1783	1784
1784	1785
1785	1786
1785	1857
1786	1787
1786	1930
1787	1788
1787	2075
1788	1789
1789	1790
1790	1782
1790	4094
1791	1792
1792	1793
1793	1794
1794	1795
1794	1866
1795	1796
1795	1939
1796	1797
1796	2084
1797	1798
1798	1799
1799	1791
1799	4103
1800	1801
1800	1809
1801	1802
1801	1819
1802	1803
1802	1838
1803	1804
1804	1805
1804	1948
1805	1806
1805	2093
1806	1807
1807	1808
1808	1800
1808	4112
1809	1810
1810	1811
1810	1828
1811	1812
1811	1847
1812	1813
1813	1814
1813	1957
1814	1815
1814	2102
1815	1816
1816	1817
1817	1809
1817	4121
1818	1819
1818	1827
1819	1820
1820	1821
1820	1856
1821	1822
1822	1823
1822	1966
1823	1824
1823	2111
1824	1825
1825	1826
1826	1818
1826	4130
1827	1828
1828	1829
1829	1830
1829	1865
1830	1831
1831	1832
1831	1975
1832	1833
1832	2120
1833	1834
1834	1835
1835	1827
1835	4139
1836	1837
1836	1845
1837	1838
1837	1855
1838	1839
1839	1840
1840	1841
1840	1984
1841	1842
1841	2129
1842	1843
1843	1844
1844	1836
1844	4148
1845	1846
1846	1847
1846	1864
1847	1848
1848	1849
1849	1850
1849	1993
1850	1851
1850	2138
1851	1852
1852	1853
1853	1845
1853	4157
1854	1855
1854	1863
1855	1856
1856	1857
1857	1858
1858	1859
1858	2002
1859	1860
1859	2147
1860	1861
1861	1862
1862	1854
1862	4166
1863	1864
1864	1865
1865	1866
1866	1867
1867	1868
1867	2011
1868	1869
1868	2156
1869	1870
1870	1871
1871	1863
1871	4175
1872	1873
1872	1881
1873	1874
1873	1891
1874	1875
1874	1910
1875	1876
1875	1947
1876	1877
1877	1878
1877	2165
1878	1879
1879	1880
1880	1872
1880	4184
1881	1882
1882	1883
1882	1900
1883	1884
1883	1919
1884	1885
1884	1956
1885	1886
1886	1887
1886	2174
1887	1888
1888	1889
1889	1881
1889	4193
1890	1891
1890	1899
1891	1892
1892	1893
1892	1928
1893	1894
1893	1965
1894	1895
1895	1896
1895	2183
1896	1897
1897	1898
1898	1890
1898	4202
1899	1900
1900	1901
1901	1902
1901	1937
1902	1903
1902	1974
1903	1904
1904	1905
1904	2192
1905	1906
1906	1907
1907	1899
1907	4211
1908	1909
1908	1917
1909	1910
1909	1927
1910	1911
1911	1912
1911	1983
1912	1913
1913	1914
1913	2201
1914	1915
1915	1916
1916	1908
1916	4220
1917	1918
1918	1919
1918	1936
1919	1920
1920	1921
1920	1992
1921	1922
1922	1923
1922	2210
1923	1924
1924	1925
1925	1917
1925	4229
1926	1927
1926	1935
1927	1928
1928	1929
1929	1930
1929	2001
1930	1931
1931	1932
1931	2219
1932	1933
1933	1934
1934	1926
1934	4238
1935	1936
1936	1937
1937	1938
1938	1939
1938	2010
1939	1940
1940	1941
1940	2228
1941	1942
1942	1943
1943	1935
1943	4247
1944	1945
1944	1953
1945	1946
1945	1963
1946	1947
1946	1982
1947	1948
1948	1949
1949	1950
1949	2237
1950	1951
1951	1952
1952	1944
1952	4256
1953	1954
1954	1955
1954	1972
1955	1956
1955	1991
1956	1957
1957	1958
1958	1959
1958	2246
1959	1960
1960	1961
1961	1953
1961	4265
1962	1963
1962	1971
1963	1964
1964	1965
1964	2000
1965	1966
1966	1967
1967	1968
1967	2255
1968	1969
1969	1970
1970	1962
1970	4274
1971	1972
1972	1973
1973	1974
1973	2009
1974	1975
1975	1976
1976	1977
1976	2264
1977	1978
1978	1979
1979	1971
1979	4283
1980	1981
1980	1989
1981	1982
1981	1999
1982	1983
1983	1984
1984	1985
1985	1986
1985	2273
1986	1987
1987	1988
1988	1980
1988	4292
1989	1990
1990	1991
1990	2008
1991	1992
1992	1993
1993	1994
1994	1995
1994	2282
1995	1996
1996	1997
1997	1989
1997	4301
1998	1999
1998	2007
1999	2000
2000	2001
2001	2002
2002	2003
2003	2004
2003	2291
2004	2005
2005	2006
2006	1998
2006	4310
2007	2008
2008	2009
2009	2010
2010	2011
2011	2012
2012	2013
2012	2300
2013	2014
2014	2015
2015	2007
2015	4319
2016	2017
2016	2025
2017	2018
2017	2035
2018	2019
2018	2054
2019	2020
2019	2091
2020	2021
2020	2164
2021	2022
2022	2023
2023	2024
2024	2016
2024	4328
2025	2026
2026	2027
2026	2044
2027	2028
2027	2063
2028	2029
2028	2100
2029	2030
2029	2173
2030	2031
2031	2032
2032	2033
2033	2025
2033	4337
2034	2035
2034	2043
2035	2036
2036	2037
2036	2072
2037	2038
2037	2109
2038	2039
2038	2182
2039	2040
2040	2041
2041	2042
2042	2034
2042	4346
2043	2044
2044	2045
2045	2046
2045	2081
2046	2047
2046	2118
2047	2048
2047	2191
2048	2049
2049	2050
2050	2051
2051	2043
2051	4355
2052	2053
2052	2061
2053	2054
2053	2071
2054	2055
2055	2056
2055	2127
2056	2057
2056	2200
2057	2058
2058	2059
2059	2060
2060	2052
2060	4364
2061	2062
2062	2063
2062	2080
2063	2064
2064	2065
2064	2136
2065	2066
2065	2209
2066	2067
2067	2068
2068	2069
2069	2061
2069	4373
2070	2071
2070	2079
2071	2072
2072	2073
2073	2074
2073	2145
2074	2075
2074	2218
2075	2076
2076	2077
2077	2078
2078	2070
2078	4382
2079	2080
2080	2081
2081	2082
2082	2083
2082	2154
2083	2084
2083	2227
2084	2085
2085	2086
2086	2087
2087	2079
2087	4391
2088	2089
2088	2097
2089	2090
2089	2107
2090	2091
2090	2126
2091	2092
2092	2093
2092	2236
2093	2094
2094	2095
2095	2096
2096	2088
2096	4400
2097	2098
2098	2099
2098	2116
2099	2100
2099	2135
2100	2101
2101	2102
2101	2245
2102	2103
2103	2104
2104	2105
2105	2097
2105	4409
2106	2107
2106	2115
2107	2108
2108	2109
2108	2144
2109	2110
2110	2111
2110	2254
2111	2112
2112	2113
2113	2114
2114	2106
2114	4418
2115	2116
2116	2117
2117	2118
2117	2153
2118	2119
2119	2120
2119	2263
2120	2121
2121	2122
2122	2123
2123	2115
2123	4427
2124	2125
2124	2133
2125	2126
2125	2143
2126	2127
2127	2128
2128	2129
2128	2272
2129	2130
2130	2131
2131	2132
2132	2124
2132	4436
2133	2134
2134	2135
2134	2152
2135	2136
2136	2137
2137	2138
2137	2281
2138	2139
2139	2140
2140	2141
2141	2133
2141	4445
2142	2143
2142	2151
2143	2144
2144	2145
2145	2146
2146	2147
2146	2290
2147	2148
2148	2149
2149	2150
2150	2142
2150	4454
2151	2152
2152	2153
2153	2154
2154	2155
2155	2156
2155	2299
2156	2157
2157	2158
2158	2159
2159	2151
2159	4463
2160	2161
2160	2169
2161	2162
2161	2179
2162	2163
2162	2198
2163	2164
2163	2235
2164	2165
2165	2166
2166	2167
2167	2168
2168	2160
2168	4472
2169	2170
2170	2171
2170	2188
2171	2172
2171	2207
2172	2173
2172	2244
2173	2174
2174	2175
2175	2176
2176	2177
2177	2169
2177	4481
2178	2179
2178	2187
2179	2180
2180	2181
2180	2216
2181	2182
2181	2253
2182	2183
2183	2184
2184	2185
2185	2186
2186	2178
2186	4490
2187	2188
2188	2189
2189	2190
2189	2225
2190	2191
2190	2262
2191	2192
2192	2193
2193	2194
2194	2195
2195	2187
2195	4499
2196	2197
2196	2205
2197	2198
2197	2215
2198	2199
2199	2200
2199	2271
2200	2201
2201	2202
2202	2203
2203	2204
2204	2196
2204	4508
2205	2206
2206	2207
2206	2224
2207	2208
2208	2209
2208	2280
2209	2210
2210	2211
2211	2212
2212	2213
2213	2205
2213	4517
2214	2215
2214	2223
2215	2216
2216	2217
2217	2218
2217	2289
2218	2219
2219	2220
2220	2221
2221	2222
2222	2214
2222	4526
2223	2224
2224	2225
2225	2226
2226	2227
2226	2298
2227	2228
2228	2229
2229	2230
2230	2231
2231	2223
2231	4535
2232	2233
2232	2241
2233	2234
2233	2251
2234	2235
2234	2270
2235	2236
2236	2237
2237	2238
2238	2239
2239	2240
2240	2232
2240	4544
2241	2242
2242	2243
2242	2260
2243	2244
2243	2279
2244	2245
2245	2246
2246	2247
2247	2248
2248	2249
2249	2241
2249	4553
2250	2251
2250	2259
2251	2252
2252	2253
2252	2288
2253	2254
2254	2255
2255	2256
2256	2257
2257	2258
2258	2250
2258	4562
2259	2260
2260	2261
2261	2262
2261	2297
2262	2263
2263	2264
2264	2265
2265	2266
2266	2267
2267	2259
2267	4571
2268	2269
2268	2277
2269	2270
2269	2287
2270	2271
2271	2272
2272	2273
2273	2274
2274	2275
2275	2276
2276	2268
2276	4580
2277	2278
2278	2279
2278	2296
2279	2280
2280	2281
2281	2282
2282	2283
2283	2284
2284	2285
2285	2277
2285	4589
2286	2287
2286	2295
2287	2288
2288	2289
2289	2290
2290	2291
2291	2292
2292	2293
2293	2294
2294	2286
2294	4598
2295	2296
2296	2297
2297	2298
2298	2299
2299	2300
2300	2301
2301	2302
2302	2303
2303	2295
2303	4607
2304	2305
2304	2313
2305	2306
2305	2323
2306	2307
2306	2342
2307	2308
2307	2379
2308	2309
2308	2452
2309	2310
2309	2597
2310	2311
2310	2886
2311	2312
2311	3463
2312	2304
2313	2314
2314	2315
2314	2332
2315	2316
2315	2351
2316	2317
2316	2388
2317	2318
2317	2461
2318	2319
2318	2606
2319	2320
2319	2895
2320	2321
2320	3472
2321	2313
2322	2323
2322	2331
2323	2324
2324	2325
2324	2360
2325	2326
2325	2397
2326	2327
2326	2470
2327	2328
2327	2615
2328	2329
2328	2904
2329	2330
2329	3481
2330	2322
2331	2332
2332	2333
2333	2334
2333	2369
2334	2335
2334	2406
2335	2336
2335	2479
2336	2337
2336	2624
2337	2338
2337	2913
2338	2339
2338	3490
2339	2331
2340	2341
2340	2349
2341	2342
2341	2359
2342	2343
2343	2344
2343	2415
2344	2345
2344	2488
2345	2346
2345	2633
2346	2347
2346	2922
2347	2348
2347	3499
2348	2340
2349	2350
2350	2351
2350	2368
2351	2352
2352	2353
2352	2424
2353	2354
2353	2497
2354	2355
2354	2642
2355	2356
2355	2931
2356	2357
2356	3508
2357	2349
2358	2359
2358	2367
2359	2360
2360	2361
2361	2362
2361	2433
2362	2363
2362	2506
2363	2364
2363	2651
2364	2365
2364	2940
2365	2366
2365	3517
2366	2358
2367	2368
2368	2369
2369	2370
2370	2371
2370	2442
2371	2372
2371	2515
2372	2373
2372	2660
2373	2374
2373	2949
2374	2375
2374	3526
2375	2367
2376	2377
2376	2385
2377	2378
2377	2395
2378	2379
2378	2414
2379	2380
2380	2381
2380	2524
2381	2382
2381	2669
2382	2383
2382	2958
2383	2384
2383	3535
2384	2376
2385	2386
2386	2387
2386	2404
2387	2388
2387	2423
2388	2389
2389	2390
2389	2533
2390	2391
2390	2678
2391	2392
2391	2967
2392	2393
2392	3544
2393	2385
2394	2395
2394	2403
2395	2396
2396	2397
2396	2432
2397	2398
2398	2399
2398	2542
2399	2400
2399	2687
2400	2401
2400	2976
2401	2402
2401	3553
2402	2394
2403	2404
2404	2405
2405	2406
2405	2441
2406	2407
2407	2408
2407	2551
2408	2409
2408	2696
2409	2410
2409	2985
2410	2411
2410	3562
2411	2403
2412	2413
2412	2421
2413	2414
2413	2431
2414	2415
2415	2416
2416	2417
2416	2560
2417	2418
2417	2705
2418	2419
2418	2994
2419	2420
2419	3571
2420	2412
2421	2422
2422	2423
2422	2440
2423	2424
2424	2425
2425	2426
2425	2569
2426	2427
2426	2714
2427	2428
2427	3003
2428	2429
2428	3580
2429	2421
2430	2431
2430	2439
2431	2432
2432	2433
2433	2434
2434	2435
2434	2578
2435	2436
2435	2723
2436	2437
2436	3012
2437	2438
2437	3589
2438	2430
2439	2440
2440	2441
2441	2442
2442	2443
2443	2444
2443	2587
2444	2445
2444	2732
2445	2446
2445	3021
2446	2447
2446	3598
2447	2439
2448	2449
2448	2457
2449	2450
2449	2467
2450	2451
2450	2486
2451	2452
2451	2523
2452	2453
2453	2454
2453	2741
2454	2455
2454	3030
2455	2456
2455	3607
2456	2448
2457	2458
2458	2459
2458	2476
2459	2460
2459	2495
2460	2461
2460	2532
2461	2462
2462	2463
2462	2750
2463	2464
2463	3039
2464	2465
2464	3616
2465	2457
2466	2467
2466	2475
2467	2468
2468	2469
2468	2504
2469	2470
2469	2541
2470	2471
2471	2472
2471	2759
2472	2473
2472	3048
2473	2474
2473	3625
2474	2466
2475	2476
2476	2477
2477	2478
2477	2513
2478	2479
2478	2550
2479	2480
2480	2481
2480	2768
2481	2482
2481	3057
2482	2483
2482	3634
2483	2475
2484	2485
2484	2493
2485	2486
2485	2503
2486	2487
2487	2488
2487	2559
2488	2489
2489	2490
2489	2777
2490	2491
2490	3066
2491	2492
2491	3643
2492	2484
2493	2494
2494	2495
2494	2512
2495	2496
2496	2497
2496	2568
2497	2498
2498	2499
2498	2786
2499	2500
2499	3075
2500	2501
2500	3652
2501	2493
2502	2503
2502	2511
2503	2504
2504	2505
2505	2506
2505	2577
2506	2507
2507	2508
2507	2795
2508	2509
2508	3084
2509	2510
2509	3661
2510	2502
2511	2512
2512	2513
2513	2514
2514	2515
2514	2586
2515	2516
2516	2517
2516	2804
2517	2518
2517	3093
2518	2519
2518	3670
2519	2511
2520	2521
2520	2529
2521	2522
2521	2539
2522	2523
2522	2558
2523	2524
2524	2525
2525	2526
2525	2813
2526	2527
2526	3102
2527	2528
2527	3679
2528	2520
2529	2530
2530	2531
2530	2548
2531	2532
2531	2567
2532	2533
2533	2534
2534	2535
2534	2822
2535	2536
2535	3111
2536	2537
2536	3688
2537	2529
2538	2539
2538	2547
2539	2540
2540	2541
2540	2576
2541	2542
2542	2543
2543	2544
2543	2831
2544	2545
2544	3120
2545	2546
2545	3697
2546	2538
2547	2548
2548	2549
2549	2550
2549	2585
2550	2551
2551	2552
2552	2553
2552	2840
2553	2554
2553	3129
2554	2555
2554	3706
2555	2547
2556	2557
2556	2565
2557	2558
2557	2575
2558	2559
2559	2560
2560	2561
2561	2562
2561	2849
2562	2563
2562	3138
2563	2564
2563	3715
2564	2556
2565	2566
2566	2567
2566	2584
2567	2568
2568	2569
2569	2570
2570	2571
2570	2858
2571	2572
2571	3147
2572	2573
2572	3724
2573	2565
2574	2575
2574	2583
2575	2576
2576	2577
2577	2578
2578	2579
2579	2580
2579	2867
2580	2581
2580	3156
2581	2582
2581	3733
2582	2574
2583	2584
2584	2585
2585	2586
2586	2587
2587	2588
2588	2589
2588	2876
2589	2590
2589	3165
2590	2591
2590	3742
2591	2583
2592	2593
2592	2601
2593	2594
2593	2611
2594	2595
2594	2630
2595	2596
2595	2667
2596	2597
2596	2740
2597	2598
2598	2599
2598	3174
2599	2600
2599	3751
2600	2592
2601	2602
2602	2603
2602	2620
2603	2604
2603	2639
2604	2605
2604	2676
2605	2606
2605	2749
2606	2607
2607	2608
2607	3183
2608	2609
2608	3760
2609	2601
2610	2611
2610	2619
2611	2612
2612	2613
2612	2648
2613	2614
2613	2685
2614	2615
2614	2758
2615	2616
2616	2617
2616	3192
2617	2618
2617	3769
2618	2610
2619	2620
2620	2621
2621	2622
2621	2657
2622	2623
2622	2694
2623	2624
2623	2767
2624	2625
2625	2626
2625	3201
2626	2627
2626	3778
2627	2619
2628	2629
2628	2637
2629	2630
2629	2647
2630	2631
2631	2632
2631	2703
2632	2633
2632	2776
2633	2634
2634	2635
2634	3210
2635	2636
2635	3787
2636	2628
2637	2638
2638	2639
2638	2656
2639	2640
2640	2641
2640	2712
2641	2642
2641	2785
2642	2643
2643	2644
2643	3219
2644	2645
2644	3796
2645	2637
2646	2647
2646	2655
2647	2648
2648	2649
2649	2650
2649	2721
2650	2651
2650	2794
2651	2652
2652	2653
2652	3228
2653	2654
2653	3805
2654	2646
2655	2656
2656	2657
2657	2658
2658	2659
2658	2730
2659	2660
2659	2803
2660	2661
2661	2662
2661	3237
2662	2663
2662	3814
2663	2655
2664	2665
2664	2673
2665	2666
2665	2683
2666	2667
2666	2702
2667	2668
2668	2669
2668	2812
2669	2670
2670	2671
2670	3246
2671	2672
2671	3823
2672	2664
2673	2674
2674	2675
2674	2692
2675	2676
2675	2711
2676	2677
2677	2678
2677	2821
2678	2679
2679	2680
2679	3255
2680	2681
2680	3832
2681	2673
2682	2683
2682	2691
2683	2684
2684	2685
2684	2720
2685	2686
2686	2687
2686	2830
2687	2688
2688	2689
2688	3264
2689	2690
2689	3841
2690	2682
2691	2692
2692	2693
2693	2694
2693	2729
2694	2695
2695	2696
2695	2839
2696	2697
2697	2698
2697	3273
2698	2699
2698	3850
2699	2691
2700	2701
2700	2709
2701	2702
2701	2719
2702	2703
2703	2704
2704	2705
2704	2848
2705	2706
2706	2707
2706	3282
2707	2708
2707	3859
2708	2700
2709	2710
2710	2711
2710	2728
2711	2712
2712	2713
2713	2714
2713	2857
2714	2715
2715	2716
2715	3291
2716	2717
2716	3868
2717	2709
2718	2719
2718	2727
2719	2720
2720	2721
2721	2722
2722	2723
2722	2866
2723	2724
2724	2725
2724	3300
2725	2726
2725	3877
2726	2718
2727	2728
2728	2729
2729	2730
2730	2731
2731	2732
2731	2875
2732	2733
2733	2734
2733	3309
2734	2735
2734	3886
2735	2727
2736	2737
2736	2745
2737	2738
2737	2755
2738	2739
2738	2774
2739	2740
2739	2811
2740	2741
2741	2742
2742	2743
2742	3318
2743	2744
2743	3895
2744	2736
2745	2746
2746	2747
2746	2764
2747	2748
2747	2783
2748	2749
2748	2820
2749	2750
2750	2751
2751	2752
2751	3327
2752	2753
2752	3904
2753	2745
2754	2755
2754	2763
2755	2756
2756	2757
2756	2792
2757	2758
2757	2829
2758	2759
2759	2760
2760	2761
2760	3336
2761	2762
2761	3913
2762	2754
2763	2764
2764	2765
2765	2766
2765	2801
2766	2767
2766	2838
2767	2768
2768	2769
2769	2770
2769	3345
2770	2771
2770	3922
2771	2763
2772	2773
2772	2781
2773	2774
2773	2791
2774	2775
2775	2776
2775	2847
2776	2777
2777	2778
2778	2779
2778	3354
2779	2780
2779	3931
2780	2772
2781	2782
2782	2783
2782	2800
2783	2784
2784	2785
2784	2856
2785	2786
2786	2787
2787	2788
2787	3363
2788	2789
2788	3940
2789	2781
2790	2791
2790	2799
2791	2792
2792	2793
2793	2794
2793	2865
2794	2795
2795	2796
2796	2797
2796	3372
2797	2798
2797	3949
2798	2790
2799	2800
2800	2801
2801	2802
2802	2803
2802	2874
2803	2804
2804	2805
2805	2806
2805	3381
2806	2807
2806	3958
2807	2799
2808	2809
2808	2817
2809	2810
2809	2827
2810	2811
2810	2846
2811	2812
2812	2813
2813	2814
2814	2815
2814	3390
2815	2816
2815	3967
2816	2808
2817	2818
2818	2819
2818	2836
2819	2820
2819	2855
2820	2821
2821	2822
2822	2823
2823	2824
2823	3399
2824	2825
2824	3976
2825	2817
2826	2827
2826	2835
2827	2828
2828	2829
2828	2864
2829	2830
2830	2831
2831	2832
2832	2833
2832	3408
2833	2834
2833	3985
2834	2826
2835	2836
2836	2837
2837	2838
2837	2873
2838	2839
2839	2840
2840	2841
2841	2842
2841	3417
2842	2843
2842	3994
2843	2835
2844	2845
2844	2853
2845	2846
2845	2863
2846	2847
2847	2848
2848	2849
2849	2850
2850	2851
2850	3426
2851	2852
2851	4003
2852	2844
2853	2854
2854	2855
2854	2872
2855	2856
2856	2857
2857	2858
2858	2859
2859	2860
2859	3435
2860	2861
2860	4012
2861	2853
2862	2863
2862	2871
2863	2864
2864	2865
2865	2866
2866	2867
2867	2868
2868	2869
2868	3444
2869	2870
2869	4021
2870	2862
2871	2872
2872	2873
2873	2874
2874	2875
2875	2876
2876	2877
2877	2878
2877	3453
2878	2879
2878	4030
2879	2871
2880	2881
2880	2889
2881	2882
2881	2899
2882	2883
2882	2918
2883	2884
2883	2955
2884	2885
2884	3028
2885	2886
2885	3173
2886	2887
2887	2888
2887	4039
2888	2880
2889	2890
2890	2891
2890	2908
2891	2892
2891	2927
2892	2893
2892	2964
2893	2894
2893	3037
2894	2895
2894	3182
2895	2896
2896	2897
2896	4048
2897	2889
2898	2899
2898	2907
2899	2900
2900	2901
2900	2936
2901	2902
2901	2973
2902	2903
2902	3046
2903	2904
2903	3191
2904	2905
2905	2906
2905	4057
2906	2898
2907	2908
2908	2909
2909	2910
2909	2945
2910	2911
2910	2982
2911	2912
2911	3055
2912	2913
2912	3200
2913	2914
2914	2915
2914	4066
2915	2907
2916	2917
2916	2925
2917	2918
2917	2935
2918	2919
2919	2920
2919	2991
2920	2921
2920	3064
2921	2922
2921	3209
2922	2923
2923	2924
2923	4075
2924	2916
2925	2926
2926	2927
2926	2944
2927	2928
2928	2929
2928	3000
2929	2930
2929	3073
2930	2931
2930	3218
2931	2932
2932	2933
2932	4084
2933	2925
2934	2935
2934	2943
2935	2936
2936	2937
2937	2938
2937	3009
2938	2939
2938	3082
2939	2940
2939	3227
2940	2941
2941	2942
2941	4093
2942	2934
2943	2944
2944	2945
2945	2946
2946	2947
2946	3018
2947	2948
2947	3091
2948	2949
2948	3236
2949	2950
2950	2951
2950	4102
2951	2943
2952	2953
2952	2961
2953	2954
2953	2971
2954	2955
2954	2990
2955	2956
2956	2957
2956	3100
2957	2958
2957	3245
2958	2959
2959	2960
2959	4111
2960	2952
2961	2962
2962	2963
2962	2980
2963	2964
2963	2999
2964	2965
2965	2966
2965	3109
2966	2967
2966	3254
2967	2968
2968	2969
2968	4120
2969	2961
2970	2971
2970	2979
2971	2972
2972	2973
2972	3008
2973	2974
2974	2975
2974	3118
2975	2976
2975	3263
2976	2977
2977	2978
2977	4129
2978	2970
2979	2980
2980	2981
2981	2982
2981	3017
2982	2983
2983	2984
2983	3127
2984	2985
2984	3272
2985	2986
2986	2987
2986	4138
2987	2979
2988	2989
2988	2997
2989	2990
2989	3007
2990	2991
2991	2992
2992	2993
2992	3136
2993	2994
2993	3281
2994	2995
2995	2996
2995	4147
2996	2988
2997	2998
2998	2999
2998	3016
2999	3000
3000	3001
3001	3002
3001	3145
3002	3003
3002	3290
3003	3004
3004	3005
3004	4156
3005	2997
3006	3007
3006	3015
3007	3008
3008	3009
3009	3010
3010	3011
3010	3154
3011	3012
3011	3299
3012	3013
3013	3014
3013	4165
3014	3006
3015	3016
3016	3017
3017	3018
3018	3019
3019	3020
3019	3163
3020	3021
3020	3308
3021	3022
3022	3023
3022	4174
3023	3015
3024	3025
3024	3033
3025	3026
3025	3043
3026	3027
3026	3062
3027	3028
3027	3099
3028	3029
3029	3030
3029	3317
3030	3031
3031	3032
3031	4183
3032	3024
3033	3034
3034	3035
3034	3052
3035	3036
3035	3071
3036	3037
3036	3108
3037	3038
3038	3039
3038	3326
3039	3040
3040	3041
3040	4192
3041	3033
3042	3043
3042	3051
3043	3044
3044	3045
3044	3080
3045	3046
3045	3117
3046	3047
3047	3048
3047	3335
3048	3049
3049	3050
3049	4201
3050	3042
3051	3052
3052	3053
3053	3054
3053	3089
3054	3055
3054	3126
3055	3056
3056	3057
3056	3344
3057	3058
3058	3059
3058	4210
3059	3051
3060	3061
3060	3069
3061	3062
3061	3079
3062	3063
3063	3064
3063	3135
3064	3065
3065	3066
3065	3353
3066	3067
3067	3068
3067	4219
3068	3060
3069	3070
3070	3071
3070	3088
3071	3072
3072	3073
3072	3144
3073	3074
3074	3075
3074	3362
3075	3076
3076	3077
3076	4228
3077	3069
3078	3079
3078	3087
3079	3080
3080	3081
3081	3082
3081	3153
3082	3083
3083	3084
3083	3371
3084	3085
3085	3086
3085	4237
3086	3078
3087	3088
3088	3089
3089	3090
3090	3091
3090	3162
3091	3092
3092	3093
3092	3380
3093	3094
3094	3095
3094	4246
3095	3087
3096	3097
3096	3105
3097	3098
3097	3115
3098	3099
3098	3134
3099	3100
3100	3101
3101	3102
3101	3389
3102	3103
3103	3104
3103	4255
3104	3096
3105	3106
3106	3107
3106	3124
3107	3108
3107	3143
3108	3109
3109	3110
3110	3111
3110	3398
3111	3112
3112	3113
3112	4264
3113	3105
3114	3115
3114	3123
3115	3116
3116	3117
3116	3152
3117	3118
3118	3119
3119	3120
3119	3407
3120	3121
3121	3122
3121	4273
3122	3114
3123	3124
3124	3125
3125	3126
3125	3161
3126	3127
3127	3128
3128	3129
3128	3416
3129	3130
3130	3131
3130	4282
3131	3123
3132	3133
3132	3141
3133	3134
3133	3151
3134	3135
3135	3136
3136	3137
3137	3138
3137	3425
3138	3139
3139	3140
3139	4291
3140	3132
3141	3142
3142	3143
3142	3160
3143	3144
3144	3145
3145	3146
3146	3147
3146	3434
3147	3148
3148	3149
3148	4300
3149	3141
3150	3151
3150	3159
3151	3152
3152	3153
3153	3154
3154	3155
3155	3156
3155	3443
3156	3157
3157	3158
3157	4309
3158	3150
3159	3160
3160	3161
3161	3162
3162	3163
3163	3164
3164	3165
3164	3452
3165	3166
3166	3167
3166	4318
3167	3159
3168	3169
3168	3177
3169	3170
3169	3187
3170	3171
3170	3206
3171	3172
3171	3243
3172	3173
3172	3316
3173	3174
3174	3175
3175	3176
3175	4327
3176	3168
3177	3178
3178	3179
3178	3196
3179	3180
3179	3215
3180	3181
3180	3252
3181	3182
3181	3325
3182	3183
3183	3184
3184	3185
3184	4336
3185	3177
3186	3187
3186	3195
3187	3188
3188	3189
3188	3224
3189	3190
3189	3261
3190	3191
3190	3334
3191	3192
3192	3193
3193	3194
3193	4345
3194	3186
3195	3196
3196	3197
3197	3198
3197	3233
3198	3199
3198	3270
3199	3200
3199	3343
3200	3201
3201	3202
3202	3203
3202	4354
3203	3195
3204	3205
3204	3213
3205	3206
3205	3223
3206	3207
3207	3208
3207	3279
3208	3209
3208	3352
3209	3210
3210	3211
3211	3212
3211	4363
3212	3204
3213	3214
3214	3215
3214	3232
3215	3216
3216	3217
3216	3288
3217	3218
3217	3361
3218	3219
3219	3220
3220	3221
3220	4372
3221	3213
3222	3223
3222	3231
3223	3224
3224	3225
3225	3226
3225	3297
3226	3227
3226	3370
3227	3228
3228	3229
3229	3230
3229	4381
3230	3222
3231	3232
3232	3233
3233	3234
3234	3235
3234	3306
3235	3236
3235	3379
3236	3237
3237	3238
3238	3239
3238	4390
3239	3231
3240	3241
3240	3249
3241	3242
3241	3259
3242	3243
3242	3278
3243	3244
3244	3245
3244	3388
3245	3246
3246	3247
3247	3248
3247	4399
3248	3240
3249	3250
3250	3251
3250	3268
3251	3252
3251	3287
3252	3253
3253	3254
3253	3397
3254	3255
3255	3256
3256	3257
3256	4408
3257	3249
3258	3259
3258	3267
3259	3260
3260	3261
3260	3296
3261	3262
3262	3263
3262	3406
3263	3264
3264	3265
3265	3266
3265	4417
3266	3258
3267	3268
3268	3269
3269	3270
3269	3305
3270	3271
3271	3272
3271	3415
3272	3273
3273	3274
3274	3275
3274	4426
3275	3267
3276	3277
3276	3285
3277	3278
3277	3295
3278	3279
3279	3280
3280	3281
3280	3424
3281	3282
3282	3283
3283	3284
3283	4435
3284	3276
3285	3286
3286	3287
3286	3304
3287	3288
3288	3289
3289	3290
3289	3433
3290	3291
3291	3292
3292	3293
3292	4444
3293	3285
3294	3295
3294	3303
3295	3296
3296	3297
3297	3298
3298	3299
3298	3442
3299	3300
3300	3301
3301	3302
3301	4453
3302	3294
3303	3304
3304	3305
3305	3306
3306	3307
3307	3308
3307	3451
3308	3309
3309	3310
3310	3311
3310	4462
3311	3303
3312	3313
3312	3321
3313	3314
3313	3331
3314	3315
3314	3350
3315	3316
3315	3387
3316	3317
3317	3318
3318	3319
3319	3320
3319	4471
3320	3312
3321	3322
3322	3323
3322	3340
3323	3324
3323	3359
3324	3325
3324	3396
3325	3326
3326	3327
3327	3328
3328	3329
3328	4480
3329	3321
3330	3331
3330	3339
3331	3332
3332	3333
3332	3368
3333	3334
3333	3405
3334	3335
3335	3336
3336	3337
3337	3338
3337	4489
3338	3330
3339	3340
3340	3341
3341	3342
3341	3377
3342	3343
3342	3414
3343	3344
3344	3345
3345	3346
3346	3347
3346	4498
3347	3339
3348	3349
3348	3357
3349	3350
3349	3367
3350	3351
3351	3352
3351	3423
3352	3353
3353	3354
3354	3355
3355	3356
3355	4507
3356	3348
3357	3358
3358	3359
3358	3376
3359	3360
3360	3361
3360	3432
3361	3362
3362	3363
3363	3364
3364	3365
3364	4516
3365	3357
3366	3367
3366	3375
3367	3368
3368	3369
3369	3370
3369	3441
3370	3371
3371	3372
3372	3373
3373	3374
3373	4525
3374	3366
3375	3376
3376	3377
3377	3378
3378	3379
3378	3450
3379	3380
3380	3381
3381	3382
3382	3383
3382	4534
3383	3375
3384	3385
3384	3393
3385	3386
3385	3403
3386	3387
3386	3422
3387	3388
3388	3389
3389	3390
3390	3391
3391	3392
3391	4543
3392	3384
3393	3394
3394	3395
3394	3412
3395	3396
3395	3431
3396	3397
3397	3398
3398	3399
3399	3400
3400	3401
3400	4552
3401	3393
3402	3403
3402	3411
3403	3404
3404	3405
3404	3440
3405	3406
3406	3407
3407	3408
3408	3409
3409	3410
3409	4561
3410	3402
3411	3412
3412	3413
3413	3414
3413	3449
3414	3415
3415	3416
3416	3417
3417	3418
3418	3419
3418	4570
3419	3411
3420	3421
3420	3429
3421	3422
3421	3439
3422	3423
3423	3424
3424	3425
3425	3426
3426	3427
3427	3428
3427	4579
3428	3420
3429	3430
3430	3431
3430	3448
3431	3432
3432	3433
3433	3434
3434	3435
3435	3436
3436	3437
3436	4588
3437	3429
3438	3439
3438	3447
3439	3440
3440	3441
3441	3442
3442	3443
3443	3444
3444	3445
3445	3446
3445	4597
3446	3438
3447	3448
3448	3449
3449	3450
3450	3451
3451	3452
3452	3453
3453	3454
3454	3455
3454	4606
3455	3447
3456	3457
3456	3465
3457	3458
3457	3475
3458	3459
3458	3494
3459	3460
3459	3531
3460	3461
3460	3604
3461	3462
3461	3749
3462	3463
3462	4038
3463	3464
3464	3456
3465	3466
3466	3467
3466	3484
3467	3468
3467	3503
3468	3469
3468	3540
3469	3470
3469	3613
3470	3471
3470	3758
3471	3472
3471	4047
3472	3473
3473	3465
3474	3475
3474	3483
3475	3476
3476	3477
3476	3512
3477	3478
3477	3549
3478	3479
3478	3622
3479	3480
3479	3767
3480	3481
3480	4056
3481	3482
3482	3474
3483	3484
3484	3485
3485	3486
3485	3521
3486	3487
3486	3558
3487	3488
3487	3631
3488	3489
3488	3776
3489	3490
3489	4065
3490	3491
3491	3483
3492	3493
3492	3501
3493	3494
3493	3511
3494	3495
3495	3496
3495	3567
3496	3497
3496	3640
3497	3498
3497	3785
3498	3499
3498	4074
3499	3500
3500	3492
3501	3502
3502	3503
3502	3520
3503	3504
3504	3505
3504	3576
3505	3506
3505	3649
3506	3507
3506	3794
3507	3508
3507	4083
3508	3509
3509	3501
3510	3511
3510	3519
3511	3512
3512	3513
3513	3514
3513	3585
3514	3515
3514	3658
3515	3516
3515	3803
3516	3517
3516	4092
3517	3518
3518	3510
3519	3520
3520	3521
3521	3522
3522	3523
3522	3594
3523	3524
3523	3667
3524	3525
3524	3812
3525	3526
3525	4101
3526	3527
3527	3519
3528	3529
3528	3537
3529	3530
3529	3547
3530	3531
3530	3566
3531	3532
3532	3533
3532	3676
3533	3534
3533	3821
3534	3535
3534	4110
3535	3536
3536	3528
3537	3538
3538	3539
3538	3556
3539	3540
3539	3575
3540	3541
3541	3542
3541	3685
3542	3543
3542	3830
3543	3544
3543	4119
3544	3545
3545	3537
3546	3547
3546	3555
3547	3548
3548	3549
3548	3584
3549	3550
3550	3551
3550	3694
3551	3552
3551	3839
3552	3553
3552	4128
3553	3554
3554	3546
3555	3556
3556	3557
3557	3558
3557	3593
3558	3559
3559	3560
3559	3703
3560	3561
3560	3848
3561	3562
3561	4137
3562	3563
3563	3555
3564	3565
3564	3573
3565	3566
3565	3583
3566	3567
3567	3568
3568	3569
3568	3712
3569	3570
3569	3857
3570	3571
3570	4146
3571	3572
3572	3564
3573	3574
3574	3575
3574	3592
3575	3576
3576	3577
3577	3578
3577	3721
3578	3579
3578	3866
3579	3580
3579	4155
3580	3581
3581	3573
3582	3583
3582	3591
3583	3584
3584	3585
3585	3586
3586	3587
3586	3730
3587	3588
3587	3875
3588	3589
3588	4164
3589	3590
3590	3582
3591	3592
3592	3593
3593	3594
3594	3595
3595	3596
3595	3739
3596	3597
3596	3884
3597	3598
3597	4173
3598	3599
3599	3591
3600	3601
3600	3609
3601	3602
3601	3619
3602	3603
3602	3638
3603	3604
3603	3675
3604	3605
3605	3606
3605	3893
3606	3607
3606	4182
3607	3608
3608	3600
3609	3610
3610	3611
3610	3628
3611	3612
3611	3647
3612	3613
3612	3684
3613	3614
3614	3615
3614	3902
3615	3616
3615	4191
3616	3617
3617	3609
3618	3619
3618	3627
3619	3620
3620	3621
3620	3656
3621	3622
3621	3693
3622	3623
3623	3624
3623	3911
3624	3625
3624	4200
3625	3626
3626	3618
3627	3628
3628	3629
3629	3630
3629	3665
3630	3631
3630	3702
3631	3632
3632	3633
3632	3920
3633	3634
3633	4209
3634	3635
3635	3627
3636	3637
3636	3645
3637	3638
3637	3655
3638	3639
3639	3640
3639	3711
3640	3641
3641	3642
3641	3929
3642	3643
3642	4218
3643	3644
3644	3636
3645	3646
3646	3647
3646	3664
3647	3648
3648	3649
3648	3720
3649	3650
3650	3651
3650	3938
3651	3652
3651	4227
3652	3653
3653	3645
3654	3655
3654	3663
3655	3656
3656	3657
3657	3658
3657	3729
3658	3659
3659	3660
3659	3947
3660	3661
3660	4236
3661	3662
3662	3654
3663	3664
3664	3665
3665	3666
3666	3667
3666	3738
3667	3668
3668	3669
3668	3956
3669	3670
3669	4245
3670	3671
3671	3663
3672	3673
3672	3681
3673	3674
3673	3691
3674	3675
3674	3710
3675	3676
3676	3677
3677	3678
3677	3965
3678	3679
3678	4254
3679	3680
3680	3672
3681	3682
3682	3683
3682	3700
3683	3684
3683	3719
3684	3685
3685	3686
3686	3687
3686	3974
3687	3688
3687	4263
3688	3689
3689	3681
3690	3691
3690	3699
3691	3692
3692	3693
3692	3728
3693	3694
3694	3695
3695	3696
3695	3983
3696	3697
3696	4272
3697	3698
3698	3690
3699	3700
3700	3701
3701	3702
3701	3737
3702	3703
3703	3704
3704	3705
3704	3992
3705	3706
3705	4281
3706	3707
3707	3699
3708	3709
3708	3717
3709	3710
3709	3727
3710	3711
3711	3712
3712	3713
3713	3714
3713	4001
3714	3715
3714	4290
3715	3716
3716	3708
3717	3718
3718	3719
3718	3736
3719	3720
3720	3721
3721	3722
3722	3723
3722	4010
3723	3724
3723	4299
3724	3725
3725	3717
3726	3727
3726	3735
3727	3728
3728	3729
3729	3730
3730	3731
3731	3732
3731	4019
3732	3733
3732	4308
3733	3734
3734	3726
3735	3736
3736	3737
3737	3738
3738	3739
3739	3740
3740	3741
3740	4028
3741	3742
3741	4317
3742	3743
3743	3735
3744	3745
3744	3753
3745	3746
3745	3763
3746	3747
3746	3782
3747	3748
3747	3819
3748	3749
3748	3892
3749	3750
3750	3751
3750	4326
3751	3752
3752	3744
3753	3754
3754	3755
3754	3772
3755	3756
3755	3791
3756	3757
3756	3828
3757	3758
3757	3901
3758	3759
3759	3760
3759	4335
3760	3761
3761	3753
3762	3763
3762	3771
3763	3764
3764	3765
3764	3800
3765	3766
3765	3837
3766	3767
3766	3910
3767	3768
3768	3769
3768	4344
3769	3770
3770	3762
3771	3772
3772	3773
3773	3774
3773	3809
3774	3775
3774	3846
3775	3776
3775	3919
3776	3777
3777	3778
3777	4353
3778	3779
3779	3771
3780	3781
3780	3789
3781	3782
3781	3799
3782	3783
3783	3784
3783	3855
3784	3785
3784	3928
3785	3786
3786	3787
3786	4362
3787	3788
3788	3780
3789	3790
3790	3791
3790	3808
3791	3792
3792	3793
3792	3864
3793	3794
3793	3937
3794	3795
3795	3796
3795	4371
3796	3797
3797	3789
3798	3799
3798	3807
3799	3800
3800	3801
3801	3802
3801	3873
3802	3803
3802	3946
3803	3804
3804	3805
3804	4380
3805	3806
3806	3798
3807	3808
3808	3809
3809	3810
3810	3811
3810	3882
3811	3812
3811	3955
3812	3813
3813	3814
3813	4389
3814	3815
3815	3807
3816	3817
3816	3825
3817	3818
3817	3835
3818	3819
3818	3854
3819	3820
3820	3821
3820	3964
3821	3822
3822	3823
3822	4398
3823	3824
3824	3816
3825	3826
3826	3827
3826	3844
3827	3828
3827	3863
3828	3829
3829	3830
3829	3973
3830	3831
3831	3832
3831	4407
3832	3833
3833	3825
3834	3835
3834	3843
3835	3836
3836	3837
3836	3872
3837	3838
3838	3839
3838	3982
3839	3840
3840	3841
3840	4416
3841	3842
3842	3834
3843	3844
3844	3845
3845	3846
3845	3881
3846	3847
3847	3848
3847	3991
3848	3849
3849	3850
3849	4425
3850	3851
3851	3843
3852	3853
3852	3861
3853	3854
3853	3871
3854	3855
3855	3856
3856	3857
3856	4000
3857	3858
3858	3859
3858	4434
3859	3860
3860	3852
3861	3862
3862	3863
3862	3880
3863	3864
3864	3865
3865	3866
3865	4009
3866	3867
3867	3868
3867	4443
3868	3869
3869	3861
3870	3871
3870	3879
3871	3872
3872	3873
3873	3874
3874	3875
3874	4018
3875	3876
3876	3877
3876	4452
3877	3878
3878	3870
3879	3880
3880	3881
3881	3882
3882	3883
3883	3884
3883	4027
3884	3885
3885	3886
3885	4461
3886	3887
3887	3879
3888	3889
3888	3897
3889	3890
3889	3907
3890	3891
3890	3926
3891	3892
3891	3963
3892	3893
3893	3894
3894	3895
3894	4470
3895	3896
3896	3888
3897	3898
3898	3899
3898	3916
3899	3900
3899	3935
3900	3901
3900	3972
3901	3902
3902	3903
3903	3904
3903	4479
3904	3905
3905	3897
3906	3907
3906	3915
3907	3908
3908	3909
3908	3944
3909	3910
3909	3981
3910	3911
3911	3912
3912	3913
3912	4488
3913	3914
3914	3906
3915	3916
3916	3917
3917	3918
3917	3953
3918	3919
3918	3990
3919	3920
3920	3921
3921	3922
3921	4497
3922	3923
3923	3915
3924	3925
3924	3933
3925	3926
3925	3943
3926	3927
3927	3928
3927	3999
3928	3929
3929	3930
3930	3931
3930	4506
3931	3932
3932	3924
3933	3934
3934	3935
3934	3952
3935	3936
3936	3937
3936	4008
3937	3938
3938	3939
3939	3940
3939	4515
3940	3941
3941	3933
3942	3943
3942	3951
3943	3944
3944	3945
3945	3946
3945	4017
3946	3947
3947	3948
3948	3949
3948	4524
3949	3950
3950	3942
3951	3952
3952	3953
3953	3954
3954	3955
3954	4026
3955	3956
3956	3957
3957	3958
3957	4533
3958	3959
3959	3951
3960	3961
3960	3969
3961	3962
3961	3979
3962	3963
3962	3998
3963	3964
3964	3965
3965	3966
3966	3967
3966	4542
3967	3968
3968	3960
3969	3970
3970	3971
3970	3988
3971	3972
3971	4007
3972	3973
3973	3974
3974	3975
3975	3976
3975	4551
3976	3977
3977	3969
3978	3979
3978	3987
3979	3980
3980	3981
3980	4016
3981	3982
3982	3983
3983	3984
3984	3985
3984	4560
3985	3986
3986	3978
3987	3988
3988	3989
3989	3990
3989	4025
3990	3991
3991	3992
3992	3993
3993	3994
3993	4569
3994	3995
3995	3987
3996	3997
3996	4005
3997	3998
3997	4015
3998	3999
3999	4000
4000	4001
4001	4002
4002	4003
4002	4578
4003	4004
4004	3996
4005	4006
4006	4007
4006	4024
4007	4008
4008	4009
4009	4010
4010	4011
4011	4012
4011	4587
4012	4013
4013	4005
4014	4015
4014	4023
4015	4016
4016	4017
4017	4018
4018	4019
4019	4020
4020	4021
4020	4596
4021	4022
4022	4014
4023	4024
4024	4025
4025	4026
4026	4027
4027	4028
4028	4029
4029	4030
4029	4605
4030	4031
4031	4023
4032	4033
4032	4041
4033	4034
4033	4051
4034	4035
4034	4070
4035	4036
4035	4107
4036	4037
4036	4180
4037	4038
4037	4325
4038	4039
4039	4040
4040	4032
4041	4042
4042	4043
4042	4060
4043	4044
4043	4079
4044	4045
4044	4116
4045	4046
4045	4189
4046	4047
4046	4334
4047	4048
4048	4049
4049	4041
4050	4051
4050	4059
4051	4052
4052	4053
4052	4088
4053	4054
4053	4125
4054	4055
4054	4198
4055	4056
4055	4343
4056	4057
4057	4058
4058	4050
4059	4060
4060	4061
4061	4062
4061	4097
4062	4063
4062	4134
4063	4064
4063	4207
4064	4065
4064	4352
4065	4066
4066	4067
4067	4059
4068	4069
4068	4077
4069	4070
4069	4087
4070	4071
4071	4072
4071	4143
4072	4073
4072	4216
4073	4074
4073	4361
4074	4075
4075	4076
4076	4068
4077	4078
4078	4079
4078	4096
4079	4080
4080	4081
4080	4152
4081	4082
4081	4225
4082	4083
4082	4370
4083	4084
4084	4085
4085	4077
4086	4087
4086	4095
4087	4088
4088	4089
4089	4090
4089	4161
4090	4091
4090	4234
4091	4092
4091	4379
4092	4093
4093	4094
4094	4086
4095	4096
4096	4097
4097	4098
4098	4099
4098	4170
4099	4100
4099	4243
4100	4101
4100	4388
4101	4102
4102	4103
4103	4095
4104	4105
4104	4113
4105	4106
4105	4123
4106	4107
4106	4142
4107	4108
4108	4109
4108	4252
4109	4110
4109	4397
4110	4111
4111	4112
4112	4104
4113	4114
4114	4115
4114	4132
4115	4116
4115	4151
4116	4117
4117	4118
4117	4261
4118	4119
4118	4406
4119	4120
4120	4121
4121	4113
4122	4123
4122	4131
4123	4124
4124	4125
4124	4160
4125	4126
4126	4127
4126	4270
4127	4128
4127	4415
4128	4129
4129	4130
4130	4122
4131	4132
4132	4133
4133	4134
4133	4169
4134	4135
4135	4136
4135	4279
4136	4137
4136	4424
4137	4138
4138	4139
4139	4131
4140	4141
4140	4149
4141	4142
4141	4159
4142	4143
4143	4144
4144	4145
4144	4288
4145	4146
4145	4433
4146	4147
4147	4148
4148	4140
4149	4150
4150	4151
4150	4168
4151	4152
4152	4153
4153	4154
4153	4297
4154	4155
4154	4442
4155	4156
4156	4157
4157	4149
4158	4159
4158	4167
4159	4160
4160	4161
4161	4162
4162	4163
4162	4306
4163	4164
4163	4451
4164	4165
4165	4166
4166	4158
4167	4168
4168	4169
4169	4170
4170	4171
4171	4172
4171	4315
4172	4173
4172	4460
4173	4174
4174	4175
4175	4167
4176	4177
4176	4185
4177	4178
4177	4195
4178	4179
4178	4214
4179	4180
4179	4251
4180	4181
4181	4182
4181	4469
4182	4183
4183	4184
4184	4176
4185	4186
4186	4187
4186	4204
4187	4188
4187	4223
4188	4189
4188	4260
4189	4190
4190	4191
4190	4478
4191	4192
4192	4193
4193	4185
4194	4195
4194	4203
4195	4196
4196	4197
4196	4232
4197	4198
4197	4269
4198	4199
4199	4200
4199	4487
4200	4201
4201	4202
4202	4194
4203	4204
4204	4205
4205	4206
4205	4241
4206	4207
4206	4278
4207	4208
4208	4209
4208	4496
4209	4210
4210	4211
4211	4203
4212	4213
4212	4221
4213	4214
4213	4231
4214	4215
4215	4216
4215	4287
4216	4217
4217	4218
4217	4505
4218	4219
4219	4220
4220	4212
4221	4222
4222	4223
4222	4240
4223	4224
4224	4225
4224	4296
4225	4226
4226	4227
4226	4514
4227	4228
4228	4229
4229	4221
4230	4231
4230	4239
4231	4232
4232	4233
4233	4234
4233	4305
4234	4235
4235	4236
4235	4523
4236	4237
4237	4238
4238	4230
4239	4240
4240	4241
4241	4242
4242	4243
4242	4314
4243	4244
4244	4245
4244	4532
4245	4246
4246	4247
4247	4239
4248	4249
4248	4257
4249	4250
4249	4267
4250	4251
4250	4286
4251	4252
4252	4253
4253	4254
4253	4541
4254	4255
4255	4256
4256	4248
4257	4258
4258	4259
4258	4276
4259	4260
4259	4295
4260	4261
4261	4262
4262	4263
4262	4550
4263	4264
4264	4265
4265	4257
4266	4267
4266	4275
4267	4268
4268	4269
4268	4304
4269	4270
4270	4271
4271	4272
4271	4559
4272	4273
4273	4274
4274	4266
4275	4276
4276	4277
4277	4278
4277	4313
4278	4279
4279	4280
4280	4281
4280	4568
4281	4282
4282	4283
4283	4275
4284	4285
4284	4293
4285	4286
4285	4303
4286	4287
4287	4288
4288	4289
4289	4290
4289	4577
4290	4291
4291	4292
4292	4284
4293	4294
4294	4295
4294	4312
4295	4296
4296	4297
4297	4298
4298	4299
4298	4586
4299	4300
4300	4301
4301	4293
4302	4303
4302	4311
4303	4304
4304	4305
4305	4306
4306	4307
4307	4308
4307	4595
4308	4309
4309	4310
4310	4302
4311	4312
4312	4313
4313	4314
4314	4315
4315	4316
4316	4317
4316	4604
4317	4318
4318	4319
4319	4311
4320	4321
4320	4329
4321	4322
4321	4339
4322	4323
4322	4358
4323	4324
4323	4395
4324	4325
4324	4468
4325	4326
4326	4327
4327	4328
4328	4320
4329	4330
4330	4331
4330	4348
4331	4332
4331	4367
4332	4333
4332	4404
4333	4334
4333	4477
4334	4335
4335	4336
4336	4337
4337	4329
4338	4339
4338	4347
4339	4340
4340	4341
4340	4376
4341	4342
4341	4413
4342	4343
4342	4486
4343	4344
4344	4345
4345	4346
4346	4338
4347	4348
4348	4349
4349	4350
4349	4385
4350	4351
4350	4422
4351	4352
4351	4495
4352	4353
4353	4354
4354	4355
4355	4347
4356	4357
4356	4365
4357	4358
4357	4375
4358	4359
4359	4360
4359	4431
4360	4361
4360	4504
4361	4362
4362	4363
4363	4364
4364	4356
4365	4366
4366	4367
4366	4384
4367	4368
4368	4369
4368	4440
4369	4370
4369	4513
4370	4371
4371	4372
4372	4373
4373	4365
4374	4375
4374	4383
4375	4376
4376	4377
4377	4378
4377	4449
4378	4379
4378	4522
4379	4380
4380	4381
4381	4382
4382	4374
4383	4384
4384	4385
4385	4386
4386	4387
4386	4458
4387	4388
4387	4531
4388	4389
4389	4390
4390	4391
4391	4383
4392	4393
4392	4401
4393	4394
4393	4411
4394	4395
4394	4430
4395	4396
4396	4397
4396	4540
4397	4398
4398	4399
4399	4400
4400	4392
4401	4402
4402	4403
4402	4420
4403	4404
4403	4439
4404	4405
4405	4406
4405	4549
4406	4407
4407	4408
4408	4409
4409	4401
4410	4411
4410	4419
4411	4412
4412	4413
4412	4448
4413	4414
4414	4415
4414	4558
4415	4416
4416	4417
4417	4418
4418	4410
4419	4420
4420	4421
4421	4422
4421	4457
4422	4423
4423	4424
4423	4567
4424	4425
4425	4426
4426	4427
4427	4419
4428	4429
4428	4437
4429	4430
4429	4447
4430	4431
4431	4432
4432	4433
4432	4576
4433	4434
4434	4435
4435	4436
4436	4428
4437	4438
4438	4439
4438	4456
4439	4440
4440	4441
4441	4442
4441	4585
4442	4443
4443	4444
4444	4445
4445	4437
4446	4447
4446	4455
4447	4448
4448	4449
4449	4450
4450	4451
4450	4594
4451	4452
4452	4453
4453	4454
4454	4446
4455	4456
4456	4457
4457	4458
4458	4459
4459	4460
4459	4603
4460	4461
4461	4462
4462	4463
4463	4455
4464	4465
4464	4473
4465	4466
4465	4483
4466	4467
4466	4502
4467	4468
4467	4539
4468	4469
4469	4470
4470	4471
4471	4472
4472	4464
4473	4474
4474	4475
4474	4492
4475	4476
4475	4511
4476	4477
4476	4548
4477	4478
4478	4479
4479	4480
4480	4481
4481	4473
4482	4483
4482	4491
4483	4484
4484	4485
4484	4520
4485	4486
4485	4557
4486	4487
4487	4488
4488	4489
4489	4490
4490	4482
4491	4492
4492	4493
4493	4494
4493	4529
4494	4495
4494	4566
4495	4496
4496	4497
4497	4498
4498	4499
4499	4491
4500	4501
4500	4509
4501	4502
4501	4519
4502	4503
4503	4504
4503	4575
4504	4505
4505	4506
4506	4507
4507	4508
4508	4500
4509	4510
4510	4511
4510	4528
4511	4512
4512	4513
4512	4584
4513	4514
4514	4515
4515	4516
4516	4517
4517	4509
4518	4519
4518	4527
4519	4520
4520	4521
4521	4522
4521	4593
4522	4523
4523	4524
4524	4525
4525	4526
4526	4518
4527	4528
4528	4529
4529	4530
4530	4531
4530	4602
4531	4532
4532	4533
4533	4534
4534	4535
4535	4527
4536	4537
4536	4545
4537	4538
4537	4555
4538	4539
4538	4574
4539	4540
4540	4541
4541	4542
4542	4543
4543	4544
4544	4536
4545	4546
4546	4547
4546	4564
4547	4548
4547	4583
4548	4549
4549	4550
4550	4551
4551	4552
4552	4553
4553	4545
4554	4555
4554	4563
4555	4556
4556	4557
4556	4592
4557	4558
4558	4559
4559	4560
4560	4561
4561	4562
4562	4554
4563	4564
4564	4565
4565	4566
4565	4601
4566	4567
4567	4568
4568	4569
4569	4570
4570	4571
4571	4563
4572	4573
4572	4581
4573	4574
4573	4591
4574	4575
4575	4576
4576	4577
4577	4578
4578	4579
4579	4580
4580	4572
4581	4582
4582	4583
4582	4600
4583	4584
4584	4585
4585	4586
4586	4587
4587	4588
4588	4589
4589	4581
4590	4591
4590	4599
4591	4592
4592	4593
4593	4594
4594	4595
4595	4596
4596	4597
4597	4598
4598	4590
4599	4600
4600	4601
4601	4602
4602	4603
4603	4604
4604	4605
4605	4606
4606	4607
4607	4599
0
13	4608
