2048	3072	1
0	1
0	8
1	2
1	17
2	3
2	34
3	4
3	67
4	5
4	132
5	6
5	261
6	7
6	518
7	0
7	1031
8	9
9	10
9	25
10	11
10	42
11	12
11	75
12	13
12	140
13	14
13	269
14	15
14	526
15	8
15	1039
16	17
16	24
17	18
18	19
18	50
19	20
19	83
20	21
20	148
21	22
21	277
22	23
22	534
23	16
23	1047
24	25
25	26
26	27
26	58
27	28
27	91
28	29
28	156
29	30
29	285
30	31
30	542
31	24
31	1055
32	33
32	40
33	34
33	49
34	35
35	36
35	99
36	37
36	164
37	38
37	293
38	39
38	550
39	32
39	1063
40	41
41	42
41	57
42	43
43	44
43	107
44	45
44	172
45	46
45	301
46	47
46	558
47	40
47	1071
48	49
48	56
49	50
50	51
51	52
51	115
52	53
52	180
53	54
53	309
54	55
54	566
55	48
55	1079
56	57
57	58
58	59
59	60
59	123
60	61
60	188
61	62
61	317
62	63
62	574
63	56
63	1087
64	65
64	72
65	66
65	81
66	67
66	98
67	68
68	69
68	196
69	70
69	325
70	71
70	582
71	64
71	1095
72	73
73	74
73	89
74	75
74	106
75	76
76	77
76	204
77	78
77	333
78	79
78	590
79	72
79	1103
80	81
80	88
81	82
82	83
82	114
83	84
84	85
84	212
85	86
85	341
86	87
86	598
87	80
87	1111
88	89
89	90
90	91
90	122
91	92
92	93
92	220
93	94
93	349
94	95
94	606
95	88
95	1119
96	97
96	104
97	98
97	113
98	99
99	100
100	101
100	228
101	102
101	357
102	103
102	614
103	96
103	1127
104	105
105	106
105	121
106	107
107	108
108	109
108	236
109	110
109	365
110	111
110	622
111	104
111	1135
112	113
112	120
113	114
114	115
115	116
116	117
116	244
117	118
117	373
118	119
118	630
119	112
119	1143
120	121
121	122
122	123
123	124
124	125
124	252
125	126
125	381
126	127
126	638
127	120
127	1151
128	129
128	136
129	130
129	145
130	131
130	162
131	132
131	195
132	133
133	134
133	389
134	135
134	646
135	128
135	1159
136	137
137	138
137	153
138	139
138	170
139	140
139	203
140	141
141	142
141	397
142	143
142	654
143	136
143	1167
144	145
144	152
145	146
146	147
146	178
147	148
147	211
148	149
149	150
149	405
150	151
150	662
151	144
151	1175
152	153
153	154
154	155
154	186
155	156
155	219
156	157
157	158
157	413
158	159
158	670
159	152
159	1183
160	161
160	168
161	162
161	177
162	163
163	164
163	227
164	165
165	166
165	421
166	167
166	678
167	160
167	1191
168	169
169	170
169	185
170	171
171	172
171	235
172	173
173	174
173	429
174	175
174	686
175	168
175	1199
176	177
176	184
177	178
178	179
179	180
179	243
180	181
181	182
181	437
182	183
182	694
183	176
183	1207
184	185
185	186
186	187
187	188
187	251
188	189
189	190
189	445
190	191
190	702
191	184
191	1215
192	193
192	200
193	194
193	209
194	195
194	226
195	196
196	197
197	198
197	453
198	199
198	710
199	192
199	1223
200	201
201	202
201	217
202	203
202	234
203	204
204	205
205	206
205	461
206	207
206	718
207	200
207	1231
208	209
208	216
209	210
210	211
210	242
211	212
212	213
213	214
213	469
214	215
214	726
215	208
215	1239
216	217
217	218
218	219
218	250
219	220
220	221
221	222
221	477
222	223
222	734
223	216
223	1247
224	225
224	232
225	226
225	241
226	227
227	228
228	229
229	230
229	485
230	231
230	742
231	224
231	1255
232	233
233	234
233	249
234	235
235	236
236	237
237	238
237	493
238	239
238	750
239	232
239	1263
240	241
240	248
241	242
242	243
243	244
244	245
245	246
245	501
246	247
246	758
247	240
247	1271
248	249
249	250
250	251
251	252
252	253
253	254
253	509
254	255
254	766
255	248
255	1279
256	257
256	264
257	258
257	273
258	259
258	290
259	260
259	323
260	261
260	388
261	262
262	263
262	774
263	256
263	1287
264	265
265	266
265	281
266	267
266	298
267	268
267	331
268	269
268	396
269	270
270	271
270	782
271	264
271	1295
272	273
272	280
273	274
274	275
274	306
275	276
275	339
276	277
276	404
277	278
278	279
278	790
279	272
279	1303
280	281
281	282
282	283
282	314
283	284
283	347
284	285
284	412
285	286
286	287
286	798
287	280
287	1311
288	289
288	296
289	290
289	305
290	291
291	292
291	355
292	293
292	420
293	294
294	295
294	806
295	288
295	1319
296	297
297	298
297	313
298	299
299	300
299	363
300	301
300	428
301	302
302	303
302	814
303	296
303	1327
304	305
304	312
305	306
306	307
307	308
307	371
308	309
308	436
309	310
310	311
310	822
311	304
311	1335
312	313
313	314
314	315
315	316
315	379
316	317
316	444
317	318
318	319
318	830
319	312
319	1343
320	321
320	328
321	322
321	337
322	323
322	354
323	324
324	325
324	452
325	326
326	327
326	838
327	320
327	1351
328	329
329	330
329	345
330	331
330	362
331	332
332	333
332	460
333	334
334	335
334	846
335	328
335	1359
336	337
336	344
337	338
338	339
338	370
339	340
340	341
340	468
341	342
342	343
342	854
343	336
343	1367
344	345
345	346
346	347
346	378
347	348
348	349
348	476
349	350
350	351
350	862
351	344
351	1375
352	353
352	360
353	354
353	369
354	355
355	356
356	357
356	484
357	358
358	359
358	870
359	352
359	1383
360	361
361	362
361	377
362	363
363	364
364	365
364	492
365	366
366	367
366	878
367	360
367	1391
368	369
368	376
369	370
370	371
371	372
372	373
372	500
373	374
374	375
374	886
375	368
375	1399
376	377
377	378
378	379
379	380
380	381
380	508
381	382
382	383
382	894
383	376
383	1407
384	385
384	392
385	386
385	401
386	387
386	418
387	388
387	451
388	389
389	390
390	391
390	902
391	384
391	1415
392	393
393	394
393	409
394	395
394	426
395	396
395	459
396	397
397	398
398	399
398	910
399	392
399	1423
400	401
400	408
401	402
402	403
402	434
403	404
403	467
404	405
405	406
406	407
406	918
407	400
407	1431
408	409
409	410
410	411
410	442
411	412
411	475
412	413
413	414
414	415
414	926
415	408
415	1439
416	417
416	424
417	418
417	433
418	419
419	420
419	483
420	421
421	422
422	423
422	934
423	416
423	1447
424	425
425	426
425	441
426	427
427	428
427	491
428	429
429	430
430	431
430	942
431	424
431	1455
432	433
432	440
433	434
434	435
435	436
435	499
436	437
437	438
438	439
438	950
439	432
439	1463
440	441
441	442
442	443
443	444
443	507
444	445
445	446
446	447
446	958
447	440
447	1471
448	449
448	456
449	450
449	465
450	451
450	482
451	452
452	453
453	454
454	455
454	966
455	448
455	1479
456	457
457	458
457	473
458	459
458	490
459	460
460	461
461	462
462	463
462	974
463	456
463	1487
464	465
464	472
465	466
466	467
466	498
467	468
468	469
469	470
470	471
470	982
471	464
471	1495
472	473
473	474
474	475
474	506
475	476
476	477
477	478
478	479
478	990
479	472
479	1503
480	481
480	488
481	482
481	497
482	483
483	484
484	485
485	486
486	487
486	998
487	480
487	1511
488	489
489	490
489	505
490	491
491	492
492	493
493	494
494	495
494	1006
495	488
495	1519
496	497
496	504
497	498
498	499
499	500
500	501
501	502
502	503
502	1014
503	496
503	1527
504	505
505	506
506	507
507	508
508	509
509	510
510	511
510	1022
511	504
511	1535
512	513
512	520
513	514
513	529
514	515
514	546
515	516
515	579
516	517
516	644
517	518
517	773
518	519
519	512
519	1543
520	521
521	522
521	537
522	523
522	554
523	524
523	587
524	525
524	652
525	526
525	781
526	527
527	520
527	1551
528	529
528	536
529	530
530	531
530	562
531	532
531	595
532	533
532	660
533	534
533	789
534	535
535	528
535	1559
536	537
537	538
538	539
538	570
539	540
539	603
540	541
540	668
541	542
541	797
542	543
543	536
543	1567
544	545
544	552
545	546
545	561
546	547
547	548
547	611
548	549
548	676
549	550
549	805
550	551
551	544
551	1575
552	553
553	554
553	569
554	555
555	556
555	619
556	557
556	684
557	558
557	813
558	559
559	552
559	1583
560	561
560	568
561	562
562	563
563	564
563	627
564	565
564	692
565	566
565	821
566	567
567	560
567	1591
568	569
569	570
570	571
571	572
571	635
572	573
572	700
573	574
573	829
574	575
575	568
575	1599
576	577
576	584
577	578
577	593
578	579
578	610
579	580
580	581
580	708
581	582
581	837
582	583
583	576
583	1607
584	585
585	586
585	601
586	587
586	618
587	588
588	589
588	716
589	590
589	845
590	591
591	584
591	1615
592	593
592	600
593	594
594	595
594	626
595	596
596	597
596	724
597	598
597	853
598	599
599	592
599	1623
600	601
601	602
602	603
602	634
603	604
604	605
604	732
605	606
605	861
606	607
607	600
607	1631
608	609
608	616
609	610
609	625
610	611
611	612
612	613
612	740
613	614
613	869
614	615
615	608
615	1639
616	617
617	618
617	633
618	619
619	620
620	621
620	748
621	622
621	877
622	623
623	616
623	1647
624	625
624	632
625	626
626	627
627	628
628	629
628	756
629	630
629	885
630	631
631	624
631	1655
632	633
633	634
634	635
635	636
636	637
636	764
637	638
637	893
638	639
639	632
639	1663
640	641
640	648
641	642
641	657
642	643
642	674
643	644
643	707
644	645
645	646
645	901
646	647
647	640
647	1671
648	649
649	650
649	665
650	651
650	682
651	652
651	715
652	653
653	654
653	909
654	655
655	648
655	1679
656	657
656	664
657	658
658	659
658	690
659	660
659	723
660	661
661	662
661	917
662	663
663	656
663	1687
664	665
665	666
666	667
666	698
667	668
667	731
668	669
669	670
669	925
670	671
671	664
671	1695
672	673
672	680
673	674
673	689
674	675
675	676
675	739
676	677
677	678
677	933
678	679
679	672
679	1703
680	681
681	682
681	697
682	683
683	684
683	747
684	685
685	686
685	941
686	687
687	680
687	1711
688	689
688	696
689	690
690	691
691	692
691	755
692	693
693	694
693	949
694	695
695	688
695	1719
696	697
697	698
698	699
699	700
699	763
700	701
701	702
701	957
702	703
703	696
703	1727
704	705
704	712
705	706
705	721
706	707
706	738
707	708
708	709
709	710
709	965
710	711
711	704
711	1735
712	713
713	714
713	729
714	715
714	746
715	716
716	717
717	718
717	973
718	719
719	712
719	1743
720	721
720	728
721	722
722	723
722	754
723	724
724	725
725	726
725	981
726	727
727	720
727	1751
728	729
729	730
730	731
730	762
731	732
732	733
733	734
733	989
734	735
735	728
735	1759
736	737
736	744
737	738
737	753
738	739
739	740
740	741
741	742
741	997
742	743
743	736
743	1767
744	745
745	746
745	761
746	747
747	748
748	749
749	750
749	1005
750	751
751	744
751	1775
752	753
752	760
753	754
754	755
755	756
756	757
757	758
757	1013
758	759
759	752
759	1783
760	761
761	762
762	763
763	764
764	765
765	766
765	1021
766	767
767	760
767	1791
768	769
768	776
769	770
769	785
770	771
770	802
771	772
771	835
772	773
772	900
773	774
774	775
775	768
775	1799
776	777
777	778
777	793
778	779
778	810
779	780
779	843
780	781
780	908
781	782
782	783
783	776
783	1807
784	785
784	792
785	786
786	787
786	818
787	788
787	851
788	789
788	916
789	790
790	791
791	784
791	1815
792	793
793	794
794	795
794	826
795	796
795	859
796	797
796	924
797	798
798	799
799	792
799	1823
800	801
800	808
801	802
801	817
802	803
803	804
803	867
804	805
804	932
805	806
806	807
807	800
807	1831
808	809
809	810
809	825
810	811
811	812
811	875
812	813
812	940
813	814
814	815
815	808
815	1839
816	817
816	824
817	818
818	819
819	820
819	883
820	821
820	948
821	822
822	823
823	816
823	1847
824	825
825	826
826	827
827	828
827	891
828	829
828	956
829	830
830	831
831	824
831	1855
832	833
832	840
833	834
833	849
834	835
834	866
835	836
836	837
836	964
837	838
838	839
839	832
839	1863
840	841
841	842
841	857
842	843
842	874
843	844
844	845
844	972
845	846
846	847
847	840
847	1871
848	849
848	856
849	850
850	851
850	882
851	852
852	853
852	980
853	854
854	855
855	848
855	1879
856	857
857	858
858	859
858	890
859	860
860	861
860	988
861	862
862	863
863	856
863	1887
864	865
864	872
865	866
865	881
866	867
867	868
868	869
868	996
869	870
870	871
871	864
871	1895
872	873
873	874
873	889
874	875
875	876
876	877
876	1004
877	878
878	879
879	872
879	1903
880	881
880	888
881	882
882	883
883	884
884	885
884	1012
885	886
886	887
887	880
887	1911
888	889
889	890
890	891
891	892
892	893
892	1020
893	894
894	895
895	888
895	1919
896	897
896	904
897	898
897	913
898	899
898	930
899	900
899	963
900	901
901	902
902	903
903	896
903	1927
904	905
905	906
905	921
906	907
906	938
907	908
907	971
908	909
909	910
910	911
911	904
911	1935
912	913
912	920
913	914
914	915
914	946
915	916
915	979
916	917
917	918
918	919
919	912
919	1943
920	921
921	922
922	923
922	954
923	924
923	987
924	925
925	926
926	927
927	920
927	1951
928	929
928	936
929	930
929	945
930	931
931	932
931	995
932	933
933	934
934	935
935	928
935	1959
936	937
937	938
937	953
938	939
939	940
939	1003
940	941
941	942
942	943
943	936
943	1967
944	945
944	952
945	946
946	947
947	948
947	1011
948	949
949	950
950	951
951	944
951	1975
952	953
953	954
954	955
955	956
955	1019
956	957
957	958
958	959
959	952
959	1983
960	961
960	968
961	962
961	977
962	963
962	994
963	964
964	965
965	966
966	967
967	960
967	1991
968	969
969	970
969	985
970	971
970	1002
971	972
972	973
973	974
974	975
975	968
975	1999
976	977
976	984
977	978
978	979
978	1010
979	980
980	981
981	982
982	983
983	976
983	2007
984	985
985	986
986	987
986	1018
987	988
988	989
989	990
990	991
991	984
991	2015
992	993
992	1000
993	994
993	1009
994	995
995	996
996	997
997	998
998	999
999	992
999	2023
1000	1001
1001	1002
1001	1017
1002	1003
1003	1004
1004	1005
1005	1006
1006	1007
1007	1000
1007	2031
1008	1009
1008	1016
1009	1010
1010	1011
1011	1012
1012	1013
1013	1014
1014	1015
1015	1008
1015	2039
1016	1017
1017	1018
1018	1019
1019	1020
1020	1021
1021	1022
1022	1023
1023	1016
1023	2047
1024	1025
1024	1032
1025	1026
1025	1041
1026	1027
1026	1058
1027	1028
1027	1091
1028	1029
1028	1156
1029	1030
1029	1285
1030	1031
1030	1542
1031	1024
1032	1033
1033	1034
1033	1049
1034	1035
1034	1066
1035	1036
1035	1099
1036	1037
1036	1164
1037	1038
1037	1293
1038	1039
1038	1550
1039	1032
1040	1041
1040	1048
1041	1042
1042	1043
1042	1074
1043	1044
1043	1107
1044	1045
1044	1172
1045	1046
1045	1301
1046	1047
1046	1558
1047	1040
1048	1049
1049	1050
1050	1051
1050	1082
1051	1052
1051	1115
1052	1053
1052	1180
1053	1054
1053	1309
1054	1055
1054	1566
1055	1048
1056	1057
1056	1064
1057	1058
1057	1073
1058	1059
1059	1060
1059	1123
1060	1061
1060	1188
1061	1062
1061	1317
1062	1063
1062	1574
1063	1056
1064	1065
1065	1066
1065	1081
1066	1067
1067	1068
1067	1131
1068	1069
1068	1196
1069	1070
1069	1325
1070	1071
1070	1582
1071	1064
1072	1073
1072	1080
1073	1074
1074	1075
1075	1076
1075	1139
1076	1077
1076	1204
1077	1078
1077	1333
1078	1079
1078	1590
1079	1072
1080	1081
1081	1082
1082	1083
1083	1084
1083	1147
1084	1085
1084	1212
1085	1086
1085	1341
1086	1087
1086	1598
1087	1080
1088	1089
1088	1096
1089	1090
1089	1105
1090	1091
1090	1122
1091	1092
1092	1093
1092	1220
1093	1094
1093	1349
1094	1095
1094	1606
1095	1088
1096	1097
1097	1098
1097	1113
1098	1099
1098	1130
1099	1100
1100	1101
1100	1228
1101	1102
1101	1357
1102	1103
1102	1614
1103	1096
1104	1105
1104	1112
1105	1106
1106	1107
1106	1138
1107	1108
1108	1109
1108	1236
1109	1110
1109	1365
1110	1111
1110	1622
1111	1104
1112	1113
1113	1114
1114	1115
1114	1146
1115	1116
1116	1117
1116	1244
1117	1118
1117	1373
1118	1119
1118	1630
1119	1112
1120	1121
1120	1128
1121	1122
1121	1137
1122	1123
1123	1124
1124	1125
1124	1252
1125	1126
1125	1381
1126	1127
1126	1638
1127	1120
1128	1129
1129	1130
1129	1145
1130	1131
1131	1132
1132	1133
1132	1260
1133	1134
1133	1389
1134	1135
1134	1646
1135	1128
1136	1137
1136	1144
1137	1138
1138	1139
1139	1140
1140	1141
1140	1268
1141	1142
1141	1397
1142	1143
1142	1654
1143	1136
1144	1145
1145	1146
1146	1147
1147	1148
1148	1149
1148	1276
1149	1150
1149	1405
1150	1151
1150	1662
1151	1144
1152	1153
1152	1160
1153	1154
1153	1169
1154	1155
1154	1186
1155	1156
1155	1219
1156	1157
1157	1158
1157	1413
1158	1159
1158	1670
1159	1152
1160	1161
1161	1162
1161	1177
1162	1163
1162	1194
1163	1164
1163	1227
1164	1165
1165	1166
1165	1421
1166	1167
1166	1678
1167	1160
1168	1169
1168	1176
1169	1170
1170	1171
1170	1202
1171	1172
1171	1235
1172	1173
1173	1174
1173	1429
1174	1175
1174	1686
1175	1168
1176	1177
1177	1178
1178	1179
1178	1210
1179	1180
1179	1243
1180	1181
1181	1182
1181	1437
1182	1183
1182	1694
1183	1176
1184	1185
1184	1192
1185	1186
1185	1201
1186	1187
1187	1188
1187	1251
1188	1189
1189	1190
1189	1445
1190	1191
1190	1702
1191	1184
1192	1193
1193	1194
1193	1209
1194	1195
1195	1196
1195	1259
1196	1197
1197	1198
1197	1453
1198	1199
1198	1710
1199	1192
1200	1201
1200	1208
1201	1202
1202	1203
1203	1204
1203	1267
1204	1205
1205	1206
1205	1461
1206	1207
1206	1718
1207	1200
1208	1209
1209	1210
1210	1211
1211	1212
1211	1275
1212	1213
1213	1214
1213	1469
1214	1215
1214	1726
1215	1208
1216	1217
1216	1224
1217	1218
1217	1233
1218	1219
1218	1250
1219	1220
1220	1221
1221	1222
1221	1477
1222	1223
1222	1734
1223	1216
1224	1225
1225	1226
1225	1241
1226	1227
1226	1258
1227	1228
1228	1229
1229	1230
1229	1485
1230	1231
1230	1742
1231	1224
1232	1233
1232	1240
1233	1234
1234	1235
1234	1266
1235	1236
1236	1237
1237	1238
1237	1493
1238	1239
1238	1750
1239	1232
1240	1241
1241	1242
1242	1243
1242	1274
1243	1244
1244	1245
1245	1246
1245	1501
1246	1247
1246	1758
1247	1240
1248	1249
1248	1256
1249	1250
1249	1265
1250	1251
1251	1252
1252	1253
1253	1254
1253	1509
1254	1255
1254	1766
1255	1248
1256	1257
1257	1258
1257	1273
1258	1259
1259	1260
1260	1261
1261	1262
1261	1517
1262	1263
1262	1774
1263	1256
1264	1265
1264	1272
1265	1266
1266	1267
1267	1268
1268	1269
1269	1270
1269	1525
1270	1271
1270	1782
1271	1264
1272	1273
1273	1274
1274	1275
1275	1276
1276	1277
1277	1278
1277	1533
1278	1279
1278	1790
1279	1272
1280	1281
1280	1288
1281	1282
1281	1297
1282	1283
1282	1314
1283	1284
1283	1347
1284	1285
1284	1412
1285	1286
1286	1287
1286	1798
1287	1280
1288	1289
1289	1290
1289	1305
1290	1291
1290	1322
1291	1292
1291	1355
1292	1293
1292	1420
1293	1294
1294	1295
1294	1806
1295	1288
1296	1297
1296	1304
1297	1298
1298	1299
1298	1330
1299	1300
1299	1363
1300	1301
1300	1428
1301	1302
1302	1303
1302	1814
1303	1296
1304	1305
1305	1306
1306	1307
1306	1338
1307	1308
1307	1371
1308	1309
1308	1436
1309	1310
1310	1311
1310	1822
1311	1304
1312	1313
1312	1320
1313	1314
1313	1329
1314	1315
1315	1316
1315	1379
1316	1317
1316	1444
1317	1318
1318	1319
1318	1830
1319	1312
1320	1321
1321	1322
1321	1337
1322	1323
1323	1324
1323	1387
1324	1325
1324	1452
1325	1326
1326	1327
1326	1838
1327	1320
1328	1329
1328	1336
1329	1330
1330	1331
1331	1332
1331	1395
1332	1333
1332	1460
1333	1334
1334	1335
1334	1846
1335	1328
1336	1337
1337	1338
1338	1339
1339	1340
1339	1403
1340	1341
1340	1468
1341	1342
1342	1343
1342	1854
1343	1336
1344	1345
1344	1352
1345	1346
1345	1361
1346	1347
1346	1378
1347	1348
1348	1349
1348	1476
1349	1350
1350	1351
1350	1862
1351	1344
1352	1353
1353	1354
1353	1369
1354	1355
1354	1386
1355	1356
1356	1357
1356	1484
1357	1358
1358	1359
1358	1870
1359	1352
1360	1361
1360	1368
1361	1362
1362	1363
1362	1394
1363	1364
1364	1365
1364	1492
1365	1366
1366	1367
1366	1878
1367	1360
1368	1369
1369	1370
1370	1371
1370	1402
1371	1372
1372	1373
1372	1500
1373	1374
1374	1375
1374	1886
1375	1368
1376	1377
1376	1384
1377	1378
1377	1393
1378	1379
1379	1380
1380	1381
1380	1508
1381	1382
1382	1383
1382	1894
1383	1376
1384	1385
1385	1386
1385	1401
1386	1387
1387	1388
1388	1389
1388	1516
1389	1390
1390	1391
1390	1902
1391	1384
1392	1393
1392	1400
1393	1394
1394	1395
1395	1396
1396	1397
1396	1524
1397	1398
1398	1399
1398	1910
1399	1392
1400	1401
1401	1402
1402	1403
1403	1404
1404	1405
1404	1532
1405	1406
1406	1407
1406	1918
1407	1400
1408	1409
1408	1416
1409	1410
1409	1425
1410	1411
1410	1442
1411	1412
1411	1475
1412	1413
1413	1414
1414	1415
1414	1926
1415	1408
1416	1417
1417	1418
1417	1433
1418	1419
1418	1450
1419	1420
1419	1483
1420	1421
1421	1422
1422	1423
1422	1934
1423	1416
1424	1425
1424	1432
1425	1426
1426	1427
1426	1458
1427	1428
1427	1491
1428	1429
1429	1430
1430	1431
1430	1942
1431	1424
1432	1433
1433	1434
1434	1435
1434	1466
1435	1436
1435	1499
1436	1437
1437	1438
1438	1439
1438	1950
1439	1432
1440	1441
1440	1448
1441	1442
1441	1457
1442	1443
1443	1444
1443	1507
1444	1445
1445	1446
1446	1447
1446	1958
1447	1440
1448	1449
1449	1450
1449	1465
1450	1451
1451	1452
1451	1515
1452	1453
1453	1454
1454	1455
1454	1966
1455	1448
1456	1457
1456	1464
1457	1458
1458	1459
1459	1460
1459	1523
1460	1461
1461	1462
1462	1463
1462	1974
1463	1456
1464	1465
1465	1466
1466	1467
1467	1468
1467	1531
1468	1469
1469	1470
1470	1471
1470	1982
1471	1464
1472	1473
1472	1480
1473	1474
1473	1489
1474	1475
1474	1506
1475	1476
1476	1477
1477	1478
1478	1479
1478	1990
1479	1472
1480	1481
1481	1482
1481	1497
1482	1483
1482	1514
1483	1484
1484	1485
1485	1486
1486	1487
1486	1998
1487	1480
1488	1489
1488	1496
1489	1490
1490	1491
1490	1522
1491	1492
1492	1493
1493	1494
1494	1495
1494	2006
1495	1488
1496	1497
1497	1498
1498	1499
1498	1530
1499	1500
1500	1501
1501	1502
1502	1503
1502	2014
1503	1496
1504	1505
1504	1512
1505	1506
1505	1521
1506	1507
1507	1508
1508	1509
1509	1510
1510	1511
1510	2022
1511	1504
1512	1513
1513	1514
1513	1529
1514	1515
1515	1516
1516	1517
1517	1518
1518	1519
1518	2030
1519	1512
1520	1521
1520	1528
1521	1522
1522	1523
1523	1524
1524	1525
1525	1526
1526	1527
1526	2038
1527	1520
1528	1529
1529	1530
1530	1531
1531	1532
1532	1533
1533	1534
1534	1535
1534	2046
1535	1528
1536	1537
1536	1544
1537	1538
1537	1553
1538	1539
1538	1570
1539	1540
1539	1603
1540	1541
1540	1668
1541	1542
1541	1797
1542	1543
1543	1536
1544	1545
1545	1546
1545	1561
1546	1547
1546	1578
1547	1548
1547	1611
1548	1549
1548	1676
1549	1550
1549	1805
1550	1551
1551	1544
1552	1553
1552	1560
1553	1554
1554	1555
1554	1586
1555	1556
1555	1619
1556	1557
1556	1684
1557	1558
1557	1813
1558	1559
1559	1552
1560	1561
1561	1562
1562	1563
1562	1594
1563	1564
1563	1627
1564	1565
1564	1692
1565	1566
1565	1821
1566	1567
1567	1560
1568	1569
1568	1576
1569	1570
1569	1585
1570	1571
1571	1572
1571	1635
1572	1573
1572	1700
1573	1574
1573	1829
1574	1575
1575	1568
1576	1577
1577	1578
1577	1593
1578	1579
1579	1580
1579	1643
1580	1581
1580	1708
1581	1582
1581	1837
1582	1583
1583	1576
1584	1585
1584	1592
1585	1586
1586	1587
1587	1588
1587	1651
1588	1589
1588	1716
1589	1590
1589	1845
1590	1591
1591	1584
1592	1593
1593	1594
1594	1595
1595	1596
1595	1659
1596	1597
1596	1724
1597	1598
1597	1853
1598	1599
1599	1592
1600	1601
1600	1608
1601	1602
1601	1617
1602	1603
1602	1634
1603	1604
1604	1605
1604	1732
1605	1606
1605	1861
1606	1607
1607	1600
1608	1609
1609	1610
1609	1625
1610	1611
1610	1642
1611	1612
1612	1613
1612	1740
1613	1614
1613	1869
1614	1615
1615	1608
1616	1617
1616	1624
1617	1618
1618	1619
1618	1650
1619	1620
1620	1621
1620	1748
1621	1622
1621	1877
1622	1623
1623	1616
1624	1625
1625	1626
1626	1627
1626	1658
1627	1628
1628	1629
1628	1756
1629	1630
1629	1885
1630	1631
1631	1624
1632	1633
1632	1640
1633	1634
1633	1649
1634	1635
1635	1636
1636	1637
1636	1764
1637	1638
1637	1893
1638	1639
1639	1632
1640	1641
1641	1642
1641	1657
1642	1643
1643	1644
1644	1645
1644	1772
1645	1646
1645	1901
1646	1647
1647	1640
1648	1649
1648	1656
1649	1650
1650	1651
1651	1652
1652	1653
1652	1780
1653	1654
1653	1909
1654	1655
1655	1648
1656	1657
1657	1658
1658	1659
1659	1660
1660	1661
1660	1788
1661	1662
1661	1917
1662	1663
1663	1656
1664	1665
1664	1672
1665	1666
1665	1681
1666	1667
1666	1698
1667	1668
1667	1731
1668	1669
1669	1670
1669	1925
1670	1671
1671	1664
1672	1673
1673	1674
1673	1689
1674	1675
1674	1706
1675	1676
1675	1739
1676	1677
1677	1678
1677	1933
1678	1679
1679	1672
1680	1681
1680	1688
1681	1682
1682	1683
1682	1714
1683	1684
1683	1747
1684	1685
1685	1686
1685	1941
1686	1687
1687	1680
1688	1689
1689	1690
1690	1691
1690	1722
1691	1692
1691	1755
1692	1693
1693	1694
1693	1949
1694	1695
1695	1688
1696	1697
1696	1704
1697	1698
1697	1713
1698	1699
1699	1700
1699	1763
1700	1701
1701	1702
1701	1957
1702	1703
1703	1696
1704	1705
1705	1706
1705	1721
1706	1707
1707	1708
1707	1771
1708	1709
1709	1710
1709	1965
1710	1711
1711	1704
1712	1713
1712	1720
1713	1714
1714	1715
1715	1716
1715	1779
1716	1717
1717	1718
1717	1973
1718	1719
1719	1712
1720	1721
1721	1722
1722	1723
1723	1724
1723	1787
1724	1725
1725	1726
1725	1981
1726	1727
1727	1720
1728	1729
1728	1736
1729	1730
1729	1745
1730	1731
1730	1762
1731	1732
1732	1733
1733	1734
1733	1989
1734	1735
1735	1728
1736	1737
1737	1738
1737	1753
1738	1739
1738	1770
1739	1740
1740	1741
1741	1742
1741	1997
1742	1743
1743	1736
1744	1745
1744	1752
1745	1746
1746	1747
1746	1778
1747	1748
1748	1749
1749	1750
1749	2005
1750	1751
1751	1744
1752	1753
1753	1754
1754	1755
1754	1786
1755	1756
1756	1757
1757	1758
1757	2013
1758	1759
1759	1752
1760	1761
1760	1768
1761	1762
1761	1777
1762	1763
1763	1764
1764	1765
1765	1766
1765	2021
1766	1767
1767	1760
1768	1769
1769	1770
1769	1785
1770	1771
1771	1772
1772	1773
1773	1774
1773	2029
1774	1775
1775	1768
1776	1777
1776	1784
1777	1778
1778	1779
1779	1780
1780	1781
1781	1782
1781	2037
1782	1783
1783	1776
1784	1785
1785	1786
1786	1787
1787	1788
1788	1789
1789	1790
1789	2045
1790	1791
1791	1784
1792	1793
1792	1800
1793	1794
1793	1809
1794	1795
1794	1826
1795	1796
1795	1859
1796	1797
1796	1924
1797	1798
1798	1799
1799	1792
1800	1801
1801	1802
1801	1817
1802	1803
1802	1834
1803	1804
1803	1867
1804	1805
1804	1932
1805	1806
1806	1807
1807	1800
1808	1809
1808	1816
1809	1810
1810	1811
1810	1842
1811	1812
1811	1875
1812	1813
1812	1940
1813	1814
1814	1815
1815	1808
1816	1817
1817	1818
1818	1819
1818	1850
1819	1820
1819	1883
1820	1821
1820	1948
1821	1822
1822	1823
1823	1816
1824	1825
1824	1832
1825	1826
1825	1841
1826	1827
1827	1828
1827	1891
1828	1829
1828	1956
1829	1830
1830	1831
1831	1824
1832	1833
1833	1834
1833	1849
1834	1835
1835	1836
1835	1899
1836	1837
1836	1964
1837	1838
1838	1839
1839	1832
1840	1841
1840	1848
1841	1842
1842	1843
1843	1844
1843	1907
1844	1845
1844	1972
1845	1846
1846	1847
1847	1840
1848	1849
1849	1850
1850	1851
1851	1852
1851	1915
1852	1853
1852	1980
1853	1854
1854	1855
1855	1848
1856	1857
1856	1864
1857	1858
1857	1873
1858	1859
1858	1890
1859	1860
1860	1861
1860	1988
1861	1862
1862	1863
1863	1856
1864	1865
1865	1866
1865	1881
1866	1867
1866	1898
1867	1868
1868	1869
1868	1996
1869	1870
1870	1871
1871	1864
1872	1873
1872	1880
1873	1874
1874	1875
1874	1906
1875	1876
1876	1877
1876	2004
1877	1878
1878	1879
1879	1872
1880	1881
1881	1882
1882	1883
1882	1914
1883	1884
1884	1885
1884	2012
1885	1886
1886	1887
1887	1880
1888	1889
1888	1896
1889	1890
1889	1905
1890	1891
1891	1892
1892	1893
1892	2020
1893	1894
1894	1895
1895	1888
1896	1897
1897	1898
1897	1913
1898	1899
1899	1900
1900	1901
1900	2028
1901	1902
1902	1903
1903	1896
1904	1905
1904	1912
1905	1906
1906	1907
1907	1908
1908	1909
1908	2036
1909	1910
1910	1911
1911	1904
1912	1913
1913	1914
1914	1915
1915	1916
1916	1917
1916	2044
1917	1918
1918	1919
1919	1912
1920	1921
1920	1928
1921	1922
1921	1937
1922	1923
1922	1954
1923	1924
1923	1987
1924	1925
1925	1926
1926	1927
1927	1920
1928	1929
1929	1930
1929	1945
1930	1931
1930	1962
1931	1932
1931	1995
1932	1933
1933	1934
1934	1935
1935	1928
1936	1937
1936	1944
1937	1938
1938	1939
1938	1970
1939	1940
1939	2003
1940	1941
1941	1942
1942	1943
1943	1936
1944	1945
1945	1946
1946	1947
1946	1978
1947	1948
1947	2011
1948	1949
1949	1950
1950	1951
1951	1944
1952	1953
1952	1960
1953	1954
1953	1969
1954	1955
1955	1956
1955	2019
1956	1957
1957	1958
1958	1959
1959	1952
1960	1961
1961	1962
1961	1977
1962	1963
1963	1964
1963	2027
1964	1965
1965	1966
1966	1967
1967	1960
1968	1969
1968	1976
1969	1970
1970	1971
1971	1972
1971	2035
1972	1973
1973	1974
1974	1975
1975	1968
1976	1977
1977	1978
1978	1979
1979	1980
1979	2043
1980	1981
1981	1982
1982	1983
1983	1976
1984	1985
1984	1992
1985	1986
1985	2001
1986	1987
1986	2018
1987	1988
1988	1989
1989	1990
1990	1991
1991	1984
1992	1993
1993	1994
1993	2009
1994	1995
1994	2026
1995	1996
1996	1997
1997	1998
1998	1999
1999	1992
2000	2001
2000	2008
2001	2002
2002	2003
2002	2034
2003	2004
2004	2005
2005	2006
2006	2007
2007	2000
2008	2009
2009	2010
2010	2011
2010	2042
2011	2012
2012	2013
2013	2014
2014	2015
2015	2008
2016	2017
2016	2024
2017	2018
2017	2033
2018	2019
2019	2020
2020	2021
2021	2022
2022	2023
2023	2016
2024	2025
2025	2026
2025	2041
2026	2027
2027	2028
2028	2029
2029	2030
2030	2031
2031	2024
2032	2033
2032	2040
2033	2034
2034	2035
2035	2036
2036	2037
2037	2038
2038	2039
2039	2032
2040	2041
2041	2042
2042	2043
2043	2044
2044	2045
2045	2046
2046	2047
2047	2040
0
11	2048
