250	735	 1
0 94
0 96
0 160
0 204
1 21
1 35
1 54
1 110
1 136
1 234
2 11
2 53
2 56
2 180
2 197
3 244
4 10
4 20
4 43
4 110
4 163
4 175
4 201
4 209
5 15
5 65
5 71
5 94
5 128
5 131
5 162
5 196
5 213
6 41
6 74
6 85
6 118
6 150
7 168
7 205
7 209
7 230
8 39
8 77
8 216
9 24
9 57
9 88
9 102
9 114
9 127
9 128
9 131
9 141
9 208
10 21
10 72
10 86
10 99
10 128
10 129
10 170
10 213
10 245
11 116
11 241
12 16
12 37
12 38
12 68
12 105
12 111
12 174
12 179
12 192
13 73
13 157
13 198
13 221
14 40
14 195
15 41
15 52
15 78
15 84
15 148
15 162
16 82
16 151
16 177
16 235
17 92
17 139
17 156
17 235
18 54
18 76
18 219
19 54
19 66
19 76
19 165
19 183
19 208
19 229
20 148
20 163
20 194
20 198
20 209
20 226
21 27
21 41
21 77
21 108
21 205
21 228
21 249
22 39
22 45
22 86
22 133
22 159
22 223
22 235
23 135
23 153
23 154
23 173
23 181
23 182
23 189
23 200
23 212
23 217
24 118
24 162
24 185
24 237
25 56
25 65
25 162
25 248
26 132
26 139
26 156
26 203
27 64
27 105
27 112
27 167
27 201
27 229
28 150
28 159
28 218
29 74
29 125
29 162
29 190
30 43
30 69
30 88
30 106
30 173
30 198
30 205
30 242
31 90
31 133
31 136
31 147
31 229
32 58
32 106
32 107
32 170
32 221
33 74
33 117
33 155
33 167
33 248
34 46
34 175
34 190
35 37
35 57
35 59
35 122
35 210
36 55
36 64
36 121
36 131
36 144
36 194
36 207
36 210
37 141
37 234
38 107
38 186
38 231
39 41
39 100
39 162
39 221
39 231
40 193
40 223
41 83
41 169
41 236
42 54
42 87
42 146
42 243
43 110
43 179
43 181
43 232
43 233
44 69
44 88
44 226
44 243
45 54
45 174
45 186
45 222
46 58
46 125
46 177
46 223
47 86
47 188
47 191
48 58
48 67
48 68
48 77
48 90
48 103
48 141
48 196
48 238
49 56
49 81
49 85
49 91
49 132
49 168
49 211
49 235
50 146
50 151
50 206
51 86
51 149
52 64
53 93
53 99
53 147
53 227
54 103
54 123
54 145
54 164
55 67
55 75
55 120
55 184
55 189
55 204
56 58
56 71
56 88
56 104
56 147
56 188
56 201
56 239
56 242
57 116
57 124
57 147
57 163
58 67
58 91
58 93
58 127
58 152
58 163
58 179
58 181
58 212
59 170
60 86
60 95
61 96
61 164
61 180
61 183
61 198
61 226
61 229
62 122
62 149
62 157
62 186
63 128
63 197
63 204
64 147
64 179
65 80
65 84
65 160
65 209
65 231
66 73
66 102
66 111
66 124
66 130
66 222
66 242
67 82
67 109
67 113
67 180
67 209
67 225
68 78
68 85
68 108
69 98
69 214
69 224
69 238
69 245
70 87
70 223
70 229
71 147
71 185
72 101
72 121
72 135
72 234
72 247
73 121
73 141
73 150
73 152
73 207
73 237
74 109
74 125
74 135
74 186
74 191
75 81
75 105
75 110
75 152
75 177
75 193
76 104
76 226
77 170
78 113
78 132
78 150
78 151
78 154
78 209
79 151
80 118
80 195
80 225
80 236
81 86
81 99
81 108
81 150
81 198
81 212
81 236
82 85
82 94
82 96
82 171
82 177
82 214
82 230
83 85
83 120
83 180
83 185
83 206
83 232
84 102
84 107
84 137
84 169
84 237
84 246
85 120
85 241
86 115
86 172
86 207
86 215
87 236
88 99
88 102
88 120
88 215
89 90
89 175
89 210
90 138
90 202
91 100
91 122
92 100
92 123
92 194
93 133
93 150
93 178
93 186
93 223
94 105
95 139
95 144
95 157
95 191
95 204
95 245
96 122
96 124
96 142
96 156
96 206
96 220
97 146
97 163
97 218
98 113
98 118
98 141
98 170
98 173
99 137
99 144
99 170
100 107
100 116
100 202
100 203
100 223
100 245
101 197
101 247
102 122
102 224
103 104
103 120
103 145
103 172
103 176
103 215
104 210
104 236
105 135
105 153
105 223
105 247
106 175
106 195
107 122
107 124
107 162
107 213
108 116
108 141
108 222
109 122
110 158
110 221
110 246
111 134
111 195
112 197
112 227
113 126
113 139
113 170
113 172
113 185
113 241
114 124
114 126
114 141
114 181
114 217
114 246
115 117
115 133
115 207
115 234
115 239
116 138
116 184
116 231
117 122
117 140
117 166
117 201
118 128
118 152
118 162
118 170
118 177
118 200
118 218
118 231
119 149
119 172
119 236
119 240
119 243
120 216
121 127
121 141
122 189
122 191
123 126
124 127
124 164
124 165
124 192
124 200
124 234
125 178
126 173
126 213
127 131
127 138
127 197
128 142
128 157
128 178
128 180
128 211
129 183
129 201
129 217
130 163
130 206
131 146
131 162
131 186
131 209
132 133
132 145
132 175
132 177
132 180
132 230
133 141
134 160
134 200
134 216
135 188
136 169
137 176
137 194
137 209
137 235
138 177
138 227
139 208
139 233
139 244
141 200
141 221
141 230
142 194
142 214
142 242
143 165
143 213
143 222
144 213
144 238
145 148
146 163
146 195
146 213
146 214
146 246
147 151
147 193
147 237
147 241
149 184
150 168
150 247
151 173
152 187
152 205
152 220
152 224
152 227
153 171
153 233
153 237
153 240
154 171
154 174
155 163
155 240
156 166
157 160
157 169
157 201
158 201
158 202
158 210
159 214
159 242
159 243
160 171
160 179
160 204
160 222
161 171
161 176
161 201
161 205
161 213
161 227
161 234
162 205
163 200
164 191
165 175
165 176
165 177
165 239
166 209
166 214
167 218
168 172
168 174
168 192
169 212
170 210
171 189
171 218
172 236
172 249
173 230
175 185
175 231
176 189
176 192
177 196
177 211
177 221
178 190
180 244
181 192
181 225
181 240
182 213
182 237
182 242
183 195
183 242
185 186
185 197
186 239
188 195
188 201
188 217
188 219
189 215
189 237
190 203
191 242
192 242
193 241
194 210
195 206
196 201
196 247
198 203
199 237
204 217
206 237
207 233
208 226
209 219
209 231
210 231
211 224
211 235
212 219
213 236
213 247
214 221
214 246
216 225
216 249
217 223
217 233
218 229
218 247
219 237
219 244
220 225
221 249
222 230
224 248
225 228
227 242
232 236
239 241
240 246
247 248
0
8 249
