250	700	 1
0 47
0 50
0 55
0 75
0 116
0 120
0 121
0 122
0 157
0 189
0 214
1 21
1 42
1 53
1 57
1 148
1 181
2 34
2 51
2 73
2 87
2 168
2 171
2 174
2 180
3 11
3 67
3 151
3 154
3 199
3 205
3 209
4 43
4 109
4 120
4 146
4 210
4 243
5 96
5 112
5 195
5 233
6 97
6 135
6 136
6 189
6 226
7 15
7 67
7 228
7 231
8 28
8 96
8 140
8 161
8 213
8 237
9 83
9 90
9 126
9 154
9 174
9 183
9 249
10 70
10 103
10 121
10 128
10 167
10 233
11 166
11 194
11 238
12 16
12 20
12 137
12 145
12 166
12 168
12 239
13 62
13 82
13 84
13 125
13 135
13 181
13 203
13 227
14 48
14 104
14 195
14 217
15 72
15 83
15 115
15 230
16 153
16 212
16 218
16 219
17 39
17 104
17 112
17 115
17 190
17 212
17 222
17 231
18 70
18 140
18 242
19 60
19 82
19 132
19 135
19 169
20 21
20 27
20 72
20 179
21 86
21 219
21 232
21 240
22 24
22 59
22 150
22 196
22 213
22 237
23 44
23 48
23 119
23 163
23 173
23 187
23 220
23 229
24 69
24 183
24 217
25 47
25 53
25 66
25 77
25 156
25 185
25 224
25 227
25 241
26 74
26 220
26 227
27 71
27 163
27 166
27 199
27 204
27 229
28 93
28 105
29 83
29 103
30 46
30 54
30 66
30 91
30 94
30 136
30 145
30 162
30 176
30 214
31 32
31 186
32 135
32 138
32 152
32 210
33 41
33 46
33 121
33 152
33 187
33 208
33 213
33 245
34 80
34 144
34 204
34 209
34 214
34 216
35 59
35 247
36 49
36 121
36 130
36 182
37 61
37 144
37 188
37 216
37 218
37 231
38 63
38 71
38 87
38 98
38 175
38 186
39 59
39 81
39 90
39 118
39 135
39 164
39 213
40 94
40 166
40 179
40 239
41 42
41 46
41 90
41 122
41 193
41 203
42 77
42 94
42 122
42 143
42 144
42 165
42 191
42 249
43 45
43 65
44 151
44 200
44 239
45 52
45 66
45 105
45 224
46 78
46 148
46 150
46 175
46 192
47 58
47 66
47 151
47 205
47 240
48 49
48 123
49 55
49 84
49 148
49 178
49 211
50 112
50 118
50 161
50 168
51 58
51 72
51 110
51 135
52 64
52 67
52 69
52 90
52 137
52 221
53 139
53 205
53 212
53 216
53 229
53 249
54 96
54 150
54 195
54 208
54 214
55 56
55 119
55 127
55 190
55 200
55 214
56 130
56 173
56 184
56 246
57 67
57 138
57 146
57 152
57 180
57 195
57 204
57 217
57 245
58 92
58 147
58 211
59 99
59 143
59 158
60 85
60 86
60 171
60 226
61 78
61 85
61 194
61 195
62 93
62 145
63 66
63 89
63 110
63 118
63 198
63 239
64 74
64 116
64 185
64 233
64 245
65 107
65 189
65 194
65 215
66 89
66 220
67 122
67 150
67 220
68 116
68 151
68 183
68 230
69 200
70 129
71 80
71 137
71 204
72 105
72 110
72 124
72 131
72 160
72 181
72 243
73 126
73 133
73 136
73 171
73 211
73 240
74 140
74 180
74 216
74 240
75 103
75 121
75 202
75 211
75 224
76 104
76 146
76 155
76 188
76 191
76 232
77 183
77 196
77 245
78 146
78 180
79 247
80 122
80 130
80 163
80 181
81 104
81 128
81 245
81 247
82 95
82 118
82 193
82 202
82 207
82 223
83 110
83 111
83 129
83 161
84 223
84 249
85 98
85 149
86 109
86 115
86 163
86 232
87 116
87 167
87 180
88 237
88 241
89 141
89 199
90 143
90 178
91 168
91 172
91 175
91 218
92 94
92 141
92 234
93 98
93 131
93 198
93 221
94 219
94 235
94 238
94 239
94 248
95 97
95 125
95 158
95 174
96 138
96 152
96 197
96 207
96 228
97 164
97 183
97 241
98 140
99 101
99 118
99 129
99 184
99 219
100 106
100 121
100 172
100 186
100 196
101 132
101 229
102 137
102 171
102 217
102 227
103 132
103 146
103 177
104 236
105 124
106 122
106 162
106 185
106 221
107 141
107 164
107 247
108 233
109 126
109 173
109 198
109 241
110 111
110 113
110 146
110 217
111 116
111 122
111 135
111 158
111 169
111 245
112 207
112 235
113 128
113 201
113 204
113 216
113 233
113 243
113 249
114 191
114 249
115 120
115 143
115 164
115 175
115 176
115 185
115 204
115 212
115 233
115 243
116 135
117 123
117 135
117 136
117 174
117 214
118 207
119 139
120 123
120 155
120 188
120 203
120 229
121 162
121 234
121 241
122 163
122 208
123 154
123 155
123 160
124 139
124 236
125 172
125 220
125 241
126 194
126 207
126 234
126 247
127 206
128 205
129 157
129 205
129 230
130 185
130 218
130 234
131 163
131 194
131 197
131 204
131 239
132 207
132 218
133 141
133 193
133 214
133 232
134 227
134 231
135 144
135 177
135 208
135 224
135 235
136 236
136 244
137 192
137 201
137 209
137 233
137 240
139 170
139 171
139 239
139 246
140 173
140 188
141 164
141 168
141 184
141 189
142 180
142 196
143 206
143 210
144 181
145 153
145 159
145 195
145 224
146 200
146 208
146 232
147 176
147 212
147 230
148 226
149 176
153 177
153 224
154 158
154 159
154 200
154 222
154 246
155 185
155 236
156 169
157 218
157 248
159 199
160 202
160 238
162 203
163 195
163 241
164 171
164 193
164 201
165 173
166 215
167 236
170 209
170 212
170 232
171 180
172 185
172 192
177 179
177 182
177 190
177 214
177 219
178 240
179 210
180 184
181 205
181 213
183 245
184 218
184 244
185 218
186 189
186 219
187 218
188 189
188 212
189 235
190 225
192 227
192 246
193 212
193 226
193 238
194 207
194 227
195 206
196 240
197 201
197 209
197 216
198 201
198 245
199 207
199 222
199 233
199 240
199 249
200 237
201 242
201 248
202 219
202 220
203 207
204 218
204 236
204 246
207 211
207 213
209 231
209 234
210 237
211 227
211 236
213 225
215 219
215 221
215 237
220 226
221 227
228 242
230 236
230 237
233 248
244 245
0
8 249
