250	787	 1
0 7
0 25
0 30
0 36
0 139
0 148
0 160
0 162
0 166
0 207
1 15
1 16
1 32
1 82
1 92
1 195
1 213
2 17
2 45
2 121
2 174
2 195
2 216
3 7
3 44
3 81
3 123
3 146
3 164
3 185
4 25
4 44
4 45
4 47
4 74
4 89
4 126
4 166
4 180
4 244
5 56
5 71
5 99
5 100
5 106
5 138
5 176
5 249
6 14
6 15
6 83
6 91
6 140
6 161
6 249
7 25
7 53
7 63
7 107
7 148
7 214
7 225
8 42
8 157
8 159
8 181
8 230
8 246
9 51
9 122
10 47
10 168
10 175
10 178
10 233
10 234
11 23
11 70
11 83
11 90
11 95
11 125
11 134
11 199
11 242
12 28
12 29
12 106
12 124
12 154
12 196
12 201
12 204
13 58
13 92
13 168
13 169
13 190
13 229
13 232
14 22
14 25
14 149
14 153
14 201
15 21
15 50
15 88
15 192
16 72
16 110
16 162
16 163
16 200
16 204
17 20
17 37
17 53
17 125
17 181
17 218
17 238
18 111
18 139
18 157
18 222
18 228
18 240
18 244
19 101
19 142
19 156
19 175
19 186
20 63
20 81
20 99
20 131
20 133
20 150
20 171
20 198
20 199
21 128
21 131
21 208
21 212
21 249
22 24
22 33
22 127
22 145
22 197
22 212
22 214
22 235
23 43
23 54
23 115
23 170
24 27
24 62
24 85
24 90
24 147
24 196
24 214
25 42
25 214
26 47
26 82
26 117
26 136
26 143
27 111
27 127
27 217
28 63
28 98
28 156
28 179
28 208
28 215
29 43
29 53
29 79
29 82
29 108
29 112
29 123
29 178
29 199
29 241
30 35
30 36
30 62
30 75
30 78
30 108
30 191
30 193
30 217
30 228
30 231
31 33
31 64
31 74
31 116
31 139
31 140
31 147
31 167
31 210
32 45
32 59
32 103
32 119
32 134
32 219
32 236
33 45
33 76
33 185
33 195
34 68
34 163
34 192
34 217
34 218
35 43
35 49
35 93
35 205
36 137
37 71
37 144
38 89
38 105
38 147
38 156
39 42
39 48
39 55
39 142
39 215
40 120
40 223
40 239
41 84
41 98
41 225
42 43
42 130
43 54
43 69
43 157
44 77
44 78
44 80
44 132
44 220
44 221
44 238
45 141
45 174
45 181
45 188
45 217
45 232
45 248
46 48
46 64
46 76
46 86
46 153
46 179
46 186
46 224
47 57
47 146
47 149
47 172
47 235
47 236
48 66
48 210
48 216
48 233
48 246
49 56
49 171
49 198
50 89
50 215
50 245
51 68
51 190
51 223
51 229
52 56
52 82
52 107
52 112
52 160
52 170
52 173
52 248
53 64
53 168
53 206
53 229
53 248
54 146
54 189
54 197
55 190
55 199
55 238
56 115
56 129
56 162
57 58
57 59
57 154
58 61
58 98
58 132
58 188
59 95
59 121
59 124
59 125
59 151
59 247
60 124
60 172
60 175
60 178
60 185
61 74
61 81
61 140
61 199
61 210
61 235
62 203
62 226
62 245
63 113
63 139
63 156
63 164
63 170
63 242
64 88
64 108
64 148
64 200
64 224
64 247
65 92
65 125
65 189
65 192
65 208
65 235
66 76
66 138
66 233
67 105
67 112
67 160
67 207
67 208
67 211
68 116
68 120
68 198
68 205
68 243
68 249
69 94
69 131
69 207
69 209
69 224
69 248
70 95
70 103
70 110
70 119
70 132
70 191
70 216
71 74
71 85
71 92
71 229
71 240
72 144
72 172
72 221
73 127
73 174
74 186
74 199
75 127
75 130
75 159
75 188
76 97
76 108
76 113
76 145
76 211
77 91
78 146
78 160
79 112
79 119
79 124
79 134
79 137
79 148
79 185
79 225
80 94
80 182
80 185
80 235
80 240
81 105
81 149
81 168
81 193
82 109
82 145
82 161
82 171
82 196
82 228
82 247
83 161
83 162
83 184
83 213
83 216
83 224
83 247
83 248
84 148
84 173
84 218
84 225
85 106
85 126
85 142
85 144
85 238
86 207
86 237
87 121
87 141
87 155
87 175
87 182
87 224
87 245
88 173
88 243
88 245
89 102
89 120
89 156
89 182
89 184
89 185
89 220
89 231
89 242
90 127
90 157
90 239
91 95
91 146
91 171
91 209
91 227
91 245
92 128
92 145
92 152
92 174
92 225
92 240
93 101
93 233
94 98
94 126
94 195
94 220
94 232
95 134
95 181
96 121
96 154
96 218
97 104
97 154
98 133
98 142
98 231
99 106
99 165
99 197
99 204
99 215
99 232
100 105
101 108
101 131
101 224
102 113
102 124
102 220
102 247
103 191
103 235
104 117
104 190
104 232
105 117
105 144
105 165
105 180
105 183
105 188
105 189
106 163
106 229
106 244
106 247
107 177
107 186
107 229
107 244
109 161
109 228
109 235
110 132
110 146
110 208
110 217
110 245
111 150
112 126
112 162
112 214
112 226
113 195
113 217
113 218
113 226
113 229
114 203
114 249
115 167
116 126
116 133
116 152
116 228
117 151
117 195
118 134
118 190
118 209
119 219
121 239
122 164
122 174
122 214
122 234
123 153
123 174
124 125
124 143
124 153
124 187
124 209
125 147
125 230
126 177
127 164
127 174
127 189
127 222
127 232
127 246
128 175
128 205
128 222
129 152
129 211
129 233
130 188
130 229
131 158
131 191
131 209
132 147
132 226
132 227
132 245
133 145
133 154
133 199
133 227
134 191
134 238
135 136
135 157
135 195
135 240
135 249
136 153
136 176
137 177
137 178
137 189
137 191
137 192
138 183
138 189
138 195
138 196
139 166
139 183
139 214
139 236
139 244
140 243
141 176
141 193
142 145
143 149
143 165
143 169
143 202
145 215
145 227
146 152
146 198
146 231
146 233
146 239
147 189
147 190
147 214
147 236
148 238
148 242
149 156
150 155
150 171
150 194
151 171
151 181
151 198
151 201
151 216
152 234
153 173
153 204
153 242
154 208
154 233
154 244
155 178
156 185
156 190
156 247
157 177
158 236
159 209
159 211
160 177
160 189
160 245
161 193
161 245
162 195
163 164
163 168
163 200
163 218
163 245
164 237
164 245
164 246
165 170
165 195
165 204
165 230
165 234
165 247
166 182
166 194
166 206
167 187
167 217
168 193
168 220
169 191
169 209
169 220
170 233
170 243
171 185
171 218
171 222
171 241
172 230
173 175
173 182
173 227
174 208
175 208
175 210
175 214
175 223
177 180
177 192
177 206
179 204
179 214
179 249
180 188
180 218
180 239
180 244
182 220
183 184
183 189
188 226
188 227
189 197
189 213
189 244
189 246
190 208
190 217
190 219
190 222
191 206
191 210
192 208
193 223
194 233
196 228
197 210
197 213
201 221
201 234
201 238
202 222
203 211
205 237
206 208
206 226
207 220
211 230
212 234
213 221
215 239
216 233
216 237
217 238
217 243
218 245
220 229
222 227
222 230
227 231
228 244
232 243
236 242
238 242
0
8 249
