250	736	 1
0 10
0 22
0 51
0 80
0 164
0 242
1 31
1 43
1 207
2 19
2 32
2 46
2 130
2 140
2 179
2 239
2 242
3 14
3 101
3 125
3 150
3 162
3 192
3 199
4 36
4 92
4 99
4 190
4 198
4 223
5 6
5 69
5 129
5 173
5 234
6 84
7 29
7 106
7 115
7 192
7 199
8 58
8 99
8 108
8 133
8 214
9 21
9 54
9 110
9 249
10 11
10 81
10 133
10 152
10 157
10 184
10 198
10 223
11 29
11 75
11 171
11 186
11 222
12 87
12 115
12 161
13 45
13 103
13 186
13 215
13 247
14 68
14 109
14 124
15 53
15 137
15 142
15 171
16 17
16 56
16 99
16 142
16 150
16 170
17 85
17 116
17 120
17 186
17 209
18 52
18 93
18 109
18 169
19 109
19 169
19 195
19 205
19 249
20 73
20 146
20 155
20 167
20 171
20 172
20 173
20 179
20 206
21 71
21 81
21 114
21 202
22 74
22 101
22 153
22 166
22 211
22 245
23 157
23 162
23 177
24 75
24 190
24 202
24 248
25 82
25 112
25 135
25 155
25 171
26 64
26 67
26 100
26 112
26 183
26 238
27 43
27 127
27 174
27 247
28 121
28 238
29 69
29 73
29 122
29 163
29 237
30 214
30 245
31 119
31 139
31 143
31 147
31 151
31 171
31 190
31 211
32 38
32 82
32 157
33 60
33 98
33 108
33 133
33 185
33 233
34 129
34 144
34 149
34 156
34 168
34 170
34 193
34 233
35 76
35 186
35 201
36 56
36 100
36 184
37 141
37 192
37 247
38 61
38 118
38 147
38 183
38 224
39 44
39 72
39 81
39 138
39 155
39 177
39 244
40 53
40 104
40 121
40 129
41 46
41 53
41 65
41 113
41 131
41 146
41 156
41 218
42 49
42 117
42 160
42 182
42 193
42 195
42 201
42 203
43 71
43 121
43 230
43 231
44 50
44 77
44 83
44 126
44 160
44 224
44 236
45 67
45 75
45 89
45 99
45 115
45 155
45 249
46 185
47 73
47 127
47 195
47 200
47 211
48 54
48 56
48 89
48 151
48 169
48 201
48 213
49 101
49 105
49 127
49 141
49 151
49 248
50 57
50 61
50 126
50 142
50 175
50 191
50 230
50 231
51 52
51 90
51 231
52 137
52 145
52 181
52 243
52 248
53 131
53 154
54 55
54 104
54 160
54 170
54 245
55 65
55 71
55 99
55 111
55 112
55 209
56 58
56 65
56 92
56 105
56 151
57 185
58 73
58 110
58 152
58 202
58 204
59 112
59 193
59 196
59 241
59 248
60 106
60 114
60 118
60 128
60 158
60 210
60 217
61 76
61 85
61 88
61 161
61 189
61 214
62 111
62 151
62 212
63 108
63 146
63 152
63 185
63 197
64 65
64 107
64 143
64 185
64 188
64 218
64 236
64 242
65 127
65 147
65 185
65 186
65 196
65 198
65 225
65 233
65 247
66 96
66 125
66 142
66 155
66 181
66 199
66 234
66 244
67 83
67 92
67 120
67 165
67 169
67 221
67 231
68 81
68 168
68 233
69 161
69 163
69 192
69 209
70 98
70 126
70 132
70 204
71 104
71 150
71 170
71 171
71 194
71 204
72 134
72 198
72 237
73 82
73 128
73 218
73 219
74 76
74 217
74 225
75 104
75 116
75 127
75 195
75 228
76 80
76 132
76 133
76 135
76 144
76 160
76 168
76 181
76 233
77 176
77 183
77 210
78 144
78 173
78 235
79 93
79 113
79 146
79 192
79 200
80 90
81 143
81 191
81 193
81 208
81 220
81 236
82 83
82 86
82 126
82 154
82 187
82 214
82 215
83 90
83 148
83 150
84 97
84 98
84 125
84 133
84 144
84 230
85 88
85 217
86 94
86 187
86 233
87 150
87 194
87 220
88 91
88 197
88 248
89 208
89 230
89 247
90 113
91 98
91 117
91 120
91 144
91 176
91 180
91 196
91 236
92 165
92 189
92 195
93 107
93 114
93 123
93 168
93 184
93 192
93 231
94 136
94 149
94 224
94 236
95 124
95 183
95 245
96 139
96 188
97 122
97 140
97 245
98 140
98 200
99 106
99 117
99 132
99 153
100 106
100 118
100 157
100 176
100 188
100 230
100 232
101 141
101 163
101 176
101 183
102 173
103 124
103 128
103 159
103 182
103 190
104 204
104 243
105 122
105 148
106 129
106 197
107 122
107 123
107 144
107 158
107 197
109 154
109 199
109 241
110 153
110 220
110 244
111 159
112 162
112 177
112 181
112 192
112 204
112 230
113 125
113 225
114 188
114 242
115 152
115 171
115 216
116 122
116 145
116 196
116 225
117 145
117 167
117 189
118 187
118 193
119 187
119 212
120 153
120 186
121 138
121 236
122 213
122 230
123 161
123 202
123 227
123 239
124 242
125 126
125 138
125 155
125 246
126 139
126 221
127 211
127 224
128 173
128 244
129 217
129 223
130 166
130 185
130 186
130 224
131 136
131 190
131 230
132 178
132 185
132 195
132 196
132 217
132 240
133 178
134 206
135 203
136 137
136 170
136 199
136 224
137 239
138 158
139 192
139 229
139 243
140 166
141 146
141 198
141 230
142 186
142 227
143 196
143 211
143 230
143 231
144 179
144 219
144 226
145 152
145 164
145 169
145 170
145 178
145 210
145 219
146 167
147 189
148 214
148 222
148 233
148 247
149 157
149 170
149 201
150 216
151 165
151 191
151 200
152 166
152 185
153 172
153 221
154 205
154 240
154 243
155 224
156 172
156 221
156 249
158 172
158 182
158 224
159 167
159 172
159 223
160 176
161 246
162 205
162 222
164 218
165 182
166 222
167 183
168 175
169 171
170 211
170 224
173 241
174 203
174 227
174 249
175 197
175 210
175 218
176 177
176 185
176 222
176 224
177 233
178 185
178 222
179 182
180 193
180 200
180 233
180 240
181 248
182 184
182 185
182 200
182 202
182 207
183 222
183 225
183 232
184 216
184 229
184 236
185 202
185 215
185 242
186 200
186 227
186 228
187 219
187 225
188 212
188 248
190 193
190 227
190 239
191 228
192 210
193 194
193 195
194 199
194 223
194 239
194 240
195 218
195 245
196 202
196 210
196 242
197 244
201 237
202 211
202 246
203 232
204 217
204 236
204 244
205 206
206 210
206 212
206 224
206 231
207 226
208 214
209 222
211 245
212 225
213 215
214 231
214 245
215 249
217 239
222 229
223 249
226 235
227 239
230 242
231 246
233 235
233 245
236 237
238 244
241 243
246 247
0
8 249
