250	709	 1
0 104
0 122
0 171
0 191
1 62
1 84
1 104
1 115
1 135
1 218
1 242
2 9
2 14
2 214
2 235
2 237
3 13
3 36
3 42
3 229
4 28
4 30
4 63
4 79
4 87
4 102
4 164
4 176
4 211
5 37
5 69
5 122
5 177
6 71
6 98
6 135
6 168
6 172
6 226
7 9
7 24
7 41
7 56
7 144
7 162
7 172
8 27
8 52
8 101
8 110
8 143
9 50
9 88
9 94
9 206
9 213
10 29
10 108
10 115
10 168
10 246
11 31
11 38
11 68
11 116
11 121
11 153
11 189
11 209
11 222
11 226
12 24
12 82
12 98
12 100
12 135
12 148
13 45
13 89
13 95
13 150
13 180
13 218
14 142
14 189
14 193
15 138
15 153
15 170
16 19
16 40
16 56
16 96
16 105
16 115
16 123
16 165
17 41
17 65
17 174
17 177
18 103
18 135
18 139
18 170
18 200
19 44
19 77
19 117
19 220
19 229
20 136
20 209
20 223
20 237
21 65
21 91
21 241
22 43
22 48
22 87
22 101
22 108
22 219
23 61
23 197
23 238
24 61
24 109
24 125
24 129
24 202
25 67
25 99
25 149
25 176
25 210
25 214
25 233
26 28
26 100
26 110
27 54
27 55
27 73
27 165
27 178
27 224
28 48
28 116
28 146
28 194
28 242
29 44
29 55
29 64
29 88
29 93
29 111
29 137
30 96
30 147
30 174
31 44
31 154
31 184
31 200
32 47
32 50
32 54
32 78
32 102
32 104
32 105
32 112
32 169
32 226
33 57
33 103
33 154
33 224
33 243
34 114
34 165
34 232
35 86
35 97
35 106
36 84
36 98
36 178
36 181
36 192
37 46
37 121
37 143
38 74
38 118
38 144
38 243
39 116
39 140
39 167
40 98
40 184
40 199
40 237
41 69
41 138
41 164
41 231
41 247
42 57
42 77
42 100
42 127
42 194
42 234
43 85
43 89
43 206
43 220
43 222
43 235
44 59
44 111
44 134
44 200
44 211
45 177
46 58
46 79
46 95
46 109
46 148
46 182
46 207
47 85
47 91
47 238
48 122
48 158
48 162
48 237
49 88
49 177
49 237
49 247
50 62
50 91
50 118
50 124
50 129
50 233
51 77
51 150
51 157
51 174
51 205
51 242
52 57
52 91
52 152
52 190
52 219
52 241
53 64
53 100
53 127
53 163
53 177
53 182
53 210
53 231
54 95
54 115
54 162
54 189
54 215
55 91
55 99
55 130
55 150
56 93
57 103
57 158
57 185
58 121
58 125
58 126
58 175
58 210
58 213
58 224
59 60
59 91
59 104
59 230
60 72
60 178
60 213
61 77
61 80
61 82
61 162
61 184
61 193
61 234
62 112
62 135
62 246
63 110
63 128
63 139
64 99
64 138
64 202
65 85
65 90
65 171
65 190
65 200
66 124
66 163
66 185
66 216
66 234
66 241
67 72
67 77
67 91
67 139
67 156
67 196
68 94
68 111
68 185
68 239
69 116
69 141
70 98
70 115
70 133
70 141
70 181
70 199
70 207
70 208
70 224
71 76
71 97
71 148
71 161
71 176
71 204
72 127
72 128
72 132
72 198
72 225
73 106
73 107
73 191
73 223
74 197
74 207
74 216
75 90
75 91
75 134
75 151
75 152
75 196
75 201
75 222
76 90
76 113
76 203
76 218
77 106
77 237
78 171
79 98
79 135
80 110
80 136
80 226
81 247
82 162
83 88
83 143
83 185
84 104
84 143
84 147
84 159
84 214
85 131
85 184
85 228
85 246
86 186
87 132
87 187
87 204
88 90
88 111
88 138
88 183
88 197
89 208
90 95
90 108
90 135
90 144
90 165
90 196
90 205
91 143
91 163
91 191
91 201
91 227
92 123
92 141
92 164
92 191
92 215
93 144
93 167
93 214
93 237
94 127
94 130
94 156
94 176
94 184
94 216
94 241
95 243
96 106
96 137
96 145
96 175
96 192
96 194
96 204
96 222
96 242
97 120
97 162
97 172
97 225
98 120
98 178
98 195
98 206
99 179
100 102
100 110
100 122
100 156
100 174
100 237
101 103
101 167
101 229
102 124
102 132
102 185
103 149
103 179
103 225
104 144
104 169
104 183
105 165
105 203
106 157
106 203
106 225
107 156
107 203
108 148
108 181
108 202
108 236
109 137
109 186
109 213
110 164
110 218
111 147
111 218
111 227
112 155
112 202
113 147
113 189
114 139
114 145
114 156
114 161
114 209
114 212
114 239
115 133
115 164
115 196
115 232
116 120
116 237
117 139
117 184
117 230
118 194
119 149
119 178
119 209
119 210
120 129
120 154
120 170
120 188
121 164
121 168
121 193
121 240
121 247
122 232
123 163
123 210
123 242
125 126
125 130
125 145
125 163
125 165
125 249
126 144
126 159
126 247
127 132
127 151
127 170
127 205
128 198
130 137
130 212
130 221
130 237
131 136
131 144
131 170
131 228
132 147
132 197
132 204
132 210
133 199
133 206
133 207
134 172
135 149
135 226
135 236
136 202
136 222
137 158
137 164
138 197
138 201
138 203
138 229
140 173
141 147
141 148
142 173
143 215
144 188
145 172
145 236
145 238
145 248
146 157
146 170
146 216
147 193
147 220
148 199
149 174
149 186
149 228
149 237
150 166
150 196
150 247
150 249
151 157
151 186
151 221
152 155
152 214
152 221
153 168
153 180
153 200
153 239
154 163
154 249
155 197
155 204
156 233
157 212
158 170
158 190
159 163
159 229
160 210
160 215
161 196
161 222
162 166
162 218
163 186
163 195
163 199
164 181
164 207
165 179
166 177
166 203
166 230
167 222
168 209
168 213
168 232
169 176
169 217
170 191
170 222
171 190
171 217
172 177
173 206
173 217
173 235
174 184
174 188
175 234
176 240
177 189
177 218
177 233
178 179
178 199
178 204
179 186
180 209
181 244
182 247
183 229
184 215
184 249
185 190
185 247
186 229
186 232
187 233
188 219
188 238
188 244
190 211
192 194
193 195
193 232
193 239
194 206
194 210
194 234
194 243
195 218
195 231
198 248
199 208
199 212
199 214
199 221
199 242
199 245
201 227
201 242
202 224
202 233
203 223
204 205
208 249
210 248
211 214
211 223
218 232
219 232
221 232
227 230
231 243
232 245
235 240
236 245
241 249
0
8 249
