250	768	 1
0 35
0 48
0 72
0 88
0 195
0 200
1 5
1 27
1 43
1 120
1 227
2 3
2 78
2 82
2 130
2 139
2 162
2 179
2 203
2 210
3 31
3 36
3 66
3 74
3 82
3 97
3 198
4 13
4 93
4 94
4 104
4 180
4 199
4 233
4 241
5 12
5 58
5 144
5 193
5 209
5 218
6 11
6 39
6 126
6 144
6 148
6 156
6 185
6 197
7 44
7 56
7 62
7 123
7 134
7 145
7 170
8 21
8 38
8 55
8 73
8 76
8 151
8 175
9 61
9 87
9 98
9 111
9 135
9 151
10 15
10 52
10 111
10 136
10 180
10 196
11 17
11 39
11 105
11 106
11 126
11 133
11 217
12 75
12 203
12 215
12 228
13 34
13 69
13 74
13 87
13 101
13 159
13 190
13 207
13 220
13 224
14 39
14 123
14 150
14 161
15 65
15 115
15 134
15 144
15 207
15 216
15 220
15 234
16 38
16 101
16 107
16 161
16 217
17 78
17 104
17 129
17 150
18 29
18 52
18 62
18 117
18 192
18 210
18 214
19 140
19 162
19 184
19 234
19 241
20 66
20 109
20 214
21 49
21 103
21 116
22 100
22 113
22 128
22 142
22 177
22 178
22 201
23 89
23 104
23 113
23 118
23 224
23 232
24 26
24 31
24 34
24 62
24 86
25 61
25 171
25 211
26 34
26 45
26 127
26 156
26 171
26 237
27 49
27 107
27 114
28 72
28 101
28 149
28 166
28 208
28 231
28 249
29 109
29 111
29 125
29 143
29 187
29 210
29 224
30 32
30 43
30 120
30 124
30 146
30 177
30 190
30 229
30 235
31 43
31 44
31 154
31 198
32 67
32 163
32 188
33 113
33 184
33 221
33 248
34 77
34 139
34 158
34 165
34 167
34 206
34 239
34 245
35 58
35 89
35 137
35 175
35 200
35 213
35 243
36 105
36 179
36 234
36 235
36 244
37 38
37 51
37 85
37 109
37 149
38 45
38 75
38 95
38 136
38 147
38 155
38 225
39 134
39 140
39 146
39 190
39 248
40 50
40 119
40 164
40 211
40 213
40 242
40 249
41 50
41 95
41 96
41 134
41 144
41 196
41 232
42 115
42 164
42 177
44 47
44 112
44 147
44 159
44 164
45 65
45 136
45 138
45 153
45 215
45 230
45 240
46 84
46 95
46 110
46 130
46 140
46 247
47 55
47 212
47 240
48 55
48 57
48 69
48 105
48 156
48 175
48 201
48 244
49 86
49 93
49 97
49 98
49 108
50 56
50 99
50 123
50 151
50 218
50 247
51 94
51 117
51 167
51 200
51 229
52 91
52 112
52 131
52 207
52 240
53 116
53 126
53 129
53 133
53 145
53 233
53 240
54 109
54 149
54 175
54 226
55 69
55 141
55 222
56 78
56 146
56 194
56 196
57 109
57 176
57 182
57 184
57 242
58 151
58 182
58 200
59 65
59 103
59 121
59 128
59 145
59 235
60 73
60 112
60 156
60 236
60 239
61 75
61 79
61 86
61 94
61 149
62 86
62 107
62 116
62 131
62 146
63 83
63 123
63 130
63 138
63 142
63 158
63 205
64 95
64 112
64 144
64 159
64 207
65 98
65 104
65 111
65 151
66 76
66 174
66 201
66 243
66 246
67 68
67 79
67 111
67 223
67 241
68 72
68 142
68 171
68 204
68 206
68 221
69 221
70 142
70 229
71 123
71 163
71 191
71 195
71 232
71 233
71 242
72 95
72 115
72 120
72 197
73 95
73 128
73 132
73 145
73 202
73 212
73 216
74 95
74 96
74 102
74 110
74 111
74 164
75 159
75 195
75 233
76 99
76 104
76 134
76 220
78 90
78 94
78 99
78 148
78 149
78 154
78 175
78 223
78 240
80 158
80 169
80 211
80 213
81 112
81 116
81 137
81 141
81 161
81 173
82 89
83 88
83 104
83 169
83 170
83 181
83 205
83 227
84 103
84 157
84 225
85 95
85 97
85 184
85 216
85 243
86 154
86 197
86 215
87 163
87 248
88 94
88 142
88 195
89 168
89 202
89 227
89 245
90 99
90 130
90 211
90 237
91 109
91 145
91 153
91 207
91 214
91 239
91 242
92 158
92 188
92 236
93 139
93 222
94 117
94 179
94 224
94 227
95 122
95 126
95 196
95 216
95 239
95 240
96 121
97 119
97 144
97 154
97 162
97 195
97 223
99 105
99 107
99 168
99 181
99 212
99 234
100 112
100 172
100 232
101 105
101 122
102 126
102 156
102 160
102 212
102 214
102 215
103 116
103 174
103 183
104 110
104 165
104 198
104 224
104 240
104 247
105 181
105 215
106 133
106 197
107 114
107 118
107 146
107 150
108 126
108 150
108 224
108 238
108 241
109 118
109 192
109 207
109 213
109 240
110 146
110 190
111 153
111 224
111 225
111 249
112 136
112 160
112 166
113 188
113 194
113 197
113 202
114 118
114 214
114 242
115 222
115 223
116 131
116 161
116 163
116 176
117 191
117 224
118 129
118 183
118 222
119 139
119 187
120 139
120 191
120 229
121 136
122 141
122 189
122 241
122 244
123 247
123 248
124 129
124 196
124 227
125 214
125 220
126 216
126 227
127 151
127 223
128 204
128 233
129 184
129 190
130 132
130 133
130 152
130 163
130 215
130 232
131 189
132 170
132 189
132 234
133 152
133 203
133 243
133 246
134 147
134 173
135 195
135 203
135 240
137 212
137 222
137 225
138 156
138 185
138 243
139 194
139 224
140 239
141 145
141 187
141 199
141 206
142 174
142 234
143 160
143 246
144 174
145 225
145 229
147 162
147 191
147 228
147 231
148 216
148 238
149 173
149 192
150 219
150 247
151 161
151 221
152 163
152 206
153 233
153 246
154 161
154 171
154 177
154 211
155 157
155 164
155 177
155 238
156 191
156 193
156 232
156 234
157 167
157 175
157 205
157 224
157 233
157 247
157 248
159 183
159 195
160 233
161 186
161 239
162 176
162 192
163 202
163 218
164 169
164 209
164 246
164 248
165 191
165 197
165 226
166 207
166 211
166 241
167 182
167 227
168 234
168 243
168 244
169 183
169 194
170 173
170 179
171 173
171 210
171 234
171 245
172 216
172 225
172 235
173 181
173 221
174 186
174 226
176 184
176 245
177 178
177 218
178 208
178 233
179 187
179 208
180 199
181 214
181 231
181 248
182 207
183 247
184 244
185 200
185 235
186 207
188 240
189 202
189 227
189 237
191 204
191 224
192 211
192 212
192 232
192 246
193 194
193 220
194 196
197 200
197 207
198 240
199 208
199 231
200 223
200 233
204 224
204 225
205 217
206 221
207 227
208 241
210 215
212 233
212 246
213 229
214 241
215 240
217 248
221 224
222 239
223 236
226 234
226 241
228 246
229 248
230 239
231 237
232 233
234 245
242 243
0
8 249
