250	743	 1
0 38
0 69
0 87
0 93
0 124
0 142
0 156
0 161
0 169
0 175
0 202
0 230
1 22
1 77
1 95
1 135
1 156
1 184
1 206
1 220
2 19
2 57
2 106
2 179
3 108
3 210
4 8
4 18
4 77
4 178
4 203
5 82
5 124
5 130
5 147
5 165
5 171
5 206
6 19
6 74
6 105
6 162
6 207
7 60
7 90
7 120
7 126
7 225
7 244
8 61
8 125
8 227
8 235
9 37
9 50
9 105
9 186
9 239
10 43
10 58
10 93
10 143
10 144
10 171
10 236
11 29
11 136
11 149
11 180
11 201
12 33
12 216
12 225
13 39
13 87
13 132
13 174
13 179
13 216
14 17
14 41
14 52
14 114
14 142
14 162
14 181
14 202
15 78
15 79
15 84
15 108
15 137
15 152
15 168
15 176
15 225
16 46
16 55
16 158
16 165
16 245
17 53
17 108
17 144
18 29
18 79
18 81
18 107
18 124
18 242
19 58
19 105
19 112
19 134
19 140
19 230
20 39
20 76
20 107
20 171
20 184
20 194
21 122
21 131
21 132
21 201
22 130
22 134
22 166
22 170
23 163
23 214
24 43
24 102
24 113
24 146
24 179
25 53
25 72
25 163
25 169
25 175
25 209
25 223
26 62
26 117
26 132
26 203
26 210
27 77
27 126
27 138
27 158
27 224
27 245
28 32
28 53
28 190
28 226
29 61
29 96
29 123
29 150
29 154
29 181
30 41
30 85
30 112
30 167
30 237
31 47
31 50
31 71
31 87
31 97
32 48
32 54
32 80
32 137
32 182
32 202
33 112
33 117
33 143
33 147
33 151
33 181
33 197
34 89
34 128
34 132
34 133
34 203
35 66
35 172
35 240
36 60
36 82
36 91
36 114
36 194
36 198
36 207
36 227
37 40
37 98
37 100
37 138
37 184
37 187
37 213
38 191
38 195
38 199
38 206
39 55
39 65
39 68
39 209
39 222
39 224
40 47
40 64
40 229
41 127
41 131
41 161
41 225
41 236
42 117
42 152
42 164
42 205
42 220
42 228
43 87
43 108
43 171
43 215
44 45
44 90
44 115
44 184
44 238
45 179
45 227
46 67
46 102
46 117
46 120
46 147
46 184
46 247
46 248
47 50
47 95
47 115
47 145
47 163
47 184
47 188
48 74
48 240
49 50
49 138
49 144
50 84
50 117
50 147
50 233
51 53
51 133
51 179
51 187
51 225
51 247
52 84
52 91
52 136
52 144
52 172
52 196
52 220
53 79
53 96
53 175
53 187
54 57
54 65
54 66
54 79
54 99
54 153
54 160
54 180
54 226
55 71
55 140
55 141
55 174
56 85
56 91
56 135
56 143
56 191
56 204
57 77
57 94
57 124
57 153
57 172
58 95
58 104
58 107
58 159
58 210
58 218
58 237
59 92
59 107
59 111
59 180
59 226
59 231
60 77
60 85
60 129
60 161
60 164
60 217
61 82
61 89
61 104
61 142
61 185
61 217
62 73
62 86
62 125
62 173
62 184
63 89
63 132
63 136
63 171
63 228
64 72
64 127
64 157
65 69
66 82
66 92
66 94
66 186
66 221
67 89
67 114
67 123
67 151
67 153
67 193
67 215
68 117
68 134
68 171
68 228
69 82
69 100
69 101
69 147
69 182
69 187
69 235
69 243
70 144
70 168
70 226
71 100
71 109
71 223
72 83
72 177
72 188
72 229
73 93
73 98
73 135
73 207
73 248
74 76
74 85
74 143
74 198
74 223
75 103
75 138
75 144
75 157
75 226
76 126
76 190
77 93
77 108
77 132
77 147
77 216
77 233
77 243
78 112
78 157
78 190
79 99
79 141
79 165
79 173
80 121
80 200
80 241
81 86
81 124
81 125
81 200
82 145
82 187
82 223
82 226
83 159
83 161
83 171
83 227
83 237
84 164
85 212
86 124
87 120
87 140
87 148
87 226
88 154
88 165
88 167
89 107
89 141
89 160
89 200
89 239
90 187
90 200
91 160
91 187
91 214
91 236
91 247
92 237
92 248
93 148
94 211
95 140
95 237
96 134
96 138
97 127
97 149
97 164
98 199
98 205
98 211
98 213
99 113
99 163
99 167
100 110
100 193
100 223
101 141
102 114
102 125
102 161
102 212
102 213
102 243
103 205
104 121
104 156
104 179
104 205
105 106
105 109
105 152
105 180
105 233
105 237
106 124
106 125
106 159
107 110
107 127
107 173
107 204
107 210
108 121
108 226
108 235
109 154
109 191
109 243
110 213
110 242
111 195
111 219
111 242
111 248
112 217
112 228
113 183
114 170
114 217
115 121
115 128
115 190
115 207
116 122
116 143
116 144
116 184
116 192
116 229
116 247
117 231
117 234
117 241
118 190
118 194
118 246
118 248
119 172
119 213
120 141
120 216
120 227
121 155
121 178
121 248
122 141
122 210
122 243
123 138
123 173
123 201
123 219
124 221
125 209
125 212
126 129
126 147
126 210
126 243
127 160
127 164
127 180
127 204
127 219
128 164
128 216
128 232
129 167
129 198
129 228
130 158
130 168
130 188
130 199
130 217
131 148
131 230
131 248
132 188
132 193
132 202
132 218
132 224
133 137
133 163
133 193
133 197
133 212
133 229
133 231
134 161
134 240
134 245
135 166
135 173
135 175
135 209
136 163
136 192
136 212
137 190
137 226
137 244
138 150
138 163
138 195
138 217
138 234
139 221
139 222
139 230
139 237
140 141
140 195
141 147
141 203
141 227
142 190
142 197
143 154
143 192
143 216
143 238
144 170
144 200
144 205
145 182
145 184
145 191
145 217
146 195
148 155
148 247
149 155
149 187
149 245
150 153
150 161
150 207
150 211
151 154
151 190
151 220
152 173
152 195
152 209
152 213
152 214
152 233
153 176
154 233
154 247
157 190
157 235
157 247
158 190
158 205
158 248
159 168
159 193
159 198
159 216
160 236
162 166
162 195
164 196
164 200
164 202
165 184
165 195
166 169
167 180
168 178
168 223
169 183
169 209
170 208
170 246
171 220
172 206
173 174
173 187
173 228
175 239
176 205
177 179
177 189
177 191
177 234
177 245
178 202
178 206
178 249
180 242
181 189
181 202
181 228
181 248
182 186
182 187
182 200
182 206
185 235
187 211
187 239
188 228
188 244
188 245
189 239
190 215
190 218
192 201
192 209
192 212
194 244
196 213
196 220
196 230
198 231
199 237
199 247
201 236
201 247
202 208
202 245
202 249
203 207
204 225
205 217
206 229
206 235
206 236
208 248
209 237
212 218
212 219
219 221
219 249
220 234
221 238
222 226
227 249
229 236
230 248
248 249
0
8 249
