250	746	 1
0 73
0 74
0 86
0 95
0 124
0 205
0 240
1 36
1 87
1 90
1 136
1 184
2 7
2 14
2 83
2 89
2 107
2 141
2 157
2 161
3 52
3 53
3 55
3 107
3 152
3 157
3 211
4 66
4 194
4 240
5 51
5 85
5 195
6 62
6 93
6 205
7 114
7 169
7 181
8 17
8 160
8 226
9 36
9 131
9 140
9 146
9 184
9 185
9 210
10 79
10 129
10 195
11 30
11 68
11 86
11 88
11 90
11 129
11 132
11 197
11 215
12 43
12 63
12 189
12 228
13 43
13 90
13 119
13 133
13 141
13 142
13 160
13 183
13 196
13 215
14 32
14 67
14 69
14 110
14 150
14 152
14 157
15 24
15 108
15 177
15 202
16 49
16 113
16 178
16 187
16 233
17 43
17 84
17 100
17 101
17 102
17 171
17 182
17 231
17 244
18 41
18 58
18 133
18 137
18 165
18 189
19 41
19 43
19 79
19 88
19 93
19 127
19 135
19 151
19 168
19 175
19 244
20 22
20 31
20 44
20 82
20 205
20 211
20 242
21 27
21 41
21 71
21 80
21 82
21 149
21 199
21 214
22 44
22 60
22 75
22 83
22 107
22 159
23 84
23 92
23 96
23 176
23 197
23 246
24 105
24 120
24 121
24 129
24 175
25 61
25 78
25 126
25 147
25 152
25 162
25 207
26 100
26 101
26 127
26 136
26 243
26 248
27 61
27 83
27 225
28 30
28 96
28 235
28 237
29 52
29 113
29 115
29 161
29 191
29 236
30 72
30 87
30 164
30 226
31 61
31 62
31 161
31 175
31 243
32 51
32 138
33 82
33 162
33 211
33 236
34 125
34 196
34 213
34 215
35 94
35 100
35 125
36 99
36 184
36 191
36 237
36 241
36 242
37 48
37 216
37 240
38 96
38 192
38 238
39 76
39 100
39 131
39 154
39 177
39 193
40 54
40 102
40 127
40 183
40 200
40 223
41 126
41 132
41 156
41 241
42 219
43 64
43 70
43 73
43 91
43 96
43 159
43 167
43 226
43 241
43 248
44 107
44 168
44 242
45 49
45 93
45 109
45 119
45 178
45 218
46 128
46 218
46 231
47 86
47 242
48 70
48 137
48 163
49 60
49 64
49 134
49 186
49 210
50 53
50 92
50 131
50 190
50 245
51 107
51 146
51 228
51 231
52 82
52 148
52 164
52 169
53 54
53 234
54 89
54 140
55 59
55 80
55 109
55 112
55 150
55 196
56 97
56 132
56 238
56 248
57 161
57 237
57 244
58 92
59 146
59 150
59 214
59 239
59 244
59 245
60 144
61 62
61 86
61 123
61 127
61 172
61 238
62 150
62 162
62 168
63 135
63 146
63 206
63 246
64 128
64 229
64 239
64 242
64 246
65 112
65 140
65 174
66 68
67 76
67 104
67 192
68 80
68 86
68 135
68 170
68 182
68 249
69 98
69 116
69 134
69 232
69 233
69 236
70 79
70 186
71 73
71 85
71 142
71 180
71 214
72 87
72 245
72 247
73 100
73 215
73 236
74 104
74 118
74 132
74 208
74 225
75 100
75 122
75 182
75 185
75 194
75 213
75 241
75 243
76 178
76 198
76 211
77 123
77 153
77 163
77 234
78 95
78 120
78 145
79 126
79 164
79 196
79 220
80 104
80 106
80 138
81 129
81 170
81 200
82 114
82 134
82 138
82 143
82 232
82 233
83 86
83 111
83 115
84 195
84 198
84 208
84 234
85 117
85 118
85 237
86 137
86 150
86 184
86 195
86 246
87 99
87 143
87 158
87 173
88 105
88 107
88 115
89 147
89 179
89 197
89 198
89 229
89 248
90 118
90 155
90 191
90 214
91 101
91 133
91 153
91 204
91 207
91 224
91 245
92 133
92 143
92 170
92 191
92 216
93 160
93 186
93 223
94 124
94 168
94 201
95 202
95 246
96 121
96 129
96 164
96 185
96 219
97 111
97 123
97 125
97 130
97 144
97 209
97 214
97 230
97 234
97 242
98 119
98 173
98 191
98 229
98 243
99 135
100 105
100 127
100 164
100 189
100 239
101 118
101 191
101 199
101 241
101 244
102 112
102 134
102 163
102 183
102 238
103 111
103 215
104 124
104 137
104 213
105 115
105 173
106 157
106 158
106 190
106 247
107 148
107 156
107 157
107 181
107 185
107 191
107 220
108 126
108 138
108 173
108 179
109 131
109 180
110 211
110 214
111 140
111 178
111 201
111 236
112 152
112 164
112 167
112 227
112 242
113 134
114 143
114 180
114 195
114 236
115 117
115 131
115 163
115 174
115 232
116 124
116 201
116 226
117 118
117 237
118 121
118 249
119 238
120 183
120 207
120 215
120 245
120 246
121 141
121 171
121 186
122 149
122 188
122 212
123 136
123 148
123 199
123 201
123 226
124 145
125 129
125 164
125 213
125 247
126 220
127 132
127 192
127 213
127 215
128 150
128 217
130 153
130 189
130 215
131 138
131 148
131 156
131 161
131 202
132 144
132 168
132 179
132 202
133 175
133 228
133 247
134 216
135 177
135 209
135 212
136 161
136 181
136 216
136 241
137 144
138 149
138 151
138 193
138 200
138 216
139 204
139 224
140 198
140 234
141 192
141 202
142 154
142 168
142 177
142 178
142 217
142 240
142 246
143 153
143 196
143 210
144 168
144 219
144 229
144 242
145 159
145 214
146 147
146 166
146 180
146 181
146 236
147 175
147 224
147 229
148 202
148 205
148 213
148 215
149 162
149 166
149 168
149 201
149 231
150 213
150 243
151 152
151 165
151 195
151 235
151 249
152 209
152 228
153 213
154 159
154 162
155 183
155 234
156 197
156 205
156 230
157 234
158 211
158 245
159 220
159 222
159 226
160 184
161 224
161 245
162 168
162 195
162 237
163 230
164 179
165 181
165 196
165 198
165 200
165 202
165 207
165 212
165 214
166 200
166 210
166 217
167 207
167 212
168 172
169 197
169 240
170 242
171 199
171 218
172 179
172 240
173 187
173 210
173 249
174 203
174 234
175 228
175 230
176 190
176 201
178 213
179 238
179 245
183 188
183 206
183 211
184 207
184 217
185 195
185 225
186 235
187 222
187 236
188 217
188 248
189 224
190 198
190 217
191 203
192 199
192 227
192 235
193 198
194 219
194 237
195 203
196 226
197 221
197 238
199 232
199 241
200 243
202 204
202 222
202 223
203 226
203 249
204 227
205 236
205 246
206 240
207 231
210 215
211 224
215 227
215 238
215 240
217 227
218 221
221 230
221 240
222 239
223 227
225 228
228 230
228 244
232 234
232 243
234 240
235 247
239 241
239 245
245 249
0
8 249
