250	742	 1
0 1
0 116
0 120
0 152
0 220
1 61
1 100
1 129
1 147
1 244
2 50
2 108
2 137
2 207
2 231
3 31
3 39
3 44
3 86
3 145
3 193
3 200
3 214
4 14
4 64
4 75
4 92
4 196
4 210
4 219
5 192
5 230
6 12
6 37
6 121
6 134
6 148
6 187
6 248
7 41
7 65
7 108
7 196
8 69
8 85
8 86
8 107
8 180
8 191
8 204
8 207
8 234
9 13
9 58
9 73
9 147
9 155
9 170
10 27
10 125
10 127
10 212
10 247
11 70
11 126
11 130
11 146
11 153
11 157
11 171
11 176
12 46
12 72
12 125
12 131
13 63
13 66
13 110
13 166
14 170
14 190
15 101
15 106
15 143
15 154
15 214
16 26
16 63
16 71
16 89
16 98
16 137
16 175
16 186
16 210
16 217
17 35
17 54
17 84
17 91
17 96
17 109
17 209
18 98
18 156
18 169
18 184
18 209
18 230
19 136
19 141
19 174
19 189
20 21
20 29
20 168
20 196
20 230
21 42
21 84
21 192
21 195
21 224
22 30
22 47
22 192
22 225
22 249
23 62
23 63
23 73
23 113
23 144
23 155
23 159
23 165
23 167
23 244
24 54
24 56
24 134
24 188
25 127
25 164
26 27
26 34
26 105
26 127
26 173
26 202
27 74
27 84
27 129
27 135
27 196
27 248
28 68
28 82
28 84
28 131
28 133
28 165
28 187
29 59
29 100
29 137
29 144
29 198
29 219
29 247
30 34
30 64
30 133
30 135
30 161
31 93
31 105
31 142
31 166
31 212
31 249
32 83
32 218
33 93
33 117
33 155
33 175
33 190
33 205
34 65
34 91
34 93
34 245
34 246
35 95
35 129
35 148
35 239
35 249
36 88
36 112
36 166
36 188
36 217
36 244
37 96
37 101
37 127
37 130
37 189
37 223
38 87
38 126
38 127
38 159
38 196
38 226
38 231
39 64
39 98
39 195
39 197
39 221
39 247
40 112
40 156
40 187
40 220
41 92
41 229
42 58
42 85
42 98
42 206
43 131
43 214
43 228
44 112
44 134
44 136
44 172
44 192
44 221
45 68
45 146
45 170
45 173
45 215
46 93
46 152
46 169
46 219
47 154
47 207
48 85
48 116
48 161
48 162
48 183
49 107
49 120
49 132
49 176
49 242
50 89
50 106
50 113
50 188
50 221
51 75
51 110
51 148
51 215
52 55
52 102
52 119
52 140
52 189
53 58
53 192
53 221
53 245
54 116
54 126
54 129
54 167
54 187
54 194
54 225
55 107
55 146
55 157
55 244
56 58
56 225
57 62
57 107
57 194
58 67
58 94
58 132
58 179
58 188
59 97
59 113
59 132
59 141
59 154
59 176
60 65
60 76
60 115
60 128
61 138
61 176
61 194
62 71
62 108
62 132
62 144
62 225
62 244
63 136
63 221
64 79
64 101
64 105
64 119
64 166
64 233
65 85
65 118
66 125
66 132
66 134
66 171
66 177
66 181
66 215
67 79
67 103
67 191
68 114
68 200
68 219
69 75
69 88
69 103
69 117
69 154
69 201
70 136
70 148
70 179
70 210
70 230
71 87
71 132
71 142
71 155
71 202
71 249
72 103
72 105
72 148
72 155
72 188
73 89
73 120
73 225
73 232
74 85
74 96
74 97
74 111
74 204
75 92
75 104
75 108
75 141
75 152
75 161
75 194
75 213
76 126
76 188
76 191
76 243
77 101
77 111
77 131
77 134
77 187
77 203
77 230
77 232
78 82
78 113
78 201
78 209
78 245
79 156
79 160
79 189
80 100
80 119
80 244
81 136
81 143
81 168
81 193
82 110
82 207
82 220
83 139
83 154
83 167
83 197
83 212
84 85
84 86
84 218
85 122
85 131
86 213
87 117
87 150
88 97
88 106
88 127
88 193
89 130
89 135
89 149
89 191
90 207
90 243
91 128
91 155
91 225
91 226
91 230
92 100
92 170
92 177
92 228
92 229
93 134
94 122
94 136
95 124
95 219
96 98
96 111
96 134
96 209
96 241
97 109
97 116
97 128
98 161
98 180
98 221
99 134
99 147
99 167
99 170
99 228
99 244
99 247
100 191
101 108
101 192
101 208
101 224
102 117
102 127
102 158
103 111
103 156
103 201
103 229
103 247
104 105
104 113
104 187
104 189
104 204
104 244
105 185
105 220
106 152
106 161
106 169
106 231
107 127
107 141
107 145
107 209
108 121
108 249
109 169
109 217
109 247
110 177
111 159
111 168
111 222
111 226
111 240
112 119
112 122
112 129
112 135
112 141
112 194
113 206
113 208
114 119
114 135
114 240
115 121
115 124
115 150
115 211
115 234
116 118
117 130
117 173
117 228
118 222
118 228
119 135
119 175
119 200
119 246
120 129
120 156
120 184
120 186
121 161
121 180
121 247
122 132
122 172
123 146
123 167
123 212
123 216
123 229
124 130
124 131
124 160
124 205
124 238
124 244
125 204
125 208
125 223
125 238
126 160
126 172
126 195
126 219
126 221
126 242
127 168
127 179
127 188
127 195
128 165
128 182
128 217
128 249
129 130
129 161
129 174
129 193
129 201
129 237
131 187
132 139
133 139
133 171
133 184
134 219
134 228
135 161
135 177
135 207
135 209
136 187
136 191
137 142
137 162
137 182
137 221
138 186
139 222
139 245
140 172
140 241
141 153
141 154
141 240
141 248
142 161
142 193
143 146
143 157
143 165
143 223
143 230
143 235
144 176
144 205
145 147
145 249
146 245
147 196
147 206
147 222
147 226
149 164
149 194
149 199
150 204
150 205
150 232
151 181
151 241
152 210
154 160
154 192
154 230
155 240
156 173
157 182
157 202
157 242
157 243
158 195
158 229
158 232
158 240
159 164
160 229
162 167
162 186
162 212
162 236
162 247
163 198
163 244
164 236
165 223
167 229
168 238
169 201
169 240
170 211
171 180
171 215
172 183
173 208
173 247
174 217
175 185
176 226
176 240
177 199
177 203
177 207
177 230
177 233
178 201
180 219
180 221
180 246
181 201
183 216
183 228
183 242
183 243
184 245
185 196
185 197
185 204
185 235
186 196
186 226
187 218
187 231
188 235
188 246
189 206
189 242
191 211
191 245
192 227
192 238
193 225
194 239
195 200
195 223
195 234
195 239
198 212
198 221
198 243
200 245
201 218
202 225
204 229
205 220
207 223
207 226
209 215
210 221
211 233
212 217
212 233
212 234
214 232
215 235
216 249
217 218
217 236
217 241
218 242
220 223
220 224
220 248
221 239
222 242
223 248
229 232
234 236
236 242
237 249
238 245
246 247
0
8 249
