250	733	 1
0 15
0 37
0 86
0 122
0 126
0 156
1 2
1 16
1 35
1 79
1 95
1 102
1 229
2 48
2 54
2 66
2 92
2 112
2 176
2 199
3 17
3 42
3 46
3 65
3 85
3 95
3 227
3 232
3 247
4 44
4 72
4 149
4 181
4 183
5 57
5 128
5 209
5 231
6 84
6 96
6 122
6 137
7 32
7 68
7 70
7 243
8 13
8 35
8 62
8 66
8 133
8 173
8 182
8 222
9 26
9 60
9 146
9 155
9 161
9 173
10 55
10 64
10 75
10 102
10 109
10 152
11 73
11 86
11 166
11 195
11 235
12 44
12 51
12 237
13 66
13 163
13 185
13 187
13 213
13 225
14 21
14 55
14 108
14 155
14 161
14 166
14 242
15 16
15 20
15 108
15 131
15 165
15 175
16 61
16 108
16 128
16 183
16 187
17 111
17 193
17 226
18 61
18 102
18 104
18 124
18 205
18 214
19 71
19 111
19 151
19 176
19 190
19 234
20 62
20 63
20 130
21 42
21 76
21 86
21 168
21 226
21 238
21 240
22 31
22 71
22 111
22 240
23 31
23 125
23 206
24 180
24 182
24 194
24 231
25 36
25 42
25 133
25 171
25 179
25 245
26 45
26 81
26 169
26 230
27 97
27 170
27 189
27 220
28 80
28 233
29 31
29 61
29 89
29 193
29 215
30 36
30 63
30 80
30 178
30 201
31 67
31 68
32 57
32 150
32 175
32 212
33 37
33 60
33 68
33 192
34 43
34 75
34 96
34 186
34 219
34 227
34 232
35 61
35 93
35 200
36 62
36 235
37 47
37 64
37 80
37 84
37 99
37 117
37 157
37 207
38 42
38 65
38 82
38 107
38 241
39 115
40 161
40 181
40 200
40 218
40 232
40 241
41 76
41 124
41 164
41 178
41 198
41 217
41 222
42 116
42 137
42 225
42 247
43 48
43 92
43 116
43 133
43 138
43 159
43 166
44 45
44 111
44 123
44 146
44 151
44 152
44 153
45 64
45 93
45 103
45 162
45 175
45 200
45 201
45 207
46 54
46 214
46 223
47 67
47 115
47 161
47 174
47 177
47 185
48 71
48 165
48 185
48 227
49 123
49 142
49 183
49 187
50 119
50 122
50 185
51 149
51 180
51 216
51 230
52 63
52 121
52 137
52 146
52 169
52 203
53 54
53 61
53 89
54 57
54 83
54 133
54 162
54 178
54 204
55 58
55 157
55 170
55 247
56 78
56 89
56 169
56 229
56 242
56 243
56 248
57 66
57 70
57 133
57 134
57 189
58 117
58 180
59 82
59 85
59 100
59 116
59 117
59 178
59 245
60 75
60 113
60 245
61 94
61 98
61 129
61 156
61 221
61 230
62 68
62 88
62 118
62 150
62 183
63 95
63 191
63 192
63 216
63 231
64 114
64 135
64 144
65 83
65 84
65 102
65 144
65 163
65 212
65 249
66 67
66 194
66 208
66 247
67 122
67 156
67 222
68 73
68 133
68 142
68 192
68 195
68 201
68 208
69 71
69 78
69 89
69 137
69 155
69 200
69 216
70 81
70 130
70 151
70 248
71 79
71 132
71 217
72 97
72 101
72 102
72 143
72 216
72 246
73 154
73 197
73 220
73 226
74 82
74 112
74 134
74 149
75 80
75 145
75 158
75 164
76 119
76 166
76 190
77 127
77 155
77 160
77 170
77 202
77 245
78 83
78 157
79 93
79 94
79 101
79 112
79 123
79 157
79 158
79 172
79 185
79 236
80 172
81 98
81 136
81 186
81 219
81 237
82 210
82 245
83 130
83 207
84 90
84 238
85 105
85 138
85 156
85 186
86 101
86 128
86 154
86 177
86 202
86 242
87 117
87 159
87 233
88 169
88 185
88 197
88 211
89 144
89 187
89 193
90 98
90 99
90 174
90 196
90 197
90 242
91 104
91 141
91 225
92 134
92 186
92 189
93 138
93 173
93 198
93 221
94 101
94 102
94 146
95 110
95 164
96 144
96 149
96 181
96 191
96 236
97 115
97 124
97 132
97 138
97 179
98 103
98 179
99 100
99 161
99 195
100 115
100 150
100 202
100 206
100 241
101 137
101 230
102 108
102 155
102 161
102 203
103 168
103 223
103 249
104 120
104 151
104 168
104 242
105 106
105 120
105 139
105 194
105 244
105 245
107 134
107 141
107 238
108 199
109 146
109 168
109 180
109 212
110 117
110 133
110 169
110 229
110 245
111 135
111 139
111 231
111 246
112 143
112 155
112 160
112 171
113 114
113 206
114 117
114 206
115 142
115 239
116 142
116 146
116 226
116 227
116 233
116 236
117 128
117 153
117 218
117 249
118 151
118 191
118 241
119 150
120 184
120 199
120 212
121 186
121 202
121 237
121 248
122 147
122 167
122 169
122 213
122 227
123 143
123 175
123 207
124 151
124 203
124 230
125 188
125 189
125 212
125 217
126 157
126 215
126 230
126 232
127 139
127 145
127 172
127 176
127 189
128 143
128 144
128 181
128 191
128 214
129 147
129 228
130 185
130 201
131 183
131 186
131 228
132 133
132 134
132 135
132 140
132 146
132 207
132 218
132 231
133 143
133 185
133 229
134 169
134 223
135 162
135 174
135 197
135 230
135 243
136 166
136 177
137 169
137 235
139 207
140 169
140 193
140 196
141 187
142 146
142 188
143 181
143 183
143 202
144 165
145 201
145 221
145 236
146 176
147 172
147 204
147 216
147 235
148 164
148 219
149 188
151 154
151 174
151 217
152 169
153 170
153 171
153 232
153 248
154 202
154 227
154 246
155 204
156 228
156 235
156 242
158 184
158 228
158 229
158 245
159 162
161 176
161 181
161 229
163 208
163 238
164 219
164 227
164 235
165 206
166 231
167 199
167 216
167 234
167 248
168 198
168 228
169 213
169 225
170 177
170 217
171 206
171 221
174 244
175 204
175 219
177 205
178 208
178 221
178 226
178 246
179 181
179 188
179 197
179 217
179 218
180 234
181 217
181 238
181 242
183 189
183 194
183 231
184 221
184 233
187 249
188 202
189 191
189 240
190 195
190 223
190 246
191 194
191 215
191 218
191 220
191 248
192 216
193 200
193 216
194 224
196 203
197 231
198 236
199 220
199 240
201 233
202 206
202 229
203 205
203 210
204 239
204 242
205 219
206 238
206 239
207 235
208 233
209 242
211 224
216 217
216 224
218 229
220 234
220 241
221 248
222 226
222 238
223 246
224 225
226 248
230 248
231 238
232 240
232 244
233 235
234 246
238 248
240 245
0
8 249
