250	765	 1
0 4
0 92
0 241
0 244
1 12
1 36
1 83
1 160
1 164
1 180
1 184
2 59
2 61
2 64
2 85
2 90
2 132
2 155
2 174
2 175
2 190
2 196
3 39
3 123
3 139
4 68
4 111
4 155
5 9
5 55
5 85
5 235
6 40
6 51
6 147
7 29
7 125
7 181
8 11
8 91
8 143
8 152
8 171
8 211
9 65
9 112
9 208
10 12
10 107
10 135
10 147
10 161
10 177
10 212
11 20
11 42
11 58
11 142
11 144
11 194
12 38
12 95
12 148
12 194
13 50
13 79
13 126
13 156
14 25
14 29
14 93
14 109
14 114
14 132
14 234
15 16
15 40
15 159
15 161
15 231
16 28
16 46
16 50
16 89
17 34
17 64
17 83
17 121
17 190
17 206
18 55
18 69
18 92
18 93
19 44
19 53
19 93
19 101
19 151
19 178
19 214
19 231
19 232
20 56
20 57
20 104
20 137
20 202
20 217
20 221
20 239
21 24
21 106
21 107
21 140
21 162
21 219
22 43
22 70
22 123
22 131
22 143
22 201
23 102
23 180
24 44
24 129
24 172
24 202
25 60
25 63
25 172
25 175
25 187
26 42
26 43
26 75
26 126
26 163
26 190
26 196
27 69
27 84
27 122
27 142
27 177
28 53
28 71
28 76
28 79
28 197
28 204
29 123
29 138
29 203
29 206
30 74
30 84
30 171
30 192
31 50
31 90
31 198
31 205
31 216
31 222
32 34
32 45
32 86
32 98
32 124
32 167
32 226
32 236
32 241
32 246
32 249
33 70
33 95
33 131
33 141
33 202
33 231
33 248
34 191
34 241
35 99
35 131
35 151
35 153
35 176
36 77
36 83
36 155
36 210
36 215
37 52
37 90
37 108
37 182
37 196
37 200
37 203
37 215
37 229
37 231
38 74
38 91
38 134
38 169
38 231
39 49
39 103
39 157
39 161
39 203
39 216
39 221
39 234
40 142
40 149
40 176
40 180
40 213
40 220
40 246
41 62
41 82
41 138
41 218
41 223
42 146
42 155
42 173
42 189
42 205
42 219
42 224
43 110
43 112
43 230
44 111
45 48
45 92
45 129
46 80
46 157
46 190
46 196
47 98
47 157
47 209
48 66
48 94
48 99
49 64
49 124
49 130
49 151
49 158
49 221
49 222
49 223
50 63
50 77
50 123
50 140
50 149
50 158
50 176
50 214
50 222
51 79
51 83
51 120
51 128
51 138
51 196
51 212
51 223
51 225
51 233
52 75
52 82
52 178
52 184
53 77
53 174
54 71
54 112
54 176
54 187
54 205
54 238
55 203
55 222
56 72
56 79
56 93
56 132
56 139
56 216
57 85
57 105
57 106
57 147
57 148
57 217
57 234
58 136
58 180
58 226
58 238
58 244
59 156
60 105
60 108
60 128
60 236
61 108
61 136
61 183
61 200
62 148
62 150
62 163
62 168
62 235
63 76
63 106
63 121
63 134
63 147
63 238
64 65
64 194
64 197
65 94
65 135
65 175
65 177
65 218
66 116
66 134
66 135
66 147
66 181
66 183
66 188
66 198
66 240
67 104
67 106
67 142
68 95
68 132
68 226
69 171
69 188
70 118
70 228
71 104
71 127
71 154
71 180
71 184
71 192
72 85
72 139
72 172
72 186
73 90
73 132
73 149
73 191
74 193
74 201
74 244
75 78
75 144
75 149
75 223
76 98
76 119
76 184
76 225
77 96
77 120
77 212
78 105
78 119
78 165
78 232
79 94
79 145
79 152
80 83
80 125
80 148
80 181
80 199
80 208
80 213
81 137
81 140
81 176
81 212
82 129
82 147
82 225
83 115
83 159
83 180
83 183
84 92
84 121
84 232
84 247
85 130
85 192
85 208
86 117
86 152
86 157
86 185
86 187
86 208
87 129
87 162
87 170
88 89
88 209
89 116
89 141
89 153
89 177
89 192
89 199
90 100
90 110
90 118
90 130
90 132
90 135
90 138
90 170
90 207
91 130
91 222
91 234
92 97
92 104
92 197
92 245
93 145
94 201
94 230
94 241
94 248
95 118
95 120
95 182
95 208
95 216
96 126
96 170
96 215
97 129
97 134
97 154
97 171
97 221
97 245
98 204
98 211
98 249
99 115
99 153
99 197
99 216
100 123
100 181
100 182
100 200
100 242
101 116
101 180
101 239
102 125
102 158
102 159
102 193
102 206
102 207
102 236
103 163
103 184
103 248
104 150
104 166
104 230
105 187
106 164
106 166
106 233
106 235
107 141
107 142
107 153
107 163
108 125
108 128
108 232
108 241
109 120
109 139
110 180
110 238
110 244
111 148
111 164
111 186
111 189
111 203
111 212
112 204
112 208
112 217
112 235
113 143
113 204
113 210
113 228
114 128
114 156
114 158
114 165
115 132
115 189
115 201
115 212
116 119
116 191
116 222
116 237
116 242
116 244
117 228
118 123
118 190
118 195
119 207
119 246
119 247
120 184
120 218
121 160
121 185
122 128
122 144
122 163
122 183
122 193
123 156
123 167
123 201
124 125
124 168
124 188
124 215
124 244
125 151
125 156
125 202
125 211
125 213
126 142
126 166
126 197
127 137
127 226
127 233
128 177
129 225
129 244
130 140
130 164
130 165
130 175
130 229
131 143
131 170
131 171
131 187
131 234
132 136
132 152
132 196
133 153
133 158
133 180
133 181
134 180
134 237
134 241
134 247
135 159
135 191
136 148
137 181
138 159
138 180
138 184
138 200
138 239
139 154
139 156
139 231
140 163
140 191
140 207
141 227
142 210
142 227
143 181
143 197
143 239
143 249
144 164
144 188
145 178
145 197
145 216
146 209
146 210
146 218
147 176
148 179
148 237
148 241
148 242
149 160
149 169
149 215
149 247
150 187
152 178
152 218
153 165
154 166
154 228
154 249
155 219
155 224
156 192
158 216
159 190
159 195
160 177
162 208
163 176
164 195
164 212
164 229
165 223
166 209
166 217
166 224
166 228
167 205
168 212
169 174
169 212
169 225
170 208
170 248
171 183
171 213
171 221
171 235
172 177
172 245
173 222
173 232
173 239
173 244
174 194
175 190
175 191
175 244
176 190
176 239
177 193
177 201
177 214
177 242
178 199
178 229
179 182
179 203
179 212
179 214
181 192
181 206
181 222
182 190
183 220
183 221
183 242
184 185
184 207
185 195
185 210
186 218
187 192
187 199
188 232
189 194
189 203
190 221
191 223
191 228
193 205
194 213
194 227
195 224
195 228
196 215
196 216
196 237
197 237
197 242
198 239
199 212
199 219
199 224
201 218
202 233
203 216
203 236
205 230
205 237
205 240
207 234
209 215
209 220
210 219
211 223
212 218
213 225
213 228
213 246
214 238
215 245
218 219
218 245
220 243
222 245
224 243
227 244
228 233
228 234
229 245
229 246
236 242
0
8 249
