250	728	 1
0 27
0 125
0 147
0 163
0 174
0 187
0 233
1 8
1 19
1 126
1 137
1 168
1 173
1 182
1 190
1 230
2 47
2 59
2 81
3 88
3 105
3 110
4 29
4 59
4 71
4 90
4 94
4 112
4 136
4 150
4 171
4 180
5 88
5 102
5 121
5 225
6 22
6 35
6 199
6 219
7 20
7 145
8 33
8 53
8 95
8 108
8 220
8 245
9 18
9 40
9 81
9 141
9 212
10 59
10 168
10 194
10 247
11 20
11 51
11 115
11 182
11 194
11 208
11 243
12 97
12 112
12 113
12 122
12 197
12 198
12 203
13 104
13 202
13 211
14 51
14 100
14 121
14 132
14 138
14 174
14 233
15 22
15 57
15 81
15 136
15 180
15 201
15 203
15 229
15 238
16 60
16 86
16 95
16 102
16 140
16 180
16 182
17 59
17 86
17 99
17 123
17 196
18 21
18 30
18 110
18 116
18 156
18 196
18 231
18 247
19 24
19 43
19 58
19 135
19 208
20 54
20 88
20 139
20 166
20 186
21 29
21 59
21 64
21 91
21 239
22 171
22 217
23 24
23 55
23 62
23 105
23 112
23 155
23 175
23 185
23 233
24 28
24 64
24 142
24 158
25 66
25 83
25 150
25 178
25 182
25 194
26 37
26 62
26 92
26 101
26 123
26 197
27 81
27 83
27 92
27 95
27 100
27 118
27 150
27 243
28 240
29 97
29 124
29 128
29 134
29 144
29 146
30 92
30 114
30 142
30 163
30 171
30 244
31 46
31 61
31 65
31 68
31 119
31 154
32 36
32 55
32 136
32 183
32 233
32 240
33 154
33 188
33 215
33 242
33 246
34 81
34 84
34 129
34 220
35 117
35 129
36 115
36 162
36 164
36 189
37 71
37 75
37 106
37 117
37 144
38 61
38 82
38 106
38 147
38 181
38 219
38 234
39 119
39 127
39 167
39 177
39 189
40 41
40 176
40 192
40 193
40 239
41 71
41 97
41 133
41 156
41 165
41 205
41 235
42 75
42 212
42 242
42 244
43 62
43 71
43 207
43 244
44 62
44 91
44 121
44 123
44 243
45 47
45 55
45 61
45 76
45 77
45 123
45 182
45 184
46 122
46 187
47 67
47 115
47 126
47 194
47 215
47 228
48 57
48 124
48 160
48 211
48 232
48 237
48 238
48 247
49 164
49 193
49 202
49 203
50 143
50 236
50 243
51 77
51 159
51 220
51 246
52 71
52 101
52 215
53 69
53 130
53 131
53 134
53 144
53 151
53 185
53 216
53 217
54 82
54 123
54 133
54 160
54 200
54 212
54 236
55 149
55 208
55 233
56 118
56 140
56 160
56 219
56 226
57 77
57 107
57 141
58 162
58 202
59 75
59 104
59 124
59 134
59 174
59 205
60 75
60 85
60 143
60 159
60 163
60 190
61 183
61 190
61 204
61 212
61 214
61 225
61 241
62 175
62 198
62 201
62 206
63 168
63 202
63 215
63 227
65 93
65 135
66 107
66 117
66 211
66 217
67 87
67 133
67 151
67 189
67 236
69 80
69 167
69 178
69 183
70 94
70 176
70 215
71 79
71 103
71 135
71 181
71 243
72 122
72 176
73 119
73 225
74 85
74 96
74 99
74 154
74 202
74 225
75 119
75 146
75 238
76 139
76 158
76 227
77 92
77 100
77 129
77 161
77 169
77 176
77 210
77 213
78 80
78 225
79 145
79 148
79 153
79 196
79 242
80 145
80 165
80 172
80 187
80 189
80 196
80 199
80 217
80 228
80 242
80 244
80 249
81 142
81 235
82 107
82 112
82 138
83 141
83 144
83 207
84 169
85 90
85 126
85 214
85 241
85 245
86 122
86 138
86 139
86 175
86 204
87 104
87 175
88 147
88 149
88 154
89 122
89 145
90 176
90 199
90 218
91 204
91 205
91 239
91 245
91 249
92 95
92 115
92 202
92 204
92 207
93 98
94 128
94 132
94 248
95 130
95 137
95 191
95 216
95 229
95 230
96 111
96 151
96 169
96 223
97 120
97 144
97 210
97 220
97 233
98 120
98 130
98 171
98 187
99 166
99 218
100 113
100 137
100 150
100 233
101 125
101 145
101 202
102 107
102 214
102 216
103 206
103 211
104 108
104 142
104 162
104 185
105 116
105 160
105 187
105 197
105 230
106 155
106 159
106 216
106 247
107 197
107 205
108 143
108 224
108 232
108 237
109 146
109 151
109 154
109 161
109 193
109 245
110 119
110 126
111 112
111 153
112 117
112 170
112 224
113 163
113 167
113 200
113 235
114 122
114 144
114 149
114 186
115 234
117 165
117 183
118 137
118 140
118 168
118 210
119 185
120 201
120 245
121 172
121 228
122 149
122 156
122 160
122 243
123 146
123 165
123 236
124 155
124 173
124 194
124 243
125 127
125 162
125 166
125 177
125 211
125 221
125 230
126 143
126 145
126 196
126 202
127 187
127 191
127 195
127 208
128 166
128 169
128 174
128 215
129 130
129 140
129 209
130 178
130 195
130 202
130 218
131 148
131 236
132 195
133 138
133 146
133 200
133 212
134 191
135 140
135 169
135 248
136 156
136 170
136 180
136 222
136 241
137 175
137 209
137 227
137 232
137 247
139 158
139 183
139 193
139 195
140 150
140 156
141 177
141 179
141 193
141 231
143 155
143 226
143 244
144 154
144 207
145 212
145 220
145 226
146 244
147 218
147 219
147 246
148 169
148 186
148 187
148 190
148 192
148 226
149 179
149 181
149 192
149 224
150 213
151 201
152 162
152 178
152 228
153 205
153 228
154 160
155 229
156 223
156 232
157 165
158 167
158 217
158 226
159 189
159 208
159 242
160 197
161 184
162 199
162 205
163 169
163 192
164 224
165 195
165 212
165 223
165 236
167 181
169 209
170 181
170 192
170 235
172 214
174 191
174 246
175 182
175 219
175 241
176 189
176 191
176 194
176 203
177 186
177 223
177 245
178 193
179 183
179 239
180 208
180 232
181 187
181 192
182 224
182 231
183 237
185 194
185 214
185 234
185 248
186 205
186 226
187 197
187 207
187 215
187 225
188 201
188 225
188 236
189 204
190 200
191 198
191 218
191 248
193 197
193 212
193 227
195 220
196 212
196 227
197 203
197 234
197 249
200 207
200 218
202 225
206 236
207 216
209 219
213 226
213 233
215 233
218 227
220 221
220 236
220 237
223 249
224 247
225 242
225 246
230 247
231 233
231 249
233 237
235 245
237 242
239 241
0
8 249
