250	715	 1
0 56
0 112
0 148
0 155
0 199
0 205
1 4
1 10
1 18
1 88
1 92
1 98
1 128
1 149
1 155
1 166
1 172
1 204
1 233
2 9
2 17
2 18
2 25
2 46
2 49
2 56
2 132
2 156
2 175
2 216
2 234
3 29
3 84
3 108
3 148
4 59
4 185
4 220
5 19
5 79
5 157
5 188
5 228
6 84
6 100
6 196
6 198
6 211
6 230
7 23
7 29
7 65
7 153
7 197
7 201
7 202
7 210
8 76
8 94
8 134
8 139
8 168
8 183
8 231
8 243
9 30
9 52
9 207
9 222
10 11
10 175
10 211
10 212
10 228
11 30
12 29
12 71
12 92
12 154
12 190
12 222
12 239
12 246
13 44
13 45
13 118
13 144
13 193
14 48
14 49
14 53
14 105
14 166
14 240
15 61
15 95
15 153
16 26
16 60
16 87
16 111
16 146
16 150
16 164
17 30
17 42
17 94
17 200
18 26
18 50
18 105
18 183
19 169
19 179
20 89
20 182
20 213
20 245
21 40
21 66
21 84
21 85
21 95
21 114
21 243
22 91
22 149
22 211
23 51
23 67
23 110
23 138
23 144
23 216
24 57
24 88
24 103
24 121
24 157
24 178
24 228
24 230
25 55
25 75
25 96
25 104
25 110
25 120
25 183
25 210
26 73
26 215
26 229
26 248
27 60
27 110
27 141
27 191
28 68
28 185
28 245
28 248
29 61
29 64
29 81
29 109
29 146
29 157
29 171
30 58
30 106
30 127
30 136
30 243
31 71
31 87
31 98
31 171
31 226
32 157
32 163
32 175
32 211
32 218
32 220
33 62
33 122
33 132
33 157
34 131
34 135
34 197
35 79
35 215
36 70
36 174
36 191
36 231
37 39
37 42
37 156
37 189
37 230
38 49
38 73
38 128
38 133
38 228
38 237
39 48
39 89
39 148
39 169
40 52
40 103
40 117
40 162
40 166
40 189
40 194
41 80
41 87
41 128
41 188
41 190
41 204
42 100
42 207
43 68
43 179
43 228
44 61
44 90
44 150
44 210
45 61
45 246
46 110
46 154
46 191
47 52
47 77
47 101
47 139
47 155
47 229
48 153
48 203
48 224
48 236
49 65
49 89
49 92
49 101
49 105
49 126
49 136
49 163
49 236
49 244
50 87
50 184
50 241
51 154
51 217
52 148
52 151
52 219
53 86
53 106
53 109
53 195
53 243
54 128
54 129
54 169
54 214
54 218
54 220
54 245
55 163
55 173
55 214
56 240
57 62
57 95
57 103
57 168
58 102
58 171
58 181
59 72
59 172
59 237
60 114
60 153
60 176
60 215
61 72
61 94
62 72
62 105
62 114
62 235
63 109
63 149
63 216
64 96
64 122
64 201
65 76
65 115
65 144
66 80
66 83
66 189
66 216
66 221
66 240
67 69
67 91
67 174
67 198
67 219
68 162
68 192
68 214
68 220
69 111
69 112
69 113
70 161
70 173
70 196
71 90
71 141
71 151
71 176
71 186
71 207
71 242
72 84
72 144
72 179
72 213
72 235
73 88
73 102
73 187
74 124
74 186
74 239
75 84
75 87
75 156
76 218
77 119
77 144
77 148
77 152
77 162
77 173
77 191
77 195
78 154
78 165
78 176
79 92
79 113
79 216
79 232
80 82
80 133
80 199
80 200
80 227
81 99
81 121
81 143
81 193
82 166
82 167
82 247
83 95
83 99
83 160
83 198
84 108
84 145
84 167
84 173
84 188
84 236
85 86
85 88
85 108
85 131
85 134
85 181
85 197
85 249
86 182
86 206
86 207
86 208
86 227
87 106
87 110
87 212
87 239
88 186
88 192
88 234
88 245
89 108
89 119
89 121
89 136
89 141
90 127
90 145
90 147
90 176
90 199
90 229
91 179
91 188
92 93
92 116
92 143
92 172
92 200
92 208
93 128
93 150
93 162
93 165
93 168
93 188
93 206
93 248
94 148
94 209
95 152
95 174
95 190
96 193
96 197
96 238
97 102
97 104
97 106
97 107
97 162
97 169
98 109
98 143
98 164
98 224
98 242
99 100
99 116
99 137
99 152
99 167
100 111
100 127
100 156
100 227
101 238
101 239
101 245
102 149
103 108
104 133
104 171
104 214
104 227
105 167
105 187
105 227
106 119
106 199
106 212
107 138
107 185
107 200
107 213
109 190
109 230
110 140
110 155
110 197
110 198
110 225
111 152
111 243
112 175
112 236
113 146
113 160
113 181
113 191
114 167
114 172
114 210
114 222
115 129
115 193
115 244
116 134
116 228
116 232
117 128
117 193
117 208
117 218
117 223
118 138
118 165
118 217
118 219
119 121
119 155
119 178
119 245
120 134
123 150
123 176
123 205
123 208
123 238
124 132
124 207
124 217
125 235
125 237
126 140
126 187
126 190
126 211
126 247
127 161
127 214
127 217
127 219
128 161
128 186
128 230
129 137
129 220
129 234
129 244
130 151
130 181
130 192
130 205
130 242
131 140
131 151
131 194
132 229
132 233
132 240
133 208
134 176
135 153
135 187
135 210
136 173
137 191
137 200
137 224
137 225
138 139
138 232
139 216
140 178
140 226
141 195
142 171
142 187
142 188
142 215
143 228
144 182
144 220
145 165
145 205
145 229
145 245
146 155
146 167
146 193
146 231
147 182
147 185
147 209
148 182
148 217
149 177
150 243
151 153
151 179
151 195
151 209
151 223
152 158
152 209
152 232
153 169
155 157
155 217
155 228
156 236
157 170
157 195
158 177
159 171
159 215
159 220
161 175
161 188
162 193
162 213
162 221
164 231
165 182
165 237
165 247
167 179
167 196
167 234
167 237
169 178
169 190
169 203
169 234
169 246
171 175
171 221
171 244
172 197
172 240
174 181
174 243
176 183
177 185
177 242
178 179
178 180
178 186
178 196
179 213
179 245
180 232
180 233
180 242
181 208
181 209
181 231
182 202
183 240
183 241
186 240
188 245
189 234
190 207
192 213
192 240
194 195
194 214
194 218
194 237
195 235
197 215
197 247
199 202
199 242
200 202
200 211
200 225
200 245
201 214
201 221
201 230
201 233
201 238
202 214
202 226
202 241
203 207
203 211
204 215
205 209
206 247
208 245
210 211
210 212
212 224
213 225
216 237
216 239
219 238
223 243
226 235
226 236
226 237
228 247
229 231
229 247
232 236
232 247
235 246
237 245
0
8 249
