125	137	 1
0 12
0 86
1 10
1 59
1 65
1 67
2 92
2 105
3 6
4 15
5 92
6 86
7 71
7 94
8 22
8 34
8 50
8 78
8 108
9 28
9 103
10 105
11 13
11 48
11 63
11 77
11 109
12 15
13 115
14 95
14 96
15 77
16 23
16 37
16 100
17 78
18 38
19 64
20 34
21 49
22 43
22 44
24 48
25 54
25 64
25 80
26 31
26 109
27 54
27 83
27 96
28 63
28 82
29 69
29 100
30 47
30 93
31 81
31 87
31 90
32 77
33 116
33 121
34 53
35 48
35 52
35 92
36 42
36 97
37 45
37 116
38 62
39 41
40 84
41 64
42 68
42 75
43 53
43 77
44 55
44 93
45 58
46 62
46 100
49 94
50 64
50 66
50 68
50 112
51 70
51 79
52 61
52 80
53 70
54 94
54 122
55 57
56 92
57 117
58 105
59 77
59 89
60 107
62 119
67 83
68 84
70 87
71 105
72 114
73 89
73 93
73 112
74 76
75 120
75 124
76 114
80 107
81 104
82 122
83 118
84 99
85 102
85 106
86 113
88 90
88 91
88 110
91 101
91 111
92 98
93 103
94 106
95 107
95 112
98 114
105 123
117 121
0
7 124
