125	144	 1
0 30
0 74
0 84
1 59
1 76
2 82
3 6
3 24
3 35
3 73
3 111
4 22
4 28
4 82
5 15
5 58
6 7
6 63
6 76
6 84
6 120
7 110
8 13
8 111
9 67
9 99
9 105
10 70
11 63
11 104
12 33
12 34
12 39
12 45
12 51
13 58
14 30
14 56
14 105
15 51
16 25
17 21
17 34
17 44
18 71
19 69
19 89
19 107
19 121
20 65
20 87
20 100
21 41
22 98
22 101
23 25
23 27
23 64
23 65
24 58
25 52
25 106
26 33
26 71
27 124
28 44
29 96
29 112
30 31
30 59
30 119
31 53
31 54
31 88
32 33
32 89
33 106
36 117
37 122
38 91
39 79
40 57
40 98
41 96
41 106
42 44
42 100
43 81
43 113
44 83
44 84
44 101
45 85
46 61
47 86
48 50
49 109
50 69
52 66
53 85
53 98
54 93
55 76
55 102
56 60
57 79
59 105
60 80
60 109
61 70
61 89
61 95
62 69
63 90
64 113
66 71
66 110
68 91
69 78
69 115
72 109
72 116
74 100
75 106
75 111
76 103
77 119
79 92
82 122
83 90
86 119
88 95
89 108
91 99
93 117
94 112
95 124
96 113
97 113
98 122
108 115
111 118
114 121
114 123
0
7 124
