125	144	 1
0 68
0 82
0 95
1 7
1 36
1 76
2 23
2 99
3 6
3 14
4 8
4 11
5 50
5 70
7 23
7 89
7 115
8 24
8 31
8 44
9 26
10 98
11 32
12 40
12 72
13 74
14 36
14 42
14 50
14 76
15 20
16 17
16 80
16 121
17 49
18 51
18 81
18 88
19 41
19 45
19 73
20 21
20 29
20 109
21 56
21 74
21 83
21 107
22 25
22 36
24 54
26 69
27 46
27 92
28 62
28 87
28 114
28 119
29 61
29 65
29 80
29 103
29 111
30 34
30 68
30 101
30 117
31 100
32 46
32 79
33 46
33 100
35 72
35 73
35 100
36 51
36 86
36 116
37 50
37 120
37 122
38 108
39 94
39 108
39 117
41 90
43 109
45 61
46 110
47 51
48 112
48 123
51 122
52 123
53 59
54 84
54 87
55 68
56 69
56 72
56 111
57 89
58 97
58 118
59 124
60 97
60 110
61 124
63 101
64 95
65 102
66 89
66 95
67 110
68 94
70 104
71 100
72 89
72 99
73 100
74 81
74 93
74 112
75 85
75 93
77 110
78 86
81 114
82 84
82 97
84 87
85 116
89 99
90 91
90 122
92 105
92 108
95 123
96 98
98 104
98 118
99 106
113 116
116 120
0
7 124
