125	141	 1
0 19
0 111
1 76
2 21
2 90
2 97
3 41
4 54
4 58
4 76
4 117
5 8
5 14
5 30
5 99
5 118
6 7
7 18
7 119
8 47
9 14
9 35
9 85
10 45
10 47
11 22
11 97
11 121
12 35
12 80
13 85
14 114
15 71
15 105
16 20
16 82
17 31
17 106
19 39
19 65
20 36
20 90
21 84
23 109
24 65
24 70
24 76
25 119
26 81
26 84
27 34
27 42
28 88
28 106
29 99
31 38
32 61
32 64
32 79
32 80
32 81
33 81
34 72
35 104
36 58
36 60
37 93
38 72
38 98
40 60
41 65
42 53
42 97
43 96
44 74
44 113
46 111
46 113
47 95
48 60
48 79
49 109
49 120
50 72
50 119
51 86
51 91
52 67
54 100
55 124
56 74
57 61
57 100
59 84
59 123
60 80
62 90
63 99
64 65
65 102
66 108
67 68
67 121
68 117
68 120
69 81
69 85
70 110
70 112
70 122
71 90
73 107
74 77
74 117
75 105
76 88
77 124
78 83
78 88
78 98
83 94
83 115
86 87
86 106
86 107
89 107
89 122
90 94
91 96
92 93
93 106
93 109
94 101
94 108
96 103
96 108
99 101
100 115
101 116
104 108
111 115
0
7 124
