125	139	 1
0 91
1 73
2 23
2 69
2 95
2 96
3 44
4 69
5 48
5 90
5 111
6 98
7 106
8 79
8 115
9 50
10 14
10 34
10 48
11 124
12 94
13 59
13 104
13 108
14 56
15 45
15 82
16 82
16 104
17 103
18 35
19 44
19 85
19 104
20 76
20 83
21 31
22 105
23 70
23 101
24 90
25 83
26 29
26 48
27 121
28 35
28 54
28 123
30 65
31 84
31 100
31 124
32 98
32 99
33 36
33 50
33 62
33 92
33 110
34 83
34 124
35 87
36 66
37 58
38 75
38 80
38 112
39 66
40 49
41 83
42 106
42 115
43 47
43 68
43 97
43 104
45 89
46 65
46 111
46 115
48 101
49 83
50 88
50 107
51 54
52 77
53 55
53 117
55 75
56 73
56 75
56 120
57 59
57 95
58 72
58 82
58 123
59 108
60 112
61 92
63 80
64 71
65 89
67 95
68 84
68 113
69 93
69 94
71 80
72 114
74 101
74 117
76 91
77 81
77 106
78 122
79 88
84 86
84 102
84 122
86 99
88 90
88 97
89 97
90 119
94 97
96 106
98 121
99 117
100 116
100 123
101 112
101 120
103 121
105 119
105 123
108 112
109 119
118 120
0
7 124
