125	137	 1
0 31
0 123
1 7
1 25
1 111
2 69
2 87
3 34
3 57
3 80
4 24
5 15
5 47
6 13
6 32
6 87
7 29
8 22
9 107
9 118
10 83
10 106
11 40
11 68
11 89
11 107
12 57
14 36
15 21
15 71
15 105
15 117
16 37
17 28
17 41
18 31
19 100
20 43
20 101
20 112
21 75
21 82
21 88
21 101
21 122
22 110
23 59
23 68
23 70
24 68
26 74
26 101
27 37
27 82
27 83
28 118
29 66
30 57
30 98
31 115
32 102
33 67
35 42
35 121
36 69
37 49
37 107
37 120
38 64
38 111
38 119
38 120
39 116
40 53
41 45
41 56
43 63
43 76
43 99
44 54
44 88
45 53
45 65
46 86
47 90
48 74
50 54
51 77
52 82
54 70
54 113
55 103
56 72
56 124
57 84
57 103
57 108
58 85
59 72
60 81
61 72
62 95
63 73
64 116
65 108
65 113
66 100
67 113
69 92
70 116
71 81
72 112
77 124
78 95
79 81
83 97
85 101
86 89
86 98
87 117
89 96
91 117
92 99
93 103
94 121
95 97
95 99
96 97
98 121
100 107
103 115
103 117
104 110
109 116
110 120
111 114
113 122
0
7 124
