125	138	 1
0 10
0 14
1 53
1 85
1 94
1 106
2 18
2 76
3 35
3 47
3 113
4 15
4 35
4 65
5 7
5 72
5 78
5 107
6 33
6 100
8 89
8 109
9 54
9 68
10 18
10 34
10 117
11 28
11 101
12 50
13 54
13 62
13 90
13 92
14 35
14 121
15 67
16 102
16 104
17 79
17 83
19 71
20 23
20 47
20 69
21 65
21 66
21 112
22 100
24 57
24 122
25 115
26 71
26 122
27 108
28 120
29 58
29 97
29 103
30 75
30 88
31 98
31 119
31 121
32 74
34 39
34 120
35 81
36 74
37 80
37 84
37 123
38 63
39 88
39 104
40 110
41 106
41 107
41 121
42 47
43 67
44 51
44 69
45 79
46 89
48 80
49 53
50 52
51 79
52 92
53 82
53 111
55 99
55 110
56 84
56 95
56 116
57 93
57 124
58 113
59 90
59 100
60 107
61 76
62 63
64 73
64 89
65 122
66 74
66 91
67 70
67 93
71 111
73 118
73 120
77 83
77 115
77 120
78 90
79 86
80 124
82 105
82 114
83 123
87 105
88 101
92 96
92 108
93 110
94 104
99 112
101 109
101 111
103 106
106 116
110 118
111 122
118 121
0
7 124
