125	141	 1
0 98
1 18
2 22
2 59
3 7
3 18
3 67
3 117
4 98
4 105
5 48
6 12
7 49
7 90
7 100
7 124
8 112
8 122
9 122
10 46
10 58
10 82
11 86
12 114
13 27
14 47
14 82
15 36
15 62
16 28
17 31
17 65
17 82
18 32
18 34
19 24
19 65
19 81
20 113
21 34
21 81
22 68
23 62
25 39
26 42
26 119
27 63
27 69
28 48
28 62
29 86
30 97
31 119
32 87
32 101
32 109
32 117
33 64
33 94
33 114
35 43
35 97
35 103
36 55
37 87
38 69
39 73
39 76
40 70
40 86
41 68
41 88
41 116
42 91
43 80
44 45
44 47
44 106
45 83
46 79
47 99
48 78
48 84
48 95
50 58
50 60
51 70
51 74
51 102
52 87
52 115
53 58
53 78
54 88
54 98
55 56
55 89
55 119
56 67
56 71
57 67
57 77
59 61
60 122
62 108
63 115
64 92
66 117
67 110
69 71
69 75
69 104
70 104
72 87
72 90
74 87
74 102
76 94
77 124
78 106
78 111
79 120
80 93
80 115
81 105
83 86
83 108
83 123
85 106
86 118
88 105
90 114
91 107
93 121
95 96
95 119
96 105
109 120
111 119
111 122
113 116
0
7 124
