125	139	 1
0 22
0 58
0 60
0 72
1 13
1 57
1 114
2 20
2 68
2 117
3 51
4 62
5 18
5 47
6 44
7 27
7 42
7 46
7 78
8 51
8 67
8 85
9 61
10 63
11 25
11 118
12 41
13 84
14 119
15 30
16 30
16 31
16 64
17 21
17 49
17 75
18 29
18 39
18 54
18 119
19 111
20 23
20 74
20 83
20 98
20 107
24 57
24 100
26 75
26 110
27 87
27 119
28 55
30 80
31 44
31 50
32 98
33 112
34 37
34 87
35 79
36 54
37 38
38 70
38 72
38 116
39 96
40 119
41 82
41 91
42 62
42 110
43 48
43 106
44 55
44 77
44 109
45 51
46 53
46 64
46 94
46 102
46 104
46 117
46 118
46 123
47 122
48 83
49 72
51 56
51 94
52 80
52 91
53 123
54 89
57 86
57 106
58 117
59 77
59 85
59 107
60 70
60 109
61 63
62 80
63 95
63 122
64 113
65 77
66 85
67 82
67 121
68 77
68 96
69 92
69 124
71 99
71 108
72 101
72 105
73 115
75 81
75 112
76 114
79 88
79 97
84 108
86 115
87 120
90 105
93 104
97 98
97 122
102 103
102 112
102 121
105 111
110 115
123 124
0
7 124
