125	141	 1
0 29
0 54
1 70
1 94
1 106
2 36
2 68
2 89
2 123
3 96
4 38
4 42
4 51
4 120
5 26
6 55
6 59
7 90
8 47
8 77
9 20
9 95
9 103
9 123
10 21
10 28
10 43
10 50
10 79
11 22
11 45
11 64
11 99
12 115
13 116
14 95
15 26
16 66
17 98
18 48
19 73
19 84
19 109
20 34
21 48
21 49
21 54
21 104
21 124
22 24
22 113
23 64
24 37
25 31
25 91
25 97
26 36
26 53
26 78
26 103
27 64
27 88
28 87
28 102
28 119
29 103
30 52
30 80
32 80
33 49
33 92
34 44
34 82
34 107
35 92
36 97
38 39
38 75
38 116
39 108
40 69
40 77
40 124
41 78
41 82
41 123
44 96
45 54
45 82
46 51
46 122
47 92
48 112
51 75
53 110
53 114
53 122
56 82
57 75
57 100
58 116
59 61
59 90
60 112
61 63
61 73
62 120
64 115
65 105
66 72
66 106
67 101
67 119
70 88
70 105
71 80
71 85
71 94
71 120
72 104
73 90
73 96
74 78
76 98
77 100
81 113
81 117
83 115
84 97
86 94
86 107
87 89
90 121
93 106
93 112
96 98
98 118
101 121
106 114
107 111
114 116
0
7 124
