125	138	 1
0 8
0 123
1 18
1 91
2 86
3 29
4 34
4 61
5 65
5 118
6 29
6 30
6 113
7 48
7 65
8 26
8 47
8 89
9 63
10 12
10 13
10 39
11 66
12 67
14 39
14 99
15 119
16 28
16 58
16 101
16 108
17 63
19 24
19 60
19 84
20 49
20 56
21 68
21 115
22 60
22 112
23 57
23 62
24 102
25 66
26 40
26 45
27 38
28 93
28 103
29 50
30 32
30 55
30 76
30 86
31 53
33 78
35 39
35 72
35 86
35 94
36 72
36 100
37 83
37 92
38 57
39 42
39 43
39 74
41 43
41 71
42 45
43 64
43 68
43 80
44 67
44 74
46 58
47 91
48 55
48 76
48 90
49 76
49 81
49 96
49 98
50 116
51 73
52 59
53 70
53 124
54 65
55 119
56 75
56 78
57 71
57 109
57 117
59 76
59 83
59 100
59 106
61 104
61 112
62 73
63 103
63 107
63 111
64 90
65 88
66 98
68 83
68 107
69 85
69 88
70 76
71 73
71 95
72 120
74 97
77 105
77 115
79 109
79 112
80 114
82 88
82 116
82 122
86 124
87 100
91 120
94 105
96 110
105 113
106 122
107 108
107 109
121 123
0
7 124
