125	136	 1
0 28
1 108
2 8
2 95
3 89
4 64
4 117
4 120
5 11
5 58
6 32
6 48
7 10
7 23
7 37
7 55
9 107
10 45
11 24
11 60
11 102
11 107
12 75
12 87
13 31
14 30
14 47
14 101
15 24
15 89
15 116
16 17
17 100
18 40
18 81
19 64
19 111
20 23
20 89
21 63
21 87
22 88
23 106
24 106
25 93
26 57
27 64
27 86
28 59
29 57
31 51
31 68
33 92
33 119
34 59
35 73
35 74
36 41
38 79
38 91
39 41
39 85
39 100
40 76
40 77
41 60
42 50
42 79
43 63
43 74
44 49
45 83
45 89
45 99
46 116
47 93
47 115
48 64
48 79
49 68
50 107
51 84
52 93
53 92
53 109
54 59
56 57
56 123
57 81
57 91
59 99
59 112
60 74
61 70
61 88
61 103
61 111
61 114
62 67
62 106
62 116
63 100
65 93
66 99
67 97
67 124
69 83
69 92
71 104
71 116
72 92
74 86
75 84
75 113
77 90
78 94
79 87
80 85
82 95
82 106
84 93
84 98
84 108
86 89
91 123
94 107
95 110
96 123
104 105
105 113
106 114
107 110
110 118
110 124
121 123
122 123
0
7 124
