125	135	 1
0 14
0 66
0 118
1 55
1 111
2 29
2 33
3 10
3 92
4 21
4 67
4 91
5 13
5 23
6 114
7 18
7 39
7 54
7 87
8 103
8 122
9 63
9 106
9 122
10 29
10 39
11 71
12 44
12 94
13 68
13 89
13 109
14 53
15 19
16 21
17 65
18 19
18 59
20 28
20 68
20 94
21 73
21 112
21 118
22 32
23 85
23 99
23 122
24 78
24 113
25 75
26 63
27 29
29 57
30 62
31 105
32 85
33 48
33 94
33 121
34 70
34 90
34 110
35 37
35 49
35 51
36 40
38 42
38 120
40 57
40 89
41 77
41 93
42 105
43 123
44 105
45 51
46 65
47 95
47 123
50 70
50 115
51 96
52 68
53 94
54 103
56 67
57 101
57 113
58 83
59 83
60 87
61 96
62 111
63 104
64 102
64 117
65 68
68 80
68 118
69 75
71 114
72 83
74 84
74 115
74 116
75 81
75 103
75 119
76 122
77 120
79 110
80 114
80 115
82 89
82 123
82 124
86 113
87 88
88 97
91 124
93 98
96 98
96 110
97 111
99 100
99 107
99 110
104 116
105 106
108 121
110 119
114 117
114 119
119 124
0
7 124
