125	140	 1
0 62
0 103
0 108
1 53
1 72
2 23
2 73
3 103
3 120
4 48
5 45
5 98
5 107
6 43
6 90
7 9
7 42
7 86
8 76
8 124
9 45
9 108
10 44
10 120
10 121
11 121
12 24
12 47
12 97
13 72
14 32
14 74
15 46
15 119
16 123
17 35
17 45
17 117
18 49
18 76
18 91
19 41
19 92
20 40
20 70
20 85
20 94
21 85
22 72
22 78
22 100
23 104
24 81
25 29
25 96
25 121
26 92
26 116
27 36
27 54
28 117
30 67
31 110
31 113
33 107
34 68
35 43
36 83
37 61
37 99
38 42
39 93
39 119
40 72
40 82
41 79
43 53
43 74
44 118
46 58
47 48
48 69
49 80
50 78
51 59
52 68
52 71
52 120
53 95
54 64
54 101
55 64
55 86
56 59
56 120
57 59
58 69
58 114
60 64
60 65
60 87
60 100
61 98
63 113
63 122
65 94
66 112
67 82
67 99
67 115
68 123
69 121
70 90
70 94
71 104
72 84
72 106
73 119
74 89
75 77
75 91
76 103
78 79
80 110
81 99
82 115
83 92
86 109
88 91
88 108
90 99
91 94
91 105
93 115
95 104
102 123
107 112
111 118
111 124
117 119
0
7 124
