125	138	 1
0 70
1 56
1 86
2 26
2 31
3 54
3 101
3 122
3 124
4 28
4 114
5 29
6 52
7 12
7 42
7 47
8 46
8 48
8 117
9 87
10 117
11 26
11 72
11 123
13 64
14 62
15 22
15 77
16 34
17 57
18 60
19 45
19 82
20 30
20 112
21 119
22 65
22 74
23 63
24 85
25 120
26 73
27 52
27 119
27 122
28 37
28 66
29 86
30 43
30 61
30 83
30 102
32 116
33 113
34 67
34 118
35 75
35 91
35 113
35 117
36 88
36 97
37 79
38 47
38 57
39 94
40 45
40 120
41 115
42 94
42 110
43 53
43 95
44 85
45 76
46 105
47 108
49 103
50 77
51 54
51 67
51 90
52 70
52 123
53 89
53 115
54 90
55 59
55 74
57 77
57 90
58 99
59 99
59 119
59 124
60 61
60 79
61 80
61 87
61 95
61 109
62 67
62 102
62 111
63 82
64 78
64 103
65 67
65 119
66 92
67 100
68 81
68 122
69 71
69 99
70 85
70 116
71 117
72 94
75 89
77 114
79 121
82 110
84 101
85 96
86 111
88 117
90 104
90 106
93 120
96 107
96 115
98 113
102 109
103 104
103 106
107 109
115 120
0
7 124
