125	135	 1
0 82
1 33
1 122
2 11
2 23
2 79
3 124
4 81
5 28
5 71
6 15
6 52
6 89
7 119
8 27
8 43
8 75
8 90
8 96
8 100
9 76
9 82
9 108
10 120
12 13
12 70
13 55
13 59
13 77
14 34
14 63
14 65
14 108
15 73
15 124
16 101
17 87
18 30
18 105
18 110
19 82
20 42
21 26
21 116
22 33
22 48
22 103
22 109
23 37
23 53
23 95
23 106
24 46
24 119
24 120
25 36
25 99
25 119
26 57
26 72
28 40
28 92
28 94
28 98
29 87
30 114
31 83
31 105
32 105
33 41
33 43
33 62
34 64
35 67
35 111
37 51
38 55
39 56
39 101
40 54
40 74
41 81
41 91
42 60
44 109
45 108
45 115
46 109
47 89
48 55
48 117
48 121
49 50
49 60
49 78
50 80
50 89
50 121
51 89
52 84
53 112
57 68
57 81
58 123
60 69
61 99
64 85
64 113
66 71
68 111
70 104
73 94
75 85
79 82
81 83
81 101
82 103
82 107
83 118
84 115
84 119
86 90
86 119
87 93
87 104
87 122
88 124
89 96
89 109
90 111
92 104
94 97
95 123
102 104
107 110
0
7 124
