125	141	 1
0 39
0 53
1 12
2 32
2 84
3 117
4 71
5 18
5 65
5 68
5 74
5 122
6 63
6 77
6 116
7 88
8 33
9 36
9 108
9 121
10 47
10 76
11 100
11 108
11 118
11 122
12 65
13 61
13 104
14 67
15 21
15 62
15 112
16 40
16 51
16 110
17 39
18 102
19 120
20 42
22 40
23 97
23 122
24 37
24 95
25 84
26 49
27 53
28 32
29 48
30 70
30 98
30 115
31 33
31 93
31 103
31 117
32 49
32 119
34 37
35 106
36 55
37 87
37 120
38 50
38 75
39 88
39 110
40 91
40 120
41 64
41 92
42 63
42 85
42 99
43 96
44 71
44 76
44 99
45 56
45 74
45 99
45 121
46 96
47 82
47 100
47 109
48 68
48 72
49 75
49 93
49 97
50 107
50 117
52 75
53 73
53 115
54 63
54 93
55 69
55 92
56 90
57 59
58 62
59 120
60 82
61 108
65 123
66 119
67 91
67 92
68 69
69 78
69 116
70 75
71 83
72 86
72 105
74 81
75 76
75 79
78 82
78 106
79 101
79 111
80 96
81 101
83 105
89 99
90 124
94 109
95 102
95 116
96 101
98 111
98 112
99 102
104 115
106 113
109 114
112 120
0
7 124
