125	138	 1
0 74
0 109
1 15
1 93
1 117
2 84
3 20
3 62
3 65
3 105
4 42
4 99
5 45
5 67
5 83
6 9
6 74
7 29
8 25
8 26
8 76
8 101
9 30
9 31
9 53
10 46
11 107
12 27
12 105
13 17
13 37
14 25
14 27
15 66
15 69
16 27
16 28
18 44
19 23
20 36
20 73
20 91
21 24
22 98
22 118
23 55
23 109
24 25
24 27
24 97
28 57
29 41
29 56
29 124
30 32
30 96
30 102
31 113
31 115
32 54
33 87
34 84
34 102
35 81
36 41
36 59
37 91
37 100
38 48
38 116
39 63
39 66
40 59
40 75
42 93
42 121
43 79
43 91
44 53
44 113
45 61
46 47
46 76
46 122
47 51
47 85
48 64
49 82
50 63
50 94
51 91
52 65
52 114
52 119
53 61
55 94
56 71
57 81
57 119
58 91
59 66
59 77
60 76
61 111
61 120
63 105
63 119
64 72
64 80
64 120
66 112
68 75
68 89
70 96
71 91
72 88
72 110
73 92
73 94
78 104
78 119
81 95
82 103
82 118
85 110
86 113
86 116
87 101
87 108
90 92
93 109
93 123
94 103
98 109
106 117
107 114
110 123
112 114
0
7 124
