125	139	 1
0 28
0 104
1 27
1 111
2 78
3 10
3 66
3 111
4 7
4 84
5 29
5 47
5 83
6 50
6 57
6 82
6 109
7 58
8 73
9 92
10 41
11 120
12 68
12 112
13 22
13 33
13 79
14 111
15 73
15 76
16 112
17 47
17 88
17 117
18 113
19 42
19 118
20 57
21 112
22 114
23 55
24 54
24 67
25 81
26 59
26 78
27 69
28 56
29 33
30 83
30 99
31 47
31 81
32 63
34 40
34 80
34 89
34 118
34 120
35 98
35 99
35 112
36 64
36 65
36 72
37 79
37 101
38 52
38 121
39 49
39 65
39 79
39 80
39 119
40 65
41 49
41 70
41 103
42 73
43 75
43 123
44 61
45 115
46 60
46 90
46 100
46 114
48 93
49 54
49 57
51 82
51 97
52 70
52 101
53 112
54 79
55 87
55 110
56 59
56 119
57 74
57 108
59 124
61 77
61 108
62 98
63 69
63 111
64 122
69 99
71 123
72 109
73 99
75 105
76 96
77 108
78 94
78 116
84 103
85 112
86 111
87 111
88 118
89 92
89 113
91 114
92 118
93 102
95 101
96 106
96 117
97 106
97 113
97 124
100 115
102 116
103 107
105 109
117 120
0
7 124
