125	138	 1
0 33
0 64
1 26
1 65
1 76
2 93
3 15
3 33
3 34
3 59
3 63
3 90
3 97
3 104
4 57
4 88
4 118
5 112
6 44
6 57
6 87
7 70
7 104
8 50
8 117
9 93
10 12
10 100
10 101
10 119
11 83
12 14
12 40
12 77
13 46
13 69
13 81
14 19
15 51
15 66
16 55
16 56
16 89
17 114
18 20
18 28
19 82
19 110
21 74
22 23
22 36
22 72
22 73
22 116
23 28
24 52
24 102
25 29
25 67
25 76
26 28
26 59
27 31
27 39
29 54
29 60
30 41
31 104
32 37
32 57
32 69
32 74
32 109
33 40
34 91
34 98
34 121
35 98
37 63
38 116
39 73
41 101
42 66
43 84
43 106
43 107
44 121
45 64
47 70
47 112
48 85
48 116
49 57
49 105
50 102
53 92
55 64
55 122
56 75
57 70
57 92
57 103
58 60
59 78
59 79
61 62
61 72
61 84
61 111
61 123
63 84
63 118
64 68
64 71
64 113
64 119
67 69
67 86
68 94
72 115
77 120
78 124
80 101
82 112
83 115
86 102
88 93
88 94
91 112
94 117
95 105
96 99
96 101
103 104
104 114
106 108
111 113
118 121
0
7 124
