125	138	 1
0 19
0 68
1 21
1 117
2 47
3 66
4 47
4 65
5 14
5 17
5 27
5 79
5 102
6 54
7 29
7 94
7 99
8 64
8 97
8 105
9 43
9 102
10 19
11 81
12 31
12 85
12 87
13 79
13 114
15 19
15 116
16 90
16 120
18 41
18 49
18 53
18 56
18 67
18 104
20 37
20 115
21 123
22 89
22 96
22 118
23 65
24 109
24 111
25 58
25 77
25 109
26 94
27 72
27 115
28 75
30 65
31 124
32 90
32 99
33 70
33 73
34 97
35 51
35 113
35 115
36 56
36 59
36 67
37 39
37 62
38 123
39 88
40 55
40 63
40 104
41 76
42 83
42 100
44 49
44 85
45 85
46 57
47 54
48 62
49 60
50 74
52 124
53 86
53 90
53 122
54 60
54 91
55 117
56 77
56 110
57 105
57 111
60 66
60 81
61 63
62 122
63 71
63 111
64 73
64 95
65 71
66 94
66 107
68 75
68 83
68 111
69 74
70 80
70 84
73 92
73 112
74 92
74 119
78 82
81 95
82 94
82 124
86 121
87 88
89 102
90 99
93 97
95 109
97 106
98 122
99 103
99 108
100 103
101 107
101 121
102 115
102 119
112 123
0
7 124
