125	141	 1
0 3
0 14
0 52
1 49
1 108
2 30
2 103
4 85
5 38
5 51
5 55
5 85
6 29
6 61
6 63
7 9
7 62
7 79
8 20
8 41
8 61
10 76
11 27
11 35
11 110
11 113
12 42
13 38
13 66
13 99
13 105
14 56
14 68
14 82
14 92
15 32
15 56
15 115
16 83
17 45
17 124
18 36
18 69
19 32
19 101
20 34
20 84
21 58
21 65
21 75
21 97
22 73
22 74
22 99
22 110
23 52
24 76
25 60
26 37
28 103
29 122
30 106
31 64
31 81
33 41
34 72
35 44
35 97
36 75
37 115
38 58
39 43
39 60
39 86
39 107
40 81
41 92
42 44
42 112
43 99
43 114
44 103
45 78
46 64
46 70
47 50
47 105
48 60
48 118
49 88
50 80
53 80
53 88
53 120
54 60
54 115
56 85
57 118
59 80
60 105
61 101
62 119
62 121
63 64
63 78
64 106
67 97
67 102
67 121
69 90
69 105
70 77
71 93
72 104
74 117
76 85
76 123
77 100
78 97
79 103
80 124
83 108
84 103
85 121
87 107
88 91
88 95
89 114
91 115
93 105
94 95
94 120
95 118
96 113
97 108
98 123
101 121
106 114
108 109
111 117
112 116
0
7 124
