125	133	 1
0 104
1 4
1 7
1 98
2 40
2 41
2 115
3 82
4 64
4 99
5 40
5 73
6 28
7 62
7 92
8 34
8 36
8 105
9 23
9 75
9 109
9 116
10 69
10 89
10 92
10 118
11 39
11 54
12 38
12 51
13 96
13 103
14 64
15 109
16 45
17 63
17 91
17 117
18 47
18 108
19 57
20 108
21 124
22 40
22 99
24 85
25 54
25 58
25 81
26 86
26 114
26 120
27 37
27 57
27 92
27 107
27 119
27 121
28 68
28 80
28 103
28 104
29 36
29 43
29 47
29 68
29 74
30 63
31 38
31 79
32 115
32 124
33 46
35 69
37 52
37 102
38 42
38 114
39 78
39 106
40 65
40 87
41 54
41 82
44 109
44 122
45 50
46 66
48 59
49 97
49 110
50 55
50 75
51 61
52 59
53 75
54 56
54 68
55 108
58 70
60 62
60 112
60 123
61 68
61 76
63 88
66 103
67 76
68 93
68 110
69 83
71 93
72 110
73 82
74 85
75 82
77 91
78 113
79 95
80 99
83 106
84 119
86 100
90 100
91 96
94 108
95 99
96 122
101 112
104 107
107 118
108 118
111 112
0
7 124
