125	138	 1
0 48
0 83
0 98
1 8
1 18
1 61
1 112
2 47
2 108
3 25
3 116
4 5
4 49
4 82
4 114
5 67
5 71
6 65
7 120
8 72
9 21
9 64
9 94
10 27
10 123
11 96
11 97
11 116
12 15
12 41
13 51
13 63
14 16
14 25
14 95
16 75
16 109
16 117
17 117
18 22
18 121
19 21
19 57
19 69
20 69
20 116
22 28
22 116
23 43
23 50
24 65
25 37
26 52
27 52
27 119
28 41
28 74
28 104
29 58
29 71
29 79
30 34
31 112
32 95
33 93
33 114
34 51
34 104
35 66
35 78
36 54
36 94
37 84
37 113
38 79
39 107
39 116
40 55
40 117
41 50
41 58
42 45
42 88
42 93
43 65
43 68
44 115
45 90
45 95
46 76
47 121
48 57
49 76
49 105
50 73
50 77
51 62
51 81
52 59
52 70
52 100
53 60
54 63
56 71
58 65
58 114
59 111
60 81
60 121
61 85
62 67
64 74
64 100
64 101
64 120
66 69
68 94
69 115
70 75
73 99
74 103
74 118
79 81
80 91
80 98
83 105
83 110
85 111
86 103
86 108
86 119
87 115
88 89
92 93
93 124
102 104
106 124
107 122
0
7 124
