125	137	 1
0 11
0 94
1 48
1 70
2 17
3 69
4 30
4 105
5 15
5 24
5 66
5 121
6 48
6 114
6 115
7 58
8 115
8 124
9 14
9 77
10 33
10 98
11 23
12 34
12 56
13 39
13 62
13 67
13 105
14 36
14 59
15 24
15 38
16 56
16 122
17 80
17 97
18 72
19 42
19 115
20 31
21 24
21 100
22 118
23 44
23 45
24 114
25 115
26 49
26 95
27 49
28 95
29 84
30 60
30 69
31 85
32 43
32 44
32 49
32 111
32 118
33 39
33 102
33 106
34 57
35 83
35 90
36 87
37 43
38 89
38 108
39 55
39 78
40 87
40 110
41 56
41 84
41 93
41 98
43 119
44 73
46 54
46 63
47 105
48 97
49 59
49 67
50 68
51 103
52 123
53 110
53 116
55 97
56 65
58 114
60 72
60 96
60 101
61 86
61 104
62 123
63 81
63 100
63 123
64 98
64 103
64 116
64 123
65 83
68 79
68 89
68 105
71 111
72 96
72 114
74 110
75 91
75 101
76 108
78 104
80 85
80 109
81 102
82 99
82 100
83 85
86 92
88 90
88 92
89 107
93 120
97 111
101 113
109 112
111 123
113 119
117 121
0
7 124
