125	160	 1
0 17
0 23
0 38
0 75
0 109
1 21
1 64
1 72
1 114
2 23
2 43
2 70
3 62
3 85
4 44
4 64
4 77
5 96
5 111
6 25
6 38
7 56
7 73
7 80
7 98
7 110
8 75
9 13
9 84
9 89
9 113
9 123
10 59
11 55
12 53
12 84
12 97
12 109
13 47
13 97
14 33
14 94
14 104
15 85
16 79
16 86
17 61
17 65
17 71
18 57
18 76
19 92
19 108
20 39
20 50
21 30
21 96
22 49
22 86
23 37
23 68
23 80
24 105
25 122
26 84
26 95
27 36
27 38
27 80
27 92
28 54
28 115
29 107
31 46
31 109
32 38
32 105
33 36
33 82
34 63
34 88
34 122
35 44
35 62
35 76
35 112
36 47
38 45
38 123
39 110
40 97
41 42
41 64
41 71
41 102
43 68
45 98
46 68
46 100
47 64
48 53
48 58
48 84
49 90
49 123
50 58
50 99
51 111
52 85
54 62
54 79
54 107
55 102
57 69
57 93
58 106
58 110
58 117
59 88
59 90
59 116
60 65
60 92
62 112
63 105
63 120
64 75
64 94
65 75
65 93
65 115
66 99
67 78
67 88
68 101
72 111
72 121
73 91
73 100
74 78
75 113
77 96
77 118
78 119
79 97
79 99
80 120
81 82
82 112
83 98
85 98
86 101
87 96
87 112
92 93
97 124
103 122
104 120
110 115
112 122
0
7 124
