125	167	 1
0 2
0 89
1 44
1 79
2 30
3 64
3 123
4 5
4 18
5 71
6 27
7 61
7 100
8 29
8 80
9 18
9 31
9 88
9 102
9 110
9 111
9 121
10 12
10 109
11 90
12 50
13 14
13 49
13 74
13 123
14 19
14 74
14 98
15 60
15 68
15 85
15 106
16 39
16 52
16 103
16 115
17 20
17 58
17 63
17 106
18 88
19 57
20 34
20 38
20 41
20 49
20 60
20 64
20 80
20 108
21 47
21 117
22 37
22 109
22 118
23 110
24 31
24 106
24 119
25 38
25 44
25 54
25 101
26 41
26 109
27 93
28 52
30 33
30 54
30 87
31 108
32 47
32 64
32 95
33 53
33 110
34 94
34 106
35 47
35 106
36 69
38 48
38 83
39 78
39 86
40 83
40 87
40 112
41 50
41 82
41 90
41 102
42 102
42 108
43 56
43 124
44 60
44 84
45 54
46 57
48 102
49 55
49 114
51 90
52 107
53 99
53 117
55 56
56 65
56 81
56 102
57 74
57 110
58 100
59 89
59 117
60 67
62 66
62 75
62 100
63 92
65 72
65 87
66 104
66 117
67 123
68 96
69 77
70 80
71 81
71 102
73 115
74 117
76 92
77 81
78 104
78 106
79 88
81 106
81 118
82 103
84 97
90 91
90 93
91 120
92 94
92 95
93 104
95 115
95 124
96 116
98 121
100 107
101 104
103 113
104 117
105 110
109 122
110 115
111 123
117 122
119 124
0
7 124
