125	153	 1
0 50
0 110
1 28
1 41
1 45
1 83
2 33
3 42
3 81
4 46
4 49
4 116
5 116
6 45
6 65
6 74
6 82
7 73
7 119
8 52
8 120
8 123
9 56
10 42
10 60
10 75
11 34
11 57
11 61
11 118
12 27
12 29
12 43
12 64
12 65
13 86
14 119
15 55
16 78
16 103
17 18
17 27
17 76
18 80
19 90
20 61
20 86
21 56
22 29
22 43
22 64
22 90
22 116
22 119
23 30
23 116
24 67
24 114
25 32
25 42
26 51
26 75
27 32
28 93
30 49
31 47
31 56
31 124
32 65
32 76
33 63
33 108
34 96
35 80
35 114
36 42
36 97
37 55
37 68
37 103
38 59
38 69
38 98
38 102
38 118
39 105
39 107
40 58
40 96
40 101
41 64
41 79
41 107
43 80
43 121
44 102
45 94
47 67
47 68
47 124
48 62
48 85
48 102
49 79
49 120
52 53
53 63
53 78
53 122
54 108
56 108
56 110
56 115
58 64
61 113
63 89
63 117
65 116
65 117
66 96
66 99
67 107
69 81
70 75
70 79
71 74
72 96
72 116
74 102
76 85
76 108
77 92
77 124
79 92
84 95
85 112
87 121
88 108
91 102
91 111
91 120
93 110
95 100
95 113
95 116
99 108
101 104
102 113
102 124
106 124
109 116
115 121
116 120
0
7 124
