125	153	 1
0 81
0 85
0 102
1 12
1 124
2 25
2 111
2 120
3 38
4 12
5 32
5 35
5 96
6 17
6 19
6 28
6 90
7 48
7 105
7 114
8 39
8 52
8 90
9 32
9 100
10 111
11 25
11 92
12 59
12 87
12 116
13 105
14 47
14 96
14 115
15 32
15 41
15 86
16 124
17 74
18 73
18 81
19 84
20 31
20 76
20 87
21 77
21 104
21 123
22 44
22 99
22 122
23 80
24 85
25 122
26 30
26 33
26 50
26 90
27 76
27 78
28 119
29 37
29 55
29 117
30 44
30 64
32 103
34 106
36 70
36 110
37 67
37 115
38 73
38 85
38 122
39 80
39 111
40 70
40 82
40 83
40 110
41 48
41 49
41 78
42 70
43 51
43 72
43 114
45 71
46 62
46 107
48 91
49 74
49 93
49 94
50 52
50 53
51 59
51 79
52 53
53 70
53 71
54 56
54 83
55 92
57 98
58 99
59 61
59 96
60 88
62 93
63 110
64 122
65 115
66 91
67 69
68 106
68 111
69 86
69 105
69 109
70 109
70 124
71 75
71 87
72 119
73 88
74 87
75 98
75 101
76 89
76 112
77 121
79 88
79 107
82 122
83 92
84 87
86 104
86 121
87 92
87 100
87 108
93 113
93 114
95 106
97 112
100 109
103 111
109 111
110 122
118 121
0
7 124
