125	151	 1
0 112
1 43
1 51
1 124
2 88
2 90
2 109
3 40
3 43
3 76
3 117
4 20
4 59
5 98
5 112
6 80
7 104
7 109
8 57
9 31
9 53
9 68
10 79
11 29
12 13
12 26
12 36
12 67
12 119
13 45
14 15
14 16
14 34
14 124
16 118
17 49
17 91
17 93
18 45
18 57
18 115
19 57
20 67
20 102
21 115
22 110
23 55
23 69
23 87
24 79
24 111
24 113
25 31
25 72
26 41
26 94
26 119
27 28
27 109
29 57
30 43
30 61
30 96
30 110
31 89
31 114
31 115
31 116
32 38
32 86
32 97
33 71
34 76
35 105
36 41
36 110
37 120
39 93
40 50
41 74
41 92
42 63
43 73
43 97
44 54
44 72
44 73
44 74
45 53
45 114
45 117
46 113
47 82
48 82
49 78
51 70
51 82
51 107
52 94
52 124
54 66
54 106
55 71
55 104
56 65
56 79
57 87
57 94
58 102
60 73
60 75
61 123
62 110
63 79
64 76
64 111
65 83
67 93
69 78
71 101
72 87
72 109
73 122
77 98
77 119
78 81
78 102
80 86
82 100
83 86
84 119
85 88
86 116
86 123
87 103
90 97
90 116
91 105
93 102
95 120
96 105
96 107
97 124
99 116
101 116
105 123
108 116
108 123
112 124
113 120
117 121
0
7 124
