125	149	 1
0 31
0 35
0 60
0 77
0 95
1 10
1 52
1 69
2 6
2 20
2 55
3 46
3 86
4 90
4 123
5 17
5 53
5 81
5 117
6 22
6 53
6 118
7 80
7 93
8 100
9 27
9 52
9 98
9 114
10 41
11 34
11 53
11 70
11 84
11 101
12 23
12 37
12 43
12 56
12 109
13 35
13 104
13 113
14 21
14 59
14 75
14 79
15 71
15 73
15 110
16 19
16 71
16 94
16 106
16 107
17 120
18 104
19 45
19 80
19 88
20 78
20 111
21 27
21 116
23 119
24 29
24 33
25 30
25 33
25 97
26 60
26 67
27 81
28 124
29 123
31 63
31 72
32 78
32 108
33 115
34 36
34 108
34 124
35 54
36 86
37 119
38 101
39 48
40 43
40 122
42 85
42 109
42 112
43 98
44 107
45 65
45 100
47 111
48 113
49 106
50 58
50 73
50 74
51 77
51 99
52 65
52 68
52 89
53 119
54 93
55 61
55 64
55 95
57 62
57 70
57 82
58 66
58 72
60 101
60 105
61 80
63 66
63 78
65 115
66 102
67 73
68 87
68 91
73 121
74 83
74 121
76 79
79 103
80 124
83 114
89 90
90 110
92 102
92 123
94 98
94 121
96 104
97 104
97 116
97 119
99 122
100 105
109 124
112 124
0
7 124
