125	154	 1
0 37
1 7
1 84
2 68
3 11
3 16
3 82
4 77
4 89
4 94
5 21
5 69
6 18
6 24
6 94
7 107
8 91
9 12
10 35
10 57
10 95
11 61
12 91
12 93
13 72
13 110
13 115
14 118
15 41
15 115
15 123
16 46
17 65
17 84
18 71
19 37
19 65
20 30
20 43
21 32
21 64
22 94
23 75
25 29
25 110
26 30
26 47
26 87
26 120
26 122
27 29
27 88
27 97
28 38
28 59
28 74
29 73
29 93
30 52
30 60
30 72
31 104
32 87
32 103
33 49
33 51
33 74
33 77
33 111
33 120
33 124
34 49
35 109
36 50
37 72
37 93
37 106
37 116
37 121
39 43
39 70
39 111
40 78
42 46
42 85
44 81
44 101
45 78
46 106
48 53
48 71
49 100
49 105
50 79
53 73
54 65
55 114
56 58
57 65
58 66
58 99
58 113
58 119
59 92
59 99
61 80
61 110
62 65
63 71
63 74
63 109
63 117
65 104
66 67
67 72
67 80
67 95
67 101
68 113
70 122
72 87
73 98
75 93
75 118
76 85
76 102
77 106
78 119
79 91
81 96
81 114
82 87
83 88
83 116
84 99
85 91
85 99
86 112
86 124
88 97
88 123
89 94
90 112
90 113
91 96
93 105
97 110
99 119
102 106
102 108
103 106
104 112
109 124
114 115
0
7 124
