125	146	 1
0 55
1 49
1 109
1 114
2 75
2 86
2 102
2 111
3 24
4 49
4 88
5 78
6 42
6 106
6 109
6 112
7 10
7 101
8 51
9 21
9 45
9 50
9 82
9 94
10 15
10 51
11 22
11 102
11 105
12 63
12 83
13 61
13 82
13 108
13 119
14 63
14 120
15 75
15 110
16 86
17 86
18 42
18 64
19 52
19 81
20 92
20 100
21 25
21 29
21 90
21 104
22 40
22 56
22 79
23 31
23 99
23 113
24 62
24 67
24 118
26 64
27 33
28 115
28 122
29 80
29 115
29 121
30 60
30 95
31 33
31 101
32 62
33 34
33 92
34 50
35 40
36 73
37 43
38 103
38 104
39 52
39 63
40 42
40 43
40 53
41 44
42 55
42 98
43 59
43 102
44 58
45 70
46 83
47 53
47 71
47 77
48 56
49 86
49 88
51 63
52 94
54 58
54 65
54 68
55 59
55 103
56 87
57 79
57 92
60 106
62 75
62 107
62 117
63 81
63 101
64 82
66 101
67 69
68 85
69 88
72 94
72 108
73 107
74 100
75 116
76 87
76 109
78 87
79 89
79 112
80 123
82 117
83 97
83 110
84 101
85 95
88 111
90 96
91 101
93 123
98 119
98 123
100 107
100 115
100 124
114 117
0
7 124
