125	159	 1
0 62
0 112
0 120
1 25
1 39
1 55
1 62
1 89
1 109
2 15
2 32
2 99
2 103
3 34
3 53
4 101
5 26
6 46
6 49
6 55
6 60
6 70
6 93
6 107
7 99
7 100
7 124
8 67
8 80
8 116
9 37
10 14
10 85
10 86
10 97
11 46
12 95
12 108
12 117
13 24
14 61
14 120
15 63
15 116
16 66
16 81
17 42
17 49
17 87
18 34
19 61
20 58
20 85
20 104
21 23
21 111
22 33
22 49
22 89
22 106
24 49
24 114
26 62
26 89
26 91
27 28
28 46
28 84
28 111
29 31
30 47
31 37
31 54
31 115
32 40
32 51
32 52
33 53
33 73
33 81
34 115
35 47
35 121
36 72
36 76
37 107
38 50
38 70
38 90
38 107
40 77
40 89
41 50
42 102
42 119
43 76
44 65
44 115
44 121
45 73
45 117
46 81
47 57
47 64
48 76
51 62
52 124
53 101
54 59
54 66
54 71
55 60
56 72
56 118
59 101
62 64
62 117
64 87
64 118
65 83
66 85
66 104
67 93
68 108
68 111
69 83
71 82
71 93
72 111
74 98
75 122
76 104
77 110
78 81
79 119
80 107
80 111
82 91
83 114
86 116
86 122
88 117
89 94
90 114
92 111
94 116
96 100
98 113
98 119
100 107
102 118
102 122
103 110
104 106
104 124
105 107
110 115
113 117
121 123
0
7 124
