125	145	 1
0 67
0 99
1 32
1 38
1 56
2 56
2 70
2 113
3 65
4 18
4 73
5 29
6 73
6 78
6 102
7 45
7 71
7 99
8 25
9 76
10 30
11 64
12 27
12 64
12 67
12 77
12 89
12 103
13 33
13 65
13 105
14 23
14 46
14 74
14 86
15 20
15 41
15 86
15 115
16 68
17 81
17 90
18 23
18 91
18 109
18 121
19 100
20 21
20 28
20 67
21 84
21 115
22 73
22 114
23 30
23 116
24 39
25 105
26 114
27 105
28 33
29 59
29 64
29 71
29 100
31 68
31 120
32 117
33 78
34 51
34 56
34 89
34 96
35 82
36 64
36 109
37 45
37 55
39 52
39 65
40 64
41 54
41 90
42 76
43 58
43 86
44 55
44 84
44 121
45 49
45 61
45 102
45 108
45 119
46 72
46 117
47 83
48 60
48 110
49 116
49 121
50 93
50 118
51 63
52 64
52 124
53 56
53 58
54 69
54 123
57 94
60 123
61 66
61 122
62 102
63 94
65 79
66 115
67 95
68 92
68 95
72 80
73 88
73 120
74 80
74 111
75 124
76 86
79 82
81 112
82 83
85 105
87 102
88 111
89 111
93 108
95 123
96 101
97 111
98 121
99 104
99 115
101 106
106 118
107 118
0
7 124
