125	155	 1
0 43
0 111
1 20
1 63
1 115
2 23
2 94
2 107
3 19
3 82
3 85
3 87
4 71
4 78
4 83
4 85
4 93
5 8
5 17
5 47
5 56
5 91
5 114
6 12
6 41
7 23
7 26
8 117
9 24
9 37
9 101
9 119
10 54
10 107
10 113
10 124
11 12
11 26
12 60
12 123
13 45
14 18
14 38
15 22
15 98
16 27
16 53
16 97
17 30
17 48
18 33
18 92
19 69
20 73
20 76
20 111
21 31
21 72
21 91
21 110
23 74
24 27
24 75
25 46
25 65
27 44
27 45
27 94
28 77
29 97
30 77
30 84
32 62
32 111
33 105
34 44
35 45
35 68
35 104
35 117
36 78
36 86
37 68
37 69
38 118
39 67
40 46
41 111
42 45
43 57
43 60
43 109
45 80
45 124
46 67
46 72
46 81
47 65
47 124
49 66
49 73
49 77
49 98
50 55
50 58
50 63
51 75
51 79
52 80
52 109
53 63
53 96
56 61
57 60
59 70
60 70
60 101
61 63
61 79
63 94
64 102
65 106
67 68
67 71
69 88
70 77
70 103
71 98
74 108
76 79
77 87
78 122
82 102
82 112
86 124
87 118
88 102
88 115
89 108
89 117
90 101
94 108
95 112
95 120
96 113
99 103
100 112
100 116
100 121
102 111
108 122
110 114
112 113
113 119
117 120
0
7 124
