125	157	 1
0 36
0 71
0 98
0 105
1 21
1 68
1 90
2 73
3 14
3 18
3 35
4 28
4 76
5 61
5 81
5 107
6 96
6 101
6 105
6 108
6 115
7 38
7 55
7 60
7 93
8 54
8 109
9 45
10 70
11 23
11 74
12 41
12 50
12 111
13 70
14 43
15 101
15 117
16 23
16 49
17 94
17 110
18 106
19 56
19 72
19 73
20 108
22 119
23 92
24 78
25 73
26 27
26 62
26 88
26 111
27 30
28 63
29 57
29 119
30 69
31 73
31 77
31 91
31 117
32 47
32 113
33 52
33 80
33 82
34 39
34 48
35 112
35 114
36 59
36 64
37 85
37 100
39 85
39 119
40 54
40 80
40 82
40 121
41 66
41 107
41 121
42 45
42 47
44 50
44 53
46 64
47 57
47 78
48 56
49 86
49 120
51 86
51 118
53 87
53 105
54 75
54 81
54 97
55 90
57 64
57 84
58 103
58 107
60 102
60 108
61 87
62 92
63 68
63 85
64 99
65 87
67 70
67 103
69 108
70 77
70 113
71 102
72 119
74 94
74 102
76 89
76 103
76 120
77 101
79 80
79 89
80 83
80 90
81 100
82 105
82 116
82 124
83 101
84 107
86 92
87 109
87 121
88 102
88 114
88 123
89 106
90 103
90 110
92 100
95 114
96 105
97 102
100 117
104 110
107 122
111 115
111 120
0
7 124
