125	159	 1
0 44
0 110
0 118
1 14
1 36
1 59
2 49
2 51
2 85
3 4
3 101
4 26
4 86
4 99
5 24
5 35
5 83
6 13
6 19
6 105
7 37
7 72
8 57
8 71
8 81
9 47
9 65
10 65
11 98
11 109
11 119
12 41
12 64
12 100
14 44
14 72
15 60
15 73
16 88
16 103
16 110
17 32
17 44
17 103
17 115
18 89
18 116
18 122
19 85
20 103
21 40
21 95
21 123
22 45
22 102
22 115
22 124
23 34
24 50
25 34
25 50
25 67
27 77
27 102
27 117
28 92
29 56
29 76
29 110
30 99
30 121
31 65
32 52
32 67
33 58
33 62
33 64
33 101
34 77
34 121
35 80
36 46
37 42
37 47
37 69
37 97
37 112
38 86
39 69
40 80
41 46
41 60
43 73
44 71
44 123
45 86
45 100
45 107
46 72
47 52
47 102
47 122
48 55
48 60
48 106
50 87
51 69
52 55
52 61
52 76
53 61
54 60
54 90
56 108
56 113
56 122
57 114
58 74
59 117
61 73
61 110
62 98
62 120
63 112
65 79
65 101
66 70
68 85
68 114
70 100
73 107
74 117
75 76
77 82
77 115
78 84
78 87
78 94
78 112
79 102
81 92
81 109
86 93
87 107
88 91
91 93
92 96
92 100
93 95
97 105
98 113
104 113
104 124
105 118
107 118
108 114
110 111
111 123
115 120
0
7 124
