125	151	 1
0 7
0 43
1 57
1 63
1 71
2 7
2 96
2 101
2 104
2 111
2 122
3 4
4 70
5 11
5 21
5 30
5 51
5 97
6 27
6 36
8 27
8 92
8 109
9 38
9 39
9 86
9 95
10 51
10 53
10 105
10 124
11 81
11 94
11 105
12 111
12 112
13 58
14 66
14 76
14 99
15 35
15 50
16 90
17 45
17 115
18 44
18 72
18 84
18 94
19 64
19 75
19 87
19 99
20 49
21 91
22 84
22 89
23 35
24 104
24 112
25 38
25 94
26 40
26 67
26 80
26 118
27 77
28 90
29 93
31 46
32 41
32 82
32 111
33 47
34 78
34 96
35 36
35 52
35 95
36 95
37 61
38 44
38 65
40 42
40 107
40 115
41 61
41 118
41 120
42 53
42 58
43 52
43 55
43 93
43 101
45 102
46 52
47 58
48 62
48 92
49 58
50 84
52 103
52 119
54 115
55 84
55 112
55 114
56 118
58 67
58 81
59 121
60 68
60 94
63 70
65 115
66 111
68 75
68 108
69 111
70 78
70 95
70 103
71 120
73 79
74 93
79 108
81 88
82 104
83 108
83 117
85 94
86 108
86 116
87 92
88 97
89 121
90 116
90 123
94 114
98 115
98 120
99 106
100 116
103 120
106 109
108 116
109 111
110 116
112 113
114 117
0
7 124
