125	152	 1
0 7
0 61
1 49
2 26
2 33
2 46
2 64
2 93
3 51
3 73
3 112
4 101
5 30
5 37
5 123
6 21
6 38
7 88
7 92
8 45
8 106
8 113
8 115
9 84
9 104
9 107
10 79
11 28
11 93
11 118
12 46
12 77
13 43
14 107
15 64
15 66
15 86
16 116
16 123
17 63
17 68
17 124
18 23
18 97
19 56
19 94
19 100
20 61
21 53
21 116
22 33
23 87
23 98
24 117
25 36
25 54
25 91
25 118
26 77
26 91
27 70
27 101
28 89
28 111
28 112
29 55
29 71
29 77
29 84
29 103
30 52
30 114
31 90
32 79
32 117
33 112
33 117
34 82
35 79
35 102
37 95
37 121
38 114
38 124
39 75
39 102
39 105
40 59
40 78
40 82
40 83
40 121
41 93
42 55
42 59
42 79
43 55
43 77
43 85
44 71
44 97
45 99
47 57
48 49
48 55
49 97
50 68
51 53
51 110
53 109
55 66
55 121
56 106
57 63
57 115
57 124
58 63
60 63
60 81
61 96
62 97
63 78
64 90
64 106
64 108
65 68
66 107
67 72
67 97
69 106
70 100
71 78
71 118
72 120
73 80
74 91
76 120
80 99
80 122
83 119
83 124
85 98
87 99
88 109
92 95
92 109
96 117
96 122
100 108
102 103
105 110
106 117
0
7 124
