125	142	 1
0 58
1 68
1 107
1 123
2 46
3 26
3 93
4 25
4 47
5 11
5 35
5 73
6 11
7 16
7 123
8 60
8 116
9 34
9 58
10 97
12 92
12 103
13 123
14 99
15 56
15 64
15 77
15 83
17 40
17 79
17 89
18 104
18 111
18 121
19 81
19 97
20 47
21 55
21 62
21 105
22 36
22 91
23 121
24 41
24 70
25 76
27 32
27 40
28 114
29 34
29 83
29 119
30 84
30 110
31 79
33 115
34 72
34 85
35 71
35 77
36 118
37 50
37 84
37 120
38 42
38 46
38 47
38 85
39 41
40 98
41 43
41 95
41 99
41 107
44 121
45 50
46 88
47 78
48 69
48 87
48 108
48 113
49 51
49 67
49 101
49 115
50 90
50 112
50 116
51 57
51 90
52 85
53 108
54 59
54 64
54 100
55 82
55 98
56 92
56 112
57 87
58 102
59 98
59 109
59 110
61 114
62 115
63 79
63 102
65 104
66 75
67 68
71 117
73 95
73 119
74 86
74 87
75 83
77 92
78 112
78 121
79 102
80 107
81 86
81 94
81 115
83 87
85 114
85 118
87 104
87 116
87 122
88 113
90 101
93 100
96 101
97 124
101 105
103 117
106 122
113 117
119 122
0
7 124
