125	158	 1
0 45
1 34
1 51
1 54
1 56
1 63
2 119
3 38
3 93
4 63
5 60
5 67
5 68
6 76
7 65
8 23
9 16
9 45
9 82
9 116
10 66
10 78
11 25
11 29
11 46
12 23
12 50
13 41
13 78
14 35
14 48
14 99
15 76
15 95
15 118
16 109
17 21
17 75
18 30
18 40
18 104
19 92
20 33
20 39
20 84
20 106
22 52
22 84
22 97
23 57
23 64
23 87
23 102
24 74
24 85
25 83
26 28
26 69
26 81
27 71
29 42
29 44
31 92
31 123
32 109
33 55
33 83
33 115
34 63
34 72
35 122
36 70
37 103
38 79
39 73
40 64
40 106
40 107
40 120
41 112
42 97
42 108
43 59
44 54
44 110
44 116
45 71
45 99
46 70
47 70
47 95
49 69
50 121
52 114
53 117
53 122
54 62
54 84
54 92
54 100
55 65
55 72
57 84
57 96
58 88
58 122
59 103
59 113
60 67
60 68
60 79
60 80
60 81
61 78
62 65
62 73
62 100
62 106
63 71
63 89
63 94
64 103
65 66
67 91
68 114
69 89
69 110
69 124
71 75
71 99
73 94
73 112
74 108
74 114
74 119
77 123
81 115
81 119
82 101
85 123
86 104
87 112
87 116
88 90
93 102
93 105
94 111
95 113
95 122
96 104
97 98
101 104
101 114
102 115
103 118
105 114
108 121
119 123
0
7 124
