125	147	 1
0 59
1 99
2 111
3 35
4 50
4 101
5 46
5 80
5 111
6 7
6 18
6 78
7 19
7 29
7 67
8 122
9 72
10 37
10 49
10 108
11 62
11 109
12 24
12 93
12 96
13 27
14 23
14 65
15 42
15 86
16 68
16 84
16 102
17 58
17 119
18 66
18 73
18 85
19 83
19 84
20 123
21 112
22 39
22 71
23 73
25 35
26 82
26 120
27 71
27 76
27 100
27 115
28 58
28 80
28 109
28 120
30 61
30 88
30 89
30 102
30 110
30 112
31 81
31 89
31 112
31 124
32 108
32 115
33 45
33 49
34 38
35 60
35 62
35 84
36 71
36 99
36 117
36 119
37 60
37 77
37 91
37 117
38 83
40 88
40 107
41 91
41 119
42 118
43 55
44 89
45 96
45 104
46 122
47 83
47 117
48 104
49 81
50 98
51 72
51 89
52 56
52 74
52 90
52 105
52 120
53 112
54 63
54 97
54 103
55 99
57 60
58 59
58 108
61 89
62 107
64 77
64 117
66 79
67 103
69 107
70 79
71 109
72 121
73 105
75 115
76 106
78 79
78 81
78 116
86 94
87 100
89 97
89 123
90 101
90 118
92 112
93 102
94 113
95 96
96 100
97 98
97 113
98 123
101 103
101 109
110 114
111 114
0
7 124
