125	151	 1
0 37
0 72
0 97
1 26
2 74
2 109
3 71
4 36
5 16
5 58
5 108
6 69
7 103
8 43
9 50
9 68
10 64
10 70
11 80
11 101
12 17
12 42
12 97
13 63
13 99
14 70
14 99
15 58
15 66
15 97
16 35
16 50
16 61
17 20
17 46
17 107
18 29
18 31
18 43
18 60
18 113
19 53
19 59
19 64
20 84
21 24
21 41
21 83
22 36
22 119
23 26
23 83
23 112
24 59
24 119
25 34
25 111
26 29
26 56
26 61
27 65
27 78
27 99
28 54
28 63
29 97
29 108
30 113
31 49
31 110
32 72
32 102
33 42
33 89
34 118
35 41
35 92
36 49
38 57
38 75
39 101
40 56
40 83
40 94
42 121
44 89
44 94
45 65
45 69
46 68
47 101
48 88
48 117
49 83
50 119
51 124
52 97
53 101
55 103
55 114
56 117
57 121
58 76
59 107
62 65
63 108
65 91
66 71
66 75
66 117
66 124
67 98
68 69
68 73
68 115
70 95
71 92
72 76
72 94
72 104
72 106
73 120
74 118
77 105
77 111
78 100
78 124
79 93
79 112
81 93
82 121
83 87
83 116
85 110
86 121
86 122
88 93
89 90
89 114
92 113
92 122
95 123
96 102
96 117
96 118
98 103
100 105
101 112
107 113
108 116
109 110
0
7 124
