125	153	 1
0 92
1 5
1 122
2 57
3 15
3 20
3 47
3 97
4 38
4 50
4 64
4 89
4 118
5 23
5 73
5 85
6 66
7 16
7 39
7 43
7 50
8 56
8 77
8 117
9 26
9 30
9 120
10 17
10 40
10 82
10 108
11 44
11 96
12 92
13 49
13 77
14 72
14 83
14 94
15 34
15 78
15 122
16 62
16 68
16 77
16 86
16 87
17 86
17 91
18 69
18 124
19 22
19 67
20 71
20 109
21 50
21 97
22 29
22 45
23 35
24 63
25 67
25 110
26 65
27 114
28 70
28 73
28 78
28 117
29 54
30 108
31 48
31 51
31 120
32 49
32 65
32 95
32 104
33 66
33 99
34 123
35 84
35 111
36 75
36 88
36 101
37 118
39 90
40 76
41 80
41 86
41 93
41 118
42 81
44 58
44 94
45 55
46 73
47 117
48 76
49 72
50 71
51 115
51 117
52 57
53 85
53 113
54 74
54 86
54 107
54 124
55 100
57 63
57 92
57 112
57 116
57 117
59 106
60 82
60 90
60 99
61 89
62 120
63 102
63 113
63 121
66 109
67 90
68 108
69 113
70 110
71 81
73 88
73 106
75 90
75 106
76 103
77 98
77 100
79 116
82 106
82 110
88 107
89 92
101 118
102 110
103 105
103 110
107 121
108 114
110 119
111 114
112 116
0
7 124
