1000	3050	 1
0 89
0 159
0 166
0 375
0 543
0 586
0 634
0 710
1 50
1 72
1 332
1 447
1 500
1 511
1 515
1 632
1 801
1 859
1 954
2 44
2 138
2 147
2 213
2 534
2 752
2 803
2 812
2 835
2 906
3 151
3 584
3 596
4 38
4 80
4 320
4 579
4 630
4 639
4 937
5 747
5 759
6 203
6 244
6 294
6 318
6 359
6 450
6 679
6 770
6 986
7 291
7 303
8 158
8 214
8 341
8 351
8 765
8 812
9 124
9 201
9 284
9 304
9 472
9 483
9 532
9 560
9 685
9 741
10 413
10 428
10 503
10 663
11 22
11 66
11 578
11 680
11 827
12 364
12 453
12 561
12 574
12 780
12 839
12 843
13 117
13 179
13 238
13 334
13 369
13 695
13 866
13 956
13 974
14 55
14 617
14 921
15 91
15 314
15 380
15 494
15 681
15 741
15 796
15 822
16 33
16 60
16 110
16 221
16 492
16 571
16 871
16 939
16 946
17 54
17 102
17 372
17 475
17 502
17 546
17 569
17 617
17 800
17 883
18 54
18 211
18 457
18 584
19 20
19 112
19 441
19 498
19 521
19 537
19 809
19 903
20 113
20 129
20 233
20 341
20 443
20 549
20 652
21 79
21 110
21 165
21 334
21 841
21 944
22 225
22 329
22 332
23 86
23 179
23 278
23 397
23 599
23 857
23 957
24 47
24 271
24 299
24 352
24 389
24 984
25 27
25 221
25 333
25 393
25 448
25 712
25 779
25 985
26 58
26 430
27 262
27 277
27 487
27 723
27 945
27 969
27 971
28 56
28 277
28 520
28 636
29 45
29 173
29 345
29 561
29 677
29 737
29 887
30 283
30 964
31 181
31 411
31 550
31 752
31 895
32 251
32 627
32 712
32 889
32 964
32 977
33 48
33 144
33 265
33 490
33 736
33 757
33 878
34 76
34 85
34 122
34 130
34 198
34 239
34 311
34 314
34 532
34 554
34 760
34 841
34 954
35 43
35 140
35 234
35 457
35 646
35 663
36 321
36 540
36 784
37 148
37 330
37 355
37 590
37 601
38 61
38 465
38 749
38 872
38 921
38 967
39 254
39 550
39 581
40 273
40 558
40 694
40 830
40 929
41 146
41 218
41 235
41 425
41 510
41 947
42 318
42 523
42 772
42 837
43 98
43 406
43 760
43 842
43 985
44 347
44 677
44 698
44 734
44 920
45 52
45 64
45 303
45 575
45 735
45 848
45 963
46 69
46 450
46 733
47 90
47 360
47 973
48 141
48 171
48 289
48 296
48 749
49 60
49 188
49 343
49 369
49 420
49 553
49 603
49 672
49 816
49 874
50 55
50 183
50 432
50 929
51 552
51 581
51 608
51 610
51 732
51 779
51 790
52 772
53 67
53 134
53 168
53 526
53 933
54 157
54 420
54 725
55 327
55 492
55 626
55 651
55 984
56 570
56 802
56 896
57 171
57 209
57 366
57 508
57 825
58 62
58 158
58 514
58 840
59 265
59 294
59 407
59 447
59 515
59 555
59 770
59 797
59 818
60 143
60 697
60 891
61 122
61 192
61 525
61 575
61 670
61 696
61 792
61 823
61 934
62 296
62 527
62 845
63 103
63 208
63 651
63 652
63 777
63 798
63 820
63 862
63 890
64 214
64 237
64 428
64 435
64 505
64 524
64 961
65 180
65 408
65 413
65 442
65 742
66 153
66 654
66 685
66 741
66 963
67 202
67 320
67 421
67 428
67 595
67 662
67 814
67 878
67 951
68 154
68 366
68 647
68 668
68 721
69 333
69 515
69 564
69 678
69 708
69 929
70 190
70 580
70 698
70 703
70 706
70 745
70 770
70 902
70 956
71 379
71 583
71 684
71 771
71 978
72 345
73 75
73 934
74 247
74 610
74 660
75 146
75 282
75 464
75 821
76 144
76 255
76 529
76 685
76 733
76 908
77 173
77 189
77 190
77 197
77 219
77 404
78 317
78 363
78 485
78 907
79 105
79 140
79 397
79 870
80 170
80 240
80 284
80 656
80 672
80 771
80 897
81 292
81 357
81 514
81 590
82 200
82 275
82 288
82 539
82 838
82 987
83 207
83 372
83 413
83 461
83 691
83 897
84 720
84 941
84 993
85 121
85 146
85 220
85 323
85 667
85 685
85 806
85 971
86 282
86 296
86 527
86 641
87 141
87 165
87 190
87 244
87 382
87 610
88 139
88 185
88 686
88 955
89 310
89 488
89 540
89 641
89 916
89 935
89 944
89 968
89 996
90 119
90 222
90 725
90 872
90 917
90 952
91 131
91 444
91 545
91 899
91 946
91 981
92 156
92 502
92 754
92 845
92 986
93 137
93 637
93 737
93 879
94 518
94 544
94 664
94 828
95 290
95 301
95 375
95 900
96 546
96 796
97 98
97 222
97 273
97 385
97 451
97 866
97 890
98 291
98 459
98 781
98 920
98 960
99 205
99 224
99 414
99 520
99 579
99 587
99 660
99 956
100 102
100 543
100 560
100 742
100 762
100 859
101 193
101 802
101 890
101 900
101 959
102 190
102 417
102 509
102 528
102 581
102 604
102 682
103 127
103 170
103 171
103 357
103 453
103 488
103 605
103 778
103 779
104 150
104 157
104 269
104 354
104 361
104 413
104 679
104 806
104 949
105 119
105 364
105 626
105 919
105 962
106 174
106 297
106 453
106 608
106 616
106 933
107 281
107 597
107 692
107 719
107 809
107 812
107 838
108 692
108 784
108 865
109 259
109 329
109 333
109 339
109 501
109 510
109 890
110 127
110 132
110 958
110 988
111 286
111 398
111 532
111 569
111 951
111 969
112 142
112 197
112 440
112 508
112 591
113 144
113 177
113 193
113 265
113 299
113 502
113 696
113 723
113 787
113 855
114 178
114 301
114 433
114 520
114 804
114 962
115 138
115 344
115 571
115 768
115 769
115 816
116 142
116 164
116 196
116 543
116 735
116 801
116 819
116 844
116 974
117 557
117 570
117 599
117 625
117 959
117 989
118 196
118 232
118 293
118 428
118 680
118 713
118 812
118 875
118 910
118 937
118 961
119 135
119 150
119 183
119 195
119 224
119 239
119 316
119 349
119 827
119 838
119 896
119 926
120 149
120 309
120 321
120 377
120 400
120 569
120 834
120 890
121 426
121 548
121 835
121 899
121 965
122 139
122 567
122 740
122 754
122 857
123 281
123 355
123 363
123 703
123 714
124 208
124 265
124 434
124 480
124 587
124 588
124 700
124 807
124 985
125 542
125 780
125 835
125 932
126 186
126 556
126 812
126 826
127 150
127 272
127 423
127 504
127 521
127 639
127 725
128 146
128 149
128 645
128 920
129 488
129 880
130 224
130 294
130 602
130 659
130 842
131 189
131 260
131 285
131 472
131 478
131 678
131 714
131 772
131 849
131 900
131 976
132 211
132 858
132 932
133 580
133 778
133 952
134 262
134 337
134 437
134 490
134 557
134 824
134 913
134 947
135 257
135 296
135 322
135 327
135 473
136 196
136 270
136 627
136 887
137 170
137 301
137 344
137 437
137 509
137 556
137 731
137 732
138 284
138 677
138 735
138 992
139 256
139 281
139 350
139 399
139 501
139 603
139 638
139 773
139 793
139 821
140 158
140 312
140 692
140 747
141 160
141 509
141 584
141 655
141 656
142 181
142 245
142 402
142 449
142 818
143 229
143 243
143 519
143 561
143 580
143 713
144 161
144 339
144 461
144 467
144 870
144 972
145 427
145 524
145 645
145 671
145 733
145 948
146 263
146 368
146 548
146 609
146 721
147 276
147 289
147 362
147 371
147 698
147 755
147 895
148 162
148 374
148 641
148 673
148 831
149 234
149 595
149 892
150 638
150 671
150 710
151 267
151 281
151 508
151 565
151 791
151 971
152 166
152 627
152 766
152 873
152 921
152 954
153 199
153 322
153 360
153 522
153 793
153 854
154 229
154 332
154 506
155 220
155 392
155 476
155 501
155 531
155 572
155 592
155 830
155 977
156 215
156 264
156 351
156 397
156 841
156 973
157 180
157 285
157 294
157 296
157 315
157 731
157 921
157 922
158 271
158 281
158 709
158 714
158 757
159 192
159 301
159 346
159 494
159 750
159 774
159 971
160 406
160 618
161 208
161 275
161 430
161 475
161 499
161 610
161 619
161 771
161 935
162 208
162 557
162 659
162 664
162 668
162 738
162 820
162 942
163 189
163 248
163 291
163 313
163 429
164 251
164 382
164 508
164 766
165 237
165 582
165 622
165 766
165 791
166 426
166 553
166 569
166 843
167 264
167 418
167 420
167 719
167 757
167 765
168 200
168 207
168 313
168 738
168 750
168 909
169 198
169 247
169 482
169 874
170 352
170 385
170 391
170 440
170 566
170 586
170 658
170 889
170 893
171 269
171 331
171 537
171 569
171 709
171 732
172 346
172 541
172 545
172 659
172 705
172 720
173 239
173 286
173 306
173 449
174 217
174 349
174 498
174 603
174 632
174 762
175 202
175 295
175 404
175 536
175 612
175 813
175 891
175 892
176 596
176 828
177 249
177 520
177 565
177 651
177 925
178 277
178 389
178 469
178 680
178 702
178 832
178 886
179 255
179 441
179 753
179 906
179 916
180 550
180 553
180 785
180 984
181 298
181 626
182 237
182 297
182 350
182 559
182 589
182 608
182 797
182 848
183 235
183 776
184 276
184 444
184 552
184 950
185 200
185 520
185 671
185 698
186 237
186 418
186 487
186 497
186 777
186 816
187 298
187 483
188 206
188 237
188 437
188 440
188 696
188 761
188 921
189 324
189 337
189 448
189 645
189 956
190 238
190 242
190 795
191 337
191 359
191 399
191 485
191 644
191 742
191 967
192 279
192 646
192 752
192 955
192 992
193 240
193 247
193 387
193 963
194 263
194 607
194 611
194 695
194 796
194 850
194 888
195 362
195 445
195 729
195 813
195 846
195 903
196 467
196 601
196 693
196 694
196 843
196 948
197 495
197 522
197 762
197 866
198 543
198 703
198 815
198 820
198 836
198 861
199 323
199 577
199 670
199 716
199 875
200 408
200 471
200 567
200 781
200 801
200 842
200 921
200 954
201 209
201 362
201 795
201 953
202 237
202 333
202 581
202 648
203 600
203 620
203 737
203 763
203 800
203 914
204 249
204 433
204 436
204 800
205 636
205 684
205 797
205 851
205 858
205 902
205 990
206 360
206 569
206 721
206 862
206 890
207 711
207 758
207 875
208 502
208 615
208 715
208 729
208 861
209 471
209 574
209 592
209 621
209 850
209 899
209 942
209 967
210 233
210 245
210 559
210 870
210 985
211 314
211 374
211 382
211 881
211 903
211 936
212 473
212 474
212 834
213 274
213 406
213 454
213 650
213 673
213 720
214 220
214 454
215 231
215 373
215 465
215 609
215 854
215 940
215 996
216 390
216 398
216 702
216 745
216 815
216 842
216 991
217 240
217 252
217 285
217 415
217 738
218 373
218 609
218 711
218 774
219 306
219 451
219 880
219 934
220 708
220 775
220 997
221 626
221 934
221 977
222 584
222 755
223 349
223 506
223 583
223 756
223 868
223 909
223 944
224 647
225 448
225 469
225 476
225 480
225 587
225 805
225 986
226 249
226 309
226 337
226 353
226 404
226 439
226 669
226 842
227 335
227 508
227 675
227 757
227 760
227 964
228 592
228 762
228 870
228 928
229 386
229 853
230 321
230 454
230 525
230 968
231 568
232 301
232 593
232 620
232 761
232 862
233 665
233 726
233 820
233 943
233 963
234 436
234 484
234 517
234 706
234 871
234 934
235 455
235 492
235 598
235 967
236 321
236 407
236 487
236 801
236 861
237 375
237 574
237 711
237 752
237 882
237 972
237 980
238 401
238 967
239 296
239 358
239 489
239 504
239 666
239 738
239 934
239 959
240 458
240 675
240 785
240 788
240 901
241 314
241 440
241 525
241 531
241 715
241 882
241 883
241 918
242 546
242 853
243 278
243 667
243 734
243 823
243 894
244 502
244 602
244 610
244 635
244 837
244 932
245 664
245 748
246 281
246 467
246 580
246 694
246 992
247 500
247 528
247 664
247 694
247 992
248 663
248 798
248 907
249 291
249 524
249 534
249 837
249 923
250 331
250 354
250 368
250 494
250 690
250 795
250 854
250 868
250 949
251 379
251 412
251 841
252 288
252 380
252 422
252 654
252 879
253 371
253 556
253 641
253 677
253 949
254 273
254 530
254 629
254 929
255 297
255 311
256 346
256 496
256 582
256 608
256 909
256 936
256 990
257 486
257 773
257 779
258 299
258 571
258 768
258 770
258 886
258 922
258 982
259 308
259 408
259 530
259 886
260 340
260 433
260 439
260 957
261 271
261 588
261 637
261 716
261 821
261 938
262 307
262 343
262 511
262 523
262 795
263 372
263 612
263 848
263 865
264 393
264 454
264 627
265 453
265 623
265 752
266 631
266 720
266 792
266 856
267 443
267 992
268 317
268 417
268 626
268 839
269 433
269 442
269 827
270 280
270 650
270 719
270 877
271 592
271 772
272 515
272 629
272 797
272 922
272 950
272 987
273 347
273 613
273 692
273 709
273 756
273 797
273 944
273 996
274 359
274 425
274 467
274 543
274 615
274 698
275 452
275 454
275 622
275 843
276 528
276 560
276 899
276 977
277 507
277 730
278 327
278 471
278 580
278 617
279 538
279 611
279 657
279 753
279 972
280 312
280 470
280 504
280 565
280 939
280 985
281 345
281 395
281 621
281 624
281 801
282 302
282 607
282 768
282 878
283 602
283 603
284 763
285 502
285 558
285 637
286 332
286 586
286 636
286 648
286 724
286 727
287 379
287 901
288 408
288 494
288 640
288 684
288 808
289 301
289 414
289 471
289 627
289 864
289 894
290 513
290 680
290 905
290 906
291 293
291 520
291 562
291 946
291 979
291 982
292 809
292 837
292 860
293 384
293 653
293 763
294 296
294 306
294 720
294 858
295 298
295 330
295 352
295 370
295 514
295 611
295 747
295 763
295 962
296 537
296 756
297 400
297 713
297 927
297 943
297 949
297 971
298 399
298 439
298 930
298 954
299 371
299 802
300 316
300 403
300 423
300 436
300 505
300 554
300 688
300 846
300 969
301 323
301 436
301 887
301 956
302 328
302 655
302 855
303 306
303 403
303 440
303 773
304 421
304 549
304 775
305 535
305 663
305 922
305 944
306 389
306 413
306 500
306 563
308 387
308 735
309 509
309 540
309 582
309 622
309 641
309 755
309 869
310 330
310 492
310 681
310 726
310 909
310 910
311 505
311 613
311 765
311 830
311 894
312 620
312 981
313 703
313 725
313 869
313 902
314 362
314 669
314 919
315 803
315 876
315 894
315 930
316 344
316 699
317 491
317 529
317 565
317 613
317 794
317 805
317 828
317 888
318 679
318 767
318 919
319 396
319 496
319 679
319 797
319 875
320 446
320 978
321 891
321 914
322 516
322 551
322 884
323 488
323 611
323 651
323 714
323 809
323 891
324 402
324 496
324 795
324 812
324 840
325 443
325 611
325 646
325 833
325 910
325 917
325 984
326 547
326 607
326 739
327 522
327 792
327 841
327 945
328 442
328 470
328 603
328 936
329 382
329 554
329 669
329 951
330 578
330 646
330 711
330 775
331 394
331 702
331 766
331 816
332 426
332 545
333 430
333 664
333 721
334 496
334 652
334 926
334 952
334 963
335 572
335 831
335 947
336 411
336 435
336 890
336 925
336 982
337 670
337 964
338 340
338 485
338 614
338 881
338 927
339 572
339 609
339 641
339 701
341 406
341 677
342 343
342 454
342 798
342 840
342 882
343 407
343 639
343 811
343 872
344 622
344 878
345 457
345 554
345 880
345 940
345 986
346 358
346 485
346 678
346 818
347 413
347 572
347 945
347 974
348 519
349 454
349 514
349 714
349 763
349 874
350 397
350 416
350 715
350 738
350 786
350 796
350 900
351 557
351 581
351 615
351 932
351 966
352 427
352 503
352 556
352 690
352 759
353 569
353 697
353 817
354 368
354 667
355 426
355 451
355 663
355 787
356 500
356 505
356 780
357 381
357 443
357 483
357 610
357 855
357 921
358 382
358 474
358 759
358 894
359 676
359 680
359 718
359 755
359 784
359 829
359 906
360 362
360 468
360 602
361 376
361 529
361 564
361 871
361 903
362 749
362 774
362 825
362 925
363 401
363 427
363 498
363 544
363 952
364 514
364 515
364 564
364 645
364 752
364 862
364 869
364 892
364 944
365 505
365 666
365 789
365 914
366 743
366 775
367 637
367 964
368 433
368 460
368 749
369 443
369 511
369 544
369 704
370 548
370 792
370 877
370 920
371 400
371 489
371 563
371 617
371 653
371 673
371 813
371 960
372 628
372 820
373 500
373 747
373 787
374 461
374 485
374 814
374 906
374 991
375 450
375 703
376 425
376 645
376 921
377 694
377 786
378 455
378 519
378 540
378 634
379 587
379 775
379 887
379 930
379 935
380 567
380 699
380 723
380 728
380 896
381 548
381 607
381 956
381 999
382 472
382 493
382 870
382 876
382 927
383 679
383 711
384 730
384 738
384 790
384 817
385 635
386 555
387 468
388 531
388 765
388 890
388 941
389 535
389 625
389 679
389 828
389 830
389 997
390 397
390 419
390 675
391 598
391 984
393 522
393 540
393 596
393 621
394 425
394 677
394 808
394 861
394 862
395 550
395 658
395 868
396 489
398 695
398 698
398 752
398 804
398 842
399 480
399 913
400 411
400 616
400 647
400 904
401 657
401 864
401 908
401 945
402 612
402 666
402 931
403 995
404 760
404 835
404 849
405 435
405 441
405 701
405 704
405 750
405 880
406 477
406 551
406 640
406 675
406 688
406 699
407 596
407 812
407 839
407 867
407 903
408 596
408 666
408 944
409 448
409 619
410 541
410 664
410 765
410 852
410 873
411 623
411 628
411 884
411 994
412 525
412 638
412 783
412 860
413 436
413 876
414 527
414 608
414 797
414 832
415 533
415 536
415 609
415 766
415 773
416 446
416 530
416 731
416 909
417 463
417 538
417 631
417 660
417 709
417 746
417 777
417 783
417 830
418 910
418 916
419 554
419 575
419 690
419 820
419 920
419 930
420 559
420 580
420 686
420 781
421 429
421 588
421 867
421 881
422 486
422 501
422 672
422 831
424 504
424 615
424 770
424 797
424 844
425 481
425 564
425 646
425 771
425 791
426 509
426 528
426 721
426 793
426 874
426 877
426 933
426 957
427 606
427 609
428 512
428 551
429 657
429 679
429 859
429 889
430 684
431 436
431 751
431 917
432 530
432 924
433 554
433 588
433 631
434 493
434 937
435 490
435 630
435 740
436 443
436 500
436 653
436 858
436 990
437 486
437 697
437 842
438 496
438 518
438 660
438 929
438 985
438 997
439 484
441 483
441 595
441 925
442 548
442 734
442 887
442 949
442 971
443 787
443 913
443 959
444 571
444 613
444 659
444 713
444 907
444 969
445 659
445 693
445 708
445 783
446 561
446 738
446 770
447 787
447 882
447 937
448 671
449 866
450 480
450 568
450 604
450 649
451 520
451 676
451 988
452 530
452 770
453 710
453 800
454 480
454 836
454 984
455 485
455 625
455 839
456 470
456 521
456 580
456 644
456 670
457 462
457 648
457 871
457 919
458 478
458 646
458 690
458 734
458 926
458 971
459 473
460 515
460 848
460 876
460 948
461 648
461 967
462 553
464 491
464 689
464 716
464 792
464 938
465 477
465 576
465 636
465 721
465 742
465 780
466 938
466 943
467 742
467 745
467 776
468 981
469 742
469 825
469 855
470 574
470 665
470 912
471 579
471 677
472 709
473 535
473 858
473 917
474 589
474 635
474 734
474 762
474 800
474 990
475 556
475 567
475 708
475 921
475 987
476 490
476 666
476 743
476 777
476 901
477 890
477 909
477 947
478 594
478 615
478 703
478 797
478 814
478 912
479 682
479 863
480 608
480 765
481 628
481 810
482 616
482 804
482 813
482 996
483 504
483 529
483 641
484 533
484 733
484 736
485 556
485 684
485 788
485 968
485 995
486 530
486 971
487 726
487 930
488 627
488 640
488 669
489 624
489 708
489 867
490 708
490 803
490 898
491 530
491 549
491 932
491 953
492 739
492 831
493 645
493 794
493 987
494 536
494 546
495 587
495 941
496 764
496 773
496 865
497 535
497 662
497 687
497 775
497 984
498 576
498 735
498 830
499 504
499 547
499 617
499 757
499 815
500 625
500 696
500 733
500 915
500 988
501 513
501 522
501 587
501 609
501 687
501 758
502 583
502 651
503 552
503 568
503 643
503 851
504 636
504 766
505 579
505 873
505 929
505 996
506 659
506 689
506 759
506 796
506 897
506 960
507 536
507 644
508 560
509 671
509 713
509 997
510 669
510 712
510 878
511 751
511 921
511 929
511 969
512 533
512 570
512 607
512 691
512 955
513 895
514 579
514 832
514 951
515 693
515 875
516 577
516 605
516 874
516 889
516 894
517 934
517 950
518 908
519 645
519 729
519 882
519 966
519 997
520 781
520 825
520 932
521 556
521 689
521 757
521 794
521 997
522 798
523 698
523 704
523 947
524 566
524 664
524 764
525 614
525 798
526 554
526 761
526 862
527 566
527 629
527 635
527 863
527 944
527 970
528 648
528 687
529 555
529 568
529 866
530 857
530 908
530 963
531 539
532 562
532 592
532 688
533 549
533 723
533 906
533 926
533 972
533 977
534 555
534 683
534 755
534 885
535 890
535 967
535 983
536 812
537 798
538 566
538 705
539 673
540 880
541 790
541 946
542 752
542 804
543 722
543 994
544 573
544 674
544 719
544 836
544 974
545 625
545 726
545 802
545 986
546 703
546 711
547 670
547 721
547 953
547 999
548 866
548 878
548 998
549 774
549 921
549 993
550 613
550 850
551 595
551 598
551 781
551 890
552 649
552 766
552 908
553 736
553 814
553 844
553 917
555 573
555 711
555 907
555 971
556 602
556 739
556 748
558 635
558 653
559 609
559 803
560 614
560 617
560 672
560 739
561 575
561 730
561 817
561 837
561 876
562 778
562 815
562 933
563 718
563 730
563 739
563 796
563 910
564 570
564 774
564 836
565 643
565 664
565 848
565 886
565 911
567 573
567 588
567 612
567 926
568 595
568 972
568 986
569 618
569 715
569 969
570 597
571 677
572 620
573 575
573 713
574 760
574 885
574 960
575 642
575 690
576 947
576 965
577 733
578 751
578 884
578 965
578 976
579 807
579 871
579 931
580 678
581 633
581 842
581 998
582 621
582 966
583 871
583 950
584 843
584 895
585 673
585 774
585 785
586 882
587 689
587 959
589 677
589 695
590 998
591 592
591 701
591 708
591 732
591 738
591 929
592 740
593 907
593 980
594 660
594 686
594 793
594 952
595 712
596 665
596 714
596 826
596 873
596 930
598 602
598 661
598 793
599 760
600 652
600 842
600 881
601 677
601 808
601 814
601 949
602 661
602 663
603 827
603 856
603 924
604 619
604 931
605 756
605 826
605 970
606 792
606 836
607 623
607 988
608 874
610 918
610 922
610 990
611 772
611 909
611 933
611 970
611 990
612 664
613 631
613 648
614 666
614 707
614 842
614 911
615 774
615 848
615 929
616 651
616 664
616 685
616 870
616 987
617 704
618 743
619 673
619 851
619 866
619 882
620 628
620 712
620 838
621 703
621 945
622 696
622 835
622 865
622 911
623 761
623 835
624 643
624 657
624 751
625 666
625 745
625 854
625 884
625 937
627 742
627 790
627 888
627 946
627 971
628 744
628 913
628 934
629 732
630 735
630 773
630 798
630 996
631 672
631 714
632 665
632 808
632 812
632 981
633 724
633 934
634 717
635 676
635 731
635 936
637 768
638 692
638 696
640 669
640 678
642 718
642 732
642 953
643 717
643 753
643 765
644 780
644 794
644 797
644 820
645 784
645 868
645 937
646 756
647 656
647 688
647 885
648 671
648 756
648 957
649 742
649 751
649 809
649 972
650 699
650 922
650 936
651 813
652 857
652 985
652 995
653 752
653 810
654 656
654 841
655 772
657 761
661 672
661 827
661 855
661 995
662 867
664 828
664 908
665 683
665 752
665 781
666 836
666 852
666 856
667 733
667 852
668 762
668 946
669 842
671 933
671 963
672 711
673 745
675 677
675 801
675 892
676 691
678 919
678 961
679 996
680 687
680 694
680 941
681 747
681 811
681 819
681 987
681 990
682 791
682 983
683 686
684 752
684 923
684 943
685 778
685 810
685 926
686 760
686 772
686 835
686 858
686 949
687 864
687 878
687 996
688 997
689 706
689 744
689 821
689 930
690 719
691 692
691 711
692 862
693 910
695 825
695 991
696 708
696 769
697 790
697 832
697 858
698 893
698 916
699 709
699 818
699 864
699 927
699 968
700 741
700 800
701 995
702 744
702 793
702 893
703 855
703 916
704 765
704 907
705 772
706 712
706 760
706 951
707 853
707 999
709 769
709 816
710 838
710 868
710 994
710 996
711 716
711 806
711 810
711 843
711 946
711 949
712 927
716 782
716 883
717 743
717 869
717 924
717 941
718 721
719 753
719 875
719 971
720 887
720 931
722 752
724 768
724 911
724 913
724 946
724 966
727 792
727 936
728 761
729 781
729 824
729 830
730 778
730 816
730 875
730 969
731 833
731 967
732 734
732 842
735 799
736 782
736 870
736 883
736 994
737 860
737 912
737 919
738 848
738 897
738 944
739 952
740 791
740 904
740 999
741 821
741 847
742 775
742 792
742 848
742 908
743 765
743 783
745 746
745 796
745 917
745 975
746 797
748 776
748 907
748 937
750 771
750 944
751 783
751 880
752 860
753 773
754 790
754 861
754 950
754 965
755 991
756 912
756 981
757 951
758 849
758 891
759 894
760 927
761 937
764 800
765 817
766 890
767 789
768 909
769 799
769 812
770 887
770 932
771 861
772 852
772 976
774 923
775 877
776 790
776 869
778 849
778 993
779 804
779 868
780 827
784 826
784 873
784 916
786 862
786 950
786 994
787 864
789 938
791 814
791 852
791 970
792 863
792 905
792 937
793 865
793 971
794 933
795 814
797 811
797 908
797 930
797 996
802 944
803 806
805 894
806 995
807 894
808 902
809 875
810 919
810 966
811 843
811 895
813 978
814 898
814 905
815 953
816 857
817 942
819 836
820 847
820 903
820 916
820 921
822 840
822 853
822 930
823 886
824 981
825 838
826 968
828 887
829 889
830 893
831 994
832 900
832 989
833 845
834 917
835 845
836 889
837 975
838 941
839 851
842 883
842 957
843 951
844 893
846 867
847 985
849 901
851 978
852 924
856 992
857 978
857 996
858 957
859 935
862 879
862 893
863 879
863 905
865 920
865 940
866 935
867 880
867 931
867 998
868 932
868 989
869 972
870 899
871 981
875 895
876 993
880 957
882 988
882 992
883 898
886 979
887 942
889 964
889 980
892 984
893 925
893 991
895 958
896 939
897 947
900 910
900 944
903 907
905 939
908 940
911 968
918 960
920 964
921 943
924 987
925 969
932 995
934 966
934 982
935 942
937 977
942 965
947 953
947 969
952 978
952 980
952 983
953 999
957 979
958 961
962 988
969 972
972 999
0
10 999
