1000	3031	 1
0 91
0 296
0 316
0 516
0 877
1 198
1 229
1 306
1 497
1 669
2 65
2 264
2 572
2 888
3 149
3 267
3 642
3 938
4 20
4 63
4 338
4 342
4 548
4 555
5 173
5 209
5 889
5 912
6 77
6 95
6 179
6 886
7 263
7 317
7 439
7 484
7 800
8 138
8 289
8 493
8 660
8 764
8 975
9 39
9 190
9 244
9 285
9 427
9 698
10 30
10 56
10 183
10 234
10 443
10 462
10 466
10 494
10 616
10 698
10 766
11 28
11 443
11 737
12 202
12 276
12 297
12 299
12 372
12 891
13 139
13 275
13 415
13 865
14 34
14 39
14 172
14 599
14 928
15 129
15 183
15 190
15 534
15 861
15 911
15 934
16 154
16 176
16 257
16 400
16 513
17 61
17 292
17 479
17 810
17 828
17 928
18 183
18 280
18 318
18 755
18 808
18 902
18 922
18 941
18 976
19 812
19 877
19 895
19 965
20 68
20 388
20 410
20 447
20 485
20 608
20 648
20 701
20 759
21 87
21 143
21 182
21 374
21 485
21 541
21 734
21 789
21 866
22 175
22 420
22 497
22 500
22 607
22 641
22 971
23 467
23 747
24 446
24 482
24 515
24 624
25 181
25 197
25 384
25 542
25 799
26 47
26 206
26 468
26 476
26 669
26 779
26 891
27 427
27 801
27 871
28 93
28 471
28 794
28 926
28 977
29 108
29 139
29 318
29 378
29 428
29 611
29 662
29 735
29 976
30 76
30 100
30 336
30 618
30 653
30 663
31 185
31 298
31 539
31 581
31 586
31 959
32 207
32 223
32 401
32 406
32 537
32 539
32 677
32 810
32 966
33 305
33 446
34 122
34 261
34 678
34 789
34 947
35 160
35 233
35 451
35 498
35 772
35 939
36 863
36 896
36 931
36 973
37 244
37 432
37 771
37 865
37 872
37 911
37 923
38 114
38 284
38 471
38 679
38 882
38 886
39 226
39 358
39 477
39 508
39 834
39 952
40 247
40 280
40 476
40 563
40 576
40 678
40 793
40 956
41 137
41 140
41 461
41 505
41 534
41 589
41 817
42 669
42 675
42 877
43 797
43 814
44 220
44 633
44 804
44 903
45 337
45 529
45 597
45 613
45 650
45 701
45 743
45 781
45 813
45 930
46 86
46 112
46 355
46 501
46 550
46 623
46 694
46 779
46 875
47 281
47 393
47 462
47 615
47 759
47 796
47 924
48 321
48 437
48 700
48 764
48 911
49 98
49 120
49 148
49 263
49 409
49 471
49 795
49 986
50 95
50 129
50 301
50 333
50 377
50 590
50 629
50 688
51 414
51 490
51 597
51 728
51 792
51 850
52 253
52 379
52 432
52 905
52 938
53 403
53 596
53 924
54 79
54 493
54 521
54 910
55 91
55 429
55 442
55 532
55 663
55 897
55 935
56 178
56 310
56 334
56 440
56 449
56 480
56 501
56 653
56 689
56 802
57 463
57 499
57 911
58 76
58 283
58 307
58 763
58 809
59 279
59 817
59 992
60 62
60 170
60 388
60 602
60 640
60 654
60 660
61 116
61 400
61 950
61 993
62 87
62 300
62 435
62 930
63 353
63 613
63 846
63 885
64 69
64 385
65 463
65 516
65 556
65 611
65 628
65 885
66 71
66 105
66 278
66 324
66 372
66 444
66 466
66 690
66 974
67 109
67 136
67 332
67 351
67 363
67 681
67 965
68 129
68 177
69 652
70 185
70 187
70 337
70 353
70 562
70 781
70 823
70 910
71 125
71 631
72 123
72 141
72 290
72 470
72 777
72 816
73 403
73 421
73 834
73 878
73 957
74 170
74 326
74 337
74 453
74 457
74 512
75 76
75 123
75 229
75 351
75 485
75 663
75 902
75 911
75 951
76 206
76 260
76 377
76 434
76 623
76 790
77 169
77 549
77 551
77 939
77 987
78 146
78 436
78 591
78 756
78 940
79 311
79 463
79 516
79 521
79 769
79 975
80 162
80 252
80 917
81 156
81 541
81 836
81 885
81 969
82 324
82 505
83 159
83 174
83 336
83 361
83 712
84 179
84 183
84 341
84 441
84 491
84 571
84 611
84 634
84 683
84 710
84 761
85 200
85 358
85 381
85 578
85 663
85 828
86 109
86 138
86 181
86 903
86 949
87 280
87 407
87 878
88 263
88 290
88 368
88 536
88 967
89 223
89 251
89 363
89 406
89 549
89 651
89 806
90 214
90 303
90 417
90 470
90 593
90 596
90 854
90 862
90 883
90 946
91 154
91 378
91 505
91 625
91 634
92 275
92 294
92 304
92 862
92 926
92 975
93 539
93 562
94 177
94 301
94 472
94 543
94 552
94 568
94 737
94 835
94 880
94 924
95 157
95 187
95 545
95 712
96 292
96 306
96 615
96 858
96 936
97 124
97 534
97 969
98 787
98 832
99 214
99 640
99 811
100 120
100 235
100 241
100 283
100 899
100 917
101 410
101 546
101 694
102 258
102 271
102 516
102 589
102 597
102 794
103 133
103 218
103 638
103 643
103 807
104 163
104 197
104 353
104 689
104 721
104 817
104 983
105 176
105 431
105 462
105 578
105 605
105 643
105 681
105 916
106 283
106 466
106 523
106 574
106 622
106 759
106 960
107 276
107 506
107 793
108 235
108 590
108 596
108 616
108 672
108 744
108 922
109 248
109 274
109 770
109 837
109 843
109 897
110 120
110 145
110 260
110 356
110 466
110 624
110 978
111 445
111 724
111 885
112 814
112 826
113 151
113 208
113 291
113 616
113 920
114 326
114 645
114 704
114 722
114 774
115 315
115 623
115 772
115 808
115 990
116 140
116 151
116 293
116 295
116 348
116 452
116 549
116 769
116 861
116 888
116 911
117 255
117 805
117 867
117 936
118 312
118 316
118 327
118 536
118 753
118 821
118 861
119 135
119 216
119 553
119 618
119 668
119 754
119 890
119 926
120 261
120 330
120 608
120 818
121 224
121 401
121 758
121 813
121 840
122 423
122 572
122 610
122 767
122 916
123 329
123 498
123 698
123 970
123 972
124 154
124 218
124 391
124 635
124 893
125 231
125 348
125 357
125 538
125 827
125 954
126 223
126 300
126 348
126 431
126 650
126 921
127 240
127 302
127 478
127 501
127 647
127 846
127 997
128 166
128 213
128 240
128 294
128 440
128 448
128 865
128 920
129 176
129 220
129 239
129 328
129 388
129 489
129 837
129 934
130 263
130 337
130 394
130 612
130 656
130 784
131 355
131 724
131 843
132 155
132 174
132 514
132 573
132 654
132 815
132 864
132 893
133 323
133 885
133 931
133 940
133 990
134 607
134 613
134 840
134 905
134 954
134 981
135 308
135 352
135 425
135 752
135 787
135 923
135 933
135 953
135 999
136 315
136 497
136 522
136 613
136 955
137 460
137 474
137 538
137 592
137 662
137 709
137 717
137 949
138 257
138 308
138 509
138 884
139 214
139 627
139 649
139 699
140 173
140 329
140 476
140 727
140 955
141 342
141 601
142 353
142 373
142 571
143 176
143 242
143 543
144 663
144 702
144 844
144 962
144 996
145 174
145 556
145 581
146 191
146 316
146 694
146 724
146 787
146 839
146 956
147 212
147 233
147 400
147 443
147 459
147 651
147 736
147 847
147 858
147 926
148 151
148 240
148 254
148 336
148 582
148 636
149 548
149 717
149 897
150 196
150 320
150 324
150 510
150 533
150 844
150 989
151 318
151 954
152 482
152 567
153 242
153 532
153 712
154 420
154 578
154 725
154 996
155 161
155 359
155 778
155 794
155 999
156 193
156 214
156 574
156 719
156 829
156 897
157 293
157 414
157 426
157 571
157 859
158 175
158 279
158 348
159 385
159 607
159 776
160 309
160 456
160 548
160 793
160 797
161 381
161 436
161 539
161 958
161 986
162 267
162 612
162 682
162 697
162 958
163 370
163 471
163 811
163 821
163 864
164 327
164 500
164 836
164 949
165 308
165 584
165 648
165 714
166 535
166 580
166 598
166 630
166 748
167 274
167 502
167 650
167 720
167 974
167 980
168 423
168 459
168 468
168 482
168 517
168 791
169 763
169 896
170 202
170 205
170 257
170 306
170 425
170 778
171 190
171 663
171 791
171 919
171 925
172 270
172 299
172 441
172 738
172 961
172 996
173 496
174 182
174 207
174 286
174 320
174 520
174 615
174 840
175 558
175 625
175 728
175 899
175 925
175 974
176 463
176 544
176 558
176 656
176 719
177 182
177 246
177 347
177 465
177 573
177 807
177 847
177 947
177 982
178 499
178 520
178 685
178 777
178 922
178 984
179 443
179 583
179 717
179 977
179 984
180 216
180 251
180 419
180 461
180 688
181 225
181 360
181 533
181 725
181 907
182 576
182 732
182 735
182 888
183 185
183 469
183 739
184 444
184 457
184 824
184 984
185 349
185 418
185 504
185 561
185 629
185 752
185 756
185 759
186 268
186 342
186 362
186 387
186 600
186 765
186 880
186 951
186 995
187 619
187 706
187 725
188 253
188 353
188 533
188 547
189 275
189 277
189 682
190 205
190 303
190 332
190 350
190 520
190 872
190 891
191 280
191 763
192 357
192 411
192 520
192 575
192 659
193 261
193 304
193 547
193 789
193 814
193 969
194 380
194 382
194 482
194 656
194 831
195 252
195 413
195 661
196 315
196 383
196 581
196 825
196 885
196 908
197 271
197 407
197 641
197 826
197 920
198 353
198 417
198 508
198 754
198 842
199 265
199 492
199 530
199 944
200 211
200 227
200 234
200 299
200 611
200 947
201 581
201 617
201 833
201 868
201 988
202 455
202 605
202 711
202 734
203 301
203 445
203 560
203 644
203 715
203 913
204 318
204 379
204 399
204 422
204 671
204 678
204 706
204 741
204 799
205 278
205 565
205 568
205 770
205 905
205 978
205 979
205 982
206 218
206 371
206 564
206 819
206 890
206 916
207 265
207 545
207 762
207 787
208 785
209 557
209 757
209 912
210 222
210 590
211 252
211 313
211 367
212 385
212 733
212 827
212 925
212 974
213 275
213 355
213 777
213 825
214 832
214 834
214 958
215 269
215 442
215 573
215 879
216 475
216 765
216 898
216 972
216 985
217 241
217 364
217 404
218 264
218 441
218 837
218 840
219 232
219 243
219 740
219 779
219 894
219 972
220 344
220 536
220 793
220 974
221 253
221 422
221 540
221 654
221 773
221 796
221 805
221 846
221 949
222 227
222 243
222 368
222 510
222 569
222 852
222 969
223 631
223 750
224 352
224 479
224 517
224 889
225 271
225 585
225 742
225 916
225 978
226 633
226 676
226 817
226 832
226 839
226 978
226 987
227 249
227 343
227 436
228 414
228 503
228 785
228 806
228 882
228 930
229 286
229 313
229 529
229 566
229 718
229 779
229 924
229 983
230 667
230 741
230 805
230 861
230 976
231 394
231 437
231 548
231 846
231 911
232 798
233 372
233 643
234 250
234 372
234 841
234 847
235 399
235 438
235 549
235 626
236 283
236 428
236 524
236 732
236 800
236 910
237 543
237 578
237 596
237 695
238 332
238 347
238 442
238 453
238 504
238 543
238 946
238 998
239 543
239 603
239 611
239 744
239 768
239 828
239 880
239 881
240 304
240 656
240 661
240 744
241 245
241 483
242 429
242 618
242 703
242 919
242 989
243 314
243 525
243 529
243 749
243 752
244 528
244 636
244 774
244 941
245 304
245 738
245 848
246 708
246 757
246 843
246 869
247 495
247 571
247 594
247 600
247 650
247 685
247 802
248 264
248 538
248 632
248 699
248 838
249 304
249 899
250 293
250 357
250 376
250 611
250 841
250 929
251 359
251 368
251 381
251 502
251 755
251 840
252 261
252 281
252 542
252 546
252 623
252 677
252 725
252 825
252 877
252 880
253 477
253 838
253 988
254 289
254 903
255 335
255 687
255 943
255 955
256 373
256 589
256 622
256 651
257 283
257 290
257 306
257 444
257 447
257 510
257 525
257 674
258 365
258 489
258 714
258 878
258 920
259 373
259 380
259 782
259 821
259 980
260 335
260 357
260 763
260 842
260 900
261 711
262 712
262 823
262 833
263 278
263 303
263 437
263 501
263 576
263 771
264 293
264 330
264 372
264 486
264 574
264 611
264 620
264 702
265 350
265 358
265 407
265 586
265 632
265 816
265 963
266 355
266 457
266 596
266 724
266 916
266 923
266 940
267 622
267 631
267 658
268 333
268 386
268 408
268 845
269 557
269 771
269 843
269 929
269 961
270 283
270 395
270 836
270 866
271 292
271 299
271 327
271 407
271 836
272 338
272 701
272 918
272 985
273 288
273 446
273 515
273 813
273 840
273 915
274 475
274 657
274 661
274 695
275 296
275 298
275 312
275 331
275 402
275 433
275 512
275 885
276 317
276 633
276 712
276 747
277 373
277 432
277 456
277 556
277 653
277 737
277 964
278 448
278 582
278 654
278 724
279 284
279 635
279 717
279 841
279 992
280 545
280 845
280 924
281 554
281 557
281 900
282 636
282 761
282 762
282 967
282 978
282 993
283 285
283 471
283 505
283 746
283 894
284 396
284 648
284 844
284 905
285 481
285 688
285 752
285 943
286 379
286 585
286 726
286 778
286 947
287 355
287 482
287 558
287 561
287 585
287 616
287 786
287 895
287 960
288 773
288 779
289 853
289 921
290 575
290 789
290 860
291 450
291 559
291 668
291 669
292 436
292 539
292 838
292 851
292 911
292 925
293 485
293 487
293 545
293 899
293 911
294 490
294 548
294 785
294 984
295 338
295 541
295 686
295 982
296 354
296 529
296 558
296 918
297 507
297 542
297 570
297 611
297 661
297 720
297 862
297 974
298 563
298 664
298 838
298 844
299 503
299 642
299 764
299 988
300 737
300 869
300 989
301 383
301 534
301 609
301 994
301 995
302 361
302 362
302 927
302 939
302 957
302 970
303 360
303 380
303 430
303 453
303 496
304 437
304 506
304 598
304 820
304 922
305 725
305 783
306 338
306 490
306 630
306 653
306 846
306 868
306 869
306 871
306 891
306 921
307 404
307 562
307 579
307 678
307 751
307 840
308 509
308 735
308 802
308 861
309 442
309 628
309 697
309 968
310 541
310 557
310 710
310 832
311 314
311 536
311 759
311 944
312 400
312 975
313 797
314 388
314 482
314 776
314 963
315 459
315 515
315 694
315 713
315 869
315 944
316 322
316 518
316 878
316 885
317 588
317 713
317 754
317 879
317 933
317 948
318 381
319 475
319 830
319 908
319 965
320 333
320 396
320 586
320 666
320 673
320 988
321 545
321 841
322 469
322 730
322 855
322 951
323 724
323 993
324 616
324 902
324 938
325 346
325 496
325 650
325 688
325 832
325 843
326 648
326 685
326 748
326 964
327 498
328 354
328 452
328 883
328 890
328 943
329 780
329 811
329 992
330 532
330 654
330 743
330 909
330 953
331 621
331 757
331 850
331 888
331 988
332 336
332 382
332 866
333 363
333 373
333 577
333 609
334 787
334 881
334 966
335 536
335 859
336 569
336 648
336 802
336 817
336 851
336 973
337 993
338 493
338 546
338 768
338 957
339 473
339 550
339 731
339 748
339 811
339 844
339 869
339 914
340 371
340 459
340 494
340 581
340 703
340 756
341 454
341 624
341 648
341 725
341 780
341 874
342 422
342 483
342 757
342 979
343 666
343 701
343 846
343 854
344 642
345 496
345 526
345 876
345 924
346 461
346 619
346 994
347 424
347 463
347 525
347 549
347 712
347 834
348 404
348 460
348 868
349 373
349 444
349 729
349 895
349 929
349 979
349 993
350 390
350 517
350 707
350 906
351 383
351 618
351 621
351 717
351 727
352 354
352 412
352 723
352 976
353 387
353 389
353 410
353 946
354 405
354 438
354 587
354 641
354 826
354 857
354 960
355 392
355 403
355 541
355 739
356 813
357 504
357 663
357 724
357 914
358 470
358 519
358 569
358 629
358 838
358 854
359 921
360 653
360 864
361 451
361 547
361 885
362 452
362 656
362 701
362 744
362 927
363 387
363 984
364 506
364 558
364 724
364 916
365 402
365 510
365 981
366 937
366 970
367 555
367 717
368 419
369 494
369 541
369 560
369 642
370 604
371 378
371 682
372 387
373 641
373 717
373 836
373 853
374 497
374 722
374 803
375 851
375 939
376 404
376 566
376 579
376 648
376 745
377 446
377 618
377 658
377 867
378 527
378 555
378 643
378 694
378 833
379 442
379 501
379 626
379 812
380 697
381 773
382 761
383 550
383 554
383 578
383 909
383 972
384 584
384 646
384 769
385 396
385 512
385 627
385 827
386 408
386 465
386 503
386 520
386 537
386 556
386 595
386 616
386 631
386 682
386 936
386 960
387 470
387 528
387 979
387 981
388 429
388 874
389 420
389 639
389 820
389 992
390 435
390 503
390 504
390 573
390 969
390 979
390 998
391 407
391 700
391 950
392 499
392 719
392 726
392 952
393 560
393 987
394 680
394 730
394 859
395 552
395 907
395 921
396 633
396 834
397 431
397 466
397 611
397 713
397 846
397 932
398 402
398 442
398 448
398 453
398 719
398 823
398 883
398 886
399 534
399 546
399 563
399 817
401 422
402 511
402 523
403 441
403 575
403 836
403 874
404 424
404 507
404 789
404 921
404 957
405 682
405 824
406 844
406 989
407 547
407 679
407 777
408 939
408 977
409 753
410 472
410 536
410 645
410 847
410 913
411 587
411 614
411 956
412 622
412 743
412 876
412 950
413 440
413 462
413 583
413 600
413 798
413 830
413 940
413 988
414 423
414 515
414 535
414 540
414 835
414 849
414 943
415 708
415 777
416 751
416 761
416 896
417 690
418 428
418 483
418 501
418 862
420 701
420 824
420 866
421 485
421 692
422 549
422 664
422 724
422 791
422 906
422 968
423 648
423 707
423 794
423 843
423 880
424 499
424 529
424 951
424 971
425 632
425 811
425 813
425 947
425 948
426 494
426 707
426 908
426 942
426 984
427 687
427 798
427 950
428 447
428 614
429 521
429 541
430 482
430 485
430 504
430 545
430 613
430 718
430 765
430 841
430 998
431 589
431 676
431 701
431 916
431 936
432 442
432 665
432 860
432 926
433 641
434 710
434 936
434 948
435 469
435 559
435 644
435 694
435 718
435 952
436 439
436 452
436 574
436 624
436 965
437 488
438 439
438 727
438 804
439 527
439 683
440 472
440 606
440 864
441 651
441 762
441 777
441 849
441 945
441 985
442 488
443 742
443 750
443 815
443 849
443 887
444 794
444 937
444 985
445 693
445 728
445 914
445 968
446 831
446 876
448 473
448 488
448 825
448 851
448 854
448 913
448 935
449 707
449 807
449 915
450 477
450 785
450 838
451 786
451 897
452 750
452 892
454 509
454 798
454 813
454 875
454 969
454 980
455 632
455 790
456 462
457 583
457 678
458 543
458 615
458 652
458 704
458 840
458 884
458 898
458 951
459 605
460 500
460 806
460 925
461 581
461 609
462 490
462 951
463 714
463 902
463 944
463 969
464 969
465 643
465 856
466 684
466 779
466 797
466 977
467 540
467 575
467 659
467 749
468 561
468 625
468 650
469 642
470 583
470 614
471 582
471 779
471 803
471 865
472 505
472 535
472 628
472 820
472 904
472 961
473 543
473 671
473 746
473 802
474 749
474 879
475 564
475 617
475 666
475 811
476 683
476 782
476 931
477 486
477 576
477 597
477 607
477 806
478 604
478 967
479 588
479 680
479 784
479 908
479 978
479 995
480 923
480 970
481 652
481 729
481 899
481 990
482 727
482 782
484 580
484 584
484 671
485 707
485 989
486 536
486 628
486 676
486 988
487 597
487 657
488 614
488 646
488 939
488 992
489 533
489 608
489 806
489 949
490 711
491 589
491 799
491 920
492 705
492 756
492 915
493 562
493 764
493 856
495 537
495 789
495 933
497 643
497 716
497 786
497 888
498 934
498 965
499 561
499 847
500 531
500 747
500 780
500 992
501 726
501 810
501 946
502 522
502 653
502 682
502 739
503 530
503 625
503 697
503 952
504 676
504 782
505 561
505 666
505 765
505 789
505 804
505 864
506 806
506 973
507 557
507 719
508 655
508 872
509 710
509 905
510 676
510 818
511 630
512 547
512 865
512 995
513 912
514 516
514 639
514 924
515 775
515 870
516 770
516 778
516 997
517 526
517 604
517 706
517 762
518 648
518 722
518 913
518 952
519 587
519 734
519 832
519 851
519 971
519 982
520 600
520 865
520 907
520 954
521 648
521 830
521 976
523 893
523 962
524 584
524 671
524 712
524 958
525 545
525 643
525 711
525 833
526 574
526 699
527 604
529 605
529 707
530 633
530 651
530 855
530 977
530 980
531 554
531 820
531 969
532 658
533 571
533 604
533 694
533 902
534 784
534 858
534 982
535 721
536 784
536 866
537 648
537 844
537 994
539 565
541 780
541 932
542 738
543 596
543 737
543 887
543 957
544 857
544 873
544 932
545 865
545 872
545 936
546 577
546 944
546 979
546 993
547 550
547 707
547 739
547 744
547 846
547 974
550 551
551 959
552 611
552 650
552 886
553 584
553 767
553 804
553 808
553 849
553 889
554 585
554 766
554 844
554 919
555 592
555 847
555 961
556 932
557 595
557 631
557 820
557 908
558 608
558 659
559 561
559 587
559 610
559 893
560 700
560 723
560 789
560 802
560 938
560 967
561 712
561 763
561 840
562 709
562 716
562 901
562 946
563 603
563 620
563 960
564 615
564 870
564 924
565 586
565 711
566 647
566 681
566 753
567 570
567 654
567 713
568 676
568 795
568 835
569 570
569 586
569 684
569 876
570 688
570 870
570 927
570 981
571 624
571 833
572 631
572 669
572 862
572 917
573 654
573 945
574 598
574 779
575 576
575 626
575 805
576 609
576 720
576 756
576 782
576 786
577 685
577 821
578 708
578 937
578 982
579 677
579 733
579 838
579 910
580 635
580 642
580 661
580 943
581 743
581 820
582 598
582 879
582 966
583 604
583 614
583 813
583 941
583 955
585 795
585 877
585 972
586 619
586 622
586 830
586 871
586 977
586 986
587 890
587 923
588 632
588 721
588 738
588 832
588 860
589 918
591 751
591 835
591 849
592 885
593 667
594 612
594 646
594 660
594 666
594 683
594 931
595 715
595 797
595 942
595 971
595 982
596 605
596 614
596 814
596 862
596 925
596 960
597 615
597 683
597 986
598 797
598 975
598 989
599 634
599 828
599 954
600 762
600 847
600 889
601 769
601 882
602 817
602 883
602 886
602 909
603 742
603 815
603 890
604 692
604 847
604 861
605 612
606 611
606 783
606 831
608 629
608 736
609 644
609 666
609 670
609 792
609 960
610 854
610 921
612 788
613 632
613 757
613 989
613 991
614 649
614 759
615 668
615 710
615 896
615 911
616 935
617 649
617 913
617 918
617 969
617 982
618 619
618 635
618 732
618 822
619 655
619 687
619 901
620 625
620 631
620 633
620 652
620 666
620 716
620 917
620 949
621 696
621 802
621 847
621 869
621 951
622 795
622 912
623 703
623 721
623 825
624 985
625 765
625 880
626 640
626 645
626 684
626 753
626 800
626 898
626 933
627 679
629 682
629 713
629 955
629 996
630 747
630 976
631 750
631 875
631 932
632 653
632 751
632 753
632 974
633 856
634 673
634 687
634 711
634 717
634 756
634 859
635 842
636 749
637 782
637 787
637 846
637 948
638 652
638 775
639 683
639 953
639 979
640 719
641 847
642 800
643 806
643 808
643 974
644 902
646 777
646 843
647 902
648 715
648 825
648 846
649 911
650 919
651 686
651 796
652 855
652 907
653 682
653 746
653 769
654 974
654 990
655 726
655 785
655 890
655 892
656 863
656 878
659 675
659 760
659 951
660 730
660 930
660 961
660 968
660 980
662 663
662 707
662 920
663 847
665 722
666 749
667 700
667 779
668 946
669 807
669 906
670 685
670 710
670 742
670 762
670 773
671 717
671 737
671 806
671 905
671 922
672 916
672 941
673 691
673 908
673 924
674 789
674 894
675 682
675 764
675 772
675 908
677 822
677 850
677 906
678 773
678 877
678 951
678 980
679 858
680 716
680 932
680 968
681 814
683 787
683 986
684 806
685 712
685 766
685 916
686 763
687 774
687 945
688 816
688 845
688 888
689 835
690 753
691 797
691 891
691 961
692 862
693 697
693 793
694 729
694 813
694 834
696 706
696 730
696 777
696 919
697 814
698 713
699 773
699 846
699 923
699 928
699 962
700 830
700 956
701 823
701 825
702 748
702 805
702 809
704 741
704 893
704 900
704 990
705 757
705 835
708 726
709 726
710 725
711 729
712 766
712 896
713 797
713 910
713 952
714 792
716 941
716 990
717 959
717 997
718 758
718 806
718 855
718 990
719 777
719 944
720 748
720 863
720 889
720 919
721 740
721 874
721 965
722 769
722 900
723 788
723 800
723 914
724 990
725 788
725 831
725 959
726 896
726 900
727 869
728 958
729 976
730 766
730 853
731 883
732 819
732 883
735 988
736 875
736 914
737 760
737 816
737 946
738 796
738 875
738 987
739 753
739 880
739 952
740 986
741 972
743 822
743 912
743 951
744 953
745 773
745 922
746 834
746 845
746 920
746 946
747 912
748 775
749 768
749 853
749 939
750 965
750 980
751 862
751 975
752 923
752 980
754 872
755 827
755 895
755 913
756 825
756 970
757 846
757 969
758 998
760 800
760 806
761 863
761 887
761 942
762 862
762 929
762 953
764 908
764 916
764 947
765 795
766 866
767 791
767 920
768 946
769 872
769 991
770 790
771 781
771 999
773 806
774 831
774 984
775 797
775 815
775 897
775 991
776 964
777 793
777 840
777 998
778 822
779 890
780 826
780 929
781 827
782 898
783 916
784 945
785 790
785 970
786 833
786 940
786 957
787 817
788 841
789 883
789 910
791 832
792 991
793 881
796 975
797 909
799 820
799 928
801 813
801 898
803 870
804 880
804 905
805 967
805 991
809 812
809 920
810 848
810 948
813 864
813 890
816 977
817 847
819 982
820 947
820 985
821 834
822 843
826 999
828 859
828 988
829 841
831 862
831 954
833 901
833 946
834 916
834 953
834 966
834 968
834 970
834 978
838 936
838 950
839 847
839 872
840 873
841 845
841 852
842 937
843 846
844 957
846 930
847 896
848 950
850 855
850 875
850 897
850 977
850 980
853 978
853 989
855 926
856 936
857 976
859 862
860 892
861 889
862 904
863 918
863 935
863 947
864 913
864 922
865 885
867 900
867 939
867 967
867 997
868 881
868 903
868 926
869 969
871 985
872 971
876 889
876 904
876 957
878 989
879 961
881 882
881 909
883 984
884 916
887 939
888 899
891 929
897 949
897 990
904 917
904 930
905 938
907 971
908 952
911 972
912 924
912 941
915 960
917 988
918 947
920 986
921 958
922 934
925 945
927 952
927 991
928 931
928 970
933 960
934 985
934 986
938 945
939 981
941 993
951 985
954 971
955 972
958 961
962 988
965 985
979 988
981 985
0
10 999
