1000	2987	 1
0 99
0 158
0 283
0 399
0 417
0 469
1 70
1 208
1 417
1 434
1 771
2 96
2 496
2 708
2 788
2 793
3 39
3 343
3 450
3 544
3 757
3 820
4 32
4 199
4 224
4 788
4 951
5 67
5 137
5 502
5 634
6 148
6 286
6 679
6 701
7 30
7 393
7 449
7 466
7 984
8 21
8 131
8 190
8 729
8 792
8 840
8 857
8 978
9 365
9 477
9 812
10 61
10 254
10 274
10 333
10 879
11 644
11 967
12 87
12 383
12 463
12 932
13 161
13 183
13 331
13 358
13 531
13 653
13 678
13 871
14 62
14 65
14 88
14 108
14 218
14 678
14 962
15 40
15 88
15 243
15 579
15 738
15 752
15 865
15 940
16 217
16 255
16 275
16 295
16 416
16 418
16 536
16 589
17 56
17 173
17 294
17 324
17 582
17 708
18 93
18 200
18 224
18 521
18 572
18 607
18 671
18 751
18 780
18 792
18 796
19 280
19 321
19 425
19 618
20 99
20 108
20 244
20 357
20 963
21 133
21 152
21 216
21 236
21 397
21 461
21 513
21 552
21 958
22 29
22 249
22 258
22 623
23 120
23 131
23 430
23 618
23 807
23 827
23 968
24 195
24 378
24 508
24 549
24 730
24 789
24 803
24 804
24 984
25 72
25 286
25 649
25 688
25 750
25 770
25 807
25 876
25 902
25 952
25 964
26 187
26 196
26 441
26 716
26 920
27 211
27 393
27 690
27 797
27 836
27 961
27 993
28 66
28 162
28 641
28 886
28 899
29 36
29 57
29 267
29 297
29 459
29 923
30 237
30 400
30 600
30 664
30 830
31 145
31 207
31 326
31 342
31 486
31 513
31 631
32 76
32 626
32 718
32 756
32 763
32 824
32 863
32 972
33 195
33 511
33 524
33 614
33 666
34 104
34 152
35 50
35 231
35 258
35 310
35 355
35 419
35 492
35 533
36 64
36 444
36 483
36 660
37 184
37 213
37 719
37 944
38 218
38 240
38 244
38 672
39 365
39 399
39 453
39 747
39 755
39 881
39 885
40 148
40 160
40 290
40 328
41 174
41 196
41 221
41 398
41 421
41 776
41 786
42 94
42 610
42 660
42 856
43 148
43 334
43 376
43 988
44 350
44 526
44 635
44 699
44 725
44 864
44 899
44 913
45 131
45 263
45 403
45 719
45 778
45 822
45 856
45 960
46 63
46 311
46 353
46 453
46 501
47 53
47 115
47 358
47 403
47 440
47 699
47 779
48 759
48 793
48 969
49 163
49 193
49 210
49 424
49 684
49 741
49 809
50 104
50 588
51 69
51 96
51 213
51 291
51 362
51 730
52 94
52 143
52 161
52 394
52 898
53 268
53 307
53 890
54 63
54 162
54 287
54 341
54 648
54 815
54 954
55 881
55 928
55 957
56 79
56 166
56 178
56 302
56 509
57 448
57 454
57 463
58 124
58 143
58 177
58 463
58 522
58 597
58 638
58 778
58 811
58 855
59 190
59 206
59 253
59 383
59 540
59 620
59 770
59 796
59 987
60 198
60 299
60 818
60 862
60 967
61 372
61 731
61 740
62 238
62 383
62 492
62 787
62 931
63 155
63 186
63 293
63 437
63 616
63 720
63 742
64 70
64 301
64 395
64 401
64 473
64 527
64 689
64 740
65 201
65 351
65 548
65 561
65 852
65 861
65 873
65 996
66 441
66 640
66 919
67 332
67 454
67 573
67 739
67 781
67 917
68 173
68 678
68 748
68 834
69 304
69 511
69 726
70 455
70 477
70 501
70 600
70 839
70 865
71 447
71 534
71 841
72 684
72 883
73 275
73 499
73 726
73 921
74 186
74 200
74 464
74 880
74 889
74 979
75 94
75 546
75 663
76 168
76 231
76 640
76 961
77 345
77 582
77 789
77 816
77 836
77 841
77 877
77 932
77 934
78 423
78 629
78 646
78 973
79 184
79 417
80 409
80 669
80 677
80 735
80 831
80 970
80 999
81 111
81 183
81 215
81 270
81 464
81 502
81 539
81 584
81 585
81 591
81 631
81 962
82 112
82 287
82 483
82 513
82 523
82 921
82 995
83 115
83 498
83 964
84 252
84 315
84 541
84 634
84 751
85 500
85 602
85 691
85 791
86 93
86 221
86 265
86 679
86 802
86 899
87 379
87 568
87 613
87 663
87 712
87 890
87 900
87 955
88 169
88 232
88 257
88 516
88 653
89 158
89 395
89 423
89 451
89 623
89 856
89 899
90 237
90 299
90 694
90 705
90 782
90 795
91 224
91 304
91 390
91 395
91 556
91 587
91 687
91 830
92 214
92 221
92 525
92 635
92 668
92 798
92 982
93 176
93 219
93 322
93 789
93 959
94 818
94 990
95 123
95 653
96 181
96 185
96 429
96 693
96 699
96 948
97 243
97 324
97 400
97 752
97 924
98 178
98 188
98 243
98 289
98 573
98 694
98 738
98 793
98 839
99 317
99 457
99 832
99 909
99 962
100 284
100 838
101 150
101 236
101 457
101 569
101 755
101 996
102 348
102 404
102 461
103 247
103 516
103 796
103 897
103 916
103 919
103 926
103 928
103 940
104 192
104 530
104 643
104 658
104 703
104 710
104 716
104 886
104 925
104 955
105 141
106 325
106 327
106 448
106 619
106 622
107 172
107 447
107 761
107 841
107 864
107 936
107 950
108 379
108 480
108 493
108 515
108 808
108 903
109 314
109 322
109 473
109 483
110 126
110 344
110 350
110 606
110 666
110 678
110 715
110 723
110 822
111 174
111 453
111 603
111 606
111 772
111 781
111 851
111 860
111 942
112 156
112 233
112 445
112 494
112 497
112 554
112 699
113 329
113 366
113 374
113 487
113 518
114 166
114 205
114 215
114 399
114 413
114 589
114 651
114 700
114 753
114 778
114 795
114 906
115 384
115 558
115 682
115 965
116 146
116 363
116 522
116 780
116 955
117 138
117 235
117 364
117 590
117 973
118 139
118 142
118 165
118 216
118 333
118 633
118 639
118 805
118 806
118 986
119 191
119 210
119 366
119 504
119 561
120 705
120 805
120 872
120 969
121 641
121 726
122 160
122 180
122 207
122 306
122 430
122 874
123 307
123 590
123 620
123 858
123 968
124 148
124 182
124 188
124 516
124 560
124 776
124 840
125 747
125 964
125 975
126 588
127 323
127 557
127 766
127 803
127 927
128 265
128 813
128 827
128 929
129 194
129 213
129 280
129 415
129 421
129 475
129 707
129 714
129 881
130 148
130 301
130 310
130 776
131 727
131 866
131 975
132 322
132 751
132 837
132 847
133 164
133 177
133 323
133 408
133 527
133 537
133 783
133 837
133 933
133 942
134 450
134 607
134 734
135 153
135 509
135 764
136 152
136 214
136 226
136 828
136 834
136 872
136 885
137 526
137 654
137 659
137 695
137 822
137 828
137 833
137 851
138 188
138 363
138 769
138 771
138 881
139 240
139 935
140 172
140 249
140 417
140 924
140 982
141 212
141 240
141 640
141 994
142 345
142 564
142 619
142 916
143 328
143 391
143 538
143 549
143 630
143 669
144 165
144 242
144 398
144 575
144 752
144 765
145 244
145 550
145 670
146 203
146 243
146 404
146 768
146 792
146 858
146 975
147 222
147 229
147 491
147 586
147 652
147 840
147 901
148 643
148 706
148 927
148 956
149 271
149 296
149 545
149 613
149 706
149 732
150 650
150 789
150 851
150 929
150 955
151 228
151 314
151 395
152 255
152 423
152 536
153 181
153 189
153 193
153 384
153 618
153 795
153 834
153 881
153 883
153 910
154 706
154 840
155 451
155 508
155 868
156 175
156 328
156 477
156 500
157 266
157 658
158 237
158 565
158 728
158 916
159 515
160 355
160 504
160 716
160 991
161 194
161 268
161 363
161 379
161 436
161 779
161 810
162 960
163 174
163 494
163 583
163 744
163 826
163 836
164 401
164 546
164 709
164 918
165 817
165 927
166 869
167 365
167 424
167 494
167 704
167 705
167 756
167 847
167 926
168 281
168 483
168 540
168 554
168 644
168 819
168 825
168 927
169 193
169 253
169 415
169 597
169 611
170 227
170 349
170 999
171 243
171 514
171 672
171 823
171 843
171 911
172 175
172 396
172 422
172 498
172 648
172 651
172 801
172 824
173 175
173 221
173 463
173 651
173 823
173 867
174 702
174 778
175 234
175 268
175 400
175 499
175 545
175 569
175 601
175 772
175 842
175 895
176 241
176 409
176 415
176 511
176 571
176 691
176 920
176 947
177 182
177 282
177 699
177 710
178 424
178 477
178 495
178 598
178 728
178 781
178 850
179 184
179 387
179 561
179 633
179 654
179 840
179 971
180 212
180 217
180 446
180 585
180 608
180 693
180 917
181 334
181 536
181 825
182 509
183 212
183 309
183 547
183 694
184 276
184 474
184 865
185 366
185 621
185 819
186 555
186 573
187 356
187 513
187 745
187 780
187 994
188 200
188 214
188 275
188 622
188 634
188 767
189 194
189 294
189 436
189 624
189 838
189 946
190 302
190 401
190 738
191 385
191 481
191 581
191 584
191 703
191 828
192 524
192 575
192 612
192 737
192 763
192 782
192 791
192 860
193 266
193 459
193 612
193 915
193 930
193 956
193 958
194 510
195 312
195 542
195 966
196 486
196 733
196 864
196 868
196 927
197 462
197 548
197 659
197 843
197 853
197 928
198 374
198 415
198 619
198 736
198 744
198 937
199 326
199 507
199 768
199 860
200 527
201 239
201 269
201 444
201 475
201 650
201 847
201 893
202 340
202 520
202 580
202 721
202 933
202 978
203 288
203 388
203 720
203 735
203 862
203 924
204 242
204 288
204 694
204 709
204 988
205 231
205 334
205 345
205 418
205 571
205 834
205 908
205 968
206 442
206 809
207 276
207 535
207 675
207 733
208 219
208 354
208 504
208 830
209 344
209 419
209 760
209 813
210 226
210 346
210 381
210 431
210 562
210 590
210 625
210 633
210 797
211 297
211 381
211 428
211 494
211 570
211 648
211 695
211 706
211 718
211 895
211 984
211 986
212 398
212 425
212 690
212 958
213 400
213 420
213 513
213 958
214 541
214 759
214 797
214 896
215 300
215 406
215 521
215 581
215 697
216 309
216 352
216 420
216 923
217 348
217 353
217 680
217 709
218 467
218 504
218 638
218 710
218 764
218 809
219 236
219 690
219 864
220 354
220 475
220 501
220 766
220 919
221 727
222 258
222 340
222 609
222 623
222 664
222 749
223 559
223 864
223 912
224 534
224 854
224 995
225 235
225 511
225 828
225 831
226 335
226 382
226 567
226 992
227 269
227 676
227 853
228 811
228 892
229 413
229 449
229 525
229 552
229 747
229 888
230 363
230 397
230 850
231 238
231 917
231 970
232 270
232 320
232 687
232 789
233 271
233 312
233 363
233 386
233 529
233 632
234 468
234 964
234 981
235 743
235 932
236 627
236 644
236 662
236 731
237 258
237 652
238 692
239 332
239 436
239 888
239 889
240 243
240 284
240 355
240 528
240 532
240 975
241 366
241 384
241 449
241 481
241 679
241 743
241 853
241 861
241 896
241 977
242 259
242 637
242 759
242 814
243 282
243 804
243 816
244 264
244 365
244 405
244 514
244 867
245 543
245 740
245 883
245 888
246 424
246 508
246 509
246 611
246 766
246 847
247 440
247 581
247 628
247 656
248 354
248 403
248 550
248 705
248 780
248 920
249 381
249 894
250 432
250 588
250 725
250 925
251 449
251 534
251 610
251 684
251 803
252 447
253 497
253 834
253 863
254 347
254 521
254 523
254 828
255 299
255 301
255 382
255 409
255 594
255 636
255 960
256 964
257 258
258 279
258 301
258 693
258 822
258 885
259 333
259 505
259 774
259 957
259 982
260 441
260 665
260 704
260 968
261 303
261 510
261 613
261 680
261 731
261 760
262 396
262 699
262 823
262 878
262 955
263 319
263 572
263 775
264 469
264 707
264 779
264 928
265 269
265 425
265 641
266 406
266 629
266 796
266 803
266 815
266 896
266 918
267 524
267 568
267 646
267 721
267 797
267 880
268 380
268 477
268 500
268 794
268 893
269 356
269 410
269 623
269 706
269 755
269 781
269 887
269 986
270 518
270 668
271 552
271 584
271 637
271 683
271 716
271 747
271 754
271 838
271 935
272 302
272 391
272 414
272 641
272 975
272 981
272 997
273 604
273 611
273 771
273 909
274 295
274 449
274 557
274 565
274 979
275 515
275 524
275 720
275 765
275 814
276 504
276 739
276 777
276 809
277 356
277 481
277 519
277 578
277 851
277 918
277 980
278 319
278 429
278 438
278 528
278 667
278 688
278 793
278 800
278 986
279 563
279 653
279 862
279 914
280 327
280 488
280 526
280 543
280 925
280 988
281 394
281 656
281 758
281 814
281 880
281 980
282 370
282 602
282 651
282 937
283 357
283 779
284 651
284 747
284 861
284 994
285 363
285 398
285 465
285 975
285 993
286 570
286 654
286 797
286 822
286 848
286 854
286 904
286 977
287 404
287 802
287 926
288 404
288 562
288 563
288 575
288 898
288 947
289 530
289 542
289 610
290 496
290 499
290 750
290 845
290 900
291 392
291 482
291 659
291 891
291 961
291 978
292 364
292 536
292 707
293 343
293 345
293 442
293 471
293 634
293 718
294 782
294 793
294 956
295 389
295 543
295 835
295 884
295 949
296 986
297 459
297 534
297 571
297 692
297 711
297 763
297 805
297 852
298 373
298 535
298 639
299 551
299 563
300 681
301 883
302 736
303 334
303 636
303 786
303 972
304 348
304 708
304 825
304 884
304 887
305 517
305 540
305 628
305 752
305 865
306 330
306 492
306 503
306 545
306 819
306 949
307 963
308 335
308 367
308 447
308 486
308 690
308 817
309 563
309 644
309 676
309 902
310 694
310 809
311 652
311 684
311 866
311 938
312 368
312 810
313 521
313 550
313 875
313 956
314 429
314 519
314 565
314 642
314 926
314 952
316 514
316 564
316 721
316 938
317 328
317 369
317 571
317 805
317 867
317 892
317 964
318 472
318 506
318 782
318 840
318 893
318 937
319 407
319 545
319 804
319 846
319 962
320 707
320 935
320 996
321 335
321 416
321 773
321 837
321 935
322 653
322 721
322 726
322 751
322 935
322 957
323 353
323 585
323 619
323 865
323 916
324 347
324 472
324 497
324 576
324 867
324 875
324 976
325 359
326 492
326 693
326 844
327 463
327 666
327 685
327 790
328 693
329 399
329 486
329 545
329 553
329 595
329 730
330 570
330 746
330 850
331 404
331 467
331 674
331 879
331 936
332 510
332 747
332 938
333 404
333 616
333 786
333 801
333 964
334 343
334 455
334 579
334 854
334 953
335 363
335 447
335 561
335 985
336 356
337 365
337 401
337 419
337 511
337 918
337 978
338 341
338 595
338 763
338 827
339 489
339 619
339 753
339 818
340 550
340 597
340 620
340 713
340 731
340 880
340 983
341 426
341 730
341 906
342 359
342 624
342 716
342 729
342 930
343 370
343 385
343 545
343 563
343 571
343 664
343 689
343 698
343 723
343 787
344 383
344 903
345 354
345 815
345 944
346 612
346 722
346 729
346 781
346 982
347 609
347 756
347 914
348 449
348 642
348 706
348 757
349 514
349 806
350 390
350 549
350 842
351 402
351 608
351 723
351 741
352 433
352 530
352 759
352 868
353 354
353 430
353 929
354 551
354 726
354 858
356 482
356 545
356 649
356 714
356 814
357 487
357 527
357 722
357 796
358 469
358 485
358 711
358 745
359 377
359 730
359 744
359 877
360 739
360 803
361 464
361 469
361 645
362 674
362 757
362 786
362 828
362 936
363 428
363 785
363 811
363 862
364 439
364 571
364 965
365 450
365 514
365 845
366 396
366 520
366 556
366 700
366 705
366 807
367 474
367 544
367 952
368 466
368 606
368 817
369 512
369 576
369 649
369 656
369 892
369 970
369 978
370 580
370 771
370 901
371 407
371 513
371 524
371 710
372 522
372 671
372 678
373 391
373 450
373 698
373 710
373 853
374 515
374 753
374 869
374 989
375 803
375 942
375 979
376 558
376 595
376 664
376 778
376 800
376 899
377 381
377 465
377 601
377 608
377 610
377 615
377 724
377 869
377 967
378 465
378 550
379 937
380 504
380 524
380 624
380 731
380 813
381 537
382 957
383 465
383 683
383 695
384 521
384 531
384 552
384 618
384 701
384 736
385 408
385 520
385 800
385 916
386 614
386 704
386 941
387 548
387 558
387 635
387 744
387 773
387 870
388 401
388 429
388 543
388 645
388 966
389 414
389 538
389 549
389 584
389 622
389 633
390 497
390 609
390 629
390 962
391 405
391 508
391 827
391 914
392 480
392 609
392 895
392 969
393 762
393 958
394 451
394 742
394 790
394 810
394 906
394 933
394 951
395 398
395 419
395 577
395 640
395 709
396 690
396 815
396 892
396 955
397 400
397 526
397 664
397 762
397 905
398 415
398 791
398 873
398 934
399 402
399 541
399 613
399 772
399 879
399 948
400 476
400 767
400 825
400 831
400 874
400 880
401 470
401 622
401 772
401 964
402 644
402 663
402 765
402 820
403 545
403 723
403 918
403 957
404 500
404 555
405 909
406 465
407 807
408 657
408 731
408 918
408 941
409 580
409 664
409 729
410 550
410 559
410 655
410 861
411 467
412 435
412 526
412 531
412 682
412 761
413 840
413 985
414 532
414 686
414 872
415 574
415 628
415 685
415 912
415 927
416 457
416 497
416 513
416 556
416 895
417 431
417 461
417 573
417 581
417 617
417 875
417 937
418 544
418 637
418 868
418 869
418 947
418 966
419 465
419 844
419 953
419 989
420 770
420 889
420 922
421 492
421 681
422 493
422 821
422 828
422 852
422 967
423 811
424 440
424 446
424 676
424 706
424 950
425 550
425 620
425 823
425 901
425 966
426 784
426 854
426 962
427 460
427 682
427 750
430 595
430 670
430 871
430 892
432 476
432 482
432 616
432 841
433 479
433 724
433 734
433 765
434 452
434 470
434 503
434 853
436 437
436 485
437 501
437 548
437 676
437 794
437 930
437 939
438 470
438 609
438 867
438 977
439 481
439 534
439 738
439 756
439 845
440 500
440 506
441 459
441 500
441 506
441 661
441 725
441 728
441 965
442 630
442 665
442 901
443 559
444 539
444 717
444 759
444 776
444 783
444 784
445 489
445 538
445 654
445 792
445 948
445 971
445 996
446 736
446 889
447 850
448 739
448 881
448 926
448 944
449 914
449 930
450 479
450 524
450 573
450 709
450 955
451 498
451 689
451 959
452 688
452 910
453 552
453 563
453 629
453 677
453 740
454 656
454 698
454 873
455 495
455 587
455 653
455 797
455 816
455 922
455 925
456 622
456 674
456 785
456 975
456 993
457 531
457 853
458 857
459 506
459 591
459 597
459 704
460 741
460 876
461 507
461 572
461 780
461 804
461 960
461 985
462 877
463 610
463 671
463 675
463 850
464 699
464 778
465 611
465 780
465 862
465 928
465 975
465 988
466 496
466 940
466 979
466 986
467 477
467 505
467 639
467 714
467 908
467 991
468 493
468 609
468 901
468 932
469 744
469 918
470 660
470 931
471 528
471 689
471 757
471 883
472 634
472 636
472 785
472 834
472 989
473 683
473 756
473 759
474 488
474 557
474 589
474 677
474 751
474 806
474 944
476 478
476 542
477 512
477 908
478 535
478 721
478 887
479 543
479 598
479 645
479 655
479 967
480 863
480 903
480 994
481 490
481 689
481 833
481 926
482 540
482 865
482 931
483 528
483 722
484 648
484 923
485 806
485 861
486 500
486 549
486 567
486 570
486 603
486 637
486 662
486 710
486 838
486 977
487 496
487 659
487 808
488 522
488 617
488 620
488 949
488 951
489 529
489 805
489 974
490 620
490 755
491 513
491 666
491 787
491 809
491 820
493 532
493 635
494 547
494 700
494 760
494 769
494 851
494 887
495 753
495 893
496 514
496 604
497 609
497 635
497 731
497 887
497 890
498 616
498 710
498 727
498 796
498 862
498 958
499 619
499 981
500 835
501 806
501 857
501 976
502 674
502 762
502 837
502 940
503 540
503 589
503 641
503 698
503 731
504 803
504 853
504 854
505 947
506 698
506 708
506 768
506 921
507 522
507 592
507 836
507 893
507 927
507 954
508 512
508 871
509 706
509 861
510 535
510 594
510 975
511 615
511 703
512 530
512 690
513 767
513 800
513 935
513 984
514 630
514 964
515 577
515 601
516 620
516 659
516 896
517 900
517 995
518 744
518 955
519 729
519 759
519 835
519 887
520 880
521 639
521 916
522 794
523 730
523 900
523 984
524 729
524 955
525 539
525 870
525 957
525 963
525 973
526 847
526 966
527 727
528 643
528 857
529 972
530 677
530 707
530 803
531 560
531 858
532 568
532 617
532 685
532 782
532 835
532 936
533 552
533 576
533 642
534 621
534 636
534 695
534 740
534 781
534 794
535 929
535 939
536 762
537 552
537 755
537 897
538 938
539 576
539 607
539 923
540 858
541 689
541 765
541 934
541 940
542 568
542 588
542 709
542 713
545 850
546 637
546 982
547 866
547 939
548 612
548 618
548 634
548 686
548 727
549 781
549 919
550 777
550 900
551 596
551 658
551 663
551 802
551 990
551 997
552 836
552 985
553 744
553 759
553 761
553 821
553 842
553 849
553 942
554 682
554 769
554 774
555 576
555 638
555 739
555 892
555 920
555 962
557 766
557 889
558 844
558 897
559 641
559 767
559 883
560 786
561 596
561 777
561 880
561 917
562 678
563 876
563 910
564 689
564 797
564 962
564 994
565 616
565 626
565 728
565 815
566 668
566 788
567 725
567 728
567 787
568 711
568 829
570 670
570 735
572 576
572 633
572 836
572 846
572 962
573 672
573 736
573 881
574 847
575 601
575 987
577 639
577 737
577 853
578 615
578 928
578 949
580 664
580 849
581 718
581 817
582 638
582 698
582 873
583 725
583 805
583 833
584 586
584 897
585 593
585 670
585 821
585 940
586 686
587 630
587 726
587 812
587 859
587 984
588 797
589 862
589 923
589 972
590 774
591 766
592 621
592 680
592 837
592 954
593 676
593 742
593 772
593 798
593 856
593 887
595 824
595 872
596 798
596 910
596 921
597 609
597 744
597 764
598 628
598 734
598 747
599 635
599 701
600 872
601 682
601 951
602 813
602 922
603 804
603 834
604 694
604 722
604 832
604 961
605 717
605 961
606 769
607 698
607 836
607 975
608 644
608 996
609 698
609 707
609 871
609 885
609 995
610 629
610 693
610 741
610 853
612 844
612 855
612 928
613 637
614 627
615 872
616 907
616 908
617 762
617 894
618 972
618 985
619 667
619 862
620 700
620 982
621 666
621 710
622 838
622 840
622 948
622 980
623 656
623 728
623 788
623 812
623 860
623 918
623 964
623 977
624 700
624 893
625 777
625 803
625 873
625 971
626 691
627 732
628 712
628 764
628 829
628 886
629 671
629 725
630 647
630 739
630 793
630 974
631 773
631 906
633 713
634 746
635 686
635 843
636 692
638 717
638 771
638 804
639 940
640 821
640 859
640 876
641 716
641 906
641 943
642 836
642 846
642 861
643 951
643 997
644 690
644 842
644 866
645 892
645 950
646 683
646 889
646 902
646 956
647 705
647 983
648 937
649 715
649 768
649 923
650 699
650 781
650 814
651 738
652 800
652 928
653 702
653 759
653 791
653 905
654 981
655 874
655 882
655 905
656 927
657 705
657 713
657 779
657 985
658 747
659 950
660 820
661 760
661 842
661 921
662 682
662 700
662 838
662 845
663 755
663 810
663 885
664 674
665 984
666 684
666 697
667 839
667 857
667 958
668 809
669 795
669 871
669 946
669 990
670 864
670 890
670 929
671 750
671 760
671 888
672 735
673 766
673 811
674 893
674 943
675 843
675 903
676 709
676 833
676 843
677 698
678 709
678 895
678 942
679 728
679 749
679 784
679 901
680 701
681 844
681 850
682 856
682 949
682 984
683 694
683 704
683 722
683 815
683 943
684 808
684 968
684 978
686 732
687 744
687 856
687 972
688 963
690 812
690 827
690 879
690 941
691 731
692 861
692 978
693 850
693 891
696 756
696 879
696 947
698 842
698 866
698 877
698 916
699 729
699 952
700 788
702 806
702 839
702 922
703 723
703 769
703 950
703 982
706 969
708 775
708 976
708 984
709 731
709 774
709 776
709 821
709 838
709 990
711 995
712 733
712 895
715 770
716 857
717 749
718 742
718 787
719 720
719 748
719 846
719 945
720 778
722 790
722 906
723 962
724 848
725 749
726 983
728 829
729 882
729 918
730 829
731 759
732 817
732 947
733 861
733 967
733 968
733 974
736 746
736 780
736 940
737 957
738 855
739 828
740 841
740 912
741 752
741 902
742 749
742 843
742 960
743 854
743 978
744 785
745 788
745 865
745 896
745 945
745 998
746 968
747 895
748 864
748 989
748 999
749 872
750 950
751 917
751 921
756 962
757 968
760 797
762 787
762 888
763 962
764 975
765 911
765 983
766 795
768 772
768 835
768 957
770 962
770 968
771 843
772 818
774 839
774 841
774 883
774 920
774 966
775 857
775 969
777 955
778 882
778 908
778 924
779 918
781 800
781 871
781 916
781 956
782 785
782 802
782 835
782 982
784 926
784 965
784 983
785 859
786 790
786 810
788 855
789 876
790 846
791 969
792 848
793 849
793 934
794 841
794 905
795 928
796 957
797 805
797 840
797 939
799 914
799 985
800 838
800 941
801 857
803 843
803 938
804 980
804 985
805 950
806 841
807 930
807 954
808 821
808 960
809 854
810 908
811 884
811 986
814 855
816 886
817 973
818 838
818 884
818 984
820 949
820 998
823 992
824 911
824 917
824 979
825 828
825 930
825 979
826 862
827 868
827 943
828 891
830 951
833 911
833 962
833 996
834 844
836 838
837 910
838 848
838 989
839 862
839 869
839 974
840 918
840 930
841 851
841 900
842 863
843 903
843 993
844 883
845 982
846 945
848 909
848 991
850 884
850 993
852 976
852 982
853 945
857 889
858 905
858 948
862 933
863 998
863 999
866 941
867 937
868 892
869 886
871 989
872 913
872 953
874 976
876 965
876 966
876 984
877 984
878 944
882 987
885 982
886 894
886 998
889 999
890 902
891 925
891 953
895 919
898 982
900 976
901 940
905 930
908 961
911 953
913 943
914 988
916 955
920 974
921 928
924 984
925 969
925 981
929 969
933 992
941 948
943 949
944 952
947 959
948 987
949 972
950 993
957 975
960 964
960 998
967 989
970 979
0
10 999
