1000	3030	 1
0 30
0 177
0 220
0 322
0 419
0 501
0 519
0 615
0 670
0 751
0 852
0 887
1 25
1 80
1 154
1 318
1 449
1 459
1 788
1 932
2 195
2 473
2 484
2 620
2 627
2 694
2 931
3 94
3 187
3 224
3 383
3 458
3 638
3 783
3 852
4 101
4 288
4 361
4 447
4 847
4 970
5 183
5 218
5 695
5 757
6 218
6 415
6 461
6 522
6 628
6 677
7 254
7 259
7 314
7 916
8 36
8 193
8 445
8 519
8 588
8 649
8 835
8 909
8 956
9 170
9 214
9 355
9 432
9 551
9 847
9 881
9 996
10 65
10 200
10 478
10 865
10 962
11 124
11 159
11 388
11 500
11 726
11 750
11 958
12 21
12 273
12 377
12 541
13 169
13 266
13 307
13 320
13 406
14 136
14 145
14 219
14 410
15 81
15 651
15 684
15 691
15 709
15 759
15 827
15 940
16 319
16 670
16 680
17 146
17 421
17 485
17 575
17 790
18 163
18 403
18 551
18 638
18 732
18 788
18 914
18 941
18 981
19 334
19 383
19 437
19 554
19 620
19 781
19 849
19 851
19 875
20 102
20 380
20 463
20 510
20 825
20 913
21 47
21 645
21 788
22 86
22 144
22 663
22 795
22 979
23 63
23 119
23 394
23 549
23 552
23 554
23 603
23 782
24 67
24 104
24 190
24 220
24 592
24 651
24 686
24 781
24 928
24 972
25 189
25 331
25 347
25 660
25 689
25 985
26 135
26 214
26 263
26 720
26 971
27 196
27 198
27 209
27 411
27 680
27 729
27 932
27 976
28 55
28 320
28 423
28 523
28 577
28 865
29 83
29 117
29 435
29 438
29 524
29 610
29 660
29 886
29 956
29 961
30 368
30 486
30 570
31 232
31 489
31 593
31 844
32 167
32 370
32 863
33 154
33 216
33 229
33 346
33 442
33 880
33 907
34 150
34 171
34 176
34 252
34 291
34 323
34 428
34 471
34 552
34 560
34 898
34 956
34 991
35 571
35 771
36 111
36 115
36 434
36 470
36 965
37 48
37 108
37 130
37 477
37 537
37 649
38 119
38 129
38 607
38 693
38 757
38 792
39 153
39 180
39 283
39 408
39 621
39 685
39 701
40 666
41 76
41 343
41 460
41 464
41 471
41 784
41 800
41 880
42 236
42 442
42 463
42 474
43 387
43 492
43 557
43 596
43 672
43 734
43 836
43 977
44 505
44 599
44 741
44 910
44 952
45 358
45 940
45 952
46 89
46 108
46 133
46 155
46 269
46 364
46 521
46 523
46 947
47 116
47 193
47 264
47 352
47 564
47 624
47 672
47 850
47 935
47 937
48 81
48 209
48 258
48 482
48 500
48 674
48 680
49 191
49 501
49 514
49 602
49 659
49 728
49 752
49 829
49 901
50 253
50 258
50 533
50 573
50 605
50 649
50 671
50 816
51 259
51 389
51 408
51 635
51 644
52 168
52 876
52 961
53 79
53 466
53 516
53 597
53 911
54 353
54 450
54 593
54 605
54 755
54 772
54 859
55 83
55 107
55 305
55 317
55 334
55 347
55 433
55 627
55 978
56 76
56 160
56 249
56 664
56 823
56 898
57 281
57 293
57 480
57 576
57 935
58 343
58 461
58 497
58 705
59 434
60 159
60 417
60 549
60 734
60 745
60 823
60 858
60 859
60 883
61 252
61 267
61 403
61 535
61 843
62 142
62 313
62 328
62 468
62 624
62 833
62 912
63 130
63 301
63 331
63 509
63 863
63 953
63 995
64 124
64 261
64 324
64 366
64 649
64 671
64 895
65 230
65 517
65 573
65 711
66 75
66 87
66 147
66 217
66 297
66 391
66 489
66 955
67 175
67 264
67 643
67 718
67 784
67 942
68 341
68 510
68 665
68 666
68 745
69 257
69 472
69 604
69 661
70 150
70 361
70 519
70 903
70 932
71 115
71 135
71 197
71 230
71 316
71 322
71 445
71 487
71 507
72 104
72 139
72 821
72 967
73 84
73 217
73 556
73 594
73 932
74 279
74 563
75 100
75 487
75 544
75 563
76 108
76 513
77 805
78 299
78 451
78 498
78 508
78 699
78 753
78 790
79 213
79 439
79 486
79 548
79 557
79 641
79 679
79 945
80 219
80 304
80 314
80 589
80 927
80 932
80 962
81 489
81 586
81 856
81 938
81 985
82 455
82 497
82 513
82 787
82 790
83 155
83 470
83 536
83 687
83 805
83 959
84 226
84 315
84 470
84 475
84 496
84 715
84 725
84 841
85 125
85 148
85 152
85 575
85 644
85 667
85 743
85 780
86 153
86 427
86 546
86 851
86 945
87 344
87 438
87 586
87 941
88 180
88 262
88 319
88 377
88 906
88 913
89 333
89 471
89 614
89 648
90 146
90 372
90 869
90 871
90 960
91 372
91 526
91 534
91 594
91 840
91 965
91 997
92 288
92 317
92 324
92 425
92 621
92 665
92 773
92 784
92 834
93 143
93 546
93 633
93 890
94 438
94 591
94 706
94 731
94 845
94 906
95 239
95 401
95 420
95 421
95 674
95 709
95 915
96 133
96 869
97 259
97 309
97 596
97 891
97 954
98 225
98 245
98 396
98 408
98 750
98 861
98 957
99 234
99 328
99 368
99 575
99 619
99 858
99 905
100 252
100 342
100 578
100 660
101 371
101 580
101 865
102 206
102 377
102 390
102 409
102 424
102 664
102 672
102 880
102 940
103 509
103 692
104 279
104 576
104 772
104 842
104 933
105 130
105 267
105 298
105 627
105 696
105 879
105 940
106 314
106 398
106 411
106 567
106 569
106 590
106 781
106 795
106 841
107 493
107 585
107 650
107 794
107 854
108 217
108 232
108 380
108 904
109 205
109 340
109 464
109 532
109 534
109 698
109 981
110 229
110 762
111 259
111 351
111 592
111 623
112 227
112 306
112 382
112 411
112 448
112 630
112 726
112 770
113 138
113 454
113 475
113 616
113 942
114 191
114 223
114 286
114 530
114 751
114 757
114 870
114 904
114 927
115 321
115 662
116 170
116 225
116 254
116 319
116 442
116 497
116 600
116 681
116 866
116 965
117 229
117 687
117 962
117 977
118 224
118 440
118 462
118 544
118 586
118 995
119 236
119 397
119 758
119 805
120 318
120 742
120 774
120 796
120 963
121 221
121 314
121 315
121 320
121 330
121 456
121 472
121 714
121 801
121 886
121 953
122 579
122 665
122 736
122 891
123 321
123 480
123 499
123 964
124 315
124 697
125 234
125 711
125 788
125 853
125 933
126 280
126 331
126 887
126 899
127 191
127 294
127 615
127 730
127 779
127 856
128 583
128 630
128 677
128 690
128 771
129 249
129 331
129 745
129 785
129 895
130 300
130 380
130 651
130 988
131 195
131 206
131 673
132 344
132 357
132 381
132 605
132 633
132 640
132 649
132 871
133 694
133 814
134 269
134 626
134 667
134 760
134 916
135 205
135 366
135 554
135 675
135 723
135 753
135 892
136 717
136 757
136 762
137 316
137 412
137 506
137 604
137 620
137 719
137 770
137 887
138 211
138 368
138 658
138 864
138 886
139 320
139 381
139 382
139 978
140 373
140 413
140 437
140 449
140 555
140 626
140 971
141 484
141 507
141 659
142 204
142 244
142 430
143 221
143 600
143 945
143 975
144 338
144 414
144 444
144 575
144 595
144 707
144 819
145 275
145 359
145 433
145 494
145 554
145 660
146 367
146 429
146 566
147 611
147 623
147 819
147 910
147 911
147 970
148 161
148 325
148 443
148 463
148 524
148 550
148 584
148 695
148 844
148 940
149 178
149 437
149 637
149 682
149 878
150 453
150 490
150 533
151 401
151 439
151 448
151 707
151 855
151 927
152 292
152 451
152 663
152 742
153 349
153 426
153 529
153 676
153 771
153 925
153 970
154 189
154 417
154 492
154 671
154 713
154 724
155 270
155 327
155 815
155 926
156 496
156 505
156 506
156 760
157 191
157 209
157 332
157 470
157 704
157 846
158 305
158 332
158 445
158 458
158 494
158 553
158 644
158 857
159 233
159 306
159 532
159 631
159 653
159 931
159 938
160 470
160 584
160 872
160 917
161 654
161 759
161 774
161 901
162 245
162 340
162 362
162 631
162 783
162 968
163 415
163 530
163 650
163 707
163 716
164 274
164 383
164 406
164 820
164 839
165 305
165 746
165 982
166 320
166 329
166 337
166 368
166 385
166 478
166 588
166 997
167 206
167 613
167 927
168 411
168 643
168 714
168 962
169 226
169 250
169 957
170 514
170 823
171 261
171 309
171 540
171 759
171 780
171 943
172 218
172 281
172 329
172 752
172 822
172 947
173 174
173 361
173 513
173 887
174 518
174 597
174 823
174 951
175 425
175 443
175 537
176 325
176 331
176 378
176 490
176 796
176 903
176 938
177 332
177 822
177 857
177 898
177 962
178 207
178 537
178 731
178 960
178 989
179 318
179 335
179 352
179 387
179 457
179 826
179 861
179 954
180 262
180 271
180 295
180 419
180 574
180 693
180 712
180 732
180 739
180 747
180 983
181 322
181 400
181 502
181 635
182 184
182 218
182 390
182 518
183 299
183 715
183 778
184 267
184 914
185 333
185 334
185 807
185 997
186 390
186 534
186 724
186 729
186 740
186 874
187 225
187 251
187 363
187 455
187 916
187 995
188 256
188 428
188 482
188 538
189 390
190 332
190 629
190 691
191 460
192 195
192 456
192 597
192 788
193 275
193 296
193 304
193 671
194 265
194 283
194 306
194 475
194 599
194 680
194 909
195 253
195 406
195 449
195 453
195 678
195 702
196 344
196 464
196 543
196 556
196 572
196 578
196 652
196 653
196 765
196 933
196 986
197 218
197 316
197 432
197 672
197 831
198 203
198 321
198 450
198 922
199 611
199 735
199 757
199 788
199 811
199 907
200 263
200 325
200 588
201 641
201 668
201 793
202 374
202 384
202 444
202 502
202 556
202 810
202 823
202 978
203 544
203 545
203 654
203 732
203 763
203 780
203 892
204 214
204 310
204 411
204 427
204 581
204 919
205 236
205 533
205 576
205 794
205 855
205 927
205 982
206 368
206 434
206 548
206 618
206 835
207 391
207 545
207 886
207 964
208 509
208 608
209 224
209 247
209 730
209 970
210 358
210 406
210 545
210 791
210 829
210 864
211 345
211 388
211 530
211 542
211 581
211 679
211 795
211 826
211 835
212 280
212 793
212 825
212 876
213 415
213 420
213 759
213 778
214 299
214 321
214 820
214 836
215 492
215 790
215 886
215 976
216 505
216 524
216 593
216 705
216 774
216 778
217 313
217 657
217 834
217 865
217 904
217 973
218 726
218 801
219 244
220 344
220 365
220 465
220 633
220 691
220 716
220 719
220 765
221 463
221 539
221 594
221 693
221 779
222 435
222 562
222 981
222 996
223 507
223 820
223 937
223 977
224 345
224 407
224 518
225 302
225 334
225 394
225 768
226 316
226 632
226 670
226 869
227 254
227 742
227 877
227 973
228 308
228 389
228 416
228 625
228 820
229 548
229 565
230 345
230 883
231 304
231 591
231 605
231 618
231 623
231 913
232 276
232 305
232 421
232 917
233 249
233 661
233 732
234 419
234 546
235 248
235 307
235 366
235 405
235 750
235 855
236 357
236 525
236 544
236 613
236 848
236 956
236 968
237 249
237 358
237 815
237 900
238 362
238 379
238 453
238 491
238 546
238 726
238 932
239 288
239 382
239 613
239 956
240 288
240 347
240 394
240 691
240 825
241 290
241 398
241 406
241 488
241 558
241 562
241 632
242 508
242 541
242 740
242 745
243 374
243 508
243 549
243 662
243 714
243 819
243 897
244 308
244 531
244 547
244 793
245 328
245 467
245 496
245 913
246 546
246 580
246 789
246 918
246 972
247 308
247 491
247 532
247 574
247 807
247 808
247 864
248 274
248 747
248 982
249 317
249 483
249 857
249 996
249 998
250 482
250 720
250 752
250 876
250 994
251 275
251 564
252 317
252 403
252 626
252 974
253 582
253 615
253 643
254 556
255 358
255 437
255 828
255 989
256 450
256 460
256 556
257 285
257 354
257 363
257 600
257 756
257 912
258 340
258 343
258 563
258 755
258 767
259 661
259 741
259 814
259 990
260 408
260 692
260 790
260 814
260 916
261 492
261 528
262 403
262 415
262 549
262 921
263 268
263 499
263 597
263 684
263 839
264 390
264 447
264 656
264 690
264 699
264 850
264 871
265 319
265 422
265 609
265 748
265 930
266 514
266 746
266 870
266 884
267 338
267 368
267 561
267 602
267 663
267 740
267 825
267 922
268 297
268 591
268 669
268 737
268 905
269 654
269 887
269 962
270 444
270 455
270 664
270 732
270 892
271 349
271 531
271 631
271 813
271 823
271 959
272 317
272 453
272 498
272 761
272 948
273 351
273 379
273 652
273 678
273 815
273 861
273 903
274 507
274 508
274 600
274 675
274 870
274 893
275 280
275 517
275 583
275 741
276 339
276 546
276 548
276 776
276 817
276 894
276 926
277 664
277 750
277 872
278 318
278 567
279 292
279 707
280 301
280 308
280 605
281 474
281 833
281 960
282 512
282 889
282 904
283 595
283 649
283 716
283 916
284 378
284 390
284 482
284 672
284 942
284 967
285 501
285 777
285 883
285 996
286 359
286 527
286 568
286 595
286 702
286 801
286 873
287 372
287 567
287 837
287 967
287 971
288 559
288 610
288 621
288 697
288 702
289 310
289 562
289 696
289 863
289 911
290 754
291 463
291 845
291 887
292 369
292 656
292 780
292 839
292 999
293 745
293 787
294 547
294 550
294 725
294 801
294 889
295 518
295 592
295 859
295 973
296 616
296 669
296 748
296 867
296 902
297 454
297 722
297 983
297 994
298 885
298 969
299 311
299 555
299 655
299 876
300 701
300 718
301 476
301 759
302 659
302 720
302 811
302 954
303 554
303 597
303 982
304 417
304 430
304 437
304 622
304 661
304 771
304 934
305 323
305 360
305 516
305 540
305 581
305 855
305 870
305 990
306 386
306 397
306 516
306 570
306 888
306 926
307 552
307 661
307 750
308 508
308 627
308 630
308 710
308 974
309 460
309 607
309 876
309 910
309 976
309 986
310 351
310 447
310 486
310 514
310 649
310 917
311 344
312 625
312 938
313 803
315 346
315 362
315 494
315 501
315 512
315 546
315 908
316 864
317 380
317 916
317 967
318 378
318 449
318 980
319 900
320 355
320 654
321 405
321 535
321 961
322 397
322 606
322 725
322 878
322 934
322 956
323 424
323 734
323 864
323 912
324 673
324 707
325 399
325 700
325 894
325 962
326 394
326 458
326 818
327 358
327 428
327 680
327 878
327 922
328 479
328 580
328 704
328 872
329 353
329 548
329 577
329 688
329 810
329 825
330 423
330 528
330 909
331 827
331 913
332 386
332 673
332 801
332 839
332 854
333 349
333 984
334 545
334 634
334 653
334 671
334 694
334 929
334 955
334 970
335 357
335 649
335 811
336 522
336 545
336 686
336 739
336 762
336 839
337 346
337 456
337 700
337 724
337 735
338 342
338 536
338 812
339 504
339 508
339 805
339 873
340 566
340 676
340 924
341 478
341 617
342 626
342 863
343 608
343 625
343 734
343 770
343 961
344 348
345 533
345 740
345 842
346 451
346 496
346 506
346 786
346 836
346 878
347 365
347 470
348 485
348 581
348 923
348 934
349 514
349 701
349 804
350 512
350 543
350 556
350 626
351 528
351 826
351 902
352 455
352 532
352 537
352 552
352 582
352 756
353 519
353 536
353 622
353 857
353 958
353 961
354 435
354 444
354 867
354 988
355 371
355 611
355 985
356 363
356 625
356 696
356 841
356 938
356 954
357 626
357 922
357 961
358 397
358 491
358 816
358 832
358 998
359 436
359 911
360 424
360 975
360 985
361 595
361 644
361 659
361 672
361 714
361 789
361 887
362 555
362 641
362 684
362 783
363 447
363 464
363 616
363 726
363 821
363 938
363 986
364 732
364 850
364 999
365 397
365 569
365 754
365 876
366 499
366 642
366 744
366 805
366 920
367 634
367 664
367 682
367 705
367 727
367 753
367 894
368 533
368 873
368 938
369 580
369 652
369 877
369 937
370 520
370 786
370 895
371 407
371 582
371 614
371 717
371 905
372 502
372 575
372 913
373 443
373 826
373 834
373 915
373 931
374 401
374 495
374 564
374 576
374 609
374 736
374 924
375 457
375 526
375 591
375 607
375 661
376 658
376 783
377 473
377 488
377 518
377 653
377 954
378 407
378 486
378 910
379 403
379 462
379 633
379 714
380 672
380 924
380 984
381 533
382 934
383 694
383 911
384 549
384 634
385 615
385 681
386 481
386 666
386 683
386 758
386 846
386 943
387 437
388 464
388 683
388 743
388 860
389 409
389 492
389 497
389 621
389 780
390 496
390 604
390 818
390 883
390 942
391 542
391 682
391 799
391 860
391 945
392 650
392 760
392 979
393 449
393 580
393 741
393 747
393 967
394 603
394 719
394 749
394 877
394 944
395 563
395 660
395 776
395 977
396 504
396 537
396 639
397 676
397 724
397 819
397 867
398 527
398 584
398 716
399 400
399 928
400 459
400 550
400 645
400 713
400 735
400 782
401 429
401 640
401 706
401 731
402 425
402 925
402 961
403 479
403 707
403 776
403 855
404 568
404 757
404 815
404 846
404 928
404 983
405 535
405 594
405 666
405 862
406 485
406 858
407 426
407 855
407 883
407 923
407 994
408 436
408 566
408 603
408 744
409 427
409 472
409 551
409 736
409 793
409 910
410 804
410 859
411 495
411 594
411 618
411 987
412 500
412 542
412 569
412 872
413 561
413 565
413 650
414 642
414 698
414 735
415 417
415 428
415 840
415 878
415 894
416 571
416 573
417 419
417 432
417 442
417 962
417 997
418 454
418 481
418 642
418 667
418 794
419 576
419 610
419 684
419 861
420 833
421 444
421 493
421 523
421 831
421 972
421 974
422 566
422 606
422 727
422 924
423 488
423 825
424 549
424 574
424 714
424 765
424 771
425 594
425 714
425 720
425 865
427 506
427 716
427 725
427 744
427 810
427 985
428 673
428 696
429 631
429 726
429 984
429 991
430 432
430 541
430 578
430 626
430 743
430 840
430 959
431 924
431 986
432 517
432 897
433 489
433 622
433 655
433 738
433 923
434 547
434 636
434 692
434 797
434 824
434 976
435 465
435 809
435 922
436 514
436 705
436 706
436 875
437 554
437 691
438 534
438 771
438 885
439 553
439 585
439 671
440 675
440 927
440 958
440 965
441 869
441 966
441 985
442 677
444 484
444 629
444 708
445 663
445 697
445 788
445 946
446 478
446 496
446 549
446 608
446 736
446 740
446 806
446 881
447 535
447 671
447 695
447 753
448 553
448 573
448 671
449 578
449 657
449 893
449 956
450 632
450 946
450 986
451 802
452 546
452 654
452 949
452 955
453 504
453 598
453 625
453 765
453 892
454 465
454 665
454 736
454 857
455 744
455 806
456 534
456 555
456 631
456 685
457 679
457 693
458 477
458 551
459 612
459 816
459 866
459 983
460 625
460 813
461 550
461 639
461 708
461 803
461 977
462 557
462 868
462 887
462 971
463 894
464 649
464 826
465 717
465 842
466 785
467 516
467 562
467 979
468 579
468 696
468 869
469 631
469 854
469 989
470 520
470 996
471 494
471 535
472 473
472 477
472 482
473 709
473 763
473 891
474 917
474 983
475 514
475 856
476 813
477 582
477 613
477 720
477 916
477 990
478 710
478 741
478 770
478 877
478 958
478 974
479 487
479 539
480 814
480 853
481 594
482 499
482 683
482 710
482 735
482 807
482 844
483 551
483 558
483 633
483 880
483 990
484 995
485 563
485 720
485 777
485 863
485 932
485 939
486 918
487 555
487 843
487 897
488 505
488 553
488 579
488 601
488 865
488 999
489 737
489 742
490 682
490 897
490 957
491 736
492 529
492 580
492 876
493 627
493 685
493 936
493 995
494 677
494 895
494 947
494 968
495 683
495 702
495 946
496 769
496 911
496 964
497 805
498 669
498 704
498 985
499 559
500 747
500 855
501 900
502 560
502 583
502 652
502 969
503 535
503 800
504 913
504 952
504 955
505 523
505 601
505 703
505 731
506 743
506 897
507 837
507 915
507 970
508 535
508 645
508 694
508 722
508 730
508 802
508 894
509 633
509 902
509 905
510 683
510 942
511 569
511 586
511 622
511 886
512 592
513 637
513 655
513 873
513 919
513 925
513 941
513 996
514 586
515 606
515 689
515 788
515 850
515 898
515 990
517 667
517 903
517 990
518 608
518 701
518 823
518 880
519 540
519 566
521 541
521 636
521 638
521 700
521 818
521 881
521 887
521 977
522 848
523 524
523 691
524 526
524 682
524 908
525 619
525 831
525 834
525 931
526 598
526 898
526 962
526 986
527 636
527 667
527 676
527 834
528 659
528 674
528 890
529 901
529 939
529 970
530 717
530 732
530 850
531 664
531 772
531 825
531 895
532 738
532 844
532 906
533 551
533 614
533 935
534 575
534 685
534 857
535 618
535 668
535 712
535 774
535 829
535 927
535 928
535 991
536 593
536 752
536 971
537 568
537 655
537 725
537 857
538 625
538 922
538 977
539 564
539 712
539 824
539 979
540 611
540 858
540 991
541 875
541 916
542 717
542 820
543 767
543 795
543 893
544 924
545 608
545 873
546 738
546 804
547 558
547 577
547 786
547 884
548 714
548 899
548 931
548 942
549 753
549 814
549 964
550 766
551 640
551 763
551 780
551 791
551 854
551 954
552 554
553 791
553 813
553 920
554 843
554 908
555 565
555 599
556 605
556 934
557 598
557 749
558 618
558 646
559 678
560 716
560 767
560 809
561 566
561 568
561 596
561 612
561 653
561 716
561 800
561 852
561 933
562 579
562 625
562 702
562 758
562 836
562 875
563 784
563 797
563 804
564 967
565 969
566 604
566 657
566 870
566 978
566 994
567 640
567 811
568 655
568 790
568 929
568 978
569 637
569 684
569 721
569 812
570 709
570 714
571 584
571 771
571 856
571 933
572 790
572 855
572 858
572 923
573 759
574 761
575 591
575 620
575 703
575 778
575 837
576 674
576 722
576 810
577 771
577 902
579 721
581 760
582 773
582 845
583 657
583 754
583 903
584 655
585 625
585 988
586 616
586 648
586 708
586 715
586 732
586 962
587 682
587 715
587 848
587 909
588 589
588 809
589 646
589 881
589 914
590 653
590 666
590 779
590 984
591 638
591 663
591 772
591 854
591 893
591 922
592 689
594 713
594 721
594 788
594 806
594 930
595 681
595 749
596 615
596 830
596 997
597 735
597 825
597 961
599 668
599 988
600 624
601 681
601 868
601 964
601 998
602 635
602 758
602 787
603 745
603 772
603 864
603 866
604 940
604 961
604 980
606 715
606 753
607 806
607 838
607 858
607 877
608 873
608 925
609 754
609 771
609 800
610 760
610 806
611 667
611 729
612 663
612 853
613 868
613 956
614 851
614 864
615 678
615 805
615 915
616 786
616 917
616 926
616 991
617 906
618 621
618 730
618 797
618 942
619 799
620 635
620 841
620 982
620 994
621 647
621 801
621 815
621 851
621 936
622 688
622 707
622 780
622 786
623 693
623 732
623 751
623 836
624 990
625 676
625 991
626 779
627 673
627 829
627 905
628 721
628 803
628 861
628 964
630 766
630 856
631 830
632 733
632 756
632 993
633 857
633 870
634 651
634 709
634 753
634 788
634 906
634 940
635 654
635 663
635 700
635 792
635 807
636 793
637 670
639 688
639 758
639 787
639 793
639 828
639 851
639 964
640 978
641 766
641 927
642 698
642 702
642 889
643 894
643 948
644 741
645 732
645 769
645 796
645 870
646 739
646 847
648 726
648 784
649 705
650 927
650 989
653 660
653 689
653 998
654 674
654 940
654 941
654 965
655 918
656 674
656 756
657 713
657 827
657 907
657 909
659 669
659 692
659 800
662 786
662 856
662 931
663 905
663 963
663 976
664 820
664 845
666 969
667 899
668 740
668 771
668 791
668 883
668 932
669 918
670 690
670 850
670 900
671 874
671 919
671 946
672 705
672 766
672 994
673 801
673 945
673 987
674 802
674 991
675 705
675 877
675 913
675 925
676 778
676 802
676 823
676 958
678 754
678 944
678 950
679 785
679 934
681 726
681 747
681 887
681 987
682 866
683 921
684 719
685 929
686 812
686 919
686 931
687 816
687 845
687 938
687 950
687 953
688 690
688 852
688 898
688 997
691 694
692 830
692 934
692 961
692 984
693 794
693 845
694 721
695 964
695 986
696 728
696 834
696 857
697 709
697 838
698 930
698 970
701 793
703 972
704 753
704 831
704 859
704 973
705 725
705 971
706 831
706 976
707 810
708 737
708 931
709 711
709 913
709 914
709 959
710 790
710 883
710 953
711 732
712 761
713 756
713 794
713 806
713 841
713 920
714 845
715 896
716 818
716 870
717 806
717 826
717 842
718 851
718 951
719 799
719 906
719 956
720 818
720 895
720 980
721 827
721 831
722 796
722 836
723 817
724 928
726 771
726 883
728 912
728 982
730 753
731 788
731 916
733 746
733 862
733 969
735 987
736 787
737 749
738 758
739 938
739 964
739 980
740 756
740 882
741 929
742 753
744 961
745 854
745 869
746 966
747 912
747 932
748 918
748 967
749 811
750 830
750 968
751 787
751 797
751 874
751 896
752 821
754 992
755 783
755 794
755 907
757 898
757 917
758 781
759 911
759 928
761 854
762 928
762 973
763 873
763 993
764 858
765 826
768 832
768 867
769 850
770 996
771 955
772 833
772 938
772 996
773 783
773 937
774 997
775 800
775 812
776 782
776 850
777 944
777 957
777 975
777 983
778 790
778 948
779 838
783 875
784 804
785 968
786 872
786 979
787 869
787 882
787 973
788 905
788 958
790 818
790 914
790 924
790 943
791 910
792 984
793 846
794 890
794 973
795 819
795 923
798 963
799 875
799 955
802 862
803 944
803 954
805 882
805 989
806 932
808 885
809 928
811 816
812 893
812 978
814 872
815 872
815 939
816 914
818 944
818 949
818 998
819 900
820 867
823 856
823 930
824 985
825 853
826 845
826 994
829 831
830 909
830 985
831 995
832 859
832 941
833 860
834 893
835 999
836 923
837 868
837 909
839 912
839 913
841 975
842 921
842 945
842 994
843 872
843 883
843 909
847 982
849 880
849 884
849 995
851 989
852 953
853 911
854 940
855 952
856 991
858 975
859 978
861 888
864 908
866 879
870 944
870 952
874 881
874 989
875 914
876 896
879 902
880 896
881 941
883 944
883 976
885 915
885 916
885 981
886 980
888 964
889 958
890 898
895 935
895 955
896 975
899 919
899 977
906 907
909 932
909 987
915 996
919 922
920 930
924 940
925 930
926 936
929 998
930 966
931 986
933 955
934 991
937 941
944 999
949 977
952 997
954 999
971 991
980 988
980 996
981 992
986 989
989 993
0
10 999
