1000	3038	 1
0 10
0 244
0 876
1 42
1 65
1 156
1 287
1 377
1 525
1 623
1 805
1 982
2 14
2 242
2 262
2 421
2 496
2 673
2 779
2 793
2 942
3 71
3 100
3 208
3 244
3 338
3 713
3 762
3 849
3 883
3 909
4 30
4 52
4 261
4 327
4 396
4 506
4 888
5 215
5 243
5 303
5 613
5 702
5 760
6 146
6 249
6 465
6 803
7 186
7 448
7 453
7 455
7 474
7 566
7 617
7 707
7 767
7 906
8 98
8 255
8 900
8 985
9 855
9 886
9 896
9 961
10 292
10 626
10 784
10 890
10 894
11 35
11 107
11 146
11 279
11 462
11 524
11 690
11 750
11 797
12 123
12 125
12 432
12 547
12 715
12 762
12 802
12 827
12 858
12 930
13 252
13 333
13 521
13 546
13 847
13 866
13 928
14 250
14 421
14 489
14 840
14 842
15 476
15 710
15 746
16 61
16 130
16 359
16 369
16 586
16 707
17 83
17 114
17 178
17 495
17 723
17 948
17 955
18 231
18 240
18 357
18 358
18 380
18 645
18 834
18 844
18 868
19 22
19 102
19 370
19 468
19 698
19 993
20 434
20 841
20 978
21 416
21 509
21 517
21 848
22 207
22 270
22 458
22 631
22 679
22 773
22 992
23 46
23 121
23 203
23 248
23 480
23 611
23 822
23 883
24 179
24 462
24 502
24 925
24 962
25 133
25 156
25 447
25 492
25 536
26 69
26 194
26 399
26 520
26 604
26 613
26 626
26 691
26 871
27 80
27 216
27 225
27 256
27 407
27 422
27 593
27 600
27 615
27 713
27 719
27 912
27 932
28 79
28 165
28 394
29 909
29 948
30 34
30 57
30 355
30 552
30 672
31 153
31 307
31 319
31 441
31 638
31 937
32 141
32 220
32 232
32 561
32 578
32 746
32 756
32 805
32 827
32 848
32 926
33 179
33 543
33 623
33 823
33 900
33 914
34 64
34 447
34 521
34 592
34 662
34 757
34 905
35 628
36 147
36 294
36 392
36 457
36 460
36 619
36 895
36 977
36 984
37 45
37 257
37 312
37 482
37 723
37 854
37 937
37 983
38 131
38 576
38 675
39 363
39 510
40 265
40 344
40 608
40 619
41 273
41 394
41 410
41 692
41 914
42 156
42 207
42 233
42 365
42 419
42 598
43 164
43 190
43 355
43 441
43 497
43 598
43 601
43 835
43 857
43 864
43 878
44 658
44 844
44 889
44 894
44 917
45 93
45 601
45 770
45 957
45 961
46 432
46 554
46 592
46 628
46 654
46 721
46 972
47 130
47 133
47 197
47 457
47 515
47 734
47 787
48 280
48 323
48 344
48 460
48 487
48 669
48 766
49 122
49 685
50 55
50 67
50 429
50 938
50 968
50 997
51 252
51 652
52 513
52 762
52 877
52 980
53 149
53 283
53 313
53 319
53 382
53 433
53 446
53 511
53 751
53 816
54 199
54 617
54 624
54 625
54 750
54 758
55 190
55 244
55 309
55 391
55 585
55 832
55 840
55 869
56 75
56 85
56 864
57 81
57 433
57 749
57 847
57 867
57 917
57 972
58 264
58 271
58 395
58 402
58 490
58 705
58 754
58 790
58 856
58 942
59 203
59 396
59 603
59 668
59 685
59 735
59 905
59 930
59 946
60 86
60 102
60 112
60 120
60 329
60 521
60 856
60 923
60 958
61 62
61 632
61 672
61 952
62 82
62 142
62 266
62 474
62 485
63 305
63 348
63 385
63 675
63 878
64 177
64 545
64 557
64 858
64 940
65 287
65 354
65 404
65 563
66 69
66 103
66 121
66 153
66 263
66 485
66 504
66 534
66 684
66 881
67 302
67 415
67 448
67 504
67 695
67 909
67 995
68 208
68 226
68 391
68 531
68 743
68 758
69 335
69 582
69 911
70 82
70 96
70 271
70 772
71 270
71 326
71 616
71 785
71 817
71 957
72 126
72 382
72 541
72 639
72 786
72 835
72 872
73 85
73 232
73 471
73 591
73 896
74 155
74 732
74 764
75 175
75 228
75 398
75 452
75 702
75 984
75 985
76 165
76 201
76 211
76 337
76 404
76 683
76 787
76 841
76 878
77 760
77 867
77 938
77 986
77 991
78 430
78 432
78 488
78 646
79 123
79 450
79 551
79 891
79 976
79 986
80 250
80 362
80 394
80 450
80 455
80 548
81 223
81 234
81 251
81 393
81 496
81 526
81 818
81 842
81 999
82 244
82 294
82 523
82 709
82 799
83 247
83 383
83 467
83 747
84 102
84 293
84 439
84 548
84 558
84 822
84 897
85 115
85 810
86 320
86 588
86 592
86 669
86 998
87 213
87 339
87 520
87 566
87 581
87 883
88 237
88 490
88 730
88 788
88 978
89 112
89 164
89 212
89 451
89 575
89 730
90 158
90 218
90 364
90 484
90 616
90 675
90 758
90 989
91 670
91 691
91 880
92 349
92 892
92 915
92 971
93 116
93 336
93 338
93 381
93 776
93 843
94 279
94 381
94 897
95 445
95 649
95 757
96 273
96 320
96 622
96 760
96 809
97 275
97 338
97 420
98 153
98 402
98 586
98 590
98 839
98 931
98 961
99 224
99 362
99 394
99 480
99 483
99 520
99 590
99 682
99 806
99 859
99 883
99 947
100 105
100 170
100 324
100 442
100 466
100 522
100 541
101 104
101 105
101 210
101 533
101 627
101 657
101 691
102 125
102 212
102 220
102 226
102 465
102 487
102 557
102 672
102 828
102 971
103 159
103 242
103 511
103 568
103 749
103 987
104 590
104 867
105 116
105 281
105 327
105 374
105 489
105 534
105 537
105 736
105 817
105 829
106 154
106 468
106 936
107 308
107 431
107 748
107 791
107 810
108 160
108 257
108 269
108 287
108 329
108 885
108 895
108 950
109 121
109 218
109 410
109 493
109 693
109 790
109 800
110 142
110 258
110 654
110 661
111 272
111 284
111 301
111 302
111 642
111 791
111 797
112 189
112 313
112 667
112 938
113 380
113 413
113 623
113 905
114 158
114 359
114 599
114 742
114 926
115 119
115 161
115 786
115 882
115 962
116 357
116 431
116 434
116 864
116 881
117 247
117 297
117 390
117 511
117 938
117 966
118 294
118 509
118 739
118 907
119 460
119 795
119 828
119 857
119 968
120 193
120 204
120 555
120 685
120 719
121 530
121 815
121 820
122 225
122 284
122 624
122 679
122 732
123 316
123 716
123 759
123 903
124 183
124 304
124 686
124 795
125 202
125 248
126 505
126 917
127 153
127 243
127 248
127 266
127 570
127 654
127 946
127 990
128 354
128 541
128 581
128 674
128 835
129 291
129 423
129 574
129 655
129 942
129 975
130 454
131 427
131 681
131 779
131 865
131 951
131 973
132 158
132 355
132 505
132 691
132 698
132 897
133 372
133 521
133 751
134 215
134 249
134 330
134 896
135 168
135 494
135 552
135 659
135 746
135 761
135 799
136 535
136 664
136 711
136 942
136 948
136 963
137 197
137 498
137 872
138 171
138 498
138 570
138 584
138 731
138 767
138 839
138 976
139 256
139 281
139 459
139 479
139 603
139 705
139 717
139 763
140 274
140 320
140 648
140 677
140 681
140 864
141 415
141 556
141 733
142 216
142 229
142 680
142 707
143 236
143 687
143 953
144 242
144 287
144 457
144 463
144 534
145 477
145 802
145 803
145 955
146 217
146 479
146 644
146 948
146 957
147 321
147 632
148 278
148 601
148 636
148 710
148 769
148 959
149 180
149 592
150 375
150 497
150 502
150 793
150 804
151 161
151 185
151 423
151 490
151 503
151 529
151 579
151 581
151 874
151 986
152 602
152 813
152 826
152 902
153 194
153 875
153 923
154 155
154 933
155 401
155 425
155 681
155 734
155 886
156 226
156 309
156 337
156 431
156 546
156 737
156 936
157 262
157 532
157 562
157 573
157 590
157 625
157 686
157 704
157 858
157 977
158 451
158 863
158 877
159 233
159 245
159 321
159 484
159 571
159 749
159 788
159 812
160 262
160 442
160 656
160 745
160 821
160 903
161 741
161 812
162 280
162 473
162 574
162 680
162 835
163 626
163 819
164 284
164 693
164 758
165 169
165 178
165 293
165 344
165 417
165 646
165 785
166 307
166 460
166 760
166 769
166 798
166 932
166 973
167 476
167 524
167 566
167 757
167 825
167 990
168 176
168 209
168 345
168 370
168 466
168 520
168 528
168 591
168 737
169 370
169 440
169 468
169 470
169 724
169 751
170 513
171 218
171 444
171 713
171 921
171 964
172 211
172 359
173 367
173 495
173 739
174 416
174 510
174 558
174 830
175 524
175 643
175 695
175 746
175 857
175 893
176 274
176 409
176 557
176 891
177 336
177 341
177 597
177 800
177 826
178 623
179 274
179 757
179 813
179 896
180 268
180 464
180 497
181 324
181 427
181 465
181 558
181 937
182 433
182 583
182 737
182 840
182 891
183 407
183 441
183 465
183 828
183 959
184 476
184 751
184 813
184 830
184 929
184 952
185 342
185 578
186 202
186 300
186 496
186 604
186 837
186 841
186 897
187 322
187 447
187 712
187 731
187 772
187 832
187 844
187 879
187 984
188 205
188 577
188 937
189 515
189 552
189 867
189 886
190 367
190 468
190 575
190 760
190 782
190 833
190 923
190 927
190 940
191 265
191 772
191 831
191 999
192 312
192 418
192 518
192 533
192 556
192 806
192 952
192 959
193 650
193 713
193 839
194 644
194 691
194 985
195 389
195 675
195 770
195 912
195 942
196 263
196 388
196 557
196 620
196 634
196 685
197 270
197 299
197 446
197 456
197 596
197 824
198 471
198 573
198 789
199 613
199 861
199 904
200 369
200 389
200 536
200 721
200 860
201 204
201 393
201 442
201 452
201 475
201 478
201 559
201 748
202 317
202 361
202 420
202 462
202 513
202 632
202 740
203 248
203 367
203 460
203 621
203 688
204 558
204 562
204 589
204 825
204 880
205 213
205 597
205 644
205 807
205 884
205 913
205 961
206 283
206 298
206 717
206 782
206 813
206 920
207 324
207 344
207 355
207 549
207 709
207 975
208 375
208 494
208 607
209 395
209 671
209 691
209 961
210 270
210 276
210 428
210 666
210 680
210 822
210 938
211 330
211 586
211 877
211 983
212 425
212 475
212 548
212 842
212 930
213 622
213 973
214 252
214 439
214 524
214 787
215 220
215 356
215 483
215 725
216 226
216 239
216 496
217 227
217 774
217 986
218 329
218 418
218 581
218 630
218 734
219 477
219 725
219 772
219 822
220 418
220 982
220 990
221 249
221 301
221 402
221 763
221 879
221 933
221 963
221 997
222 442
222 708
222 982
223 330
223 429
223 438
223 494
223 499
223 665
223 746
223 859
223 972
224 390
225 314
225 337
225 759
225 778
225 822
226 581
226 880
227 300
227 453
227 488
227 670
227 734
227 992
228 333
228 616
228 726
228 759
228 830
228 840
229 398
230 295
230 345
230 350
230 456
230 616
230 617
230 838
231 301
231 367
231 373
231 660
231 700
231 774
231 941
233 574
233 671
233 865
234 280
234 346
234 417
234 614
234 827
234 876
235 375
235 447
235 609
235 711
235 739
235 783
235 939
236 242
236 269
236 423
236 854
236 990
237 308
237 547
237 562
237 598
237 819
238 301
238 691
238 724
239 369
239 698
239 779
239 983
240 252
240 298
240 362
240 422
240 621
240 690
240 866
241 371
241 565
241 769
242 275
242 571
242 669
243 349
243 433
243 625
243 689
243 812
243 870
243 880
244 621
244 651
244 662
244 923
245 687
245 732
246 573
246 843
246 892
247 453
247 524
247 597
247 683
248 358
248 460
248 578
248 864
249 352
249 395
249 405
249 601
249 656
249 658
250 257
250 278
250 309
250 686
250 957
250 961
250 983
250 987
251 320
251 356
251 442
251 694
251 828
252 463
252 579
252 756
252 821
253 283
253 336
253 544
253 584
253 605
253 850
254 358
254 521
254 677
254 741
254 790
255 385
255 398
255 536
256 413
256 445
256 634
256 653
256 684
256 710
256 808
256 821
257 370
257 860
257 862
258 288
258 416
258 998
259 326
259 655
259 735
259 817
259 993
260 361
260 397
260 487
260 514
260 872
261 448
261 463
261 695
261 777
261 818
261 839
261 977
262 320
263 365
263 859
263 929
264 512
264 528
264 558
265 373
265 458
265 463
265 516
265 552
265 583
266 362
266 835
266 910
267 308
267 748
267 764
267 813
268 275
268 384
268 421
268 435
268 495
268 587
268 673
269 351
269 455
269 683
269 757
269 784
269 887
270 561
270 575
270 761
270 773
270 776
270 797
271 301
271 341
271 421
271 721
271 742
272 456
272 485
272 696
272 745
273 301
273 722
273 724
273 875
274 668
274 701
274 755
274 951
274 952
275 298
275 335
275 382
276 472
276 579
276 664
277 416
277 435
277 491
277 547
277 868
277 889
277 958
278 607
278 747
278 763
278 831
279 397
279 450
279 461
279 610
279 660
279 909
280 315
280 338
280 655
280 758
280 763
280 903
281 648
281 778
282 315
282 564
282 668
282 851
282 978
284 613
284 851
284 855
284 893
285 620
285 888
285 992
285 993
286 305
286 309
286 353
286 379
286 438
286 444
286 472
286 554
286 731
286 902
287 504
287 935
288 510
288 516
288 869
288 996
289 295
289 489
289 508
289 646
289 663
289 738
289 820
289 837
289 911
290 590
291 572
291 659
291 832
291 881
291 916
291 930
291 944
292 490
292 540
292 544
292 753
292 802
293 367
293 609
293 676
293 769
293 924
293 931
294 580
294 711
294 933
294 949
295 623
296 314
296 362
296 638
296 693
296 773
296 776
296 995
297 351
297 463
297 735
297 744
298 507
298 569
298 620
298 724
298 864
298 968
299 323
299 382
299 861
299 930
300 301
300 773
301 392
301 408
301 416
301 839
301 910
301 927
302 400
302 608
303 393
303 693
303 711
303 727
303 816
304 455
304 924
305 385
305 402
305 565
305 609
305 732
305 770
306 313
306 902
307 431
307 466
307 512
307 590
307 664
307 704
307 970
307 994
308 370
308 390
308 630
308 885
308 973
309 764
309 824
310 442
310 559
310 646
310 656
310 693
310 793
310 800
310 847
310 915
310 942
311 460
311 731
311 780
311 875
311 952
312 569
312 625
312 719
312 835
312 984
313 416
313 472
313 637
313 789
313 828
313 971
314 352
314 581
314 676
314 938
314 963
314 999
315 330
315 357
315 387
315 701
316 374
316 401
316 460
316 483
316 610
316 726
316 736
316 779
316 802
316 905
317 517
317 551
317 740
317 796
318 350
318 564
318 850
319 462
319 474
319 615
319 645
320 439
320 477
320 496
320 510
320 536
320 649
320 705
320 795
320 940
321 467
321 627
321 731
321 734
321 974
322 329
322 431
322 540
322 553
322 814
322 962
323 370
323 477
323 613
323 873
324 364
324 466
324 542
324 641
324 826
325 341
325 476
325 480
325 670
325 756
325 757
325 875
326 394
326 543
326 769
326 954
327 427
327 594
327 966
328 362
328 830
328 855
329 411
329 558
329 676
329 742
329 927
330 641
330 713
330 946
331 608
332 390
332 895
332 989
333 478
333 691
334 660
334 876
334 923
335 354
335 442
335 511
335 532
335 555
335 770
335 830
335 959
336 424
336 484
336 596
336 642
336 715
336 852
337 487
337 548
337 670
337 689
338 458
338 638
338 743
338 933
339 422
339 881
339 885
339 961
340 650
340 859
340 960
340 978
341 352
341 368
341 844
342 547
342 575
342 729
342 754
342 792
342 863
342 965
342 967
343 562
343 612
343 617
343 958
344 644
344 757
344 854
345 539
345 831
346 431
346 709
346 746
346 778
347 464
347 627
347 725
348 401
348 453
348 500
348 709
348 827
349 601
350 660
350 726
350 822
350 843
351 511
351 564
351 570
351 714
351 841
351 917
352 377
352 441
352 661
352 825
352 836
352 950
353 524
353 720
353 743
353 896
353 975
354 793
355 459
355 586
355 886
356 738
356 855
357 564
358 669
358 718
358 843
359 516
359 692
359 700
359 733
359 974
360 483
360 636
360 739
361 378
361 745
361 777
361 831
361 911
362 481
362 674
362 836
362 933
363 410
363 412
363 631
363 798
364 578
364 824
365 413
365 579
365 630
365 728
365 952
366 377
366 595
366 619
367 374
367 395
367 456
367 528
367 936
368 686
368 789
368 858
368 897
369 730
369 797
369 866
369 934
369 936
370 859
371 426
371 540
372 399
372 621
372 728
372 875
372 890
373 726
373 739
374 539
374 748
375 516
375 589
375 685
376 435
376 474
376 509
376 643
377 385
377 417
377 502
377 519
377 763
377 803
377 899
377 907
377 973
377 991
378 541
378 599
378 633
378 685
378 921
379 492
379 508
379 744
379 821
379 916
379 967
380 873
380 910
381 420
381 961
381 973
382 405
382 789
382 872
383 512
383 543
383 551
383 597
383 758
383 945
384 386
384 525
384 982
385 475
385 739
386 538
386 637
386 864
386 891
386 892
387 449
387 494
387 606
387 642
387 832
387 889
388 596
388 691
388 726
388 879
388 907
389 537
389 586
389 627
389 729
389 955
390 439
390 537
390 680
390 697
390 835
390 944
391 564
391 853
391 946
392 457
392 465
392 467
392 522
392 568
392 705
392 785
393 407
393 503
393 525
394 916
395 426
395 552
395 640
395 703
395 723
395 819
396 472
396 674
396 760
396 901
397 468
397 698
397 749
397 979
398 513
398 661
398 726
399 787
399 918
399 936
400 533
400 564
400 986
401 653
401 711
401 830
401 855
401 866
401 974
402 430
402 764
403 564
403 742
403 789
404 874
404 896
404 936
404 964
405 471
405 743
405 788
406 425
406 663
406 684
406 700
406 791
407 669
407 746
407 795
407 958
408 518
409 457
409 469
409 639
409 688
409 703
409 747
410 636
410 788
410 895
411 609
411 785
411 859
411 992
412 463
412 515
412 539
412 541
412 549
412 655
412 763
412 779
413 621
413 791
413 856
414 447
414 628
414 845
414 917
414 962
415 426
415 470
415 565
415 593
415 738
415 892
415 902
416 866
417 799
417 928
418 439
419 470
419 627
419 840
420 509
420 888
421 441
421 779
422 483
422 531
422 739
422 951
423 437
423 548
423 666
423 910
423 968
424 820
424 864
425 540
425 701
426 537
426 581
426 784
426 834
426 885
427 608
427 634
427 936
428 567
428 782
428 829
428 868
429 565
429 702
429 889
430 489
430 567
430 649
432 562
432 595
432 945
432 993
433 762
433 796
433 835
434 839
434 914
435 559
435 695
435 725
436 541
436 738
437 487
437 495
437 688
437 733
438 551
438 606
438 697
438 831
438 925
438 969
439 777
439 877
440 731
440 845
441 945
442 547
442 812
442 905
442 951
442 953
443 476
443 653
443 659
443 896
443 917
443 959
444 468
444 682
444 841
445 538
445 707
446 594
446 596
446 947
447 461
447 514
447 648
447 735
448 494
448 580
448 656
448 689
449 619
449 806
449 905
450 493
450 498
450 505
450 556
450 605
451 502
451 542
451 740
451 896
452 476
452 477
452 580
452 971
453 482
453 496
453 644
453 687
453 696
453 818
454 493
454 507
454 797
454 964
455 926
455 982
456 501
456 745
456 923
456 924
457 623
457 628
457 693
457 717
457 750
457 860
457 905
459 579
459 600
459 606
459 928
461 655
461 735
461 799
461 884
462 486
462 555
462 593
462 823
463 524
463 567
463 735
463 885
463 909
464 820
467 550
467 562
467 614
467 702
467 740
467 802
467 818
468 567
468 657
468 869
468 956
468 978
469 482
469 633
469 950
469 956
470 943
470 985
471 503
471 708
472 507
472 583
472 865
472 983
473 640
475 613
475 784
476 504
476 640
476 898
477 942
478 634
478 672
478 897
479 537
479 639
479 835
479 838
480 566
480 590
480 648
480 892
481 522
481 834
481 926
482 517
482 578
482 704
482 734
482 833
482 926
482 988
483 622
483 651
483 665
483 885
484 633
484 717
484 921
485 941
486 587
486 588
486 688
486 752
486 975
487 752
487 773
487 847
487 864
488 653
488 697
489 622
489 815
490 640
491 554
491 896
491 958
492 759
492 953
493 688
493 728
493 879
493 886
494 588
494 788
494 944
494 968
494 990
495 663
495 679
495 822
496 718
496 726
496 773
497 576
497 779
497 943
498 686
498 762
498 808
498 928
499 559
499 667
499 740
499 876
500 515
501 742
501 987
502 536
502 670
502 731
502 742
502 909
502 945
503 556
503 633
503 646
504 745
504 775
504 826
505 651
505 963
505 981
506 603
506 606
507 513
507 579
507 684
507 760
507 837
507 931
507 932
507 954
508 549
508 699
508 760
508 836
508 946
508 996
509 535
509 564
509 650
509 672
509 716
509 807
509 835
509 869
510 558
510 616
510 879
511 637
511 922
511 959
512 746
513 801
514 640
514 675
514 697
514 925
515 648
515 750
515 827
516 742
516 799
516 955
517 665
517 818
517 856
517 998
518 692
518 933
519 654
519 734
519 832
520 709
521 531
521 641
522 532
522 634
522 813
522 835
523 625
523 640
524 582
524 607
524 695
524 834
525 747
525 798
525 993
526 549
526 694
527 530
527 934
528 557
528 600
528 612
528 672
528 838
528 909
529 604
529 646
529 807
529 884
529 983
530 790
530 999
532 696
532 913
533 540
533 739
534 607
534 831
535 597
535 712
535 919
535 968
536 673
536 675
536 695
536 783
536 851
537 759
538 569
538 690
538 921
538 961
539 714
539 777
539 924
539 947
540 552
540 720
540 806
540 905
541 789
542 659
542 775
542 866
542 879
543 563
543 569
543 671
543 796
544 877
544 878
545 550
545 785
546 712
546 740
546 973
547 671
547 754
547 755
547 858
548 599
548 674
549 612
549 766
550 591
550 850
550 882
551 737
551 798
551 940
552 564
552 811
553 580
553 845
553 861
555 576
555 585
555 699
555 781
555 821
557 703
557 932
557 935
558 592
558 603
558 729
559 687
559 785
560 773
560 836
560 881
560 968
561 641
561 698
561 853
561 928
561 990
562 662
562 717
562 744
562 980
563 853
563 884
563 951
564 871
565 586
565 592
565 675
565 784
565 899
566 636
566 928
567 749
567 787
567 949
568 728
568 800
569 721
569 969
570 684
570 787
571 958
572 802
573 676
573 903
574 731
574 964
575 590
575 747
576 925
577 637
577 827
577 936
578 893
578 997
581 614
582 959
582 962
583 626
583 743
583 886
584 594
584 679
584 728
585 877
585 956
586 746
586 787
587 589
587 661
587 808
588 736
588 906
589 595
589 621
589 643
589 761
589 869
589 957
589 993
590 904
591 659
591 986
592 709
592 780
593 676
596 654
596 753
596 838
596 997
597 616
598 791
598 808
598 834
599 715
600 605
600 663
601 776
602 673
602 691
603 773
603 871
603 877
604 617
604 624
604 704
604 940
605 637
605 822
607 877
607 879
607 906
608 975
609 697
609 898
609 981
610 996
611 674
612 758
612 819
612 868
613 676
613 742
613 888
614 674
615 790
615 987
616 735
617 819
618 673
618 915
618 966
620 659
620 708
620 819
620 969
622 970
623 948
624 749
625 850
625 853
626 811
627 678
627 881
628 655
628 700
628 848
629 683
629 732
629 803
629 856
630 663
630 673
630 676
630 720
630 726
630 767
630 769
630 995
631 881
631 927
632 731
632 812
632 857
633 721
633 747
633 826
634 725
634 762
634 900
635 657
635 746
635 814
635 948
637 848
637 873
638 656
639 657
639 771
639 852
639 948
640 666
640 729
640 783
640 813
640 944
641 761
641 889
641 892
642 774
642 969
643 754
644 679
644 692
645 737
645 822
645 829
645 844
645 887
645 895
646 760
646 988
646 993
647 737
647 833
648 744
648 773
648 879
648 924
649 695
649 953
651 798
651 815
651 922
651 995
652 857
653 791
653 887
653 984
654 848
654 933
655 908
655 936
656 759
656 913
657 856
657 984
658 836
659 718
659 812
659 832
660 745
660 905
660 954
660 995
661 677
662 697
662 705
663 831
663 971
664 920
664 984
664 998
665 723
665 755
666 816
667 726
668 747
669 775
669 798
669 883
669 952
670 673
670 825
670 835
673 789
673 793
674 912
676 781
677 870
678 706
678 775
678 856
679 755
679 787
679 855
680 704
680 750
680 826
680 930
680 983
681 683
681 710
681 801
682 727
682 782
682 891
683 705
683 921
685 905
685 910
685 964
686 806
687 722
687 941
688 789
688 844
688 852
689 822
689 912
690 868
691 803
691 923
692 791
692 817
692 861
692 958
693 764
693 791
693 800
693 960
695 718
695 759
695 809
695 906
696 984
697 792
697 941
697 956
698 926
698 931
699 879
699 960
700 716
701 848
701 862
702 763
702 842
702 920
703 731
703 746
703 750
703 837
704 766
705 821
705 838
705 986
705 994
707 934
708 891
708 966
709 728
709 734
710 935
712 786
712 868
712 891
713 955
714 766
715 746
715 778
715 795
715 803
715 914
715 934
716 809
716 827
716 832
716 839
717 767
717 803
717 960
717 986
718 799
720 939
721 864
722 794
722 795
723 980
724 882
725 759
726 862
727 759
727 959
728 956
729 946
729 967
729 973
730 740
730 854
733 842
733 900
733 987
734 744
734 822
734 884
735 843
735 932
737 875
738 887
741 786
743 800
746 784
746 882
747 816
748 973
749 993
750 902
750 939
751 936
752 844
752 852
752 875
752 921
754 840
754 888
755 778
756 961
757 758
757 814
757 851
757 887
758 837
759 886
760 795
761 798
761 800
762 804
762 985
763 816
765 845
765 891
766 785
766 968
766 971
767 893
767 982
768 929
768 955
768 966
769 885
770 837
770 971
771 957
774 873
775 816
775 903
777 787
777 911
777 962
778 930
778 938
779 851
781 988
782 785
782 860
782 876
783 888
783 984
786 975
786 976
787 961
788 942
790 916
791 807
792 809
792 946
793 937
796 953
798 854
799 875
800 965
801 998
802 852
804 952
805 916
806 823
809 867
811 816
811 870
811 897
811 904
814 823
814 835
816 939
817 913
818 860
822 846
822 857
823 831
826 907
826 978
827 993
830 871
830 882
830 948
831 841
831 961
834 939
834 944
836 928
836 969
837 868
840 964
840 988
841 929
842 935
845 862
846 964
848 953
849 890
851 904
852 888
852 969
852 993
853 862
853 878
854 958
855 892
855 914
855 989
856 962
857 911
857 920
858 952
859 914
863 956
866 880
868 993
871 873
872 955
873 980
874 896
874 962
876 970
879 911
879 944
881 929
881 935
886 889
886 957
886 985
889 980
890 900
890 956
890 997
896 937
897 928
899 965
901 921
901 931
901 955
903 996
904 934
906 997
907 939
908 938
908 993
910 959
910 984
911 960
911 979
913 938
917 945
920 942
921 965
922 958
924 957
925 988
927 937
927 998
929 996
932 957
933 987
934 963
937 993
942 952
943 967
946 955
950 963
955 964
965 973
966 973
967 994
969 974
975 978
976 986
0
10 999
