1000	3092	 1
0 3
0 20
0 185
0 226
0 558
0 652
0 873
1 387
1 405
1 437
1 556
1 744
1 759
1 971
2 468
2 606
2 831
3 50
3 160
3 310
3 324
3 750
4 82
4 262
4 396
4 567
4 731
4 750
4 926
5 87
5 199
5 273
5 463
5 586
5 806
6 273
6 515
6 712
6 761
7 90
7 345
8 26
8 70
8 85
8 113
8 121
8 173
8 252
8 629
8 731
8 976
9 533
9 681
9 730
9 814
10 168
10 265
10 375
10 516
10 539
10 659
10 672
10 792
10 857
11 69
11 212
11 229
11 275
11 331
11 461
11 588
11 667
11 855
12 147
12 176
12 397
12 442
12 694
12 846
12 940
13 102
13 130
13 147
13 297
13 461
13 820
14 97
14 148
14 294
14 848
14 915
15 99
15 238
15 469
15 622
15 682
15 705
15 709
15 798
16 222
16 424
17 197
17 362
17 586
17 612
17 669
17 757
18 50
18 99
18 108
18 132
18 315
18 398
18 441
18 512
18 714
18 976
19 622
19 833
19 843
20 466
20 505
20 641
20 650
20 738
20 754
20 888
20 958
21 162
21 459
21 540
21 673
21 958
22 732
22 851
22 872
23 213
23 372
23 537
23 755
23 793
23 862
23 948
23 981
24 213
24 371
24 373
24 397
24 605
24 756
25 57
25 131
25 653
25 680
25 929
25 987
26 168
26 276
26 368
26 372
27 66
27 111
27 145
27 155
27 315
27 332
27 379
27 550
27 721
27 911
28 54
28 422
28 524
28 527
28 603
28 666
28 975
28 984
29 350
29 366
30 305
30 383
31 125
31 222
31 344
31 531
31 550
31 557
31 659
31 759
31 895
32 206
32 432
32 555
32 797
32 815
32 862
33 306
33 624
34 269
34 286
34 320
34 439
34 636
34 736
34 909
35 252
35 425
35 487
35 493
35 534
36 472
36 530
36 776
36 827
36 949
37 209
37 234
37 238
37 438
37 991
37 997
38 406
38 580
39 197
39 298
39 729
39 821
40 74
40 219
40 863
40 978
41 59
41 192
41 207
41 713
41 758
42 456
42 590
42 670
42 748
42 829
42 855
42 919
43 326
43 527
43 612
43 654
43 659
43 757
43 833
44 100
44 717
44 721
45 189
45 341
45 389
45 479
45 616
46 174
46 202
46 289
46 317
46 352
46 523
46 544
46 719
46 807
46 834
46 906
46 964
47 202
47 397
47 400
47 518
48 81
48 132
48 512
48 529
48 766
48 865
49 90
49 495
49 502
49 560
49 697
49 909
49 958
49 960
50 423
50 654
50 934
51 313
51 373
51 422
51 640
51 961
52 135
52 179
52 191
52 226
52 391
53 54
53 263
53 425
53 486
53 515
53 662
53 665
53 808
53 999
54 73
54 104
54 143
54 362
54 481
54 542
54 605
54 695
54 952
54 954
55 213
55 487
55 499
55 556
55 601
55 970
56 301
56 476
56 477
56 594
56 907
57 152
57 163
57 173
57 431
57 828
58 290
58 346
58 559
58 910
58 960
59 351
59 416
59 479
59 767
59 849
59 868
59 877
59 967
60 594
60 731
60 861
60 880
61 63
61 193
61 258
61 876
62 105
62 505
62 684
62 822
62 956
63 264
63 343
63 388
63 436
63 623
63 686
63 854
63 869
63 890
64 314
64 345
65 240
65 326
65 478
65 565
65 607
65 612
65 710
65 735
65 769
65 779
65 848
66 296
66 453
66 639
66 644
66 804
67 189
67 444
67 597
67 617
67 686
67 775
67 799
67 820
67 870
68 349
68 639
68 689
68 739
68 872
69 70
69 557
69 610
69 629
69 655
69 964
70 86
70 119
70 213
70 240
70 374
70 396
70 592
70 625
71 139
71 630
71 704
71 786
71 792
71 827
72 250
72 549
72 653
72 766
72 807
73 154
73 227
73 234
73 373
73 472
74 622
74 699
74 743
74 753
74 892
74 929
75 152
75 482
75 625
75 872
76 87
76 169
76 170
76 271
76 282
76 359
76 778
77 327
77 546
77 639
77 717
77 736
78 126
78 177
78 387
78 419
78 438
78 583
78 659
78 711
78 974
78 987
79 249
79 592
79 665
79 765
79 860
79 979
80 115
80 201
80 348
80 739
80 747
81 226
81 283
81 337
81 359
81 701
81 877
81 991
82 231
82 676
82 811
82 922
83 84
83 165
83 463
83 596
83 785
83 846
83 951
84 292
84 407
84 502
84 561
84 847
84 879
84 902
84 988
85 315
85 367
85 776
85 882
85 888
85 926
86 289
86 568
86 594
86 818
86 853
87 441
87 717
87 719
87 939
88 158
88 393
88 493
88 523
88 607
88 700
88 742
88 756
89 98
89 142
89 317
89 598
89 640
89 782
89 914
89 969
90 441
90 555
90 776
91 333
91 335
91 575
91 700
91 719
91 947
92 176
92 189
92 192
92 265
92 308
92 519
92 528
92 607
92 644
92 656
92 845
93 209
93 271
93 287
93 330
93 506
93 564
93 655
93 862
93 999
94 384
94 486
94 685
94 718
95 143
95 465
95 524
96 141
96 231
96 675
96 705
96 913
96 954
97 276
97 550
97 771
98 141
98 327
98 381
98 444
98 716
98 776
98 827
99 230
99 436
99 485
99 601
100 570
100 686
100 756
100 775
100 793
101 444
101 561
101 766
102 320
102 380
102 531
102 586
102 604
102 744
102 919
102 956
103 167
103 275
103 300
103 752
104 257
104 422
104 472
104 842
105 288
105 882
105 989
106 169
106 208
106 292
106 334
106 604
106 811
106 951
107 141
107 325
107 350
107 443
107 461
107 495
107 534
107 803
108 196
108 209
108 427
108 431
108 506
108 560
108 626
108 736
108 884
108 886
109 205
109 269
109 522
109 661
109 818
109 892
110 118
110 426
110 700
110 737
110 782
110 835
110 862
111 171
111 179
111 374
111 574
111 586
111 620
111 790
111 871
112 186
112 700
112 817
112 919
112 944
113 268
113 486
113 800
113 817
113 872
113 996
114 425
114 595
114 707
114 789
115 933
116 166
116 193
116 410
116 455
116 479
116 522
117 130
117 201
117 406
117 415
117 524
117 564
117 657
118 194
118 233
118 236
118 359
118 585
118 632
118 731
118 849
119 136
119 286
119 423
119 586
119 751
119 798
120 126
120 136
120 232
120 294
120 321
120 415
120 591
120 631
120 633
120 712
120 778
120 793
120 855
121 164
121 233
121 357
121 367
121 391
121 468
121 775
122 274
122 585
122 673
123 264
123 653
123 661
124 430
124 446
124 955
125 154
125 448
125 674
126 150
126 532
126 584
126 611
126 651
126 658
126 701
126 745
126 983
127 410
127 729
127 796
127 891
127 908
127 914
128 513
128 691
128 726
128 894
129 274
129 492
129 585
130 766
131 255
131 583
131 939
131 962
131 998
132 275
132 689
132 703
132 774
132 792
132 913
132 933
133 175
133 341
133 361
133 738
133 849
133 919
133 968
134 252
134 279
134 284
134 332
134 422
134 540
134 565
134 577
134 672
135 158
135 229
135 515
136 373
136 428
136 518
136 656
136 923
137 238
137 368
137 575
137 820
137 872
138 271
138 473
139 881
139 944
140 206
140 314
140 334
140 698
140 721
140 868
141 187
141 418
141 464
141 625
141 628
141 706
141 767
142 152
142 407
142 490
142 713
142 770
142 951
142 994
143 177
143 257
143 391
143 590
143 937
144 373
144 468
144 705
144 922
145 345
145 367
145 452
145 540
146 358
146 431
146 453
146 457
146 668
146 706
146 746
146 872
147 195
147 196
147 218
147 223
147 327
147 341
147 449
147 674
148 496
148 597
148 639
148 759
148 769
148 821
149 339
149 397
149 523
149 555
149 585
149 695
149 908
150 324
150 435
150 503
150 623
150 673
150 700
150 780
151 280
151 323
151 473
151 563
151 611
151 713
151 754
151 923
152 403
152 580
152 638
152 666
152 760
152 953
153 439
153 472
153 618
153 733
153 793
154 179
154 276
154 292
154 360
154 552
154 876
155 312
155 314
155 589
156 290
156 385
156 857
156 887
157 209
157 438
157 559
157 870
157 880
157 975
158 219
158 248
158 269
158 491
159 309
159 655
159 856
160 237
160 292
160 392
160 450
160 733
161 263
161 270
161 635
161 771
161 912
161 974
162 534
162 546
162 572
163 610
163 678
163 791
164 939
165 396
165 514
165 631
165 690
165 805
165 991
166 167
166 345
166 656
166 888
166 895
166 937
167 174
167 345
167 421
167 634
167 695
167 706
167 883
168 248
168 506
168 549
168 718
168 850
168 947
169 572
169 847
170 806
170 956
170 994
171 259
171 348
171 674
171 694
171 846
171 857
172 205
172 453
172 489
172 754
173 226
173 311
173 432
173 460
173 530
173 741
173 765
173 940
173 982
174 209
174 270
174 591
174 625
174 750
175 318
175 581
176 225
176 457
176 549
176 630
176 717
176 792
177 320
177 392
177 677
177 785
178 458
178 608
178 901
178 968
179 219
179 291
179 361
179 513
179 538
180 238
180 440
180 589
180 609
180 720
180 785
180 852
180 959
181 250
181 423
181 535
181 879
182 519
182 647
182 845
182 896
182 959
183 354
183 508
183 724
183 780
183 932
184 242
184 302
184 490
184 534
184 608
184 778
184 830
184 848
184 884
184 887
185 314
185 461
185 462
185 498
185 543
185 708
185 746
185 761
186 258
186 347
186 445
186 647
186 666
186 686
186 940
186 953
187 225
187 384
187 508
187 543
187 578
188 380
188 449
188 558
188 810
189 242
189 360
189 364
189 522
189 620
189 804
189 951
190 338
190 551
190 554
190 876
191 228
191 609
191 618
191 653
191 691
191 948
191 953
192 317
192 571
192 616
192 845
192 993
193 311
193 379
193 492
193 565
193 584
193 807
193 848
193 960
194 214
194 336
194 361
194 466
194 617
194 707
194 880
195 634
195 654
195 959
195 988
196 468
196 490
196 584
196 637
196 694
196 755
196 785
196 844
196 923
197 258
197 576
197 835
197 920
198 199
198 337
198 408
198 613
198 833
198 934
198 964
199 293
199 555
199 604
200 276
200 552
200 599
200 847
200 921
201 323
201 430
201 450
201 613
201 823
202 749
202 842
202 988
203 324
203 340
203 792
204 853
205 494
205 617
205 648
206 407
206 523
206 592
206 654
206 689
207 317
207 520
207 682
208 213
208 377
208 422
208 769
208 801
209 310
209 824
210 554
210 593
210 606
210 653
210 692
211 248
211 298
211 351
211 426
211 431
211 657
211 742
211 789
212 258
212 646
212 761
212 867
213 467
213 681
213 711
213 791
213 970
214 514
214 649
214 686
214 871
214 876
215 482
215 504
215 580
215 626
215 837
215 999
216 232
216 328
216 390
216 464
216 524
216 969
217 448
217 636
217 888
217 995
218 293
218 455
218 917
218 937
219 482
219 818
219 911
220 276
220 463
220 548
220 904
220 947
221 350
221 689
221 751
221 868
221 920
221 924
221 935
221 972
222 713
222 847
222 945
223 457
223 679
223 692
224 263
224 679
224 792
225 285
225 291
225 383
225 688
225 733
225 811
226 330
226 389
226 495
226 660
226 671
226 780
226 836
227 452
227 750
227 772
227 802
227 968
228 505
228 528
228 574
228 602
228 612
228 687
228 744
228 762
228 820
228 889
228 974
229 431
229 799
230 282
230 465
230 513
230 516
230 521
230 527
230 992
231 240
231 270
231 356
231 436
231 537
231 546
231 617
231 726
231 789
231 801
232 412
232 499
232 704
232 740
232 764
232 991
233 393
233 396
233 484
233 505
234 367
234 402
234 574
234 786
235 449
235 576
235 717
235 788
236 450
236 562
236 594
236 760
236 826
236 864
237 274
237 316
237 388
237 409
237 583
237 624
237 895
237 948
238 378
238 396
238 454
238 481
238 503
238 518
238 677
239 397
239 574
239 581
239 687
239 702
239 845
239 950
240 264
240 491
240 566
240 697
240 911
241 710
241 738
242 393
242 405
242 456
242 600
242 623
242 778
243 322
243 665
244 670
244 843
244 880
245 259
245 932
246 304
246 391
246 469
247 264
247 294
247 667
248 576
248 602
248 876
248 971
249 351
249 597
249 643
249 694
249 753
250 639
250 794
251 306
251 614
251 979
252 302
252 311
252 425
252 468
252 472
252 577
252 809
253 541
253 686
253 964
254 341
254 342
254 383
254 610
254 841
254 931
254 953
255 333
255 456
255 545
255 633
256 346
256 387
256 407
256 472
256 604
256 750
256 793
256 810
257 430
258 364
258 386
258 405
258 639
259 279
259 458
259 728
259 803
259 832
259 930
260 408
260 971
261 325
261 934
261 987
262 289
262 387
262 429
262 845
262 871
262 950
263 520
263 731
264 304
264 323
264 743
264 838
265 363
265 601
265 619
265 670
265 726
266 722
266 827
266 948
267 345
267 488
267 761
267 828
267 872
268 633
268 759
269 401
269 848
270 432
270 607
270 763
270 882
270 899
270 983
271 963
272 517
272 810
272 878
273 573
273 693
273 765
274 499
274 518
274 740
276 813
276 962
276 990
277 474
277 662
277 740
277 897
277 906
277 979
278 317
278 387
278 418
278 476
279 302
279 387
279 453
279 537
279 623
279 736
279 827
279 911
279 939
279 940
280 429
280 750
280 803
280 949
281 580
281 601
281 694
281 855
281 939
282 473
282 918
283 338
283 836
284 328
284 385
284 480
284 598
284 742
284 945
285 287
285 833
285 973
286 332
286 530
286 643
287 450
287 562
287 627
287 874
287 924
288 443
288 627
288 815
289 350
289 715
289 845
290 464
290 559
290 667
290 696
290 755
291 610
291 923
292 390
292 465
292 584
292 656
293 313
293 668
293 717
293 731
293 785
293 827
293 977
294 325
294 338
294 471
295 453
295 470
295 547
295 619
295 732
295 790
295 805
295 827
295 935
296 372
296 400
296 798
297 401
297 555
297 972
298 315
298 376
298 397
298 508
298 701
299 344
299 544
299 634
299 756
299 852
300 711
300 904
300 959
301 569
301 610
301 725
301 823
301 838
302 482
302 515
302 582
302 588
302 858
303 499
303 611
303 843
304 401
304 506
304 691
304 926
305 396
305 404
305 418
305 588
306 635
307 498
307 702
307 812
307 870
308 347
308 435
308 443
308 448
308 532
308 610
308 739
308 745
309 581
309 815
309 942
309 991
310 311
310 438
310 480
310 542
310 634
310 692
310 765
310 793
310 831
311 789
312 425
312 501
312 583
312 591
312 607
312 711
312 820
312 968
313 517
313 547
313 558
313 602
313 679
313 879
314 325
314 441
314 668
314 725
315 356
315 378
315 522
315 599
315 658
316 439
316 675
317 536
317 767
318 408
318 473
318 536
318 789
318 961
319 773
319 993
320 336
320 373
320 458
320 549
320 749
320 786
320 925
321 533
321 597
321 634
321 968
322 407
322 444
322 448
322 659
322 801
322 873
323 359
323 493
323 745
323 857
323 951
324 371
324 462
324 597
324 738
324 815
324 961
325 340
325 384
325 389
325 773
325 875
326 342
326 459
326 494
326 572
326 741
326 895
326 979
327 336
327 579
327 671
327 986
328 401
328 488
328 551
328 840
329 487
330 420
330 574
330 823
330 927
331 334
331 722
331 756
331 794
331 959
332 390
332 696
333 355
333 824
333 926
333 992
334 373
334 686
334 694
334 709
334 901
335 845
336 717
336 743
336 965
337 373
337 577
337 614
337 777
337 837
337 868
338 374
338 629
338 670
338 715
338 983
339 431
339 515
339 532
339 648
339 774
339 862
339 946
340 349
340 460
340 468
340 471
340 598
340 622
340 658
340 721
341 611
341 730
341 754
341 820
341 936
342 582
342 660
343 568
343 615
343 642
343 664
343 882
344 383
344 633
344 643
344 763
344 789
344 850
344 945
345 412
345 600
345 715
345 973
346 627
346 710
346 910
347 384
347 602
347 825
348 357
348 361
348 441
348 481
348 691
348 844
349 704
350 358
350 578
350 677
350 753
350 764
351 411
351 435
351 705
351 918
351 989
352 514
352 517
352 619
352 988
353 727
353 753
353 773
353 832
354 514
354 627
354 733
354 759
354 781
354 886
355 417
355 818
355 976
356 506
356 523
356 527
356 866
356 971
357 669
357 708
357 811
357 974
358 412
358 439
358 449
358 471
358 594
359 453
359 470
359 472
359 812
359 896
359 964
360 394
360 416
360 754
360 789
360 982
361 486
361 784
361 965
362 451
362 738
362 856
362 870
362 934
363 527
363 587
363 623
363 642
364 467
364 526
364 734
364 813
365 573
365 641
365 667
365 751
365 937
366 430
366 515
366 545
366 613
366 908
366 926
367 418
367 511
367 514
367 743
367 797
368 807
369 490
369 668
369 725
369 817
369 856
369 935
370 378
370 424
370 494
370 649
370 893
370 912
371 512
371 596
371 619
371 728
371 762
371 805
371 837
371 872
371 885
372 523
373 635
373 788
374 491
374 634
375 377
375 411
375 424
375 599
375 933
376 425
376 585
376 604
376 755
376 835
376 846
377 469
377 597
377 660
377 931
378 593
378 810
379 599
379 642
379 772
379 879
379 907
379 940
380 470
381 448
381 777
381 912
382 448
382 569
382 673
382 680
382 709
382 723
382 748
382 844
383 416
383 444
383 509
383 646
383 809
384 440
384 456
384 522
384 595
384 639
384 673
384 908
385 467
385 574
385 617
385 949
387 541
387 557
387 782
387 881
388 568
388 654
388 956
388 973
390 565
390 936
391 576
391 606
391 676
391 942
392 449
392 656
392 890
392 946
392 961
393 430
393 735
393 768
393 805
393 969
394 468
394 663
394 907
395 410
395 479
395 672
395 715
395 727
395 864
396 630
396 638
397 489
397 957
398 419
398 678
398 758
398 810
398 832
398 993
399 484
399 845
399 904
400 912
401 659
401 693
402 447
402 555
402 580
402 653
402 740
403 761
403 886
404 495
404 782
404 829
404 856
405 411
405 548
405 673
405 735
405 789
405 876
406 453
406 524
406 531
406 652
406 961
407 579
407 722
407 781
407 944
407 965
408 477
408 525
408 535
408 603
408 940
409 431
409 561
410 809
411 448
411 514
411 662
411 789
412 496
412 585
412 873
412 890
412 939
413 697
413 742
413 801
413 890
413 960
414 433
414 655
414 715
414 926
415 496
415 579
415 915
415 996
416 439
416 462
416 479
416 780
416 823
417 530
417 621
417 664
417 849
417 891
418 666
418 708
418 870
418 931
418 944
419 690
419 754
419 825
419 931
420 575
420 735
420 946
421 686
421 694
422 450
422 612
422 664
422 765
423 805
423 873
423 879
424 465
424 861
425 465
425 477
425 629
426 486
426 558
426 629
426 814
426 887
427 627
428 865
429 450
429 728
429 796
429 872
429 995
430 745
430 771
430 902
430 958
431 787
431 810
431 848
431 855
431 968
432 754
432 847
432 908
432 957
433 518
433 534
433 893
433 931
434 539
434 608
434 610
434 646
434 854
435 539
435 785
436 774
437 562
437 566
437 990
438 744
438 756
439 465
439 475
439 518
439 605
439 649
439 678
440 583
440 805
440 899
441 698
441 763
441 819
441 927
443 548
443 695
443 815
443 883
444 476
444 531
444 631
444 745
445 901
445 924
445 935
445 945
446 455
446 499
446 642
446 835
446 949
447 481
447 745
447 811
447 969
447 989
447 996
448 597
448 708
448 761
448 884
449 923
449 953
450 520
450 574
450 881
450 946
451 914
452 476
452 820
452 830
452 875
452 973
453 593
453 596
454 464
454 654
454 719
454 831
454 863
455 493
455 559
455 773
456 633
456 651
456 917
456 921
457 645
457 773
458 551
458 591
458 597
458 611
458 740
458 787
458 894
459 512
459 707
460 529
460 574
460 682
460 729
460 755
461 644
461 725
461 818
461 837
462 544
462 575
462 694
463 526
463 573
463 632
463 827
463 897
464 534
464 702
464 776
464 976
464 992
465 660
466 507
466 711
466 844
467 478
467 498
468 582
468 606
468 889
469 556
469 675
469 783
469 844
470 563
470 651
470 746
470 764
470 855
471 538
471 794
471 814
471 846
471 998
472 668
472 754
472 772
472 796
472 856
472 874
473 776
475 511
475 658
475 769
475 867
476 595
476 624
477 513
477 856
479 599
480 618
480 768
480 913
481 620
481 678
481 702
481 815
482 572
482 692
482 697
482 729
482 893
483 627
483 740
483 847
483 899
483 968
484 568
484 823
484 884
485 516
485 525
485 615
485 631
485 681
486 526
487 614
487 632
487 655
487 739
487 961
488 550
488 618
488 979
489 566
489 572
489 612
489 791
490 991
491 540
491 969
492 638
492 688
492 920
493 550
493 616
493 682
493 751
493 762
493 780
493 812
494 639
494 872
494 921
495 508
495 698
496 665
497 574
497 616
497 753
497 780
497 912
499 660
499 692
499 800
499 990
500 552
500 598
500 773
500 973
501 522
501 604
501 917
502 795
502 861
503 526
503 588
503 839
504 553
504 926
505 558
505 560
505 670
506 678
506 734
506 934
507 544
508 800
508 868
509 866
509 929
510 512
510 809
511 750
511 797
511 963
512 517
513 626
514 549
515 562
515 943
516 638
516 990
517 553
517 967
518 576
518 770
518 801
519 592
519 663
520 533
520 707
521 550
521 910
522 571
522 678
522 710
522 843
522 994
523 807
523 836
524 542
524 631
524 901
525 533
525 857
525 906
526 581
526 761
527 884
528 549
528 657
528 947
529 740
529 863
530 532
530 903
530 974
531 545
531 607
531 845
531 882
531 976
532 597
534 557
534 694
534 768
535 815
537 637
537 649
537 810
537 843
538 601
538 811
539 739
539 791
539 878
539 904
539 971
540 608
540 619
540 705
540 997
541 707
541 961
542 599
542 873
542 997
543 750
543 820
545 552
545 571
545 674
545 738
546 554
546 841
547 637
547 750
547 806
547 905
547 945
548 824
548 834
549 664
549 695
549 725
549 784
549 825
549 862
550 611
551 859
551 942
553 905
554 693
554 697
554 775
554 985
555 613
555 616
555 747
556 696
556 728
556 905
557 585
557 635
557 905
557 963
558 565
558 592
558 727
558 812
558 869
558 921
559 657
559 660
559 786
560 849
561 734
561 797
561 952
562 711
562 750
564 737
565 826
565 899
565 919
565 956
566 610
566 612
566 643
566 845
566 964
566 994
567 650
567 886
568 635
568 747
568 765
568 947
569 588
569 717
569 737
570 581
570 663
570 915
571 583
571 614
571 952
572 687
572 805
572 993
573 955
574 630
574 702
574 894
574 966
575 623
575 780
575 930
576 781
577 657
578 694
578 715
578 734
579 827
579 890
580 815
580 825
580 993
581 828
582 614
583 883
584 717
584 731
584 851
584 972
585 881
586 783
586 935
587 756
587 779
587 952
588 735
588 850
588 998
590 750
590 851
590 878
591 798
592 774
592 858
592 889
592 925
593 687
593 801
594 673
594 978
594 995
596 603
596 852
596 870
596 891
597 822
597 919
598 784
598 863
599 658
599 719
599 794
599 993
600 770
601 907
602 667
602 721
602 959
602 999
603 925
604 866
606 651
606 706
606 761
606 961
607 627
607 849
608 789
608 836
609 663
609 792
610 627
610 693
610 738
611 708
611 841
611 881
612 706
612 828
613 687
613 698
613 944
614 834
614 948
615 993
616 717
616 857
616 883
616 997
617 975
618 702
618 747
618 812
619 859
619 871
619 948
620 643
620 977
620 997
621 651
621 660
621 718
622 639
623 657
623 694
623 923
623 968
623 986
624 755
624 964
625 640
625 733
625 816
625 854
625 897
627 727
627 741
627 849
627 877
627 935
628 726
628 757
628 843
628 986
629 751
629 896
630 649
630 974
631 688
631 894
632 959
633 730
633 832
633 963
634 838
634 892
634 911
634 974
635 728
636 819
636 958
637 664
637 720
637 765
637 769
637 782
637 808
638 777
638 913
639 851
640 933
641 781
641 959
641 998
642 743
642 834
642 978
643 895
644 964
645 860
646 933
646 987
646 995
647 686
647 701
647 995
648 948
649 654
649 683
649 722
649 734
649 842
649 951
650 884
650 910
650 943
651 706
651 840
651 844
651 925
651 962
652 737
652 741
653 703
653 854
653 884
654 854
656 731
656 803
656 889
656 957
657 924
658 670
658 692
658 909
660 926
661 697
661 748
662 733
662 747
662 892
662 899
662 903
663 793
663 846
663 944
664 720
664 892
665 743
665 841
665 912
665 923
665 981
665 983
666 752
666 821
668 873
668 878
669 936
670 705
670 719
670 813
670 953
671 723
671 726
671 789
671 864
671 997
672 860
673 761
674 743
677 831
677 933
679 741
679 747
679 995
680 704
680 945
681 821
682 715
682 721
682 732
683 701
683 780
684 889
685 730
685 757
685 788
686 780
687 903
687 956
688 927
689 694
689 751
689 867
689 872
689 949
690 859
690 921
690 957
691 770
693 767
693 854
693 860
694 757
694 767
695 822
695 989
696 821
696 835
696 969
698 710
698 802
698 812
699 988
699 992
700 808
700 822
700 847
700 916
701 737
701 863
701 959
702 710
703 789
703 974
704 931
705 840
706 765
706 812
706 969
707 987
709 721
709 930
709 969
710 768
710 798
711 795
711 962
712 742
712 846
714 829
714 895
714 899
714 907
715 793
716 906
716 926
716 960
717 933
717 983
718 946
718 986
720 825
720 858
721 851
721 867
722 810
723 746
723 837
723 931
723 961
724 752
724 893
724 973
725 755
725 792
727 893
729 922
729 950
729 979
732 867
732 980
733 914
733 925
734 812
734 942
734 948
735 798
735 995
736 951
737 770
738 932
738 959
738 976
739 742
740 795
740 886
741 788
741 847
741 959
742 915
742 982
743 836
745 992
746 952
748 815
749 759
750 858
750 969
751 755
751 788
751 865
752 854
752 865
752 904
752 990
753 987
755 922
756 798
758 832
760 826
760 863
760 909
761 816
763 828
763 834
763 849
764 779
764 833
764 950
766 810
766 979
767 777
767 885
767 888
767 903
768 924
768 958
769 837
769 873
769 923
770 804
771 860
771 991
772 937
774 806
775 779
775 900
776 921
777 844
777 892
777 942
777 952
778 804
778 895
778 985
779 794
779 939
779 957
781 891
782 829
782 990
784 898
784 971
786 946
787 921
789 859
789 891
790 802
790 877
791 846
791 994
792 802
793 834
793 867
794 799
796 955
797 978
798 878
798 983
799 895
799 970
799 994
800 846
800 863
802 963
803 886
803 967
806 828
807 985
808 855
809 816
809 974
810 835
810 926
810 987
812 959
814 941
814 953
815 930
816 958
817 874
819 936
821 848
821 948
821 980
822 877
822 977
823 923
824 876
826 866
828 847
828 951
829 894
831 900
832 843
832 944
833 846
833 903
833 955
835 852
836 933
836 935
839 860
840 851
840 917
841 950
842 983
843 909
847 994
848 877
850 899
850 928
850 949
850 962
852 876
852 918
853 864
853 882
853 921
855 943
856 895
857 985
858 879
858 900
858 971
859 975
860 965
861 886
861 951
863 918
864 964
865 990
867 922
867 954
870 974
871 918
871 943
874 977
876 933
878 967
880 991
881 991
883 920
887 961
891 969
895 941
899 981
901 976
902 905
902 998
903 920
904 993
906 956
906 986
908 937
909 999
910 952
911 938
912 929
913 945
913 987
916 983
925 932
925 978
926 933
928 940
928 960
930 948
933 973
939 982
944 996
945 960
945 967
946 972
947 965
951 956
954 978
955 993
955 997
959 993
960 970
960 972
963 995
966 973
966 974
973 981
975 994
993 995
0
10 999
