1000	3004	 1
0 30
0 409
0 645
0 760
0 978
1 228
1 447
1 459
1 578
1 582
1 826
2 45
2 187
2 214
2 354
2 355
2 423
2 522
2 736
2 843
2 884
3 61
3 92
3 205
3 328
3 448
3 482
3 670
4 147
4 581
4 809
4 864
5 98
5 617
5 728
5 920
6 13
6 27
6 270
6 506
6 550
6 653
6 726
6 871
7 309
7 393
7 636
7 666
7 942
8 260
8 276
8 320
8 394
8 583
8 588
8 761
8 962
9 714
9 850
9 894
9 944
10 271
10 376
10 482
10 700
11 124
11 418
11 618
11 751
11 763
11 950
12 209
12 238
12 456
12 504
12 548
12 877
13 26
13 43
13 376
13 422
13 568
13 987
13 993
14 67
14 119
14 507
14 669
14 694
14 745
14 907
15 77
15 333
15 739
15 821
15 978
16 68
16 181
16 212
16 232
16 686
16 768
17 115
17 134
17 153
17 190
17 377
17 534
17 718
17 850
18 389
18 427
18 492
18 551
18 596
18 606
18 983
19 34
19 417
19 789
19 798
20 544
20 625
20 762
21 131
21 649
22 153
22 466
22 520
22 779
22 964
23 753
23 890
24 605
24 840
24 847
24 874
24 973
25 37
25 85
25 176
25 243
25 278
25 621
26 112
26 142
26 221
26 222
26 747
27 33
27 392
27 397
28 76
28 404
28 831
28 862
28 938
28 949
29 56
29 136
29 415
29 519
29 551
29 716
29 793
29 828
29 963
30 76
30 191
30 306
30 355
30 371
30 574
30 986
31 401
31 467
31 475
31 586
32 380
32 580
32 777
32 966
32 990
33 120
33 420
33 692
33 768
33 843
33 989
33 999
34 206
34 210
34 662
34 708
35 522
35 625
35 775
35 998
36 96
36 309
36 613
36 673
36 677
36 707
36 884
36 947
37 509
37 570
37 652
37 769
37 921
37 932
38 77
38 135
38 384
38 740
38 864
39 358
39 386
39 471
39 581
39 784
39 798
40 184
40 201
40 299
40 473
40 507
40 631
40 683
40 802
41 188
41 415
41 499
41 548
42 746
42 782
42 874
42 898
42 959
43 493
43 500
43 523
43 623
43 658
44 123
44 343
44 436
44 575
44 874
44 920
44 985
45 777
45 938
45 991
46 50
46 588
46 687
46 843
46 887
47 217
47 269
47 372
47 451
48 119
48 446
48 799
48 978
48 996
49 80
49 146
49 269
49 302
49 325
49 948
50 100
50 183
50 278
50 522
50 658
51 350
51 763
51 869
51 951
52 55
52 68
52 128
52 270
52 416
52 661
52 896
52 984
53 79
53 89
53 97
53 316
53 506
53 738
53 840
53 869
53 894
54 222
54 482
54 534
54 570
54 748
54 934
55 86
55 92
55 367
55 412
55 429
55 664
55 714
55 720
55 757
55 890
56 160
56 275
56 287
56 501
56 783
56 869
56 908
57 353
57 454
57 493
57 935
57 949
57 955
57 985
58 124
58 544
58 545
58 693
58 793
58 900
59 124
59 163
59 269
59 388
59 538
59 665
59 729
59 801
60 435
60 679
60 985
61 220
61 225
61 537
61 625
61 632
62 160
62 670
62 751
62 756
62 785
62 869
63 139
63 161
63 315
64 142
64 146
64 199
64 402
64 776
64 984
65 287
65 341
65 401
65 855
65 862
65 911
65 916
65 982
66 105
66 136
66 386
66 609
66 829
66 871
67 171
67 194
67 573
67 609
67 628
67 643
67 710
68 272
68 294
68 298
68 322
68 360
68 381
68 478
68 504
68 647
68 688
68 868
69 103
69 214
69 523
69 616
69 698
69 725
69 762
69 839
69 851
70 150
70 654
70 712
70 725
70 730
70 734
71 344
71 545
71 626
71 699
71 816
71 904
71 929
72 124
72 734
72 792
72 835
73 126
73 303
73 306
73 486
73 593
73 754
73 816
73 825
73 917
74 92
74 156
74 210
74 230
74 312
74 647
74 773
75 179
75 185
75 326
75 520
75 599
75 905
75 940
76 163
76 449
76 453
76 594
76 816
76 857
76 863
76 865
77 93
77 181
77 206
77 317
77 487
77 509
77 512
77 785
77 940
77 950
77 957
77 961
78 109
78 339
78 616
78 971
79 151
79 595
79 827
80 171
80 303
80 616
80 703
80 805
80 812
81 920
81 954
82 149
82 224
82 359
82 374
82 956
83 561
83 591
83 635
83 646
83 695
84 121
84 327
84 330
84 513
84 615
84 733
84 872
85 259
85 674
86 183
86 419
86 443
86 503
86 532
86 809
86 820
86 903
86 986
87 246
87 331
87 551
87 621
87 745
87 753
88 311
88 627
88 951
89 644
89 982
90 418
90 573
90 587
90 692
90 888
91 179
91 203
91 368
92 351
92 536
92 893
93 136
93 373
93 447
93 480
93 661
93 851
94 448
94 467
94 593
94 639
94 720
94 825
94 859
95 660
95 775
96 176
96 234
96 459
96 615
96 620
96 716
96 821
96 843
96 974
97 175
97 286
97 887
97 960
98 187
98 296
98 399
98 785
98 795
98 961
99 167
99 247
99 300
99 364
99 378
99 789
100 589
101 120
101 261
101 473
102 185
102 267
102 268
102 292
102 324
102 406
102 555
103 137
103 149
103 239
103 269
103 364
103 381
103 398
103 604
103 640
104 574
104 650
105 320
105 408
105 520
105 548
105 796
105 813
106 163
106 209
106 270
106 765
106 901
106 937
107 145
107 147
107 287
107 406
107 667
108 162
108 395
108 748
108 831
109 422
109 969
110 507
110 958
111 291
111 602
112 358
112 425
112 640
112 667
112 669
112 729
112 806
112 846
113 355
113 426
113 590
113 657
113 763
113 789
113 827
113 879
114 129
114 246
114 252
114 587
114 651
114 660
114 724
114 844
114 890
114 963
115 247
115 281
115 551
115 820
115 927
116 159
116 323
116 402
116 497
116 549
117 512
117 781
117 864
118 253
118 498
118 523
118 532
118 670
118 716
118 737
118 897
118 928
118 963
119 280
119 414
119 496
119 525
119 558
119 721
119 750
119 871
119 993
120 505
120 511
120 567
120 751
120 997
121 214
121 246
121 251
121 515
121 816
121 853
121 939
122 752
122 878
123 572
123 745
123 767
123 826
124 134
124 218
124 501
124 591
124 613
124 643
124 669
124 727
124 907
125 190
125 239
125 349
125 350
125 369
125 387
125 463
126 303
126 431
126 649
126 678
126 729
126 903
127 353
127 631
127 876
127 895
128 162
128 295
128 316
128 317
128 891
128 926
129 175
129 483
129 552
129 565
129 606
129 812
129 827
129 936
130 164
130 244
130 249
130 610
130 634
130 727
130 841
130 948
131 269
131 694
131 842
131 932
132 175
132 258
132 392
132 534
133 187
133 399
133 603
133 633
134 530
134 755
134 860
135 325
135 516
135 528
135 560
135 593
135 983
135 992
136 184
136 200
136 300
136 479
136 515
136 701
137 221
137 719
137 941
138 158
138 437
138 511
138 810
138 822
139 317
139 542
139 557
139 874
139 915
140 169
140 194
140 196
140 462
140 615
140 703
140 785
141 491
141 542
141 570
141 622
141 804
143 250
143 395
143 476
143 752
143 933
143 952
144 317
144 516
144 822
144 871
145 444
145 578
145 581
146 442
146 611
146 630
146 769
146 803
147 273
147 289
147 297
147 355
147 748
147 750
148 710
148 969
149 296
149 654
150 383
150 773
150 926
150 966
151 276
151 464
151 467
151 551
151 802
151 835
152 648
152 678
152 872
153 263
153 327
153 636
153 706
153 916
154 309
154 314
154 406
154 552
154 558
154 600
154 851
154 951
155 334
155 353
155 665
155 823
155 869
156 163
156 442
156 669
157 170
157 331
157 771
157 859
157 871
158 342
158 456
158 584
158 602
158 843
159 160
159 168
159 447
159 491
159 521
159 560
159 624
159 876
160 506
160 669
160 943
161 182
161 211
161 227
161 236
161 527
161 770
162 373
162 509
162 531
162 751
163 168
163 176
163 318
163 418
163 605
164 168
164 265
164 394
164 475
164 716
164 729
165 344
165 393
165 470
165 866
166 293
166 298
166 661
166 716
166 766
167 376
167 528
167 883
168 233
168 234
168 235
168 340
168 560
168 701
169 343
169 401
169 600
169 835
170 218
170 233
170 466
170 520
170 546
170 609
171 257
171 656
172 309
172 583
172 633
172 744
172 770
172 793
173 498
173 641
173 917
174 245
174 302
174 515
174 616
174 653
174 829
175 402
175 446
175 549
175 559
175 816
175 991
176 248
176 452
176 613
176 741
176 788
176 864
176 914
177 493
177 949
178 513
178 675
178 941
179 288
180 234
180 313
180 325
180 752
180 905
181 297
181 409
181 420
182 437
182 490
183 433
183 674
183 776
183 824
183 879
184 461
184 511
184 528
184 844
185 210
185 266
185 380
185 544
185 650
185 686
185 774
185 828
185 878
186 231
186 434
186 581
186 632
187 566
187 616
188 194
188 245
188 284
188 537
189 667
189 781
189 852
189 893
190 300
190 706
190 933
190 975
191 193
191 331
191 506
191 517
192 201
192 301
192 817
192 969
193 303
193 316
193 407
193 578
193 663
193 765
193 920
193 929
194 198
194 368
194 543
194 602
194 610
194 915
195 595
195 860
195 921
196 382
196 400
196 481
196 591
197 214
197 612
197 739
198 241
198 369
198 815
199 287
199 418
199 459
199 512
199 568
200 421
200 511
200 635
200 769
201 268
201 306
201 542
201 607
201 624
201 767
201 849
202 263
202 306
202 333
202 396
202 598
202 633
202 648
202 663
202 714
203 282
203 288
203 473
203 490
203 543
203 781
204 422
204 583
204 959
204 969
205 210
205 482
205 508
205 559
205 628
205 718
205 784
205 853
205 942
205 985
206 377
206 471
206 806
207 208
207 533
207 612
207 622
207 838
207 964
207 992
208 226
208 289
208 397
208 483
208 695
208 712
208 881
208 936
208 965
209 242
209 366
209 519
209 605
209 662
209 846
210 723
210 883
211 565
211 847
211 932
212 233
212 310
212 524
213 251
213 406
213 546
213 753
213 864
213 883
214 390
214 777
214 939
215 556
215 826
215 842
215 944
216 424
216 867
216 890
216 968
217 233
217 821
217 889
218 538
218 773
218 878
218 934
218 937
219 254
219 461
219 608
219 736
220 368
220 657
220 674
220 775
220 856
220 876
221 319
221 857
222 458
222 568
222 919
222 939
223 592
223 774
224 727
224 828
225 346
225 549
225 633
225 707
225 896
225 945
225 980
226 242
226 371
226 531
226 834
226 998
227 369
227 431
227 546
227 549
227 680
227 705
227 810
227 818
228 628
228 716
228 848
229 270
229 589
230 241
230 540
230 763
230 865
231 384
231 870
232 436
232 485
232 659
232 728
232 750
232 906
232 993
233 288
233 400
233 698
234 334
234 423
234 724
234 793
234 806
235 275
235 347
235 485
235 504
235 536
235 691
235 789
235 842
236 296
236 596
236 648
236 665
236 700
237 499
237 502
237 676
237 788
237 797
237 877
237 935
238 336
238 535
238 597
238 752
238 844
238 897
238 943
239 373
239 419
239 493
239 523
239 798
239 964
240 401
240 722
240 751
240 915
241 634
241 794
241 932
241 980
242 607
242 676
242 681
242 712
242 837
242 855
242 974
243 337
243 415
243 499
243 512
243 842
243 925
243 953
244 690
244 710
244 756
244 932
245 525
245 860
246 641
247 369
247 436
247 446
247 481
247 640
247 654
247 732
248 378
248 428
248 478
248 558
248 758
248 929
249 411
249 471
249 612
249 917
249 994
250 610
250 760
250 866
250 973
251 451
251 547
251 918
251 979
252 517
252 657
252 921
252 987
253 847
253 967
254 782
254 866
255 271
255 426
255 494
255 570
255 611
255 756
255 777
256 487
256 799
256 827
256 834
257 268
257 640
257 681
257 783
257 845
258 423
258 720
258 736
258 922
259 658
259 679
259 774
259 798
260 453
260 809
261 915
261 934
261 996
262 331
262 718
262 807
263 417
263 457
263 573
263 574
263 740
263 800
263 816
263 925
263 981
264 310
264 683
264 787
265 471
265 775
265 898
265 982
266 362
266 377
266 379
266 635
266 894
267 450
267 719
267 819
267 952
267 955
268 460
268 464
268 587
268 978
269 383
269 460
269 793
269 999
270 519
270 550
270 594
270 690
270 880
271 561
271 766
272 589
272 686
272 770
272 856
272 961
273 371
273 513
274 335
274 395
274 690
274 866
274 894
275 428
275 870
275 949
275 970
276 421
276 521
276 791
276 892
276 913
277 342
277 671
277 774
278 606
278 918
279 301
279 343
279 571
279 784
280 282
280 310
280 723
280 878
280 975
281 305
281 363
281 377
281 473
281 571
281 735
281 975
282 314
282 347
282 444
282 759
282 848
282 852
282 879
282 949
283 680
283 701
283 781
283 870
284 467
284 653
284 921
284 977
285 424
285 552
285 586
285 693
285 708
285 878
285 986
286 348
286 410
286 561
286 787
286 799
287 803
287 822
288 341
288 349
289 293
289 305
289 855
289 870
289 891
290 551
290 561
290 771
291 301
291 484
291 702
291 858
292 462
292 532
292 559
292 631
293 579
293 740
293 909
293 983
293 990
294 324
294 422
294 596
295 391
295 518
295 556
295 604
295 679
295 761
296 308
296 330
296 335
296 336
296 352
296 587
296 948
297 549
297 601
297 632
297 744
297 749
297 817
298 311
298 375
299 589
300 488
300 949
301 398
301 442
301 518
301 531
301 675
301 830
301 850
301 886
301 952
302 559
302 721
302 815
302 822
302 881
302 992
303 733
304 398
304 541
304 897
305 452
305 891
306 314
306 466
306 516
306 691
306 881
307 427
307 468
307 640
307 788
307 997
308 428
308 650
308 738
309 370
309 656
309 670
310 736
311 452
311 512
311 594
311 614
312 418
312 461
312 696
313 396
313 435
313 546
313 588
313 906
314 382
314 441
314 665
314 673
314 925
315 643
315 690
315 744
315 915
316 418
316 468
316 605
316 813
317 392
317 465
318 351
318 484
318 655
318 735
318 758
318 862
319 499
319 539
319 602
319 669
319 836
320 336
320 366
320 401
320 668
320 674
320 901
320 943
321 441
321 506
321 629
321 631
321 924
322 658
322 715
322 736
322 809
322 842
322 881
323 717
323 801
323 964
324 899
325 348
325 377
325 451
325 839
326 543
326 577
326 814
326 854
327 405
327 817
328 395
328 526
328 547
328 752
328 805
329 364
329 803
329 811
329 989
330 454
331 660
332 653
332 817
333 475
333 476
333 636
333 965
334 397
334 457
334 460
334 620
334 817
335 710
335 856
336 469
336 707
337 416
337 490
337 523
337 687
337 996
338 383
338 400
338 547
338 712
339 349
339 463
339 577
339 593
339 654
339 724
339 770
339 958
340 483
340 501
340 526
340 591
340 850
340 913
340 959
341 898
341 937
342 349
342 394
342 411
342 578
342 857
342 859
342 910
342 925
343 438
343 658
343 679
343 945
344 502
344 547
344 610
344 691
344 896
345 350
345 358
345 374
345 468
345 616
345 749
345 770
346 456
346 503
346 538
346 647
346 672
346 883
346 967
347 466
347 671
347 742
347 918
347 968
348 563
348 712
349 402
349 477
349 604
350 486
350 517
350 562
350 715
350 847
350 913
351 840
351 886
351 903
351 951
352 359
352 564
353 503
353 606
353 665
353 703
353 911
354 437
354 674
354 787
354 867
354 927
354 964
355 489
355 767
355 908
355 947
356 587
356 792
357 416
357 702
357 830
358 626
358 712
358 717
358 731
359 483
359 650
360 362
360 508
360 877
361 620
361 787
361 939
362 540
362 637
362 786
362 824
362 839
362 884
362 978
363 464
363 522
363 605
363 621
363 792
364 367
364 526
364 804
364 913
364 971
365 519
365 570
365 681
365 745
366 425
366 526
366 603
366 711
367 395
367 474
367 555
367 774
367 776
367 946
367 966
368 504
368 784
368 846
369 821
369 858
369 863
370 501
370 595
370 732
370 745
370 953
370 960
371 372
371 436
371 521
371 541
371 788
372 426
372 959
372 971
373 476
373 682
373 808
374 720
374 955
375 497
375 562
375 842
375 906
375 918
376 682
376 852
376 968
377 390
378 410
378 472
378 500
378 532
378 544
378 668
378 745
378 809
378 930
379 454
379 484
379 678
379 716
379 834
379 872
380 682
381 574
381 597
381 609
381 644
381 678
381 955
382 393
382 501
382 627
383 851
383 882
384 393
384 544
384 671
384 695
384 731
385 500
385 817
385 860
386 468
386 512
386 600
386 764
386 952
387 485
387 639
388 608
388 610
388 661
388 877
388 961
389 490
389 707
389 999
390 520
390 793
390 878
391 538
391 571
392 611
392 785
392 789
392 936
393 409
393 416
393 626
393 678
393 814
393 866
393 947
394 414
394 835
394 938
394 977
395 511
395 657
395 659
396 407
396 637
396 842
396 870
397 489
397 768
397 803
398 884
398 911
399 604
399 627
399 645
399 674
399 684
399 879
400 604
400 685
401 624
401 643
401 880
402 523
402 828
402 879
403 618
403 642
403 846
403 969
404 476
404 493
404 821
404 992
405 424
405 431
405 700
406 502
406 508
406 654
406 783
406 805
406 813
406 947
407 529
407 668
407 669
407 780
407 794
407 873
408 838
408 929
409 479
409 740
410 555
410 721
410 860
410 924
411 829
411 894
412 450
412 768
412 839
412 922
413 439
413 986
414 686
414 707
414 867
415 599
415 602
416 514
416 520
416 593
416 605
416 900
416 967
417 771
417 962
418 427
419 487
419 756
420 481
420 849
420 880
421 552
421 932
422 597
422 690
422 804
423 695
423 779
424 467
424 552
424 874
425 426
425 704
425 774
425 996
426 523
426 786
426 824
426 977
427 465
427 480
427 560
427 694
428 443
428 492
428 512
428 573
428 670
429 445
429 612
429 622
429 736
430 478
430 564
430 584
430 732
430 786
430 897
430 950
431 476
431 527
431 619
431 704
431 996
432 433
432 632
432 726
433 810
433 931
434 847
434 913
435 555
435 744
435 846
435 868
436 753
436 815
436 817
437 592
437 931
437 958
438 539
438 592
438 594
438 709
438 710
438 815
439 486
439 518
439 566
439 580
439 617
439 624
439 836
439 936
439 940
439 976
440 479
440 791
440 871
441 556
441 940
441 964
441 980
442 563
442 658
442 826
442 972
443 453
443 524
443 851
443 939
444 544
444 625
444 648
444 700
444 883
444 890
445 467
445 521
445 661
445 768
445 788
445 887
446 821
446 887
447 986
448 577
448 978
449 495
450 530
450 971
451 621
451 712
451 867
452 454
452 469
452 479
452 757
452 908
452 927
452 935
453 600
453 867
453 910
453 952
454 748
454 837
455 463
455 828
455 901
455 990
456 547
456 615
457 518
457 529
457 669
458 536
458 617
458 777
459 818
459 870
460 502
460 535
460 577
461 853
461 899
461 980
462 694
462 699
463 770
463 773
463 976
464 696
464 815
465 692
465 842
466 474
467 526
467 627
467 669
468 545
468 633
468 821
469 632
469 772
469 879
472 884
472 937
473 527
473 782
473 930
474 620
474 697
474 789
475 668
475 874
477 532
477 631
477 670
478 544
478 623
478 661
478 754
479 502
479 618
479 858
480 494
480 693
481 678
481 801
481 987
482 483
482 574
482 767
483 487
483 722
483 725
484 510
484 563
484 842
484 843
484 844
484 852
485 890
487 507
487 737
487 917
487 959
488 547
488 683
488 719
488 723
488 835
488 991
489 592
489 610
489 624
489 972
490 701
491 537
491 656
491 783
492 602
492 844
493 520
493 616
493 674
494 681
495 511
495 524
495 539
495 627
495 818
495 840
495 939
496 547
496 584
496 685
496 752
497 623
497 648
497 769
497 925
498 550
498 865
498 924
499 507
499 511
499 680
499 730
499 799
500 548
500 598
500 742
500 753
501 502
501 717
502 536
502 925
504 963
505 999
506 508
506 672
506 679
506 748
506 772
506 957
507 687
507 800
508 774
509 797
510 514
510 923
511 529
511 849
511 971
512 609
512 635
512 762
512 949
513 587
513 630
513 967
514 987
515 597
515 629
515 703
515 893
515 998
516 619
516 652
516 709
516 860
516 992
517 554
517 675
517 895
518 692
518 742
518 864
518 959
519 546
519 587
519 588
519 615
519 651
519 956
519 961
520 715
520 911
521 545
521 614
521 730
521 860
521 965
522 528
522 589
522 605
522 639
522 748
522 822
522 897
523 619
523 620
523 641
523 803
523 908
523 922
524 539
524 890
525 558
525 644
525 722
525 970
525 974
525 997
526 535
526 650
526 804
527 619
527 689
528 719
528 739
528 854
528 897
529 627
529 689
529 781
529 969
530 547
530 692
530 954
531 553
531 668
531 750
532 802
533 573
534 550
534 564
534 641
534 705
534 720
534 927
534 939
535 655
536 884
537 619
537 722
537 741
537 809
537 867
539 771
539 775
539 918
539 972
540 691
540 806
541 913
542 592
543 561
543 721
543 811
544 600
544 620
544 659
544 735
544 863
546 618
546 778
546 953
546 968
547 590
547 680
547 756
547 829
547 913
548 861
549 792
549 819
549 877
549 962
550 689
550 992
551 644
551 754
551 988
552 701
552 872
552 873
553 601
553 859
553 943
554 559
554 704
555 827
555 974
556 583
556 950
557 647
557 651
557 981
558 679
558 808
558 830
558 863
559 564
559 791
559 951
560 859
560 921
560 930
561 870
561 896
561 900
562 572
562 624
562 685
562 785
563 606
563 619
563 710
563 746
563 799
564 610
565 744
566 572
566 593
566 930
567 711
567 776
568 807
568 981
569 697
569 827
569 830
569 968
570 680
570 967
571 772
571 927
571 949
572 599
573 676
574 666
574 714
574 826
574 856
575 636
575 938
576 638
576 693
576 789
577 806
577 859
577 870
577 993
578 581
578 704
578 743
579 581
579 730
579 786
580 659
580 677
580 735
581 693
582 584
582 595
582 786
583 796
583 981
584 692
584 723
584 725
584 737
584 959
585 623
585 676
585 725
585 800
585 825
585 961
586 700
586 894
586 980
587 791
587 880
587 934
588 743
588 904
589 726
589 913
590 772
590 834
592 823
592 874
593 683
593 703
593 884
594 633
594 663
594 833
594 929
594 955
594 965
595 944
596 871
597 664
597 761
598 684
598 890
599 708
599 831
599 976
600 939
601 695
601 706
601 935
601 980
602 760
602 896
603 631
603 856
604 822
604 974
605 761
606 656
606 690
607 700
607 761
608 797
608 916
608 946
608 963
609 648
609 781
609 831
609 883
610 614
610 636
610 873
610 917
611 812
612 714
612 869
613 743
613 752
614 701
615 868
616 682
616 896
617 740
617 754
618 669
618 784
619 620
619 705
619 759
620 656
620 893
620 903
620 921
620 943
622 944
622 948
623 851
624 686
624 702
624 895
624 950
625 677
625 743
626 698
626 976
628 793
628 942
629 647
629 716
630 675
632 669
632 818
632 853
633 852
634 657
634 701
634 760
635 649
635 904
637 677
638 856
638 896
639 667
639 704
639 838
639 880
640 675
640 774
641 773
641 795
642 718
642 723
642 756
642 958
643 729
643 827
643 900
644 867
645 823
645 943
646 759
646 815
647 650
647 699
647 720
647 728
647 920
648 677
648 813
648 826
649 663
649 792
649 838
649 863
649 910
649 999
650 943
651 751
651 773
651 795
651 875
654 843
655 745
655 750
655 839
655 934
655 940
656 669
656 847
656 920
657 711
657 760
657 881
658 885
659 930
659 934
659 935
660 938
661 731
661 924
662 974
663 711
663 968
664 790
664 806
664 866
665 678
665 770
665 921
665 939
666 989
667 722
667 877
668 830
669 786
669 899
670 812
670 851
670 926
671 881
672 705
672 935
673 708
673 791
673 850
675 824
675 830
676 726
676 850
676 861
676 939
676 994
677 945
679 734
679 967
680 828
681 708
681 787
682 717
682 792
683 773
683 876
685 730
685 989
686 724
687 704
687 710
687 796
687 855
688 792
689 913
689 991
690 708
690 750
690 762
690 795
690 916
690 943
691 706
691 769
691 808
691 868
691 973
692 732
692 838
692 874
693 805
693 921
693 928
694 750
694 773
694 863
695 696
695 999
696 921
697 916
700 796
700 881
701 912
701 963
702 861
703 772
703 845
703 859
706 738
706 986
707 724
707 931
707 946
708 780
708 817
708 827
708 952
708 985
709 769
710 775
710 845
711 755
711 774
712 814
713 756
713 811
713 944
716 721
716 844
717 875
717 879
718 837
718 855
718 966
720 881
720 888
720 895
720 907
722 727
722 822
722 838
722 899
722 915
723 733
723 798
723 946
724 828
724 923
725 814
725 907
725 969
726 930
726 989
727 921
728 783
728 946
729 898
730 860
730 998
731 845
731 985
732 777
732 889
733 964
734 846
734 867
736 942
738 753
738 886
738 924
739 746
740 754
740 872
740 879
740 894
740 982
741 779
744 824
744 873
744 887
744 937
745 746
745 894
746 766
746 881
747 776
747 873
747 979
748 838
749 800
750 986
751 754
752 912
753 781
753 992
755 789
755 952
755 988
756 773
756 868
756 989
757 802
757 981
758 887
759 944
762 781
763 827
763 851
764 853
765 889
766 920
767 772
768 779
768 871
768 975
769 866
769 897
769 929
769 952
769 974
769 993
770 794
771 955
772 781
772 789
773 889
773 901
773 970
774 837
774 901
775 912
775 976
777 826
777 872
777 874
777 937
777 996
778 806
778 832
778 845
779 870
779 977
780 783
780 879
781 945
782 985
785 858
787 866
787 892
788 892
788 978
789 934
790 991
791 793
791 900
794 992
795 889
795 964
797 845
797 873
797 875
797 921
798 858
800 882
800 935
805 961
807 910
807 943
808 906
809 819
809 855
810 893
811 970
813 921
813 987
814 894
815 878
815 932
816 972
818 839
818 847
819 877
819 901
819 950
820 830
820 858
821 897
822 893
823 897
823 910
824 871
824 980
825 828
827 960
829 866
829 926
830 891
831 861
831 873
832 880
832 895
832 920
833 913
833 975
834 937
838 984
839 895
840 867
840 953
840 982
844 984
845 914
846 928
847 948
847 967
850 859
851 953
853 860
855 868
858 895
858 936
858 965
859 864
859 925
860 867
860 877
860 961
864 898
864 964
865 994
866 873
866 925
868 874
868 909
868 968
869 939
869 957
871 993
872 899
872 914
874 934
876 930
880 941
882 893
883 915
885 936
889 952
891 981
892 980
893 899
894 916
896 925
897 998
899 961
900 966
900 995
902 962
903 922
904 983
907 921
909 922
909 931
910 957
912 953
913 931
913 940
914 976
916 983
920 944
923 976
923 991
924 934
924 956
925 958
927 978
935 937
945 961
954 970
955 971
956 976
962 971
965 979
978 991
988 999
0
10 999
