1000	3056	 1
0 31
0 193
0 513
0 643
0 713
1 206
1 622
1 625
2 125
2 677
3 118
3 146
3 450
3 481
3 663
3 744
3 789
3 797
3 910
3 993
4 238
4 917
4 926
5 72
5 127
5 214
5 268
5 274
5 318
5 344
5 709
6 687
6 802
7 28
7 160
7 167
7 329
7 720
7 875
7 930
7 974
8 9
8 76
8 659
8 881
9 177
9 219
9 301
9 899
9 909
10 155
10 269
10 305
10 398
10 471
10 678
10 853
10 915
11 39
11 325
11 429
11 585
12 488
12 600
12 610
12 655
13 158
13 318
13 622
13 658
13 763
13 798
14 100
14 783
14 844
14 845
14 914
15 126
15 218
15 257
15 303
15 497
15 560
15 635
15 638
15 692
15 936
16 47
16 139
16 505
16 561
16 572
16 603
16 880
16 930
17 95
17 248
17 823
17 851
18 22
18 82
18 125
18 395
18 821
18 913
19 185
19 340
19 378
19 462
19 481
19 498
19 506
19 926
20 47
20 101
20 477
20 576
20 622
21 216
21 841
21 982
22 122
22 155
22 172
22 332
22 412
22 677
22 691
22 967
23 270
23 363
23 445
23 561
23 901
23 992
24 142
24 211
24 367
24 394
24 747
24 846
25 378
25 451
25 542
25 561
25 641
25 804
26 76
26 124
26 302
26 527
26 532
26 551
26 764
27 225
27 317
27 374
27 441
27 500
27 734
27 738
27 749
27 916
27 946
27 997
28 165
28 331
28 422
29 370
29 625
29 788
29 813
29 855
30 36
30 245
30 306
30 546
30 577
30 725
30 809
31 153
31 322
31 349
31 437
31 492
31 534
31 594
31 782
31 814
31 998
32 260
32 268
32 367
32 490
32 765
33 193
33 289
33 567
33 722
33 745
33 800
33 802
34 142
34 226
34 414
34 548
34 554
34 731
35 330
35 426
35 822
36 113
36 226
36 351
36 631
36 994
37 109
37 306
37 501
37 788
37 834
38 85
38 138
38 386
38 791
38 856
38 873
39 344
39 395
39 562
39 681
40 99
40 132
40 704
40 851
40 931
41 263
41 333
41 413
41 750
41 771
41 888
42 166
42 249
42 311
42 493
42 585
42 636
42 696
42 793
43 122
43 146
43 400
43 407
44 96
44 101
44 415
44 622
44 707
44 826
44 989
45 119
45 379
45 495
45 956
46 363
46 732
46 813
46 984
47 289
47 510
47 629
47 864
48 62
48 82
48 858
48 951
49 107
49 530
49 541
49 553
49 617
49 668
50 190
50 389
50 471
50 544
50 828
50 943
51 96
51 199
51 272
51 307
51 535
51 585
51 689
51 727
51 772
51 964
52 362
52 712
52 713
52 766
52 822
52 843
52 850
53 137
53 224
53 765
53 836
53 934
54 87
54 246
54 586
55 346
55 383
55 568
55 722
55 771
55 965
56 87
56 141
56 264
56 287
56 314
56 477
56 589
56 829
56 882
57 139
57 202
57 476
57 659
57 673
57 894
57 901
58 87
58 220
58 239
58 339
58 467
58 494
58 562
58 637
58 773
59 160
59 426
59 701
60 178
60 611
60 752
60 973
60 990
61 310
61 342
61 467
61 494
61 653
61 782
61 942
61 955
62 88
62 172
62 338
62 343
62 436
62 466
62 750
62 753
62 758
62 856
62 939
63 355
63 454
63 562
63 614
63 714
63 805
63 962
63 994
64 81
64 97
64 305
64 752
64 967
65 112
65 137
65 138
65 568
65 605
65 680
66 173
66 380
66 445
66 457
66 506
66 666
66 681
66 853
66 891
67 606
67 704
67 940
68 183
69 516
69 626
69 708
69 848
70 197
70 247
70 328
70 331
70 339
70 730
70 793
70 944
70 988
71 132
71 203
71 354
71 398
71 474
71 487
71 654
71 776
71 861
72 219
72 226
72 499
72 558
72 751
72 903
73 168
73 340
73 393
73 404
73 634
74 332
74 393
74 708
75 540
75 798
76 122
76 325
76 407
76 672
76 687
76 846
77 284
77 583
77 711
77 869
78 199
78 205
78 466
78 506
78 794
78 814
79 107
79 138
79 196
79 433
79 507
79 599
79 913
79 991
80 283
80 301
80 438
80 688
80 873
80 975
81 173
81 277
81 335
81 407
81 705
81 830
81 932
82 383
82 437
82 672
82 780
82 886
82 973
83 148
83 344
83 470
83 555
83 583
83 728
83 925
84 331
84 386
84 436
84 960
85 103
85 295
85 440
85 552
85 565
85 729
85 860
86 116
86 182
86 294
86 425
87 132
87 241
87 487
87 493
87 540
87 944
87 964
88 300
88 313
88 755
89 119
89 322
89 399
89 540
89 600
89 691
89 802
90 693
90 780
90 827
90 895
91 192
91 270
91 344
91 477
91 548
91 613
91 622
91 834
91 982
91 991
92 149
92 183
92 199
92 345
92 448
92 637
92 778
92 859
93 371
93 483
93 647
94 108
94 599
95 97
95 110
95 204
95 233
95 530
95 698
95 927
96 188
96 204
96 215
96 376
96 385
96 499
96 530
96 805
96 847
97 188
97 237
97 788
98 399
98 468
98 569
98 598
98 857
99 196
99 242
99 252
99 253
99 265
99 582
99 613
99 819
100 101
100 332
100 557
100 603
100 697
101 169
101 252
101 374
101 752
101 873
102 500
102 631
102 742
103 307
103 311
103 829
104 245
104 459
104 676
104 686
104 719
105 173
105 182
105 357
105 362
105 370
105 792
105 890
106 913
107 341
107 349
107 454
107 462
107 495
107 511
107 620
107 842
108 305
108 513
108 842
109 267
109 739
109 914
109 958
110 495
110 674
110 687
110 846
110 920
110 957
111 386
111 466
111 503
111 829
112 178
112 237
112 383
112 636
112 760
113 166
113 335
113 377
113 554
113 850
113 903
114 294
114 418
114 469
114 583
114 688
114 858
115 500
115 595
116 172
116 259
116 382
116 431
116 582
116 624
116 782
116 859
116 981
117 141
117 162
117 170
117 234
117 236
117 256
117 466
117 871
117 947
118 139
118 295
118 383
118 390
118 403
118 571
118 578
118 653
118 684
118 777
118 925
118 989
119 316
119 841
119 954
119 979
120 163
120 479
120 535
120 548
120 761
120 825
121 225
121 291
121 324
121 415
121 426
121 603
121 673
122 181
122 251
122 485
122 599
122 625
122 659
122 826
122 853
122 986
122 997
123 150
123 266
123 385
123 566
123 660
123 757
124 474
124 844
124 900
124 978
125 192
125 202
125 311
125 423
125 466
125 470
125 624
125 895
126 143
126 510
127 206
127 328
127 465
127 852
127 896
127 968
128 191
128 291
128 301
128 734
128 920
129 186
129 686
129 798
129 970
130 174
130 499
130 504
130 705
130 906
130 981
131 224
131 289
131 457
131 685
131 725
131 730
131 838
132 221
132 387
132 479
132 748
133 143
133 393
133 491
133 583
133 619
134 188
134 304
134 335
134 407
134 550
134 607
134 757
135 298
135 450
135 772
136 435
136 527
136 788
136 812
137 306
137 818
137 825
137 904
137 954
138 231
138 484
138 486
138 549
138 857
139 166
139 304
139 735
140 183
140 386
140 467
140 832
140 896
141 224
141 490
141 863
141 996
142 483
142 493
142 892
143 206
143 408
143 639
143 674
143 755
144 634
144 648
144 853
145 407
145 547
145 623
146 244
146 465
146 492
146 810
147 291
147 497
147 563
147 576
147 715
147 728
148 227
148 318
148 550
148 829
148 999
149 153
149 209
149 311
149 356
149 456
149 679
149 702
150 672
150 677
150 700
150 702
150 751
150 769
151 363
151 554
151 621
151 953
151 999
152 224
152 284
152 336
152 429
152 506
152 576
152 591
152 903
153 994
154 383
154 467
154 657
154 676
154 699
154 827
154 863
155 321
155 486
155 742
155 846
155 918
156 380
156 440
156 468
156 699
156 819
156 841
156 966
156 980
157 169
157 250
157 524
157 544
157 562
158 445
158 474
158 573
158 774
158 878
158 973
158 987
159 349
159 398
159 432
159 575
159 652
159 727
159 755
159 941
160 170
160 198
160 346
160 507
160 511
160 530
160 606
161 358
161 556
161 710
161 763
161 832
162 184
162 669
162 730
162 941
163 414
163 452
163 796
164 271
164 287
164 461
164 837
164 908
165 174
165 413
165 609
166 202
166 267
166 282
166 509
166 751
166 806
166 835
166 851
167 190
167 252
167 394
167 664
167 700
167 729
167 735
167 930
168 281
168 613
168 897
168 949
169 280
169 626
169 665
170 214
170 269
170 335
170 415
170 968
171 217
171 431
171 449
171 453
171 718
172 658
172 733
172 794
172 985
173 238
173 295
173 448
173 451
173 880
174 203
174 233
174 766
175 321
175 357
175 692
176 194
176 349
176 532
176 545
176 549
176 604
176 956
177 288
177 305
177 598
177 670
177 757
177 947
178 274
178 298
178 342
178 419
179 391
179 675
180 191
180 282
180 532
180 607
180 805
180 807
181 220
181 474
181 497
181 548
181 777
181 786
182 851
182 987
183 314
183 439
183 514
183 944
184 311
185 186
185 274
185 511
185 516
185 906
186 355
186 472
186 633
186 650
186 712
186 776
186 927
187 510
188 353
188 659
188 697
188 706
188 945
189 339
189 406
189 764
189 771
189 788
189 842
190 263
190 296
190 447
190 451
190 593
190 935
191 289
191 290
191 317
191 747
191 790
191 942
192 273
192 352
192 531
192 759
193 451
193 641
193 698
193 800
193 812
193 832
194 467
194 487
194 549
194 606
195 316
195 338
195 352
195 473
195 942
196 498
196 510
196 524
196 635
196 713
196 748
196 974
197 227
197 267
197 637
198 266
198 273
198 689
198 878
198 958
199 790
200 291
200 411
200 563
200 615
200 690
200 716
200 873
200 882
200 916
200 941
201 219
201 449
201 805
201 806
202 288
202 324
202 473
202 698
202 940
203 482
203 581
203 746
203 853
203 940
204 304
204 508
204 575
204 762
204 979
205 451
205 452
205 589
205 644
205 651
205 814
205 945
206 284
206 735
207 219
207 387
207 546
207 628
207 662
207 769
207 772
208 503
208 752
208 918
209 410
210 242
210 427
210 432
210 612
210 752
210 803
210 821
210 875
211 370
211 394
211 397
211 421
211 568
211 745
212 365
212 446
212 708
212 945
213 239
213 501
213 526
213 556
213 630
213 650
213 913
214 234
215 438
215 489
215 492
215 599
215 634
215 797
215 828
216 271
216 366
216 642
216 752
217 270
217 286
217 478
217 525
217 693
217 856
217 903
217 906
218 388
218 494
218 654
218 787
218 802
218 874
218 905
219 403
219 426
219 434
219 641
220 461
220 817
221 293
221 477
221 848
221 917
222 461
222 462
222 712
222 853
223 245
223 958
224 236
224 245
224 357
224 429
224 588
224 730
224 760
225 290
225 401
225 428
225 538
225 754
226 635
226 759
226 914
227 342
227 393
227 978
227 992
228 353
228 372
228 441
228 674
228 953
229 258
229 355
229 607
229 747
230 404
230 832
230 837
231 504
231 681
231 695
231 921
232 280
232 359
232 500
232 715
232 812
232 827
232 911
233 263
233 297
234 446
234 498
234 600
234 767
234 781
234 800
235 459
235 601
235 621
235 634
235 646
235 844
236 401
236 485
236 730
237 239
237 280
237 399
237 654
237 661
237 744
237 809
237 896
237 982
238 664
238 675
238 813
238 947
239 272
239 380
239 506
239 921
239 931
240 289
240 535
240 646
240 671
240 672
241 286
241 641
241 645
241 679
241 693
241 796
241 845
242 281
242 317
242 631
242 849
242 965
243 504
243 961
244 398
244 404
244 453
244 670
244 680
244 736
244 767
244 887
245 290
245 314
245 465
245 826
246 491
246 593
246 756
246 839
247 819
247 854
247 857
248 347
248 386
248 795
249 507
249 525
249 675
250 496
250 529
250 780
250 826
250 860
250 963
250 983
251 309
251 613
251 815
251 942
251 946
252 291
252 889
252 972
253 778
253 803
254 379
254 408
254 421
254 538
254 990
255 267
255 419
255 725
255 726
255 794
256 487
257 271
257 303
257 334
257 542
257 572
257 774
257 907
257 971
258 288
258 290
258 898
259 305
259 449
260 384
260 477
260 622
261 351
261 406
261 489
261 629
261 644
261 773
261 790
261 924
262 428
262 783
262 785
263 359
263 407
263 583
263 629
263 803
264 791
264 925
264 947
265 487
265 622
266 496
266 559
266 573
267 333
267 388
267 720
268 801
268 854
268 978
269 272
269 317
269 476
269 481
269 611
269 628
269 717
269 732
269 842
269 896
269 943
270 581
270 804
270 933
271 335
271 495
271 781
271 808
272 536
272 796
272 984
273 345
273 482
273 880
274 588
274 730
274 862
274 924
275 276
275 312
275 348
275 864
275 879
275 938
276 397
276 416
276 459
276 650
276 672
276 966
277 351
277 353
277 467
277 646
277 734
277 789
277 852
277 932
278 306
278 471
278 539
278 893
278 980
279 367
279 554
279 612
279 695
280 382
280 442
280 730
280 938
280 940
281 325
281 466
281 572
281 589
281 657
281 659
281 802
282 324
282 405
282 547
282 595
282 709
282 828
282 915
283 334
283 495
283 787
283 797
284 295
284 442
284 445
284 596
284 868
285 320
285 673
285 749
285 770
285 785
285 812
285 815
286 400
286 447
286 812
287 513
287 564
287 614
287 667
287 786
288 375
288 551
288 754
288 913
288 931
289 391
289 446
289 523
289 579
289 995
290 378
290 570
290 799
290 807
291 325
291 581
291 653
291 711
291 724
291 920
291 959
292 456
292 479
292 717
292 807
293 546
293 598
293 694
293 775
294 295
294 495
294 575
295 477
295 508
295 822
295 996
296 297
296 352
296 360
296 519
296 747
296 969
297 447
297 618
297 830
297 849
297 879
297 892
298 762
298 992
299 960
300 841
300 878
300 918
301 366
301 408
301 547
301 766
302 381
302 411
302 594
302 619
302 768
302 958
303 596
303 964
304 432
304 457
304 523
304 759
304 805
305 406
305 469
305 817
305 922
305 982
306 382
306 498
307 425
307 484
308 370
308 488
308 552
308 625
308 726
308 892
309 336
309 615
309 944
309 947
310 327
310 608
310 934
310 981
311 399
311 710
312 316
312 476
313 457
313 639
313 658
313 775
313 860
314 448
314 471
314 736
314 833
314 873
314 912
314 993
315 333
315 459
315 464
315 534
315 781
316 381
316 551
316 704
317 426
317 471
317 472
317 664
317 703
318 495
318 883
319 365
319 581
319 974
320 616
320 659
320 748
320 809
321 676
321 725
321 774
321 796
321 898
322 336
322 408
322 552
322 589
322 767
323 744
323 785
324 375
324 423
324 462
324 485
324 742
324 949
325 489
325 797
326 420
326 590
326 601
326 718
327 952
328 420
329 358
329 576
329 677
329 722
329 858
330 839
330 854
330 864
331 745
332 540
332 555
332 762
332 895
333 480
333 747
334 385
334 498
334 585
334 657
334 670
334 767
334 825
335 635
335 770
335 982
336 344
336 653
336 813
336 973
337 502
337 542
337 575
337 953
338 669
338 743
338 935
339 378
339 390
339 399
339 848
340 731
340 892
341 476
341 600
341 630
341 853
342 796
343 353
343 687
343 711
343 771
343 868
343 881
343 938
344 732
344 919
344 929
345 360
345 685
345 832
346 390
346 651
346 671
346 722
346 771
346 907
347 484
347 511
347 638
347 763
347 793
347 884
347 937
347 947
348 457
348 498
348 600
348 658
348 678
348 868
348 936
349 550
349 565
349 629
349 688
349 759
349 951
350 470
350 639
351 780
352 453
352 850
352 949
353 363
353 367
353 478
353 533
353 636
353 659
353 772
353 813
353 835
354 613
354 734
354 882
354 918
354 935
354 991
355 425
355 554
355 666
355 699
355 868
356 375
356 407
356 443
356 569
356 595
356 814
356 862
356 970
356 972
356 989
357 546
357 918
358 539
358 876
359 534
359 708
359 709
360 384
360 421
360 774
361 505
361 540
361 700
361 707
361 846
362 379
362 730
362 801
363 747
363 818
363 978
364 487
364 520
364 598
364 653
364 763
364 782
365 469
365 483
365 594
365 603
365 616
365 689
366 858
367 460
368 402
368 446
368 675
368 879
368 961
368 990
369 523
369 526
369 702
369 838
369 899
370 561
370 644
371 511
371 910
371 923
372 690
372 827
372 953
372 976
373 421
373 668
373 841
373 863
373 969
373 997
374 528
374 696
374 743
374 909
375 697
375 956
376 409
376 448
376 715
376 875
376 900
376 932
377 385
377 520
377 690
377 732
377 852
377 862
377 897
377 898
378 766
378 851
379 451
379 627
379 805
379 821
380 382
380 747
380 796
380 915
381 390
381 458
381 614
381 720
381 792
381 795
381 836
381 871
381 990
382 608
382 768
383 452
383 578
383 843
384 511
385 529
385 593
386 716
386 892
386 923
387 414
387 477
387 510
387 671
387 824
387 960
387 967
388 397
388 447
388 591
388 843
388 960
389 503
389 526
389 545
389 568
389 606
389 739
389 904
390 634
390 665
390 725
390 840
390 990
391 524
391 725
392 596
392 797
392 825
393 421
393 560
393 692
393 749
393 876
393 940
394 530
394 566
394 574
394 696
394 782
394 873
394 887
395 424
395 889
396 618
396 669
396 781
396 908
396 929
397 858
398 489
398 491
398 627
398 698
398 737
398 825
399 793
399 950
399 982
400 434
400 478
400 958
401 557
401 804
401 890
401 905
401 931
402 432
402 514
402 544
402 602
402 866
403 524
403 667
403 690
403 766
403 978
403 987
403 997
404 496
404 536
404 590
404 658
404 734
404 992
405 572
405 721
405 996
406 522
406 850
407 680
407 714
407 988
408 773
409 548
409 550
409 587
409 680
409 755
409 782
409 888
409 935
410 456
411 569
412 505
412 850
412 852
413 636
413 649
413 811
414 472
414 595
414 645
414 668
414 879
415 440
415 481
415 516
416 460
416 739
416 834
416 876
416 914
416 962
417 429
417 503
417 600
417 732
417 787
417 827
417 893
417 950
418 528
418 590
418 741
418 987
419 488
419 704
420 517
420 661
420 692
420 731
420 967
421 929
422 701
422 827
422 842
422 888
423 562
423 782
423 902
424 437
424 501
424 626
424 738
425 957
426 533
426 805
426 814
426 853
426 959
427 507
427 588
427 624
427 794
427 890
427 898
428 515
428 572
428 906
428 950
429 751
429 830
430 641
430 725
430 759
430 789
430 799
430 888
430 976
431 501
431 579
431 597
431 668
431 779
431 844
432 577
432 710
432 732
432 956
433 468
433 713
433 894
433 994
434 640
435 638
436 764
436 926
437 487
437 770
438 499
438 570
438 672
438 741
438 842
438 889
439 584
439 802
439 938
439 976
440 480
440 497
440 560
440 591
441 664
441 712
441 788
441 868
441 961
442 533
442 652
442 765
442 801
442 899
443 537
444 487
444 518
444 717
445 633
445 678
445 724
445 992
446 513
446 659
446 696
446 753
447 561
447 598
447 885
447 948
447 993
448 532
448 893
449 538
449 773
449 901
450 472
450 564
450 738
450 949
451 702
451 849
451 890
451 911
452 524
452 561
452 689
452 718
452 831
452 951
452 985
453 753
454 616
454 812
454 935
454 988
455 544
455 596
455 673
455 771
455 950
456 540
456 686
456 807
456 902
456 939
457 566
457 649
457 900
457 979
458 797
458 905
459 464
459 774
460 542
460 583
460 867
461 503
461 587
461 655
461 703
461 857
462 484
462 549
462 558
462 664
462 854
462 957
463 768
463 799
463 824
464 808
464 926
465 476
465 497
465 697
465 825
465 838
465 851
465 861
466 523
466 540
466 548
466 703
466 820
466 985
467 615
467 656
467 675
467 735
467 761
467 849
467 861
467 883
468 604
468 671
468 795
469 906
470 714
470 743
470 960
471 707
471 885
472 504
472 690
472 710
472 809
472 848
472 890
473 666
473 841
473 895
473 954
474 736
475 631
475 634
475 889
475 957
476 639
477 553
477 760
477 864
477 872
478 721
478 755
478 758
478 951
478 972
479 569
479 572
479 629
479 665
479 754
479 880
480 658
480 668
480 672
480 694
480 755
480 782
480 893
481 698
481 880
482 501
482 502
482 677
482 814
482 987
483 666
484 680
484 777
484 902
484 912
485 492
485 531
485 907
485 957
486 537
486 642
486 784
486 909
486 919
487 597
487 780
487 785
487 800
487 836
487 847
487 877
488 581
488 593
488 661
488 979
489 625
490 709
490 878
491 536
491 684
491 695
491 932
492 499
492 511
492 778
492 832
492 956
493 526
493 576
493 812
493 864
493 905
494 601
494 628
494 703
494 930
495 692
495 878
495 893
495 916
496 530
496 636
496 645
496 752
496 797
497 550
497 554
497 692
498 662
498 693
498 818
499 544
499 840
499 872
500 552
500 864
501 911
502 610
502 625
502 677
503 509
503 545
503 702
503 736
503 842
504 522
504 872
505 576
505 768
506 818
507 612
507 646
507 729
508 580
508 650
508 707
508 730
508 840
508 943
509 704
509 985
510 561
510 831
510 875
510 883
511 535
511 596
512 708
512 789
512 849
512 922
512 953
513 703
513 813
514 798
514 986
515 521
515 579
515 645
516 972
517 639
517 931
518 860
518 861
518 992
519 521
519 687
519 702
519 770
519 803
520 774
520 819
520 833
520 854
520 936
521 548
521 880
521 937
522 749
522 979
523 594
523 777
523 875
523 900
524 658
524 732
524 812
524 871
525 559
525 843
525 873
527 652
527 684
528 644
528 684
528 798
528 864
529 638
529 857
529 874
531 541
531 603
531 686
532 655
532 733
533 865
533 873
534 737
534 946
534 971
535 572
535 584
535 790
536 601
536 627
537 632
537 675
537 842
538 819
538 884
538 904
538 910
538 942
539 608
539 609
539 888
540 611
540 725
540 765
540 879
540 923
541 702
542 613
542 711
543 843
543 863
544 686
544 879
545 641
545 691
545 697
546 591
546 623
546 659
547 596
547 775
547 946
547 987
548 646
548 812
549 590
549 650
549 955
550 602
550 677
550 710
550 934
551 662
551 721
551 723
551 885
551 961
552 794
552 862
553 580
553 766
553 797
553 829
553 890
553 993
554 564
554 571
554 741
554 883
555 673
555 795
556 654
556 658
556 763
556 961
558 637
558 946
558 967
558 976
559 717
559 786
559 928
559 977
560 664
560 727
560 743
560 970
561 689
561 774
561 776
561 827
561 907
561 921
561 954
562 710
562 796
562 998
563 830
564 907
565 607
565 717
565 839
565 920
566 706
566 891
567 631
567 796
567 819
567 943
568 637
568 655
568 720
569 845
571 796
574 637
574 644
575 653
575 659
575 665
575 708
575 717
575 918
575 986
576 595
578 586
578 785
578 851
578 999
579 690
579 715
579 880
579 974
580 704
580 737
580 909
580 981
582 796
583 594
583 854
584 945
585 675
585 727
585 747
585 847
585 900
585 998
586 733
586 926
587 673
589 609
589 620
589 621
589 943
589 964
590 619
590 865
590 996
591 708
591 740
591 830
592 824
592 865
592 874
593 701
593 724
593 849
595 663
595 777
595 937
596 611
596 636
596 763
596 917
597 683
597 767
597 822
597 998
598 758
598 945
598 981
600 768
600 838
600 924
601 946
602 613
602 789
603 719
603 855
603 931
604 660
604 695
604 784
604 959
606 933
610 687
611 642
611 814
612 631
612 653
612 850
613 747
614 732
615 755
616 803
616 817
616 964
617 890
617 986
617 996
618 824
618 847
619 627
619 717
619 851
620 801
620 845
621 816
621 996
623 858
624 677
624 896
624 911
625 660
626 694
626 786
627 658
627 819
627 984
628 943
628 945
628 999
629 796
629 825
630 646
630 810
630 856
631 658
631 734
632 667
632 785
633 682
634 752
634 855
634 902
635 904
635 920
636 771
636 902
636 942
637 742
637 804
637 855
637 864
637 978
638 864
638 869
638 891
639 975
640 749
640 847
640 971
640 996
641 673
641 695
641 815
641 887
642 704
642 826
642 914
642 957
642 999
643 900
644 854
644 996
645 741
647 752
647 803
647 860
649 787
650 711
650 811
651 684
651 835
652 748
652 827
652 942
653 905
654 922
655 926
655 956
656 680
656 780
656 881
656 980
657 675
657 822
658 794
658 867
658 875
658 899
659 680
659 717
659 749
659 759
659 772
660 666
660 919
661 665
661 732
661 778
661 831
661 869
662 679
662 811
662 927
662 935
663 674
663 684
664 826
664 925
666 737
666 850
666 930
667 710
667 753
667 870
667 891
667 902
668 766
670 881
671 802
671 913
672 847
672 933
673 845
675 810
676 772
676 789
676 798
676 986
677 798
677 927
678 704
678 841
678 843
678 957
679 947
679 991
680 713
680 918
680 952
680 963
682 796
682 864
682 898
684 994
685 824
686 872
686 994
689 747
689 930
690 707
690 708
690 748
690 758
690 973
691 813
691 935
692 765
692 777
692 801
693 745
693 750
693 779
695 970
698 955
700 705
700 903
700 991
701 785
701 836
701 930
701 982
702 976
704 802
704 817
704 844
705 880
705 962
705 991
705 997
706 788
706 818
706 884
707 819
708 894
708 916
709 904
711 755
711 858
711 997
713 859
713 908
713 924
714 800
714 880
714 933
715 716
715 809
715 834
717 902
717 964
718 743
719 743
719 811
719 936
719 991
720 793
723 732
723 930
723 979
725 780
725 860
725 884
726 812
726 896
728 907
728 987
730 817
731 764
733 811
734 971
735 969
736 767
736 807
739 925
740 932
741 880
742 813
742 973
743 821
744 804
745 962
746 779
746 956
747 841
747 850
747 884
747 952
748 844
749 905
750 944
751 825
752 757
754 855
756 996
757 876
759 833
759 909
761 987
762 814
764 795
764 848
765 919
767 952
767 993
770 779
771 819
772 892
772 902
772 949
774 779
774 893
775 810
775 877
775 901
775 964
776 840
776 928
777 818
778 896
781 792
781 828
781 908
781 997
783 957
783 974
783 979
784 905
784 977
785 803
788 816
788 925
788 979
791 963
793 839
793 921
795 906
796 897
796 950
797 869
798 984
798 989
798 998
799 851
799 867
799 978
800 810
800 889
802 820
802 829
802 916
803 879
804 862
804 930
804 936
805 924
806 873
806 920
807 857
807 859
807 978
809 917
812 912
813 962
816 939
817 867
818 953
819 917
820 853
820 858
820 909
821 869
821 996
822 910
822 958
823 859
823 929
823 960
824 863
824 923
826 895
827 909
828 878
829 907
831 843
833 861
834 898
836 962
837 950
839 840
839 890
839 981
839 994
840 964
840 996
841 990
842 982
843 929
844 957
844 961
845 970
846 860
846 952
849 881
851 866
851 904
852 912
853 881
853 889
853 980
858 859
862 971
862 983
863 888
866 953
866 992
868 900
872 957
873 910
874 971
874 979
875 956
880 993
882 914
882 939
885 891
886 904
888 937
889 932
892 980
892 989
893 953
894 900
894 955
896 900
898 956
899 969
900 971
903 955
905 927
905 935
906 942
909 958
911 984
911 992
912 988
915 989
918 985
919 955
919 964
919 993
921 958
923 994
928 967
929 941
931 948
931 968
932 971
940 995
943 956
943 958
954 995
955 996
956 969
958 988
962 994
963 975
968 978
972 975
978 985
983 991
997 999
0
10 999
