1000	3024	 1
0 13
0 18
0 137
0 373
0 717
0 755
0 769
0 814
1 192
1 565
1 585
1 752
1 762
1 892
1 979
2 161
2 208
2 429
2 542
3 148
3 495
3 564
3 863
4 251
4 473
4 597
4 706
4 793
4 998
5 196
5 498
5 640
5 647
6 177
6 302
6 308
6 344
6 401
6 901
6 924
6 939
6 943
7 205
7 375
7 490
7 643
7 664
7 709
7 919
8 470
8 530
8 700
8 761
8 874
8 877
9 97
9 324
9 358
9 577
9 600
9 913
10 140
10 380
10 652
10 709
10 869
10 911
10 929
10 983
11 28
11 194
11 886
11 912
11 928
12 265
12 327
12 336
12 723
12 755
13 16
13 124
13 279
13 428
13 453
13 738
13 929
14 113
14 121
14 552
14 714
15 24
15 65
15 231
15 237
15 405
15 419
15 781
15 785
15 904
16 519
16 552
16 953
17 80
17 162
17 612
17 618
17 679
17 767
17 771
18 32
18 138
18 463
18 841
18 924
19 222
19 251
19 278
19 393
19 552
19 750
20 165
20 304
20 378
20 389
20 548
20 565
20 850
20 992
21 350
21 386
21 791
21 896
21 907
21 933
22 119
22 489
22 579
22 734
22 839
23 214
23 588
23 639
23 648
23 687
23 724
23 852
24 395
24 483
24 851
24 859
25 154
25 672
25 930
26 194
26 422
26 456
26 617
27 76
27 150
27 234
27 273
27 354
27 466
27 525
28 196
28 409
28 717
29 120
29 364
29 426
29 569
29 584
29 595
29 633
30 98
30 417
30 514
30 522
31 343
31 355
31 498
31 521
31 568
31 580
31 672
31 843
32 79
32 270
32 273
32 369
32 760
32 940
32 997
33 130
33 333
33 521
33 558
33 620
34 38
34 141
34 519
34 728
34 745
34 885
34 991
35 239
35 450
35 956
36 46
36 506
36 518
36 590
36 594
36 639
36 651
36 675
36 852
37 557
37 770
38 107
38 138
38 205
38 293
38 565
38 619
38 740
39 76
39 246
39 432
39 514
39 959
40 151
40 163
40 271
40 557
40 584
40 993
41 47
41 548
41 596
41 930
41 981
42 97
42 98
42 103
42 430
42 615
42 740
43 64
43 101
43 363
43 499
43 537
43 830
43 892
43 977
44 93
44 134
44 188
44 290
44 354
44 506
44 533
44 646
44 676
44 724
44 823
44 832
45 75
45 294
45 326
45 395
45 423
46 51
46 163
46 525
46 888
47 167
47 655
47 712
47 993
48 266
48 346
48 878
48 945
49 547
49 639
49 799
50 140
50 259
50 276
50 286
50 348
50 573
50 597
50 992
51 373
51 395
51 591
51 897
52 159
52 266
52 294
52 382
52 585
52 631
53 274
53 609
53 645
53 727
53 771
53 803
54 286
54 439
54 481
54 563
54 663
54 715
54 791
55 121
55 139
55 191
55 259
55 298
55 342
55 539
55 659
55 794
56 507
56 717
56 844
57 140
57 364
57 566
57 686
57 764
57 791
57 931
58 403
58 542
59 77
59 445
59 457
59 928
60 133
60 200
60 625
60 784
60 832
60 889
60 953
60 994
61 255
61 497
61 562
61 632
61 786
61 978
62 252
62 475
62 535
62 572
62 678
62 708
62 721
62 857
63 236
63 297
63 319
63 357
63 560
64 369
65 114
65 352
65 420
65 823
66 104
66 440
66 572
66 682
66 842
66 844
66 902
67 580
67 643
67 816
68 464
68 616
68 655
68 670
69 213
69 332
69 482
69 595
69 653
69 745
69 790
69 960
70 99
70 201
70 370
70 503
70 527
70 541
70 551
70 572
70 584
70 615
70 660
70 890
71 192
71 365
71 782
71 841
71 900
72 361
72 429
72 472
72 672
73 167
73 223
73 227
73 291
73 453
73 683
74 298
74 392
74 540
74 755
74 792
74 987
75 517
75 559
75 919
75 949
75 966
76 192
76 283
76 351
76 363
76 788
76 890
77 245
78 178
78 364
78 563
78 571
78 726
78 825
78 946
79 497
79 577
79 883
79 933
80 186
80 223
80 333
80 559
80 835
80 995
81 188
81 597
81 896
82 200
82 315
82 583
82 692
82 756
82 854
82 972
83 220
83 280
83 317
83 928
83 952
84 557
84 562
84 653
84 774
84 800
84 865
85 242
85 336
85 372
85 388
85 399
85 900
85 972
86 128
86 257
86 471
86 662
86 946
87 227
87 237
87 274
87 728
87 775
88 226
88 301
88 551
88 702
88 795
88 999
89 485
89 653
89 743
90 175
90 458
90 473
90 482
90 615
90 659
90 801
90 925
91 128
91 161
91 207
91 637
91 741
91 834
91 906
92 117
92 186
92 278
92 419
92 718
93 438
93 456
93 717
93 925
94 111
94 220
94 262
94 287
94 352
94 376
94 509
94 519
95 341
95 409
95 537
95 947
96 282
96 475
96 501
96 731
97 392
97 403
97 529
97 609
97 649
97 719
98 180
98 448
98 720
98 784
98 857
99 147
99 234
99 321
99 407
99 544
99 669
99 870
100 114
100 240
100 302
100 445
100 624
101 240
101 404
101 843
101 868
101 936
102 407
102 864
102 919
103 371
103 374
103 726
103 925
104 774
104 830
105 425
105 514
105 624
105 778
105 788
106 238
106 289
106 572
106 694
106 732
106 910
107 378
108 136
108 156
108 367
108 676
108 701
108 820
108 829
109 192
109 339
109 746
109 844
110 233
110 369
110 593
110 621
110 652
110 871
111 154
111 358
111 374
111 530
111 658
111 661
111 768
111 890
111 900
111 929
112 447
112 467
112 506
112 527
112 764
112 875
113 183
113 348
113 579
113 659
113 741
113 859
113 978
114 193
114 200
114 571
114 731
114 896
115 270
115 318
115 831
115 963
116 297
116 337
116 473
117 344
117 551
117 782
117 805
117 890
118 183
118 598
118 698
118 737
118 781
118 824
118 845
118 921
119 150
119 670
119 720
119 901
120 152
120 181
120 297
120 543
120 581
120 825
120 973
121 192
121 216
121 523
121 544
121 713
122 659
122 733
122 849
122 980
123 169
123 633
123 764
123 905
123 939
123 950
123 995
124 326
124 582
124 613
125 162
125 203
125 311
125 472
125 613
125 683
125 695
125 708
125 759
125 801
126 134
126 149
126 385
126 758
126 992
127 271
127 322
127 354
127 451
127 678
128 166
128 497
128 699
128 763
129 255
129 278
129 360
129 543
129 554
129 795
130 703
130 745
131 465
131 852
132 209
132 612
133 223
133 274
133 296
133 442
133 703
134 178
134 194
134 278
134 337
134 847
135 245
135 567
135 637
135 643
136 471
136 998
137 501
137 546
137 653
137 930
137 996
138 191
138 324
138 404
138 436
138 548
138 644
138 705
138 777
138 881
139 269
139 279
139 335
139 358
139 374
139 487
139 540
139 704
139 872
140 367
140 387
140 478
140 620
140 907
141 151
141 243
141 337
141 370
141 471
141 582
141 632
141 780
142 197
142 406
142 816
142 888
142 906
143 172
143 259
143 328
143 945
144 482
144 554
144 602
144 628
144 703
145 201
145 241
145 585
145 701
145 754
145 760
145 985
146 158
146 260
146 326
146 377
146 387
146 518
147 394
147 637
148 287
148 701
148 846
149 385
149 460
149 778
149 783
150 729
150 836
150 871
150 894
151 169
151 733
151 791
151 843
152 219
152 577
152 711
152 776
152 961
153 274
153 407
153 653
153 705
153 775
153 825
154 186
154 292
155 167
155 266
155 455
155 479
155 703
155 774
155 802
155 878
156 678
156 746
157 177
157 285
157 439
157 626
157 656
157 710
158 591
158 806
159 187
159 233
159 444
159 774
159 809
159 897
159 901
159 992
160 391
160 708
160 890
161 255
161 264
161 879
161 907
161 950
162 263
162 607
162 911
162 951
163 178
163 360
163 427
163 430
163 493
163 880
163 898
163 918
164 173
164 400
164 447
164 555
164 588
164 631
164 681
164 999
165 203
165 306
165 761
165 937
166 628
166 913
166 960
167 205
167 225
167 475
167 513
167 522
167 692
168 527
168 549
168 625
168 771
168 990
169 227
169 281
169 368
169 698
169 866
170 511
170 589
170 949
171 443
171 449
171 604
171 679
171 690
171 756
171 849
171 886
171 929
172 327
172 535
172 679
172 815
172 832
172 880
173 213
173 492
173 510
173 638
173 707
173 819
174 532
174 612
174 815
174 849
174 882
175 296
175 435
175 497
175 524
175 600
175 736
176 217
176 639
176 818
176 825
176 836
177 211
177 401
178 214
178 330
178 597
178 741
178 940
179 244
179 282
179 428
179 508
179 519
179 753
179 870
179 890
179 996
179 998
180 256
180 264
180 329
180 414
180 627
180 967
180 990
181 297
181 298
182 221
182 857
182 953
183 197
183 545
183 840
183 937
184 186
184 275
184 452
184 752
184 888
184 965
185 204
185 236
185 570
185 723
186 339
186 484
187 300
187 955
187 970
188 360
188 373
188 805
188 812
189 253
189 316
189 379
189 521
189 560
189 688
189 972
190 580
190 614
190 679
190 858
191 288
191 314
191 412
191 615
191 626
191 656
191 662
191 763
191 855
192 959
192 970
193 373
193 443
193 625
193 673
193 718
193 723
193 803
193 860
193 877
194 227
194 405
194 632
194 666
194 811
194 839
195 467
195 543
195 621
195 804
195 914
195 951
196 204
196 217
196 340
196 480
196 731
196 833
196 856
197 434
197 618
197 619
197 724
198 362
198 399
198 637
198 693
198 809
198 974
199 243
199 247
199 279
199 345
200 471
200 500
201 211
201 518
201 769
201 796
201 895
201 899
202 317
202 465
202 555
202 591
202 801
202 934
203 292
203 329
203 417
203 494
203 591
203 595
203 809
203 844
204 228
204 528
205 464
205 634
205 769
205 837
206 267
206 384
206 691
206 806
206 948
206 949
207 547
207 552
207 600
207 954
208 350
208 957
208 993
209 411
209 532
209 725
209 956
210 316
210 384
210 532
210 817
210 851
210 941
211 287
211 383
211 680
211 986
212 255
212 553
212 773
212 886
212 923
213 559
213 726
213 853
214 329
214 482
214 667
215 334
215 473
215 710
215 796
216 278
216 347
216 594
216 621
216 752
216 906
217 701
217 856
217 893
218 407
218 796
218 799
219 363
219 858
220 251
220 349
220 970
221 600
221 773
222 232
222 300
222 375
222 522
222 937
223 706
223 810
224 513
224 606
224 902
225 373
225 420
225 496
225 503
225 991
226 732
226 775
226 778
226 891
226 907
227 274
227 749
228 433
228 442
228 576
228 720
228 890
228 952
229 327
229 529
229 625
230 347
230 436
230 448
230 488
230 497
230 545
230 680
230 862
230 958
231 273
231 790
232 578
232 808
232 871
232 910
232 966
233 389
233 533
233 630
233 744
233 842
234 349
234 688
234 841
234 922
234 937
235 388
235 404
235 512
235 587
235 597
236 265
236 272
236 273
236 285
236 291
236 330
236 508
236 837
237 262
237 787
237 945
237 949
237 988
238 296
238 434
238 706
239 263
239 355
239 392
239 503
239 586
239 725
240 348
240 407
240 576
240 809
240 887
240 920
240 935
241 409
241 505
241 814
241 840
241 900
241 959
242 255
242 351
242 546
242 563
242 619
243 445
243 722
243 922
244 246
244 288
244 387
244 393
244 413
244 567
244 653
244 722
244 779
244 890
244 941
244 995
245 599
245 797
245 812
245 858
246 401
246 513
246 585
246 586
246 676
247 499
247 571
247 681
247 746
247 753
248 330
248 531
248 736
248 791
248 794
248 903
249 494
249 601
249 605
249 627
249 629
249 742
249 964
250 287
250 312
250 386
250 676
250 864
250 887
250 948
251 887
252 253
252 404
252 428
252 499
252 554
252 932
253 281
253 382
253 495
253 644
253 689
253 703
254 367
254 387
254 500
254 575
254 657
255 511
255 652
255 939
255 976
256 306
256 470
256 477
256 565
256 614
256 748
256 931
257 440
257 504
257 819
257 854
257 886
257 888
257 960
258 473
258 811
258 878
258 988
259 424
259 528
259 636
259 714
260 523
260 679
260 828
261 297
261 315
261 639
261 693
261 706
261 931
261 976
262 381
262 386
262 483
262 653
262 700
262 784
263 478
263 493
263 521
263 626
263 746
263 962
264 568
264 593
265 392
265 404
265 809
265 869
265 882
265 913
265 926
266 293
267 459
267 515
267 576
267 797
267 850
268 303
268 363
268 548
268 760
268 872
269 379
269 419
270 555
270 587
270 648
270 776
270 784
270 896
271 307
271 607
271 693
271 858
272 357
272 582
272 638
272 809
272 909
273 359
273 422
274 337
274 385
274 424
274 568
274 807
274 825
274 833
274 955
274 989
275 443
275 662
275 867
275 916
276 508
276 972
276 977
277 580
277 812
277 935
277 968
278 695
279 398
279 911
280 356
280 550
280 659
280 745
280 937
281 422
281 663
281 673
281 788
281 840
282 449
282 527
282 834
283 723
284 377
284 424
284 438
284 582
284 857
284 981
285 320
285 612
285 779
286 377
286 427
286 489
286 511
286 571
286 685
286 753
287 349
287 527
287 584
287 654
287 687
287 744
287 985
288 406
288 712
288 897
288 935
289 357
289 753
289 972
289 976
290 327
290 349
290 658
290 990
291 563
291 577
291 668
291 761
291 828
291 892
292 352
292 404
292 452
292 900
292 911
293 388
293 616
293 789
293 865
293 961
294 475
294 890
294 990
295 407
295 493
295 604
295 611
295 615
296 349
296 401
296 503
296 999
297 454
297 859
298 332
298 494
298 509
298 797
298 809
298 842
298 969
298 993
299 577
299 623
299 886
300 535
300 893
301 500
301 502
301 583
301 605
301 749
302 423
302 556
302 674
302 750
303 344
303 595
303 623
303 842
303 959
304 318
304 457
304 492
304 730
304 763
305 750
306 343
306 797
306 803
307 371
307 388
307 555
307 683
307 693
307 696
307 779
307 826
307 886
307 936
307 942
307 963
308 319
308 470
308 541
308 892
309 433
309 471
310 428
310 434
310 519
310 579
310 619
310 708
310 741
311 387
311 903
312 458
312 550
312 711
312 717
312 919
312 987
313 360
313 387
313 556
313 709
313 815
314 354
314 507
314 830
314 969
315 637
315 941
316 327
316 440
316 497
316 561
316 592
316 604
317 319
317 632
318 704
318 952
319 632
319 655
319 789
319 911
320 382
320 582
320 821
320 860
320 867
321 561
321 678
321 732
321 753
321 779
321 881
322 532
322 708
322 735
322 763
322 952
323 366
323 588
323 666
323 735
323 885
324 538
324 627
324 655
324 881
325 424
325 484
325 586
325 774
325 877
326 372
326 482
326 542
326 688
326 898
326 968
327 540
327 546
327 577
327 618
327 680
327 682
327 816
327 908
327 948
328 494
328 578
328 882
329 391
329 808
330 445
330 554
330 647
330 743
331 357
331 631
331 864
331 963
332 549
332 659
332 670
333 505
333 592
333 681
333 882
333 945
334 649
335 855
336 569
336 722
336 811
336 895
336 897
337 519
337 534
337 643
337 704
338 391
338 754
338 880
338 890
339 345
339 431
339 460
339 530
339 572
339 787
340 518
340 712
341 519
341 678
341 701
341 810
342 351
342 914
342 932
342 976
343 505
343 775
343 862
344 577
344 682
344 750
344 946
345 717
345 775
345 979
346 973
347 380
347 716
347 722
348 533
348 683
348 808
348 924
348 948
349 554
349 626
349 938
350 450
350 550
350 554
350 570
351 583
351 694
351 719
351 887
351 911
352 404
352 411
352 880
353 467
353 553
354 540
354 884
354 930
354 978
355 360
355 368
355 460
355 550
356 408
356 432
356 801
357 388
357 452
357 714
357 801
358 452
358 534
358 608
358 673
358 718
358 795
358 803
358 816
358 914
358 917
358 930
359 471
359 492
359 495
359 498
359 519
359 755
359 831
360 941
361 529
361 714
362 474
362 487
362 644
362 685
363 779
363 780
363 846
364 504
364 538
364 553
364 638
364 743
364 805
365 404
365 983
366 780
367 753
367 765
367 910
368 382
368 430
368 670
368 766
368 937
368 948
369 755
369 807
369 821
369 840
370 540
370 624
370 679
370 801
370 890
371 519
371 567
371 612
371 641
371 789
371 837
371 876
372 380
372 747
372 991
373 590
373 630
373 663
373 705
375 444
375 607
375 609
375 842
375 862
375 878
375 921
376 453
376 463
376 563
376 762
377 488
377 614
377 637
377 722
377 779
377 901
378 444
378 511
378 514
378 803
378 862
379 396
379 545
379 593
380 449
380 554
380 581
380 707
380 727
380 798
380 828
381 646
381 658
382 607
382 730
382 790
383 575
383 662
383 910
383 920
383 923
384 451
384 502
384 889
384 903
384 995
385 409
385 699
385 730
385 786
385 788
386 387
386 448
386 555
387 445
387 448
387 659
388 407
388 511
388 526
388 583
388 593
388 872
389 398
389 594
389 835
389 919
390 479
390 550
390 594
390 602
390 650
390 677
390 767
391 393
391 417
391 539
391 932
392 537
392 561
392 573
392 594
392 797
392 810
393 558
393 639
393 982
394 527
395 593
395 726
396 686
396 707
396 712
396 717
396 840
396 929
397 569
397 600
397 760
398 441
398 565
398 706
399 421
399 456
399 466
399 649
399 779
399 889
400 764
400 900
400 901
401 410
401 490
401 493
402 692
402 698
402 864
402 940
403 608
403 656
403 764
404 428
404 515
404 603
404 801
404 827
405 512
405 668
405 674
405 714
405 849
405 955
406 486
406 588
406 857
406 858
406 880
406 898
407 528
407 545
407 762
407 850
408 665
408 711
408 758
409 566
410 538
410 683
410 752
410 768
410 880
411 592
411 660
411 989
412 634
412 676
413 509
413 894
413 909
414 672
414 835
414 896
414 916
415 447
415 702
415 837
415 854
416 650
416 692
416 815
416 922
416 980
417 419
417 716
418 489
418 710
418 865
418 980
419 526
419 617
419 643
420 573
420 804
420 848
420 943
420 965
422 507
422 750
423 532
424 499
424 560
424 803
425 476
425 527
425 581
425 975
426 457
426 562
426 850
426 926
427 498
427 635
428 607
428 693
428 962
429 641
429 696
429 838
429 953
430 431
430 493
430 565
430 848
430 913
432 833
432 847
432 898
433 452
433 501
433 606
433 680
433 985
434 676
435 451
435 522
435 584
435 632
435 700
435 711
435 875
435 922
436 495
436 679
437 445
437 446
437 544
437 946
437 976
438 510
438 794
438 801
438 851
438 931
438 993
439 684
439 894
440 538
440 575
440 885
441 483
441 596
441 633
441 700
441 883
441 914
442 556
442 600
442 689
442 772
443 479
443 915
444 855
445 609
445 756
445 790
446 544
446 575
446 859
446 948
447 836
448 470
448 732
448 978
449 576
449 596
450 762
450 912
451 705
452 600
453 496
453 516
453 645
453 835
454 604
454 784
454 964
455 675
455 677
455 897
455 927
456 649
457 685
457 830
457 837
459 817
459 828
459 938
460 622
460 682
461 468
461 495
461 599
461 905
462 554
462 704
462 909
462 934
463 576
463 834
463 851
464 584
464 636
464 671
465 690
465 740
465 781
465 816
466 473
466 487
467 504
467 537
467 734
467 742
467 850
467 956
467 975
468 655
468 809
469 512
469 592
469 650
469 711
471 727
471 988
472 702
472 959
472 988
473 549
473 555
473 672
473 928
473 951
473 985
474 512
474 525
474 701
474 712
475 628
475 768
475 986
476 645
477 588
477 593
477 711
477 718
477 863
477 903
477 922
478 713
478 834
479 781
479 833
480 502
480 558
480 639
480 651
480 830
480 875
480 933
480 993
481 579
481 624
481 842
482 602
482 742
482 907
484 730
484 786
484 990
485 530
485 738
486 540
486 751
486 788
487 729
487 869
488 587
488 677
488 744
489 901
489 947
490 731
490 743
491 665
492 700
492 934
493 504
493 717
493 784
493 823
495 511
495 575
495 724
495 794
495 798
495 853
496 628
496 666
496 723
496 780
496 916
497 728
497 764
498 691
498 983
498 984
499 527
499 796
500 623
500 797
500 876
500 906
500 943
501 599
501 782
501 806
501 837
502 729
503 611
503 649
504 830
504 845
504 860
504 928
504 998
505 674
506 537
506 769
506 823
506 905
507 716
508 628
508 754
508 943
509 768
512 527
513 594
513 635
513 797
514 606
514 625
514 803
514 984
515 541
515 659
516 668
516 726
516 744
517 635
517 657
519 610
519 736
520 624
520 722
520 919
520 925
521 761
522 866
522 949
523 617
523 661
523 737
524 576
525 690
525 925
525 958
525 970
526 552
526 624
527 582
527 591
528 784
529 590
529 730
529 755
529 803
529 963
529 964
530 710
530 837
530 969
531 620
531 673
531 887
532 779
532 924
533 980
534 555
534 603
534 665
534 703
534 979
535 685
535 877
535 929
536 552
536 608
536 615
536 724
536 741
536 844
536 957
536 999
537 553
537 693
537 742
537 772
538 650
539 758
539 773
539 828
540 593
540 598
540 742
541 556
541 608
541 727
543 630
543 896
544 752
544 960
544 978
544 995
545 578
545 625
545 664
545 665
545 738
545 841
547 638
547 654
547 874
548 820
548 969
549 588
549 624
549 643
549 655
549 715
549 895
549 896
550 646
550 849
551 721
551 830
551 996
552 589
552 650
552 972
553 682
553 771
553 819
553 870
553 989
554 786
554 877
555 805
556 659
557 570
557 610
557 664
557 751
558 605
558 745
558 895
559 935
560 579
560 589
560 637
560 693
560 983
561 616
561 898
562 748
562 772
563 631
563 687
563 730
563 793
563 899
563 901
564 884
565 586
565 689
565 734
565 753
565 884
565 910
566 579
567 589
567 611
567 903
567 979
567 999
568 626
568 674
569 743
569 861
569 928
570 697
570 838
570 881
571 596
571 692
572 630
572 908
572 931
573 614
573 662
573 857
573 873
573 885
573 904
573 947
574 613
574 629
574 762
574 834
575 929
576 593
576 707
576 975
577 861
577 870
577 912
578 693
578 975
579 790
579 805
579 891
580 865
580 881
581 645
581 769
581 936
582 981
583 739
583 783
583 856
583 861
583 934
583 957
584 623
584 748
584 791
584 840
584 952
585 753
586 590
587 615
587 709
587 748
587 861
588 650
588 711
588 720
588 991
589 654
589 765
590 614
590 825
590 892
590 930
591 648
591 710
591 741
591 815
591 864
591 966
592 820
593 667
593 848
594 666
595 763
595 880
596 719
596 740
596 816
596 862
596 976
596 988
597 732
597 801
597 865
598 736
599 641
600 941
601 671
601 894
601 965
602 627
602 659
602 836
603 658
603 736
603 838
604 958
605 664
606 722
606 748
606 886
606 925
606 970
607 712
607 849
607 865
607 971
608 731
609 636
609 785
610 868
610 898
611 647
611 870
612 872
612 984
613 834
614 673
614 823
615 695
615 888
617 870
620 633
620 736
620 737
620 930
621 709
622 667
623 670
625 735
625 897
626 679
626 699
626 714
626 716
626 734
626 770
626 899
626 930
627 836
628 769
628 950
628 982
629 647
629 767
629 796
630 803
630 887
631 635
631 678
631 883
631 970
632 748
632 869
634 901
634 925
635 661
635 726
636 849
636 856
637 649
637 674
637 938
638 732
638 895
639 755
639 834
639 856
640 832
640 969
641 718
642 678
642 822
642 900
642 916
642 922
643 768
644 713
644 777
644 818
644 819
644 834
645 703
645 840
646 760
646 987
647 780
650 914
651 808
654 656
654 676
654 700
654 747
654 830
654 960
654 996
655 680
656 884
657 806
657 855
657 916
657 971
658 684
658 817
658 895
658 980
661 679
661 684
661 746
661 939
662 838
663 673
663 700
664 715
664 833
664 900
665 864
665 869
665 993
666 715
666 980
667 888
668 743
668 929
669 674
669 733
670 740
671 783
671 788
671 816
671 886
671 960
671 980
672 799
672 838
672 884
672 983
673 764
673 965
674 702
674 798
675 805
675 844
676 734
677 938
678 782
678 866
679 867
679 902
680 825
680 969
680 992
681 853
681 854
681 914
682 731
682 777
682 808
683 701
684 775
684 807
684 960
684 969
685 702
685 712
685 803
685 941
686 690
686 857
686 869
686 888
687 992
688 774
688 953
689 691
689 864
689 956
690 926
691 703
691 736
693 870
694 700
694 856
694 879
695 877
695 905
696 946
697 819
697 893
697 953
699 760
699 911
700 747
700 939
700 997
701 712
701 997
702 890
703 980
704 708
704 955
704 981
705 824
706 903
706 922
706 924
708 737
708 940
708 999
710 927
711 889
712 904
714 778
714 868
716 896
716 938
717 746
717 766
717 953
719 855
719 915
721 740
721 846
721 872
721 966
721 972
721 987
722 839
722 905
722 908
723 758
723 832
724 801
725 729
725 896
726 852
727 776
727 925
728 772
728 800
731 785
731 790
733 945
734 951
735 794
735 858
735 985
736 914
737 890
738 807
738 831
738 962
738 971
738 990
739 796
739 800
739 834
740 892
740 910
740 939
741 893
743 926
744 841
745 884
747 751
747 937
748 921
749 979
751 789
751 884
752 871
754 801
754 826
755 867
756 767
756 872
757 867
757 885
757 960
758 776
758 808
758 850
758 974
759 878
759 977
762 832
762 969
762 985
763 793
763 943
764 778
764 848
764 867
764 874
764 913
765 902
766 783
766 910
766 912
766 987
767 888
768 933
769 944
769 953
769 966
771 797
772 792
773 843
773 857
773 984
774 825
774 826
774 928
776 818
776 997
777 835
777 857
777 973
778 890
779 818
779 842
779 970
780 946
781 807
781 869
781 999
782 835
782 862
782 901
783 885
783 927
786 790
786 885
788 880
789 874
789 974
790 901
791 812
793 912
793 938
795 905
795 919
796 859
796 912
796 968
796 986
797 826
797 928
798 949
800 879
800 964
801 987
802 892
803 857
804 877
804 887
804 897
804 988
805 900
806 966
808 860
808 861
808 886
809 823
809 852
809 903
809 920
810 897
810 902
810 910
811 875
811 907
811 913
812 846
813 881
813 907
813 912
814 867
815 880
815 919
817 822
817 854
817 979
819 832
819 918
819 994
821 882
821 985
823 835
824 924
826 878
826 893
829 878
831 874
831 938
831 956
831 965
831 998
832 837
832 982
833 870
833 974
833 975
834 962
835 890
837 969
837 974
838 901
838 914
839 882
839 952
841 885
841 908
841 914
842 972
843 892
843 970
844 855
845 963
847 881
849 862
849 937
851 972
853 958
855 893
855 964
858 875
858 923
860 900
860 930
861 912
861 969
862 867
862 947
866 940
866 962
867 868
869 927
869 987
871 951
871 957
872 929
873 940
874 966
875 887
875 942
878 955
879 882
887 936
888 908
891 902
892 900
892 959
893 959
895 963
896 924
897 906
901 916
901 948
902 923
906 986
907 959
909 980
909 982
912 931
913 985
915 997
916 989
919 992
923 983
926 997
927 933
930 951
931 944
931 978
933 966
934 952
935 954
951 993
956 992
957 974
960 973
962 973
966 995
977 987
981 986
0
10 999
