1000	3026	 1
0 333
0 438
0 615
0 895
0 939
1 254
1 451
1 454
1 548
1 769
1 860
1 936
2 13
2 332
2 387
2 478
2 926
3 85
3 490
3 571
3 726
4 29
4 101
4 637
4 719
4 796
4 993
5 202
5 415
5 550
5 795
5 998
6 475
6 909
7 118
7 187
7 390
7 767
7 800
7 931
8 306
8 548
8 711
8 985
9 264
9 627
9 802
9 883
9 961
10 94
10 102
10 140
10 271
10 330
10 336
10 639
10 741
11 145
11 311
11 499
11 614
11 703
11 734
12 109
12 264
12 271
12 600
12 627
12 642
12 895
13 24
13 282
13 391
13 963
13 993
14 179
14 208
14 399
14 625
14 699
14 722
14 774
14 873
14 953
15 32
15 423
16 81
16 191
16 443
16 678
16 817
16 865
16 935
17 248
17 253
17 370
17 818
17 901
18 104
18 164
18 216
18 465
18 579
18 944
18 947
19 110
19 314
19 425
19 547
19 619
19 870
19 928
20 84
20 331
20 391
20 470
20 580
20 670
20 750
20 809
21 306
21 383
21 458
21 566
21 747
22 32
22 240
22 268
22 339
22 460
22 548
22 627
22 641
23 143
23 267
23 477
23 628
23 648
23 895
23 989
24 165
24 361
24 423
24 799
24 876
24 950
25 336
25 697
25 922
26 43
26 364
26 453
26 635
27 237
27 258
27 912
28 279
28 283
28 595
28 965
28 974
29 88
29 245
29 320
29 383
29 514
29 725
29 982
30 203
30 628
30 633
31 128
31 388
31 432
31 534
31 552
31 674
31 760
31 803
32 61
32 226
32 276
32 293
32 752
32 775
32 896
32 965
33 101
33 127
33 261
33 505
33 576
33 751
33 762
34 38
34 999
35 110
35 176
35 195
35 238
35 301
35 873
35 950
36 172
36 219
36 476
36 653
37 617
37 991
38 120
38 127
38 143
38 284
38 359
38 382
38 521
39 276
39 606
40 85
40 432
40 475
40 657
41 287
41 402
41 851
42 83
42 772
43 238
43 383
43 606
44 502
44 530
44 594
44 916
45 81
45 379
45 532
45 587
45 823
45 848
46 145
46 486
46 497
46 549
46 579
47 240
47 393
47 427
47 703
47 732
47 874
47 975
48 172
48 210
48 296
48 357
48 537
48 649
48 717
48 728
48 791
48 999
49 154
49 180
49 214
49 979
50 430
50 445
50 466
50 470
50 486
50 767
51 98
51 227
51 697
51 935
51 944
52 123
52 185
52 207
52 253
52 521
52 526
52 675
52 745
53 212
53 294
53 412
53 440
53 690
53 765
53 766
53 769
53 901
54 246
54 330
54 628
55 79
55 83
55 192
55 513
55 621
55 656
55 857
56 100
56 197
56 342
56 371
56 400
56 751
56 769
56 923
56 992
57 66
57 188
57 456
57 685
58 309
58 486
58 560
58 745
58 752
58 995
59 199
59 317
59 434
59 456
59 506
59 517
59 647
59 974
60 162
60 309
60 362
60 501
60 600
60 683
60 785
60 826
61 561
61 664
61 824
61 884
62 313
62 468
62 810
62 975
63 450
63 641
64 121
64 250
64 298
64 679
64 930
65 176
65 201
65 357
65 552
65 564
65 618
65 717
65 785
65 800
65 886
65 963
66 67
66 101
66 164
66 297
66 318
66 341
66 915
66 937
67 196
67 477
67 558
67 580
67 896
68 365
68 486
68 949
69 141
69 282
69 402
69 477
69 542
69 564
69 573
69 673
70 524
70 614
70 795
71 674
72 372
72 445
72 938
73 146
73 347
73 411
73 893
73 972
74 505
74 948
75 133
75 139
75 247
76 336
76 417
76 438
77 406
77 410
77 736
77 772
77 957
78 491
78 625
78 807
78 939
78 976
79 123
79 675
79 953
80 371
80 676
81 151
81 530
81 551
81 587
81 823
81 870
82 180
82 213
82 417
82 580
82 591
82 594
82 605
82 708
82 781
82 817
82 986
83 90
83 544
83 574
83 678
83 706
83 792
84 236
84 618
84 668
84 694
85 221
85 257
85 398
85 959
85 960
86 149
86 194
86 292
86 430
86 762
86 763
86 904
86 962
87 463
87 638
88 110
88 237
88 341
88 423
88 462
88 769
88 794
89 359
89 382
89 383
89 388
89 454
89 581
89 596
89 598
90 255
90 282
90 364
90 533
90 744
90 752
90 820
90 999
91 99
91 741
91 853
91 913
91 957
91 979
92 190
92 192
92 227
93 250
93 370
93 647
93 823
94 146
94 339
94 440
94 473
94 492
94 548
94 625
94 780
94 936
95 171
95 230
95 299
95 448
95 594
95 595
95 657
95 894
95 966
96 284
96 409
96 443
96 498
96 650
96 727
96 801
96 835
96 849
96 878
96 989
97 122
97 232
97 584
97 785
97 810
97 869
98 199
98 308
98 324
98 563
98 623
98 681
98 837
98 950
99 123
99 189
99 387
99 872
99 936
99 962
100 278
100 368
100 469
100 647
100 721
100 965
100 979
101 238
101 289
101 416
101 546
101 742
101 759
101 783
102 752
102 818
102 878
103 316
103 325
103 439
103 502
104 184
104 228
104 491
104 764
105 293
106 283
106 411
106 439
106 783
106 814
107 149
107 345
107 390
107 662
107 703
107 758
107 922
108 126
108 217
108 222
108 290
108 331
108 345
108 379
108 501
108 710
108 761
108 901
109 324
109 436
109 515
109 808
109 914
110 218
110 384
110 662
110 869
111 201
111 334
111 396
111 630
111 699
112 270
112 450
112 612
112 779
112 867
112 872
112 949
113 441
113 460
113 870
113 884
113 935
114 243
114 341
114 345
114 428
114 493
114 667
114 754
115 431
115 432
115 741
115 996
116 123
116 336
116 741
116 872
116 949
117 207
117 260
117 271
117 380
117 549
117 682
118 343
118 395
118 758
118 929
119 128
119 671
119 779
119 789
119 841
119 881
119 952
120 303
120 607
120 659
120 820
120 857
120 937
121 233
121 472
121 760
122 267
122 271
122 450
122 612
122 632
122 709
123 467
123 634
123 641
123 676
123 839
123 887
123 992
124 730
124 733
125 650
125 688
125 704
125 708
125 883
125 969
125 970
126 647
126 663
126 729
126 855
127 165
127 197
127 388
127 618
127 825
128 328
128 375
128 534
128 623
128 764
128 974
129 278
129 286
129 427
129 439
129 667
129 668
129 841
130 266
130 297
130 346
130 532
130 715
131 336
131 397
131 485
131 583
131 748
131 921
132 459
132 653
132 739
133 329
133 612
133 774
133 872
134 142
134 559
134 570
134 736
135 229
135 446
135 936
136 327
136 682
136 735
136 820
137 429
137 437
137 734
137 797
138 299
138 607
138 621
138 625
138 681
138 702
139 328
139 356
139 988
140 407
140 602
140 707
140 772
141 258
141 359
141 809
142 245
142 550
142 584
142 606
142 611
142 702
142 806
143 704
143 750
143 920
143 935
144 282
144 296
144 311
144 322
144 372
144 624
144 699
144 779
145 230
145 404
145 497
145 751
145 832
146 568
146 588
146 620
146 790
146 868
146 990
147 349
147 413
147 616
147 912
147 936
148 490
148 528
148 572
148 971
149 230
149 352
149 363
149 506
149 741
150 174
150 216
150 317
150 518
150 522
150 538
150 787
150 896
150 912
150 975
151 893
152 296
152 307
152 559
152 592
152 709
153 289
153 313
153 404
153 743
153 795
154 211
154 538
154 700
154 859
155 294
155 549
155 559
155 717
155 964
156 524
156 614
156 811
157 173
157 395
157 570
157 700
157 862
158 304
158 319
158 375
158 598
158 681
159 245
159 464
160 510
160 733
160 950
160 954
161 262
161 321
161 420
161 478
161 516
161 587
161 866
161 987
161 988
162 438
162 529
162 576
162 841
163 432
163 685
163 753
163 809
163 921
163 966
164 191
164 228
164 332
164 418
164 480
164 528
164 548
164 637
164 854
164 969
165 358
165 445
165 591
165 605
165 773
165 790
165 864
165 983
166 395
166 668
166 800
166 872
166 965
167 201
167 594
167 778
168 408
168 711
168 950
169 210
169 378
169 817
169 853
170 221
170 224
170 526
170 988
171 241
171 363
171 446
171 700
171 754
171 946
172 321
172 457
172 606
172 748
173 437
173 484
173 745
173 983
174 268
174 320
174 348
174 403
174 718
174 968
175 436
175 595
175 666
175 761
176 263
176 470
176 574
176 635
176 715
176 767
176 866
177 223
177 442
177 719
177 796
177 839
177 900
177 997
178 251
178 583
178 627
178 648
179 303
179 325
179 743
179 885
179 971
180 185
180 204
180 958
181 247
181 292
181 490
181 546
181 571
181 656
181 661
181 844
182 225
182 420
182 958
183 404
183 510
183 653
183 723
183 735
183 834
184 453
184 560
184 602
184 629
184 809
184 898
184 914
185 704
185 962
186 579
186 728
186 781
186 864
186 959
187 247
187 317
187 329
187 561
187 610
187 745
187 986
188 640
188 812
188 955
189 273
189 660
189 989
190 644
191 358
191 414
191 450
191 665
191 981
192 237
192 286
192 344
192 437
192 681
192 973
193 268
193 286
193 289
193 343
193 633
193 748
193 775
194 214
194 599
194 695
194 740
194 781
195 228
195 250
195 446
195 732
195 935
196 257
196 537
196 857
197 317
197 416
197 731
197 808
198 267
198 282
198 452
198 525
198 707
198 896
198 947
199 262
199 400
199 529
199 723
199 850
200 242
200 304
200 500
200 615
200 664
200 975
201 434
201 437
201 511
201 539
201 820
202 227
202 267
202 477
202 801
202 962
203 364
203 565
203 888
203 947
204 216
204 393
204 459
204 469
204 844
204 997
205 402
205 765
205 819
206 275
206 302
206 353
206 479
206 555
206 562
206 581
206 710
207 308
207 375
207 401
207 420
207 735
207 931
208 308
208 358
208 512
208 626
208 757
208 809
208 830
208 851
208 919
208 985
209 341
209 431
209 880
210 322
210 532
210 878
211 427
211 539
211 584
211 882
212 421
212 426
212 772
212 776
213 328
213 347
213 537
214 360
214 444
214 511
214 682
214 812
215 561
215 647
215 659
215 751
215 824
215 950
215 991
216 386
216 508
216 756
217 561
217 999
218 259
218 288
218 361
218 407
218 450
218 509
218 579
218 731
218 876
218 887
219 343
219 379
219 419
219 647
219 677
219 849
219 892
219 914
219 997
220 240
220 497
220 614
220 697
220 842
220 906
220 949
221 270
221 439
221 447
221 596
221 935
221 995
222 228
222 439
222 572
222 882
222 920
222 965
222 977
222 999
223 332
223 504
223 567
223 687
223 918
223 943
224 494
224 581
225 449
225 673
226 557
227 254
227 257
227 266
227 410
227 438
227 457
227 463
227 506
227 521
227 668
227 698
227 727
228 267
228 782
228 824
228 836
228 981
229 259
229 665
229 795
229 859
230 857
230 942
231 251
231 311
231 624
231 977
232 265
232 346
232 465
232 675
232 797
232 808
233 559
233 560
233 818
234 246
234 324
234 411
234 710
234 720
234 761
234 767
234 800
234 859
235 261
235 447
235 574
235 591
235 619
235 782
235 826
236 302
236 334
236 400
236 639
236 738
236 767
237 351
237 534
237 618
237 650
237 712
237 845
237 957
237 968
237 988
237 997
238 321
238 822
239 414
239 768
240 300
240 373
240 642
240 663
240 766
240 997
241 271
241 334
241 421
241 491
241 852
241 907
242 254
242 709
242 785
242 899
242 996
243 482
243 529
243 888
244 257
244 696
244 786
244 916
245 349
245 597
245 614
245 723
245 885
245 910
246 409
246 675
246 708
246 719
246 948
247 420
247 757
247 826
247 922
248 304
248 538
248 738
248 997
249 395
249 401
249 552
249 657
249 693
249 717
249 846
249 877
250 439
250 460
250 483
250 547
250 642
250 707
250 708
250 823
250 890
250 938
250 951
251 607
251 745
251 746
252 415
252 441
252 732
253 451
253 677
253 710
253 886
253 898
254 997
255 294
255 678
255 802
256 345
256 414
256 679
256 731
256 751
257 367
257 591
257 841
257 880
257 890
258 259
258 427
258 494
258 729
258 735
259 278
259 459
259 485
259 636
259 731
259 808
260 309
260 353
261 765
261 956
262 686
263 426
263 763
263 770
263 791
264 289
264 342
264 355
264 433
264 457
264 518
264 647
265 315
265 397
265 725
265 765
266 926
267 275
267 338
267 585
267 817
267 854
267 982
268 282
268 669
268 859
269 280
269 401
269 611
269 790
269 890
270 333
270 491
270 510
270 723
270 933
271 372
271 621
271 625
271 724
272 474
272 695
272 859
273 305
273 325
273 762
273 832
274 424
274 483
274 675
274 914
275 276
275 705
275 726
275 823
276 835
276 905
277 431
277 570
277 596
277 793
277 838
277 861
277 930
277 959
278 584
278 622
278 641
278 658
278 847
278 856
279 358
279 642
279 812
279 941
279 997
280 328
280 629
280 679
280 730
281 297
281 395
281 707
282 312
282 313
282 323
282 401
282 557
282 731
282 823
282 844
283 306
283 399
283 468
283 636
283 885
283 924
284 323
284 366
284 564
284 668
285 382
285 440
285 627
285 788
285 971
286 431
287 607
287 673
287 736
287 912
288 501
288 589
288 632
288 734
288 775
288 830
288 885
288 967
289 314
289 348
289 359
289 563
289 569
289 837
289 864
289 950
290 361
290 423
290 603
290 633
290 965
290 981
291 305
291 461
291 726
291 737
291 741
292 534
292 535
292 657
292 689
292 965
293 463
293 488
293 623
293 980
294 318
294 582
294 839
295 448
295 470
295 681
296 314
296 684
296 825
297 354
298 362
298 509
298 742
298 914
299 342
299 675
299 714
299 959
300 334
300 489
300 681
300 730
301 437
301 514
301 740
301 783
302 319
302 595
302 643
302 780
302 898
303 414
303 476
303 498
303 707
303 825
303 834
303 861
304 567
304 670
304 985
305 723
305 762
305 794
305 947
306 318
306 360
306 513
306 748
306 804
306 877
307 320
307 572
307 668
307 675
307 715
307 781
307 987
308 365
308 368
308 929
309 479
309 730
309 878
310 437
310 527
310 653
310 691
310 832
310 948
311 482
311 536
311 644
312 461
312 535
312 552
312 772
313 405
313 585
313 595
313 804
313 835
314 648
314 977
314 999
315 682
315 777
315 812
315 910
316 580
316 736
317 682
317 754
318 422
318 937
318 957
319 389
319 431
319 570
319 639
319 779
319 861
320 333
320 455
320 528
320 530
320 566
320 622
320 749
320 882
320 936
321 412
321 576
321 699
321 829
322 390
322 397
322 800
323 358
323 634
323 639
323 649
323 655
323 846
323 919
324 327
324 513
324 518
324 782
325 372
325 376
325 452
325 536
325 895
325 935
325 993
326 407
326 703
327 488
327 551
327 805
327 812
328 450
328 484
328 660
328 743
328 793
328 927
328 976
329 525
329 543
329 577
330 392
330 599
330 655
330 784
331 371
331 530
331 814
331 889
331 924
332 384
332 502
332 566
332 578
332 693
332 727
332 997
333 482
333 574
333 851
334 367
334 761
334 787
334 833
334 853
335 565
335 620
335 814
335 860
336 422
336 455
336 765
336 824
336 885
337 375
337 387
337 531
337 672
337 673
337 698
337 724
338 566
338 636
338 672
338 958
339 558
339 899
339 991
340 433
340 557
340 966
341 352
341 368
341 459
341 572
341 664
342 380
342 465
342 659
342 739
342 742
342 818
342 882
342 919
342 945
342 946
343 368
343 676
343 811
344 635
344 770
344 804
344 882
344 922
345 699
345 910
346 442
346 449
346 768
346 924
347 528
347 698
347 827
348 598
348 627
348 752
348 811
348 841
348 954
349 377
349 427
349 454
349 653
349 740
349 760
349 967
350 417
350 466
350 810
350 939
351 358
351 804
351 960
352 427
353 385
353 539
353 563
353 586
353 672
353 695
353 761
354 650
354 900
355 384
355 389
355 897
356 461
356 501
356 582
356 848
356 897
356 947
357 577
357 779
357 836
358 375
358 424
358 432
358 576
358 820
358 874
359 404
359 541
359 593
359 791
360 607
360 641
360 800
360 801
360 952
361 885
362 747
363 720
363 850
364 441
364 458
364 984
365 395
365 420
365 428
365 661
365 688
365 969
366 712
366 780
366 803
367 525
367 590
367 596
367 761
367 851
367 853
367 908
367 986
368 493
368 556
368 660
368 881
369 598
369 631
369 792
369 832
369 926
370 392
370 436
370 499
370 591
370 876
371 503
371 509
371 976
372 433
373 385
373 636
373 650
373 841
373 868
373 872
373 889
374 452
375 414
375 554
376 475
376 531
376 895
376 904
377 511
377 662
377 699
377 771
377 971
378 673
378 728
381 542
381 666
381 712
381 745
382 563
382 704
382 844
382 998
383 644
383 651
384 496
384 674
384 768
385 440
385 669
385 694
385 813
386 550
386 775
387 615
387 792
388 604
388 624
388 788
388 832
388 968
389 669
389 850
390 457
390 565
390 894
391 416
391 456
391 599
391 623
391 625
391 650
391 793
392 692
392 779
392 824
392 950
393 493
393 664
393 705
393 874
394 404
394 420
394 618
394 628
394 729
394 785
394 978
394 987
395 553
395 740
395 939
396 717
396 807
396 892
396 901
397 539
397 614
397 896
398 451
398 489
398 794
398 997
399 488
399 532
399 668
399 798
400 559
400 673
400 675
400 697
400 902
401 436
401 514
401 542
401 661
401 974
402 436
402 517
402 634
402 968
403 426
403 455
403 503
403 528
403 585
403 668
403 730
404 498
404 566
405 486
405 560
405 699
407 967
408 497
408 571
408 600
408 856
409 492
409 604
409 697
409 817
410 480
411 470
411 993
412 638
412 766
413 419
413 760
413 906
414 427
414 678
414 987
415 422
415 440
415 488
415 732
415 993
416 462
417 847
417 878
417 882
418 499
418 584
418 652
419 640
419 777
420 456
420 519
421 583
421 628
421 922
422 448
422 704
422 815
422 908
422 987
423 593
423 640
423 965
424 442
424 511
425 549
425 679
425 879
425 938
425 993
426 567
426 742
426 830
426 935
426 962
426 971
427 696
428 583
428 687
428 710
428 731
429 436
429 453
429 822
430 777
430 913
431 534
432 445
432 523
432 591
434 449
434 588
434 933
434 948
435 505
435 621
435 870
436 587
436 639
436 959
436 964
437 461
437 534
437 721
437 935
439 442
439 708
439 838
439 956
439 995
440 550
440 551
440 602
440 618
440 961
441 456
441 599
441 858
441 932
442 494
442 532
442 705
442 875
442 947
443 578
443 997
444 488
444 782
444 877
445 579
445 702
446 649
446 799
447 615
448 532
448 578
448 732
448 943
448 970
449 591
450 531
450 683
451 584
451 673
451 907
451 920
452 622
452 772
453 508
453 540
453 733
453 834
454 900
454 938
455 483
455 492
455 499
455 803
455 818
455 922
455 977
456 775
456 916
458 762
458 931
459 507
459 537
459 631
459 759
459 944
460 568
460 633
460 635
460 771
460 979
461 562
461 696
461 737
461 974
461 988
462 543
462 597
462 687
462 886
462 938
463 577
463 676
463 749
463 908
464 569
464 587
464 668
464 750
464 803
464 963
464 994
465 693
465 708
465 713
466 505
466 853
466 898
467 525
467 864
468 516
468 933
469 616
469 779
470 560
470 748
470 861
470 911
471 566
471 639
472 551
472 650
472 807
473 537
473 780
474 646
474 682
474 862
474 990
475 565
476 556
476 695
477 980
478 878
479 505
479 611
479 762
480 537
480 547
480 573
480 619
480 765
480 917
481 516
481 638
481 876
482 689
482 817
482 919
482 937
483 565
483 633
483 870
483 998
484 570
484 619
484 801
485 837
485 870
485 897
486 493
486 510
486 722
486 804
486 851
486 994
487 564
487 643
487 673
487 806
487 816
487 867
487 883
488 515
488 866
488 926
489 894
490 716
490 994
491 627
491 666
491 704
491 849
491 877
492 527
492 623
492 891
493 955
494 639
494 814
494 919
494 942
495 540
495 541
495 657
495 712
495 765
495 916
496 542
496 613
496 714
496 764
496 965
496 988
497 658
497 693
497 703
497 725
497 816
498 756
498 759
499 546
499 802
500 514
500 589
500 838
500 903
500 962
501 527
501 557
501 671
501 711
501 721
501 741
501 993
502 560
502 721
502 838
503 688
503 812
503 824
504 871
504 912
505 554
505 577
505 770
505 889
506 611
506 964
507 579
507 947
508 587
508 650
509 548
509 838
510 528
510 635
510 651
510 656
510 899
511 757
511 834
511 969
512 532
512 709
512 791
512 929
513 571
513 711
513 887
513 932
514 583
515 706
515 732
515 945
516 523
516 593
516 866
517 920
517 973
518 673
518 710
519 596
519 874
519 924
520 714
520 939
520 942
521 948
522 523
522 673
522 709
522 775
522 894
523 711
523 718
524 647
524 777
524 982
525 667
525 685
526 617
526 627
526 873
526 918
527 788
527 812
528 545
528 717
529 584
529 824
530 560
530 609
530 683
531 535
531 608
531 815
532 574
532 711
532 828
532 881
533 684
533 750
533 832
533 937
534 613
534 662
534 819
534 888
535 819
535 835
536 786
536 789
536 849
537 602
537 763
537 995
538 821
539 604
539 735
541 637
541 729
541 926
541 989
541 992
542 648
542 699
542 912
543 707
544 563
544 638
545 766
545 892
546 970
547 908
548 686
548 805
549 582
549 863
549 869
549 874
549 951
550 556
550 883
551 732
551 772
552 766
552 965
553 694
553 879
553 977
554 619
554 682
555 618
555 752
555 952
556 616
556 779
557 577
557 819
558 574
558 623
558 655
558 798
558 880
558 935
558 999
559 665
559 807
559 831
559 847
559 970
560 793
561 715
561 719
561 978
562 698
562 828
563 626
563 709
563 743
563 922
564 620
564 701
564 774
565 578
565 609
565 894
566 577
566 948
566 996
567 630
567 772
568 753
568 867
568 965
569 610
569 633
569 663
569 685
569 732
569 735
569 784
569 842
570 658
570 975
571 913
572 644
572 645
572 654
572 706
572 727
572 906
573 811
573 951
574 799
575 586
575 711
576 794
576 800
576 832
576 903
576 942
577 620
577 672
577 691
577 783
577 906
578 775
578 830
580 730
580 933
581 639
581 701
581 734
581 936
582 633
582 893
583 625
583 698
583 741
583 815
583 819
584 765
584 969
585 750
586 824
586 853
586 947
587 620
587 766
588 793
588 910
589 735
589 894
589 995
590 632
592 725
592 955
593 790
594 722
594 892
595 735
595 931
596 649
596 756
596 993
598 663
598 803
598 919
599 625
599 626
599 696
599 814
600 689
600 716
600 763
600 775
600 813
600 933
601 681
601 758
601 775
601 787
602 770
602 881
602 990
603 678
603 717
603 898
604 698
605 613
605 693
605 802
605 898
606 722
606 789
606 985
607 726
607 787
608 860
609 871
610 750
611 698
611 712
611 744
611 831
611 891
611 950
611 962
611 976
611 977
612 630
612 886
612 898
613 646
613 659
613 806
613 808
613 922
614 639
614 944
615 632
615 639
615 673
615 803
615 961
616 819
616 956
617 848
617 979
618 677
619 646
619 748
619 984
620 623
620 762
620 821
621 636
622 685
622 787
623 703
623 770
624 686
625 973
626 661
626 859
627 640
628 672
628 676
628 758
628 790
628 791
628 850
629 845
629 894
629 921
630 661
630 727
630 782
630 914
632 759
632 997
633 767
633 942
634 889
635 719
635 887
636 687
637 697
637 759
637 783
637 854
637 887
637 897
638 739
640 723
641 895
642 836
642 916
643 890
643 955
644 655
644 816
644 969
645 802
645 941
646 810
646 818
646 827
647 725
647 974
649 683
649 791
649 981
650 658
650 756
651 973
653 787
653 818
654 801
654 893
655 659
656 950
657 736
657 856
658 789
659 671
659 881
660 993
661 691
661 802
661 953
662 954
664 914
664 967
665 708
665 718
665 787
665 849
665 930
666 922
667 670
667 812
669 702
669 994
669 998
672 706
672 776
672 901
672 943
672 954
673 938
673 982
674 804
674 882
674 890
676 691
676 730
676 895
677 697
677 729
677 745
677 895
677 978
677 982
678 995
679 687
679 704
679 769
680 756
680 965
681 693
681 909
682 852
682 953
682 984
683 843
683 911
683 988
685 930
685 970
687 760
687 843
687 846
688 904
689 751
689 759
689 887
689 947
690 814
690 909
690 926
691 706
691 828
692 736
692 794
693 833
693 992
694 739
695 777
695 821
695 925
696 908
697 822
697 982
698 781
698 916
698 926
698 933
699 717
700 833
700 956
701 757
701 810
701 865
701 915
702 740
702 827
704 893
705 773
705 878
706 756
706 834
706 882
707 727
707 761
709 841
709 858
709 913
709 921
710 954
711 787
711 951
711 960
711 991
712 768
712 802
712 988
713 865
713 876
713 953
714 788
716 749
717 946
718 824
718 884
718 948
719 730
720 740
720 927
720 957
720 986
721 801
721 857
722 795
722 817
723 799
723 883
723 956
725 765
725 771
725 991
726 730
726 885
726 940
727 780
727 793
727 875
727 894
727 943
727 966
729 848
730 731
730 761
730 838
730 845
730 936
731 786
732 744
733 818
733 866
734 869
735 814
735 882
736 804
737 769
737 994
738 746
739 754
739 785
741 817
742 838
742 848
743 926
743 974
743 977
744 906
744 925
745 822
745 958
746 865
746 968
747 885
748 956
749 892
749 939
750 951
751 948
752 849
753 881
753 922
754 907
755 774
755 863
755 963
755 993
756 984
758 840
762 921
763 855
765 802
765 848
766 837
766 906
766 948
766 955
767 834
767 902
767 911
768 874
769 925
770 800
771 777
771 878
772 867
772 868
772 953
773 847
773 976
775 847
777 968
779 831
779 849
780 804
780 882
781 917
782 861
782 880
782 884
784 833
784 870
785 916
785 937
786 899
788 853
789 980
790 873
790 942
790 983
790 985
791 964
793 913
794 803
795 803
795 856
796 837
796 910
796 944
796 994
797 905
797 921
798 893
798 918
799 865
801 816
801 990
802 866
802 945
804 883
804 982
806 826
807 940
809 823
809 828
809 851
809 885
810 949
811 926
812 975
814 875
816 818
817 882
817 902
818 974
820 974
822 958
822 982
823 872
825 906
828 863
828 904
828 911
830 852
830 863
830 894
830 972
835 859
836 967
837 865
840 845
840 866
841 890
841 925
842 877
844 871
846 942
847 891
847 898
848 891
850 899
851 995
852 934
852 968
853 949
854 981
855 870
855 986
856 868
856 994
858 861
858 886
860 962
861 990
862 958
863 867
863 971
866 887
867 954
867 974
868 881
868 989
869 978
871 883
873 934
873 987
875 991
876 956
876 962
877 888
878 961
880 952
881 924
882 975
882 977
883 984
886 950
888 973
890 970
893 922
899 918
899 968
900 903
901 911
901 946
902 904
903 981
904 974
905 955
909 921
910 996
911 929
915 988
917 923
917 990
918 997
926 936
926 945
926 966
928 931
935 948
938 945
942 990
944 958
946 960
948 950
950 983
951 961
953 967
954 962
955 980
960 985
962 980
971 976
975 976
0
10 999
