1000	2920	 1
0 22
0 281
0 328
0 637
0 680
0 916
0 954
1 181
1 235
1 272
1 404
1 406
1 566
1 580
1 742
1 973
2 163
2 255
2 826
2 986
3 220
3 328
3 628
3 648
3 695
4 9
4 735
4 763
4 831
4 913
4 985
5 184
5 201
5 234
5 273
5 346
5 434
5 563
5 762
5 963
6 301
6 487
6 585
6 879
6 922
7 894
8 93
8 453
8 730
9 111
9 482
9 484
9 520
9 974
10 66
10 248
10 506
10 629
10 763
10 888
10 909
11 60
11 441
11 545
11 928
12 78
12 153
12 240
12 272
12 309
12 323
12 445
12 463
12 529
12 551
12 812
12 934
13 75
13 262
13 695
13 783
14 40
14 537
14 674
14 708
15 105
15 368
15 406
15 603
15 754
15 880
16 90
16 129
16 185
17 441
17 520
17 687
17 811
17 845
17 953
17 981
18 78
18 85
18 161
18 496
18 514
18 516
18 598
18 674
19 53
19 267
19 292
19 581
19 979
20 209
20 695
21 337
21 366
21 645
21 651
21 720
22 130
22 216
22 358
22 552
22 614
22 677
22 893
22 999
23 322
23 670
23 672
23 903
24 102
24 710
25 46
25 623
25 971
26 359
26 392
26 393
26 487
26 565
27 198
27 247
27 603
27 641
27 889
28 556
28 622
28 985
29 218
29 262
29 741
29 743
29 851
29 978
30 178
30 334
30 494
30 520
30 547
30 869
31 135
31 169
31 246
31 412
31 511
31 668
31 830
32 287
32 479
32 731
32 766
33 278
33 511
33 519
33 798
34 262
34 574
34 611
34 621
34 919
35 434
36 255
36 301
36 542
36 550
36 860
37 180
37 314
37 460
37 760
37 880
37 900
38 334
38 491
38 643
38 823
38 847
38 918
39 44
39 78
39 87
39 435
40 536
40 739
40 753
40 990
41 76
41 270
41 290
41 688
41 753
41 797
41 826
41 935
41 992
42 52
42 226
42 424
42 506
42 838
42 955
43 515
43 645
43 908
44 70
44 130
44 376
44 382
44 731
45 549
45 796
45 856
45 931
45 987
46 229
46 311
46 334
46 406
46 414
46 616
47 80
47 338
47 604
47 686
47 812
47 922
47 974
48 463
48 767
48 774
48 775
49 55
49 119
49 513
49 852
50 273
50 376
50 388
50 427
50 711
50 901
51 308
51 646
51 840
51 898
52 643
53 79
53 179
53 192
54 132
54 229
54 337
54 444
54 817
55 67
55 69
55 202
55 215
55 346
55 514
55 548
55 681
55 867
56 122
56 163
56 360
56 432
56 723
56 731
56 816
56 913
57 88
57 446
57 822
57 901
57 998
58 132
58 335
58 344
58 460
59 121
59 153
59 259
59 298
59 805
60 66
60 170
60 173
60 202
60 372
60 491
60 749
60 798
60 927
60 941
61 424
61 540
61 898
62 189
62 453
62 731
62 753
63 180
63 224
63 753
63 880
64 113
64 215
64 636
64 703
64 755
65 109
65 111
65 476
65 511
65 590
65 736
65 920
65 990
66 380
66 468
66 469
66 470
66 992
67 215
67 470
67 586
68 432
68 468
68 496
68 502
68 952
69 131
69 150
69 329
69 471
69 518
69 622
70 75
70 165
70 182
70 267
70 564
70 654
70 959
71 367
71 397
71 467
71 516
71 559
71 594
71 832
72 109
72 231
72 594
72 706
72 755
72 854
72 884
72 964
73 188
73 464
73 585
73 998
74 199
74 705
74 997
75 333
75 458
75 663
75 958
75 966
75 980
76 211
76 307
76 383
76 405
76 549
76 682
76 739
76 873
76 914
77 78
77 90
77 99
77 164
77 228
77 243
77 667
77 834
77 950
77 989
78 281
78 450
78 897
79 330
79 490
79 850
79 860
79 863
80 102
80 158
80 602
80 843
81 118
81 447
81 449
81 682
81 725
81 831
82 90
82 218
82 615
82 903
82 953
83 451
83 501
83 633
84 163
84 207
84 540
84 648
84 750
84 824
85 175
85 361
85 385
85 415
85 714
85 715
85 858
86 126
86 167
86 665
86 992
87 270
87 455
87 462
87 542
87 634
87 694
88 614
89 285
89 373
89 486
89 609
89 816
90 141
90 208
90 428
90 596
90 616
90 631
91 245
91 440
91 604
91 825
91 860
92 391
92 554
92 557
92 643
92 648
93 458
93 470
93 630
94 314
94 405
94 472
94 507
94 544
94 860
95 372
95 693
95 970
96 127
96 258
96 282
96 377
96 554
96 745
96 845
97 387
97 538
97 641
97 812
97 904
97 995
98 170
98 213
98 425
98 544
98 660
98 817
99 193
99 503
99 522
99 535
99 739
99 769
100 253
100 340
100 632
100 753
100 802
100 811
100 816
100 843
101 193
101 246
101 367
101 667
101 862
101 936
102 271
102 274
102 295
102 357
102 602
102 769
102 780
103 266
103 315
103 407
103 690
103 691
103 748
103 807
103 928
104 251
104 309
104 557
104 842
104 901
104 991
105 792
105 794
105 991
105 996
106 146
106 209
106 493
106 574
106 597
106 990
107 215
107 281
107 417
107 654
107 993
108 164
108 350
109 165
109 455
109 473
109 492
109 855
109 957
109 986
110 458
110 550
110 637
110 916
111 345
111 602
111 636
112 228
112 500
112 501
112 638
112 704
112 832
113 141
113 149
113 397
113 621
114 528
114 594
114 957
115 163
115 184
115 263
115 284
115 520
115 552
115 607
115 805
116 753
116 854
116 889
117 357
117 533
117 603
117 715
117 874
118 358
118 741
118 795
118 913
119 350
119 510
119 584
120 137
120 274
120 338
120 926
120 981
121 501
121 586
121 851
121 931
122 532
122 665
122 838
123 322
123 339
123 349
123 482
123 810
124 130
124 163
124 274
124 440
124 764
124 870
125 142
125 467
125 556
125 919
126 175
126 217
126 481
126 570
127 501
127 833
128 207
128 470
128 518
128 824
128 994
129 182
129 573
129 768
129 875
129 974
130 254
130 553
130 833
130 960
131 147
131 270
131 390
131 622
131 768
131 832
132 323
132 349
132 587
132 693
132 726
132 850
132 922
133 146
133 323
133 434
133 590
134 244
134 326
134 373
134 833
134 862
135 214
135 217
135 424
135 458
135 534
135 553
135 894
135 992
136 175
136 517
136 588
136 607
136 663
136 903
136 959
136 963
138 406
138 420
138 761
138 964
139 361
139 429
139 449
139 904
139 962
140 191
140 201
140 292
140 484
140 554
140 638
140 765
140 946
141 386
141 548
141 635
142 264
142 331
142 666
142 891
142 992
143 275
143 468
143 509
143 906
144 218
144 428
144 493
144 625
144 642
144 762
145 159
145 178
145 498
145 517
145 623
145 778
145 804
145 879
145 990
146 321
146 358
146 774
146 804
146 918
147 251
147 309
147 411
147 580
147 900
147 951
148 477
148 544
148 680
148 687
148 700
148 971
149 253
149 621
150 175
150 187
150 392
150 425
150 613
150 701
150 755
150 771
150 807
150 822
151 225
151 505
151 588
151 672
151 730
151 842
151 852
151 929
152 172
152 492
152 823
152 951
153 216
153 268
153 447
153 586
153 945
154 381
154 696
154 831
154 961
155 293
155 522
155 657
155 685
155 751
155 997
156 499
156 586
156 685
156 907
157 225
157 229
157 251
157 539
157 594
157 779
158 440
158 474
158 587
158 623
158 943
159 259
159 580
159 631
159 727
159 728
159 928
159 937
159 996
160 227
160 291
160 678
160 726
160 964
161 231
161 446
161 500
161 586
161 890
162 344
162 681
162 768
162 875
162 956
163 180
163 248
163 312
163 602
163 614
163 790
163 812
164 377
164 723
164 729
165 309
165 555
165 701
165 789
166 307
166 553
166 666
166 999
167 189
167 214
167 732
167 848
167 992
168 491
168 679
168 680
168 724
169 176
169 384
169 448
169 518
169 595
170 468
170 479
171 219
171 563
171 671
171 788
171 932
171 979
172 268
172 490
172 665
172 699
172 767
172 797
172 827
172 937
173 442
173 550
174 472
174 498
174 623
174 692
174 735
174 761
174 792
174 919
175 298
175 480
175 565
175 805
175 827
176 407
176 513
176 582
176 588
176 602
176 823
176 877
177 239
177 253
177 468
177 475
177 791
178 447
178 507
178 527
179 356
179 450
179 502
179 992
180 442
180 784
181 192
181 737
181 826
182 454
182 574
182 902
182 984
183 202
183 213
183 309
183 400
183 513
183 599
183 705
184 370
184 482
185 339
185 425
185 591
185 855
185 877
186 253
186 311
186 326
186 423
186 590
186 926
187 189
187 193
187 199
187 255
187 338
187 351
187 737
187 862
187 870
188 893
189 232
189 612
190 227
190 464
190 577
190 681
191 442
192 249
192 348
192 513
192 548
192 861
192 899
193 217
193 724
193 735
193 797
193 970
194 476
194 503
194 819
195 560
195 609
196 673
196 698
196 742
197 621
197 813
197 873
197 949
197 993
198 324
198 394
198 561
198 684
198 702
198 988
199 493
199 595
199 605
199 676
199 927
200 333
200 510
200 524
200 912
200 937
201 359
201 518
201 549
201 721
201 796
201 951
202 390
202 567
203 465
203 585
204 426
204 446
204 459
204 499
204 541
204 673
204 749
204 791
204 796
204 869
204 888
205 466
205 573
205 603
205 903
205 921
205 958
206 362
206 525
206 922
207 281
207 390
207 428
207 527
207 552
207 627
207 702
208 240
208 275
208 323
208 387
208 555
208 558
209 271
209 580
209 602
209 626
209 682
209 718
209 846
209 938
210 363
211 374
211 454
211 871
212 465
212 488
212 664
212 784
212 879
214 682
215 563
215 609
215 624
215 892
215 962
216 513
216 647
216 753
217 457
218 888
218 989
219 226
219 241
219 357
219 593
219 841
219 853
220 267
220 341
220 462
220 513
220 611
220 652
220 708
220 823
220 828
220 860
221 270
221 507
221 610
221 643
221 729
222 271
222 426
222 695
222 710
222 845
223 294
223 469
223 520
223 730
223 825
224 418
224 421
224 595
224 928
225 329
225 343
225 369
225 616
225 738
225 981
226 528
226 685
226 854
226 931
227 327
227 469
227 610
228 440
228 572
228 670
228 675
228 888
228 994
229 331
229 665
229 719
229 854
230 429
230 846
231 388
231 491
231 792
231 974
232 534
232 664
232 774
232 884
232 919
232 971
233 253
233 350
233 427
233 513
234 473
234 825
234 889
234 918
235 823
235 855
235 898
236 237
236 606
236 876
236 967
237 318
237 380
237 445
237 580
238 404
238 459
238 962
238 978
239 652
239 692
239 870
239 872
240 499
240 559
240 636
240 705
241 278
241 408
241 439
242 653
242 706
243 286
243 427
243 551
243 637
243 778
244 298
244 448
244 489
244 578
244 756
245 562
245 589
245 864
245 899
245 909
246 433
246 573
246 729
246 751
246 889
246 905
246 970
247 357
247 374
247 502
247 678
247 968
248 782
248 897
248 971
249 426
249 766
250 311
250 330
250 458
250 487
250 558
250 673
251 329
251 569
251 735
251 813
251 901
251 929
251 997
252 359
252 475
252 632
252 745
252 974
253 345
253 517
253 597
253 639
253 653
253 852
253 938
254 362
254 588
254 624
254 756
255 293
255 317
255 857
256 485
256 635
256 868
256 899
256 968
257 639
257 980
258 479
258 516
258 827
258 932
259 558
259 676
260 316
260 519
260 605
260 955
260 973
261 351
261 511
261 686
261 764
261 897
261 930
261 958
262 327
262 408
262 441
262 716
262 956
263 349
263 404
263 480
263 679
263 815
264 774
265 821
265 897
266 299
266 362
266 437
266 442
266 691
266 724
266 872
266 880
267 464
267 504
267 549
267 790
267 824
267 932
267 957
268 295
268 639
269 639
269 660
269 663
269 891
270 617
270 873
270 886
271 699
272 579
272 715
273 424
273 922
274 309
274 314
274 411
274 748
275 283
275 622
275 625
275 706
275 809
275 828
275 929
276 506
276 730
276 799
276 951
276 954
276 963
277 733
277 963
278 459
279 351
279 410
279 543
279 718
279 840
279 882
280 606
280 734
280 738
280 762
280 763
280 894
281 308
281 341
281 400
281 739
281 825
282 318
282 360
282 391
282 401
282 422
282 994
283 564
283 708
283 803
283 881
284 288
284 451
284 621
284 730
284 862
284 867
284 988
285 319
285 435
285 547
286 486
286 536
286 567
286 676
286 810
286 845
286 888
287 573
287 623
287 754
287 764
288 666
288 684
288 739
288 776
289 419
289 882
289 967
290 296
290 315
290 366
290 416
290 881
291 635
291 760
291 802
291 803
291 910
291 935
292 374
292 645
292 699
292 765
292 768
292 795
293 298
293 300
293 379
293 442
293 700
293 721
293 866
293 937
294 408
294 419
294 471
294 609
294 637
294 711
294 853
295 369
295 416
295 517
295 772
295 793
295 857
296 373
296 636
296 642
296 712
296 730
297 412
297 467
297 571
297 761
297 770
297 883
297 943
298 593
299 502
299 503
299 546
299 855
299 867
300 381
300 389
300 987
301 481
301 682
301 721
301 796
302 309
302 325
302 683
302 883
302 950
303 339
303 664
303 763
303 765
303 797
303 802
303 857
303 884
304 360
304 364
304 538
304 542
304 811
304 849
304 915
305 369
305 399
305 420
305 558
305 638
306 508
306 513
306 969
307 603
307 723
307 954
308 419
308 487
308 843
309 367
309 395
309 508
309 552
309 669
309 696
309 816
309 942
309 996
310 528
310 761
310 967
310 989
311 393
311 468
311 745
312 409
312 480
312 530
312 544
312 590
312 630
312 784
312 949
313 543
313 899
313 962
314 602
314 723
314 856
314 922
315 338
315 501
315 746
315 842
316 486
316 506
316 731
316 783
316 950
316 971
317 324
317 500
317 845
317 902
317 986
318 704
318 887
318 939
318 995
319 577
319 643
319 658
319 682
319 958
320 403
320 802
320 830
321 536
321 550
321 667
321 675
321 786
322 607
322 632
322 637
322 736
322 821
322 895
322 901
322 918
323 464
323 599
323 865
324 682
324 711
324 948
325 608
325 612
325 892
325 898
325 925
325 980
326 398
326 486
326 590
326 648
327 422
327 697
328 664
329 599
329 749
330 349
330 502
330 843
330 973
331 383
331 523
331 588
331 889
332 337
332 663
332 741
332 825
332 830
333 398
333 683
333 699
333 826
334 349
334 468
334 514
334 536
334 813
335 529
335 581
335 705
335 779
335 837
336 373
336 378
336 489
337 435
338 546
338 565
338 589
339 437
339 477
339 540
339 695
339 744
339 919
340 400
340 516
340 602
340 715
341 366
341 616
341 663
341 732
341 863
342 678
343 490
343 593
344 362
344 517
344 818
344 885
345 397
345 552
345 597
345 724
345 748
345 888
346 708
346 736
346 865
346 872
347 766
347 890
347 970
348 440
348 467
348 553
348 580
349 417
349 471
350 519
350 610
350 776
350 982
351 412
351 450
351 694
351 982
352 661
352 980
353 607
353 754
353 855
353 958
353 970
354 369
354 385
354 392
354 701
354 720
355 422
355 430
355 689
355 809
355 845
355 954
356 523
356 555
356 776
356 884
356 927
356 944
357 626
357 965
358 384
358 505
358 770
358 919
358 931
359 466
359 642
359 727
359 900
360 852
360 891
361 459
361 708
361 774
361 864
361 938
362 516
362 534
362 674
362 930
363 655
363 820
363 828
363 856
363 917
364 409
364 798
365 382
365 409
365 592
366 490
366 662
366 711
367 652
367 853
368 895
368 960
369 382
369 396
369 401
369 718
370 451
370 752
370 822
370 861
371 535
371 706
371 819
372 405
372 439
372 572
372 615
372 622
372 744
373 382
373 545
373 686
373 813
373 857
374 479
374 617
374 858
374 900
375 789
375 839
375 908
375 944
376 401
376 413
376 671
376 937
377 507
377 609
377 679
377 756
378 743
378 752
379 782
379 870
380 387
380 547
380 555
380 845
381 628
381 799
382 416
382 522
382 727
382 744
383 476
384 512
384 672
384 698
384 886
385 527
385 618
385 653
385 848
385 863
386 447
386 640
386 657
386 741
387 668
388 506
388 698
388 838
388 933
389 551
389 595
389 963
390 478
391 560
391 600
391 730
392 521
392 939
393 972
393 999
394 805
394 887
394 911
394 913
394 956
395 702
395 977
396 541
396 681
396 718
397 430
397 562
397 873
397 899
398 487
398 508
398 539
398 806
398 834
398 897
398 950
399 892
400 401
400 407
400 975
401 676
402 517
402 578
402 739
402 814
403 500
403 591
403 728
403 731
403 732
403 899
404 612
404 669
404 721
404 880
404 923
404 986
405 567
405 674
405 683
405 685
405 708
406 442
406 864
407 419
407 481
407 601
407 642
407 835
407 940
408 593
408 922
408 953
409 711
409 944
410 714
410 970
411 579
412 666
412 888
413 466
413 576
413 667
413 836
413 851
413 914
413 996
414 497
414 659
414 737
414 962
414 963
415 805
415 997
416 505
416 874
417 880
417 931
418 448
418 538
418 748
418 918
419 430
419 472
419 903
419 946
421 440
421 460
421 498
421 703
421 824
421 984
422 532
422 763
422 998
423 450
423 598
423 990
424 527
424 672
424 730
424 775
424 964
425 479
425 558
425 639
425 881
425 955
426 592
426 693
426 868
428 456
428 485
428 680
428 857
428 971
429 623
429 705
430 656
431 456
431 489
431 660
431 685
431 709
431 936
432 583
432 619
432 778
432 919
432 949
433 557
433 562
434 563
434 687
434 752
434 905
435 527
435 552
435 878
436 713
436 731
436 762
436 770
436 950
436 970
436 986
437 842
438 679
438 816
438 839
438 965
439 526
439 716
439 778
439 828
440 761
440 823
440 879
440 909
441 525
442 524
442 639
442 877
442 944
443 507
443 746
443 840
444 740
444 879
445 537
445 614
445 718
445 743
445 797
445 944
446 505
446 510
446 724
446 844
447 819
448 655
448 950
449 518
449 980
450 473
451 643
452 500
452 503
452 610
452 773
452 823
452 926
452 990
453 461
453 751
454 742
455 922
455 971
456 514
456 565
456 708
456 830
456 896
457 557
457 617
458 775
458 831
458 911
458 984
459 530
459 804
460 498
461 481
461 598
461 633
462 469
462 520
462 599
462 669
462 787
462 906
463 549
463 711
463 880
464 557
465 674
465 905
466 542
466 813
466 980
466 992
467 918
468 656
468 812
469 580
469 585
469 597
469 650
469 713
469 772
470 652
470 715
470 822
471 565
471 893
471 911
472 667
472 797
472 906
473 509
473 527
473 813
473 840
474 876
475 527
476 515
476 750
477 549
477 557
477 775
477 807
477 875
478 922
478 996
479 482
479 677
479 854
480 854
481 899
482 575
482 883
482 935
483 506
483 547
483 624
483 808
484 504
484 990
485 510
485 660
485 821
485 881
486 546
486 961
487 491
487 630
487 765
488 641
488 911
488 952
489 522
489 715
490 520
490 760
490 902
490 981
491 543
491 801
491 909
492 551
492 650
492 713
493 505
493 741
493 795
494 504
494 642
494 679
495 581
495 828
495 873
495 956
496 875
496 931
496 960
497 655
497 667
497 681
497 917
497 948
498 557
498 563
498 663
498 915
499 543
499 642
499 752
499 863
501 527
501 586
501 806
502 645
502 769
502 775
502 869
503 636
503 766
503 785
503 815
503 859
504 535
504 789
504 804
504 961
505 551
505 648
505 857
505 950
506 519
506 632
506 885
507 520
507 683
507 935
508 613
508 666
508 774
508 779
508 941
509 756
510 538
510 576
510 685
510 718
510 741
510 752
511 523
511 565
511 635
511 643
511 841
511 985
512 826
512 932
513 596
513 756
513 815
513 900
514 601
514 804
515 614
515 697
515 705
515 710
516 600
516 687
517 684
517 968
518 759
518 833
518 908
518 992
519 522
519 613
519 682
520 886
521 572
521 610
521 627
521 862
522 684
522 734
522 960
523 596
523 681
524 935
524 993
525 543
525 750
525 751
525 794
526 586
526 940
526 941
527 531
527 561
527 718
527 774
527 781
527 871
528 619
528 648
528 651
528 733
528 950
529 647
529 812
529 820
530 555
530 661
530 699
530 708
530 916
531 667
531 734
531 850
531 978
532 555
532 565
532 673
532 848
532 861
533 536
533 581
533 629
533 651
533 686
533 761
533 826
534 571
534 729
534 956
535 800
535 841
535 852
535 962
536 581
536 588
536 933
537 690
537 710
538 758
538 789
538 979
539 549
539 878
539 902
539 971
540 657
540 665
540 780
540 983
541 596
541 954
542 724
543 648
543 724
543 900
543 952
544 576
544 644
544 752
544 901
544 934
545 743
546 776
546 991
547 813
547 914
548 549
548 596
548 952
548 957
549 605
549 779
550 678
550 778
550 891
550 939
551 949
552 940
552 950
552 963
553 606
553 628
553 764
553 783
553 822
553 974
554 562
554 575
554 837
554 967
555 575
555 795
555 936
557 609
557 787
558 652
558 661
558 718
558 774
558 786
559 594
559 724
559 736
560 731
560 769
560 795
560 832
561 844
561 857
562 624
562 671
562 705
562 920
562 979
563 603
563 820
563 846
564 808
565 597
565 600
565 676
565 906
566 581
566 606
566 638
566 781
566 785
566 806
568 750
568 894
569 707
569 898
570 579
571 817
572 668
572 697
572 720
573 858
573 896
573 975
574 737
575 593
575 654
575 909
576 783
576 996
577 650
577 802
577 830
577 924
578 584
578 664
578 804
578 822
578 885
580 844
580 931
581 633
582 692
582 799
582 923
583 584
583 715
584 836
585 835
585 925
586 676
587 601
587 674
587 695
587 868
587 921
588 681
588 838
588 864
588 982
589 612
589 614
589 887
590 850
590 901
590 978
590 995
591 634
591 724
591 771
591 820
591 857
592 625
592 648
593 605
593 940
594 812
594 824
594 948
595 992
596 623
596 685
596 896
597 802
598 679
598 748
599 818
599 898
600 668
600 683
601 731
601 954
602 795
602 989
604 629
604 705
604 720
604 876
604 953
604 959
605 845
605 967
606 841
608 627
608 681
608 686
609 641
610 962
611 660
611 797
611 860
611 959
613 655
613 843
614 760
614 973
615 927
616 768
617 702
617 757
617 966
618 882
618 941
619 626
619 992
620 907
620 929
621 788
622 698
622 852
622 867
623 964
624 673
624 732
624 749
625 774
625 976
626 752
627 639
627 652
629 703
629 852
629 914
630 773
631 717
632 967
633 883
633 888
633 993
634 670
634 799
634 835
634 884
634 992
636 670
636 678
636 784
636 813
636 856
637 738
637 768
637 791
637 940
638 887
639 710
640 658
640 898
641 865
642 663
642 732
642 779
642 928
643 781
644 702
644 973
644 982
645 732
645 828
645 866
645 878
646 773
646 866
646 945
646 962
647 689
647 746
647 798
647 860
648 672
648 823
648 921
649 673
649 809
650 708
650 853
650 905
651 782
651 817
651 916
652 899
653 658
654 756
654 944
654 956
654 973
655 699
655 852
655 921
656 787
656 996
658 807
658 886
659 674
659 680
659 741
659 790
659 799
659 803
659 929
659 988
660 746
661 870
661 927
661 939
662 702
662 747
662 878
662 925
664 852
664 960
665 765
665 819
665 920
666 759
666 993
668 702
668 765
668 930
669 815
669 880
670 814
670 831
670 832
671 847
674 885
675 735
675 815
675 893
676 710
676 774
677 808
678 991
679 719
680 815
680 978
681 938
681 949
682 716
682 732
682 853
682 905
683 843
683 863
684 833
685 849
686 816
687 787
687 939
687 968
687 969
688 700
689 733
690 833
690 968
690 998
692 742
692 823
693 806
693 944
694 706
694 889
696 831
696 977
697 707
697 731
698 891
699 973
700 750
700 815
702 869
702 996
704 961
705 972
706 871
707 759
707 900
708 750
708 817
709 773
709 816
709 888
709 892
710 756
711 808
711 902
712 713
712 858
714 756
714 855
715 789
715 882
715 908
715 951
716 782
716 983
717 724
717 865
718 812
719 959
719 990
720 741
720 910
721 840
722 886
722 930
724 955
725 885
725 913
726 891
726 961
727 746
727 821
728 730
728 919
729 946
730 743
730 926
731 735
731 990
732 980
733 886
735 898
736 753
736 787
736 792
738 819
738 845
739 753
740 777
740 834
741 806
742 915
743 952
743 965
744 922
744 958
745 754
745 768
745 807
748 825
748 882
749 757
749 911
750 811
750 916
750 924
751 844
751 931
753 816
754 886
754 904
754 983
755 824
757 864
757 903
758 763
758 861
758 935
759 870
759 905
760 802
761 849
761 961
762 927
763 997
764 826
764 962
764 968
765 860
766 842
767 854
768 907
768 937
769 830
769 887
769 904
770 941
770 996
771 888
774 778
774 858
775 848
775 929
776 860
776 912
776 992
777 912
778 847
779 964
779 989
781 974
782 795
782 824
782 908
783 832
786 820
786 889
788 880
789 834
789 872
790 952
791 872
792 963
793 922
794 909
794 918
795 829
795 939
796 798
797 966
797 982
798 839
798 862
799 841
800 996
801 914
803 980
804 877
804 972
805 938
806 836
807 885
807 950
807 955
808 896
810 978
811 826
811 835
811 909
812 869
812 973
814 948
815 842
815 973
816 873
816 912
817 972
819 849
819 989
821 830
822 823
822 850
822 971
824 999
825 849
825 940
826 990
828 867
830 985
831 902
833 985
834 856
834 924
835 881
835 957
836 856
836 872
837 846
837 963
838 885
838 887
838 936
839 939
840 884
841 853
841 947
842 892
842 947
844 894
845 849
847 899
848 986
848 998
849 993
852 885
852 911
852 925
852 998
854 921
854 973
856 883
856 973
857 911
858 911
860 869
861 890
862 891
863 927
863 984
864 865
864 936
865 907
865 986
865 988
867 887
867 995
869 908
873 907
874 903
874 929
877 976
886 887
886 920
886 944
889 969
889 988
892 969
894 934
894 969
897 937
900 965
907 924
908 944
909 933
909 940
911 981
912 956
913 945
913 976
914 958
917 921
922 970
925 927
926 938
926 979
927 958
930 977
930 979
932 995
934 979
937 940
943 958
948 970
959 961
970 980
971 984
973 997
977 983
978 987
0
10 999
