1000	2946	 1
0 24
0 59
0 94
0 341
0 386
0 394
0 637
0 688
0 790
1 664
1 723
1 835
1 907
1 986
2 130
2 344
2 492
2 865
3 12
3 181
3 357
3 422
3 825
3 854
3 885
3 960
4 189
4 203
4 372
4 897
4 969
5 21
5 32
5 163
5 538
5 577
6 20
6 62
6 89
6 109
6 223
6 295
6 523
6 640
6 921
7 163
7 203
7 258
7 389
7 440
7 597
7 702
7 878
8 30
8 43
8 65
8 83
8 253
8 320
8 444
9 54
9 88
9 192
9 500
9 605
9 816
9 992
10 213
10 262
10 318
10 375
10 615
10 662
10 672
11 27
11 31
11 78
11 80
11 98
11 252
11 523
11 524
11 602
11 732
11 744
12 208
12 266
12 320
12 570
12 604
12 669
13 504
13 678
13 720
13 828
14 130
14 138
14 550
14 622
14 727
14 885
14 905
15 114
15 208
15 339
15 800
15 809
16 20
16 202
16 244
16 434
16 720
16 797
17 640
17 950
18 312
18 557
18 855
19 129
19 139
19 289
19 411
19 665
19 813
19 835
19 896
19 956
20 23
20 61
20 365
20 393
20 516
20 707
20 811
20 866
20 891
21 222
21 254
21 659
21 775
21 853
22 261
22 335
22 399
22 424
23 117
23 177
23 420
23 421
23 492
23 563
23 668
23 861
24 104
24 112
24 199
24 389
24 732
24 794
25 120
25 581
25 590
25 796
26 156
26 206
26 325
26 360
26 689
26 838
26 994
27 77
27 194
27 590
27 817
28 735
28 779
28 885
29 176
29 481
29 592
29 604
29 715
29 997
30 402
30 430
30 446
30 633
30 686
30 896
31 75
31 134
31 139
31 193
31 607
31 690
32 571
32 636
32 749
32 833
32 863
32 885
32 920
32 927
33 273
33 579
33 809
33 933
34 62
34 227
34 272
34 340
34 417
34 687
34 711
34 796
34 987
35 471
35 748
35 913
36 189
36 223
36 261
36 481
36 511
36 549
36 584
36 875
37 312
37 314
37 320
37 323
37 601
37 667
37 706
38 80
38 249
38 950
39 41
39 47
39 103
39 213
39 563
40 75
40 124
40 171
40 287
40 307
40 369
40 415
40 506
40 619
40 656
40 907
41 713
41 719
42 84
42 213
42 238
43 173
43 410
43 817
43 849
44 68
44 538
44 598
44 961
45 64
45 190
45 343
45 441
45 446
45 689
45 958
46 147
46 440
46 573
46 616
46 824
46 843
46 854
46 869
47 100
47 110
47 216
47 319
47 420
47 447
47 508
47 559
47 724
47 767
47 822
47 883
47 940
48 154
49 241
49 276
49 427
49 829
50 414
50 587
50 678
50 760
50 771
50 790
51 66
51 338
51 508
51 572
51 964
52 162
52 220
52 304
52 576
52 718
52 773
52 923
53 105
53 209
53 349
53 523
53 727
54 284
54 436
54 489
55 92
55 255
55 650
55 676
55 831
55 836
55 874
55 901
56 606
56 626
56 766
57 89
57 284
57 410
57 577
57 713
57 861
57 990
58 203
58 617
58 635
58 769
58 896
58 947
58 997
59 99
59 554
59 717
60 938
61 115
61 173
61 187
61 257
61 302
61 345
61 568
61 729
61 846
62 285
62 523
63 71
63 476
63 496
63 557
63 605
63 716
64 184
64 317
64 365
64 438
64 593
64 657
64 816
64 915
65 332
65 694
65 749
65 871
65 960
65 989
65 999
66 100
66 162
66 290
66 473
66 474
66 635
66 721
66 928
67 186
67 211
67 358
67 632
67 699
67 895
68 324
68 372
68 457
68 532
68 702
69 132
69 259
69 348
69 391
69 657
69 874
70 77
70 87
70 260
70 417
71 135
71 333
71 705
71 922
71 988
72 224
72 436
72 593
72 672
72 812
72 832
72 957
73 106
73 495
73 789
73 963
74 660
74 726
74 802
74 972
75 182
75 488
75 922
76 314
76 332
76 352
76 546
76 646
76 800
76 864
76 873
77 288
77 359
77 376
77 478
77 680
77 747
77 823
77 828
77 853
78 94
78 108
78 239
78 342
78 462
78 512
78 599
78 812
79 134
79 325
79 426
79 655
79 684
79 687
79 734
79 755
79 782
79 881
79 905
79 957
80 164
80 273
80 571
80 661
80 766
80 821
80 872
81 138
81 284
81 346
81 657
81 714
82 249
82 282
82 537
82 613
82 729
82 951
83 217
83 243
83 393
83 492
83 562
83 643
83 741
83 923
84 388
84 835
85 175
85 388
85 776
85 827
85 889
86 225
86 476
86 516
86 879
86 895
86 948
87 230
87 317
87 479
87 516
88 163
88 361
88 435
88 477
88 635
88 653
88 692
89 322
89 374
89 544
89 822
89 962
90 308
90 450
90 564
90 741
91 184
91 368
91 584
91 593
91 602
91 666
91 702
91 870
91 949
91 980
92 160
92 236
92 244
92 275
92 305
92 497
92 631
92 741
92 992
93 532
93 612
93 674
93 681
94 130
94 447
94 457
94 840
94 915
95 413
95 502
95 895
96 578
96 667
97 164
97 708
97 832
97 877
97 917
98 178
98 275
98 381
98 548
98 620
98 790
98 873
98 923
98 998
99 328
99 349
99 416
99 510
100 199
100 404
100 452
100 547
100 564
100 574
100 794
100 881
101 104
101 382
101 735
101 855
101 880
101 887
101 922
102 161
102 505
102 562
102 570
102 614
102 688
102 813
103 195
103 486
103 524
103 613
103 659
103 955
104 267
104 302
104 329
104 564
104 838
104 937
104 990
105 121
105 191
105 298
105 414
105 619
106 218
106 328
106 390
106 504
106 638
106 656
106 955
106 979
106 986
107 414
107 721
107 843
107 902
108 275
108 468
108 521
108 678
108 918
109 848
110 533
110 651
110 697
111 344
111 412
111 679
111 695
111 974
112 115
112 652
112 659
112 827
112 884
113 362
113 715
113 786
113 911
114 133
114 148
114 222
114 296
114 518
114 565
114 642
114 769
114 814
114 930
114 992
115 157
115 403
115 715
116 442
116 471
116 558
116 855
116 981
117 248
117 270
117 562
117 709
118 147
118 533
118 593
118 616
118 700
118 827
118 903
119 180
119 456
119 789
119 838
119 933
120 419
120 753
121 766
121 822
122 527
122 742
122 852
122 906
122 991
122 998
123 127
123 140
123 257
123 379
123 383
123 469
123 510
123 628
123 800
123 951
124 612
124 740
124 906
124 907
125 383
125 506
125 968
125 989
126 236
126 409
126 488
126 873
126 966
127 542
128 405
128 640
128 901
128 932
128 946
129 569
129 633
129 971
129 973
129 995
130 268
130 278
130 323
130 499
130 695
131 241
131 358
132 423
132 607
132 732
132 846
132 854
133 198
133 231
133 670
133 759
134 723
134 826
135 233
135 339
135 549
135 602
136 253
136 367
136 854
137 282
137 614
137 711
137 731
137 843
138 176
138 297
138 496
138 547
138 620
138 649
138 736
139 392
140 141
140 287
140 496
140 545
140 685
140 848
140 883
140 886
141 260
141 562
141 575
141 667
141 906
142 216
142 252
142 296
142 373
142 475
142 566
142 632
142 941
143 149
143 181
143 219
143 527
143 650
143 764
143 789
143 871
143 978
144 287
144 481
144 784
144 971
145 293
145 336
145 394
145 526
145 740
145 875
145 968
145 989
146 372
146 483
146 762
146 792
146 825
146 912
147 912
148 207
148 357
148 772
148 811
148 923
149 555
149 762
149 817
150 203
150 254
150 531
150 670
150 757
150 985
151 282
151 334
151 732
151 734
151 737
151 749
151 955
152 282
152 763
152 783
152 920
153 256
153 272
153 513
153 716
153 739
153 930
154 184
154 296
154 618
154 622
154 912
154 935
155 249
155 328
155 339
155 456
155 472
155 614
155 742
156 405
156 429
156 487
156 671
157 167
157 234
157 259
157 595
157 628
157 716
158 578
158 595
158 824
158 842
158 909
159 855
160 351
160 378
160 396
160 741
160 997
161 226
161 341
161 732
162 445
162 735
162 823
163 385
163 490
163 769
163 791
164 181
164 455
164 580
164 638
164 655
164 824
164 962
164 964
165 344
165 575
165 603
165 715
165 757
165 902
165 913
165 949
166 247
166 424
166 743
166 935
166 943
167 199
167 292
167 683
167 800
168 211
168 245
168 314
168 472
168 722
168 724
168 775
168 812
169 352
169 437
169 501
169 776
169 856
169 939
170 600
170 636
170 727
171 292
171 395
171 452
171 529
171 610
171 794
171 837
172 185
172 197
172 200
172 305
172 395
172 417
172 421
172 426
172 571
172 590
172 843
173 597
173 659
173 960
174 268
174 386
174 807
174 811
174 891
175 269
175 340
175 419
175 539
176 294
177 248
177 251
177 276
177 381
177 433
177 551
178 507
178 517
178 727
178 732
179 362
179 411
179 630
179 717
179 969
180 349
180 520
180 955
181 190
181 469
181 615
181 823
181 900
181 974
182 414
182 442
182 584
182 619
182 765
182 873
183 546
183 551
183 563
183 938
184 226
184 269
184 464
185 200
185 357
185 515
185 596
185 847
185 888
186 483
186 712
186 839
186 917
187 486
187 620
187 686
188 364
188 514
188 635
189 553
189 915
189 985
190 290
191 416
191 680
191 800
192 331
192 334
192 385
192 406
192 747
192 880
192 915
192 957
193 546
193 605
193 711
193 730
193 771
193 816
193 817
194 729
194 805
194 812
194 892
194 948
195 455
195 728
195 744
195 792
195 848
196 482
196 611
196 768
197 199
197 214
197 650
197 711
197 798
197 945
198 270
198 689
199 204
199 585
199 692
199 821
199 876
199 960
200 465
200 547
200 611
201 402
201 405
201 652
201 967
201 992
202 259
202 411
202 473
202 713
202 981
203 339
203 418
203 539
204 240
204 678
204 717
204 725
205 222
205 523
205 618
205 975
206 259
206 393
206 448
206 621
206 702
206 909
207 219
207 386
207 591
207 816
207 838
207 939
208 434
208 536
208 562
208 593
208 689
208 787
208 932
209 328
209 570
209 579
209 725
209 816
210 344
210 377
210 583
210 960
211 590
211 874
212 309
212 313
212 547
212 905
212 956
212 987
213 474
213 567
213 724
213 823
214 262
214 270
214 424
214 467
214 781
215 595
215 668
215 768
216 318
216 348
216 586
216 940
217 371
217 439
217 442
217 756
217 773
217 843
217 905
218 223
218 535
218 593
218 839
219 498
219 926
220 249
220 336
220 722
220 944
221 315
221 369
221 504
221 617
221 747
221 758
222 500
222 504
222 578
222 672
223 455
223 641
223 642
224 268
224 309
224 654
224 714
224 838
225 348
225 384
225 683
225 708
225 755
225 786
225 970
226 666
226 744
227 700
227 747
228 277
228 400
228 429
228 435
229 563
229 592
229 724
229 929
230 271
230 301
230 458
230 501
230 583
230 630
231 469
231 585
231 639
231 743
231 757
231 866
232 437
232 510
232 622
232 783
232 786
233 595
234 381
234 432
234 514
234 976
235 317
235 445
235 541
236 570
236 966
237 341
237 425
237 487
237 586
237 657
237 986
238 376
238 610
238 627
238 663
238 696
238 767
239 505
239 699
239 866
239 925
239 986
240 292
240 386
240 805
240 819
240 846
240 897
240 950
240 981
241 282
241 327
241 342
241 536
241 551
241 663
241 853
242 330
242 342
242 363
242 430
242 573
243 297
243 524
243 618
243 717
243 969
243 987
244 480
244 664
244 667
244 875
245 384
245 984
246 278
246 606
246 645
246 903
246 972
246 978
247 455
247 580
248 298
248 316
248 370
248 452
248 728
248 737
248 790
248 989
249 688
249 728
249 908
249 975
250 425
250 449
250 503
250 701
250 961
251 544
251 546
251 639
251 670
252 298
252 395
252 716
253 783
254 479
254 514
254 594
254 746
255 616
255 632
255 666
255 686
255 744
256 283
256 434
257 740
257 965
258 469
258 970
259 267
259 327
259 733
259 796
260 289
260 402
261 571
261 871
261 903
261 972
262 612
262 691
262 781
262 974
263 346
263 458
263 822
263 884
264 374
264 830
264 972
265 394
265 569
265 574
265 959
265 985
265 991
266 280
266 568
266 820
266 864
266 997
267 572
267 656
268 649
268 876
268 948
269 443
269 731
269 863
270 466
270 815
271 514
271 749
272 366
272 484
272 735
272 804
272 887
273 471
273 880
274 279
274 670
274 779
274 887
275 313
275 480
275 540
275 586
275 615
275 711
275 776
275 984
276 361
276 480
276 525
276 667
276 864
276 980
277 308
277 371
277 646
277 796
277 875
277 993
278 374
278 574
278 617
278 634
278 651
278 949
278 986
278 987
279 320
279 404
279 569
279 639
279 723
279 986
280 351
280 665
280 696
281 367
281 627
281 937
281 947
281 973
282 313
282 400
282 653
282 786
282 906
283 551
283 571
283 630
283 984
284 448
284 937
285 614
286 346
286 672
286 883
286 899
287 692
287 705
288 674
288 685
288 915
289 374
289 516
289 886
289 937
290 469
290 471
290 872
291 421
292 368
292 517
292 815
292 921
293 297
293 347
293 375
294 352
294 410
294 561
294 572
294 836
294 882
295 799
295 852
295 884
295 994
296 497
296 707
296 783
296 897
297 324
297 371
297 491
297 492
297 576
297 631
298 531
298 661
298 889
298 890
299 464
299 572
299 857
299 925
299 958
300 441
300 518
301 596
301 731
302 443
302 547
302 567
302 613
302 973
303 623
303 652
304 457
304 474
304 713
304 719
304 809
304 840
305 531
305 552
305 625
305 849
306 345
306 385
306 459
306 714
306 718
306 724
306 754
307 388
307 402
307 874
307 886
307 973
307 977
308 719
308 786
308 888
309 316
309 321
309 470
309 624
309 710
309 882
310 331
310 345
310 515
310 926
310 935
311 383
311 458
311 698
311 867
311 916
312 412
312 507
312 588
312 795
312 908
313 443
314 338
314 367
314 710
314 711
314 735
314 761
314 824
314 927
314 964
315 437
315 472
315 504
315 744
315 768
315 831
316 651
316 676
316 821
316 824
317 409
317 903
318 485
318 927
319 581
319 638
319 926
319 943
320 349
320 546
320 655
321 746
321 916
322 344
322 477
322 559
322 560
322 674
322 746
322 920
323 334
323 407
323 424
323 474
323 573
323 688
323 795
323 828
323 965
324 371
324 375
324 452
325 532
325 673
326 341
326 461
326 855
326 894
326 950
327 417
327 609
327 611
327 672
327 691
328 506
328 585
328 603
328 830
328 916
328 957
329 637
329 683
329 686
329 778
330 423
330 762
330 851
330 889
330 948
331 361
331 951
332 431
332 496
332 601
332 634
332 795
332 867
333 422
333 850
334 360
334 651
334 731
334 757
334 843
334 935
334 970
335 583
335 701
335 881
336 426
336 568
336 615
336 852
337 676
337 766
337 872
338 363
338 799
338 832
339 430
339 915
339 953
340 517
340 684
341 627
341 828
342 350
342 608
342 701
342 935
342 953
343 395
343 721
344 410
344 422
345 557
345 753
345 900
346 426
346 558
346 667
346 811
346 848
347 359
347 751
347 926
347 960
348 404
348 547
348 724
349 374
349 515
349 754
349 855
349 900
349 958
349 979
350 664
350 806
351 371
351 404
351 851
351 943
352 445
352 735
352 917
352 922
353 390
353 766
354 607
354 764
354 847
355 745
355 918
356 360
356 550
356 729
357 499
357 538
357 803
358 398
358 491
358 895
359 950
359 997
360 586
360 599
360 674
360 707
360 768
360 893
361 681
361 957
362 503
362 599
362 860
363 490
363 507
363 867
364 563
364 639
364 640
365 399
365 459
365 477
365 853
365 910
366 440
366 500
366 601
366 678
366 874
367 463
367 547
367 611
368 661
368 742
368 786
368 809
368 843
368 870
368 914
369 657
369 672
369 699
369 847
370 421
370 639
370 654
370 698
370 715
370 762
371 541
371 782
371 788
372 815
373 457
373 464
373 681
373 690
373 846
373 891
374 534
374 658
375 967
376 524
376 645
376 782
377 648
377 668
377 750
377 804
378 517
378 578
378 665
378 707
378 818
378 861
378 947
379 601
379 608
379 660
379 843
379 944
380 650
380 745
380 801
380 808
380 976
381 418
381 539
381 731
381 818
381 990
382 912
383 692
383 823
383 949
383 987
384 475
384 502
384 584
384 763
384 881
385 487
385 565
385 800
386 418
386 500
386 563
386 792
387 773
387 883
388 790
389 471
389 522
389 633
389 656
389 786
389 815
389 828
389 845
389 998
390 465
390 844
390 872
391 453
391 559
391 644
391 760
391 868
391 902
391 967
392 569
392 622
392 910
393 764
393 827
393 966
394 642
394 874
395 575
395 685
395 847
395 946
395 985
396 412
396 828
396 897
396 941
397 550
397 578
397 591
397 646
397 877
398 666
398 750
399 587
399 720
399 755
399 843
399 957
400 561
400 650
400 698
401 429
401 663
401 728
402 456
402 685
402 794
403 594
403 755
403 821
403 933
404 418
404 666
404 800
404 930
405 454
405 592
405 654
405 658
407 465
407 687
407 730
407 774
407 943
408 745
408 758
408 966
408 993
409 426
409 475
409 856
409 963
409 972
410 892
410 912
410 949
410 964
410 976
411 958
412 735
412 884
412 919
413 493
413 607
413 730
413 940
414 805
415 493
415 522
415 733
415 887
415 992
416 556
416 570
416 606
416 698
416 973
417 790
418 499
418 648
418 792
418 998
419 538
419 736
419 949
420 494
420 501
420 845
421 671
421 807
422 443
422 527
422 545
422 812
422 909
423 592
423 782
424 681
424 876
424 938
424 968
424 976
425 628
425 650
425 724
426 506
426 522
426 704
426 724
426 886
426 907
427 560
427 644
427 679
427 691
427 748
427 978
428 515
429 716
429 752
429 861
430 543
430 647
430 790
430 914
431 455
431 788
431 896
431 924
432 541
432 565
432 792
432 869
433 511
433 764
434 667
434 903
435 523
435 576
435 809
436 703
437 489
437 649
437 672
437 676
437 815
437 827
437 882
437 916
438 451
438 583
438 737
438 960
438 989
439 637
439 805
440 783
441 447
441 566
441 643
441 701
441 928
441 982
442 475
442 569
442 694
442 959
443 956
444 513
444 519
444 797
445 503
445 521
445 527
445 576
445 602
445 898
446 696
446 774
446 937
446 952
447 479
447 937
448 704
448 789
449 674
449 691
449 718
449 770
449 833
450 510
450 682
450 757
451 585
451 625
451 886
452 957
453 481
453 699
453 989
454 460
454 470
454 504
454 534
454 538
454 567
454 639
455 907
455 962
455 972
456 520
456 523
456 577
456 649
457 775
458 496
458 618
458 801
459 502
459 755
460 624
460 638
460 942
460 999
461 495
461 613
461 629
461 691
461 721
461 989
461 992
462 497
462 526
462 533
462 604
462 690
462 735
463 622
463 746
463 777
463 860
464 523
464 621
464 853
464 893
465 571
465 582
465 658
465 750
465 804
466 513
466 603
466 793
466 798
466 817
466 878
467 619
467 654
467 785
467 792
467 884
468 921
469 505
469 518
469 557
469 738
469 747
470 787
470 914
471 587
472 706
472 768
473 625
473 757
473 817
474 657
475 476
475 731
475 952
476 541
476 883
477 654
477 763
477 974
478 588
478 610
478 761
479 670
479 834
480 856
481 546
481 688
481 771
481 776
481 927
482 515
482 561
482 669
482 692
482 779
482 793
482 948
483 616
483 915
484 593
484 853
484 881
485 572
485 934
485 969
486 574
486 578
486 787
487 623
487 710
487 749
487 857
488 551
488 707
488 777
488 782
489 899
490 724
490 894
491 597
491 691
491 740
492 504
492 767
492 775
492 946
493 619
493 707
493 915
493 934
494 664
494 824
495 751
495 895
496 564
496 744
497 579
497 875
498 811
498 900
499 561
499 755
499 831
500 600
500 709
500 724
500 768
501 509
501 665
502 550
502 663
502 732
502 778
502 839
503 769
504 739
504 968
505 594
506 647
506 707
506 822
506 950
507 702
508 900
509 610
509 807
510 667
510 777
511 659
511 728
511 755
511 929
512 717
512 718
512 753
513 668
513 838
513 938
514 582
514 809
514 816
514 870
514 987
515 604
515 751
515 814
515 865
516 588
516 701
516 766
516 907
517 521
518 691
518 939
519 541
519 756
519 879
519 995
520 705
521 548
521 595
521 604
521 766
521 850
521 914
521 930
522 546
522 600
522 686
522 807
522 988
523 564
523 617
523 830
523 918
524 582
524 704
524 970
525 590
525 737
525 779
525 819
525 886
525 909
526 535
526 848
526 963
527 566
527 854
528 573
528 593
529 659
529 691
529 820
530 585
530 652
530 825
530 915
531 549
531 564
531 828
531 894
531 967
532 578
532 761
533 552
533 675
534 923
534 938
535 610
535 674
535 699
535 985
536 817
536 945
537 832
537 937
538 583
538 938
538 947
540 575
540 879
541 586
541 834
542 688
542 928
543 653
543 722
543 742
543 843
544 626
544 664
544 791
545 780
546 961
546 985
547 680
548 572
548 574
548 653
548 787
549 681
549 908
550 686
550 955
550 974
550 982
550 994
551 570
551 791
551 814
551 829
551 892
551 901
552 615
552 801
552 827
553 559
553 732
553 778
553 786
553 831
553 971
554 889
554 915
554 989
555 702
555 823
555 861
556 644
556 718
556 894
557 639
557 740
557 858
557 868
557 929
558 562
558 576
558 638
558 715
558 874
558 893
559 698
560 924
561 651
561 707
561 918
562 748
562 871
562 948
562 996
563 628
563 840
564 682
564 744
564 896
565 639
565 938
566 620
566 631
566 856
566 933
566 986
567 754
567 946
567 967
568 717
568 744
568 856
570 621
571 685
571 778
571 785
571 831
571 870
572 860
572 892
572 910
573 844
573 887
574 811
575 600
575 607
575 764
576 660
576 740
577 704
578 660
578 672
578 999
579 668
580 679
580 736
580 883
580 885
582 738
582 785
582 951
583 796
584 831
585 796
585 993
586 618
586 683
586 752
586 925
586 944
587 651
587 706
587 771
589 755
589 783
589 975
590 748
590 917
590 938
591 599
592 670
592 722
592 846
593 697
593 870
594 654
594 690
594 985
595 642
595 819
595 843
595 881
595 956
595 985
596 712
596 756
596 937
597 613
598 769
598 818
598 953
599 659
599 768
599 800
600 745
600 898
601 725
602 622
602 797
602 853
602 906
602 961
602 993
603 679
603 684
603 710
603 750
603 784
604 702
604 979
605 823
605 868
606 812
606 985
607 610
607 794
607 800
607 987
608 708
608 820
609 634
609 657
609 661
609 694
609 912
609 914
610 616
610 826
610 831
611 851
611 928
611 967
611 978
612 689
612 871
612 931
612 976
613 656
613 693
613 846
614 808
614 866
614 928
615 634
615 691
615 774
615 907
615 978
616 955
617 815
618 836
619 678
619 807
619 818
619 947
619 969
622 712
622 727
622 834
622 967
623 706
623 728
623 999
624 676
624 812
625 811
626 649
626 683
626 901
626 977
627 703
627 968
627 995
629 780
630 987
631 685
631 715
631 763
631 907
631 992
632 633
632 687
632 732
632 826
632 938
634 738
634 819
634 887
635 655
635 761
635 893
636 734
636 882
636 940
636 962
637 865
637 960
638 693
638 722
638 850
640 693
640 904
641 729
641 754
641 768
641 805
641 986
643 710
644 802
644 870
644 905
644 906
644 954
645 665
646 721
646 764
646 876
646 906
647 662
647 835
648 756
648 764
648 965
648 967
649 919
650 842
650 887
651 656
651 671
652 791
652 981
653 702
653 755
654 758
655 890
655 894
656 746
656 763
656 882
657 857
659 853
659 987
660 811
660 999
661 724
662 713
662 945
663 704
663 902
664 730
664 781
664 827
664 965
665 754
665 831
665 858
665 892
665 987
669 874
669 971
669 985
670 704
670 725
670 833
670 834
670 843
672 837
672 907
673 759
674 940
674 948
674 962
676 794
677 749
677 828
677 995
678 734
678 776
678 936
679 686
679 770
680 861
680 912
680 997
681 830
681 868
681 983
683 928
684 815
685 890
685 975
686 751
686 771
687 697
687 984
689 972
689 997
690 753
691 933
692 722
692 813
692 988
692 994
693 936
694 836
694 960
695 895
695 917
695 941
696 825
696 969
697 703
697 711
697 863
697 969
698 702
699 735
699 762
700 720
700 731
700 960
701 785
702 857
703 777
703 794
704 849
704 947
705 769
705 860
706 726
706 727
706 885
707 798
707 803
708 887
708 898
709 981
711 931
713 939
714 901
714 995
715 861
716 811
717 745
717 883
718 734
719 735
719 796
719 858
719 880
719 991
720 724
720 773
720 983
721 733
722 970
723 851
724 806
724 933
724 942
724 970
725 791
726 876
726 990
727 859
727 997
728 791
728 999
729 736
729 938
730 828
731 903
732 735
732 947
733 745
733 900
735 888
736 759
736 792
736 935
736 981
738 949
739 905
740 784
740 862
741 762
742 795
742 887
743 792
743 914
745 966
746 770
746 772
747 897
749 864
752 805
755 955
755 982
755 986
756 787
757 991
758 787
758 796
758 871
758 976
759 994
761 802
761 886
761 918
762 929
763 779
763 794
764 934
767 802
768 920
768 934
768 949
769 846
769 909
770 872
770 976
770 992
771 898
772 954
773 804
773 810
773 905
774 980
775 867
775 981
777 941
778 820
778 993
779 851
779 869
780 966
781 938
781 984
782 804
782 820
782 895
784 884
788 841
789 837
790 868
790 904
791 856
791 911
793 980
795 887
795 903
796 854
796 967
796 969
797 943
797 961
798 859
799 935
799 960
800 847
801 982
802 995
806 866
806 929
807 973
810 892
810 951
811 852
812 828
812 971
813 996
817 897
817 902
818 956
821 917
822 977
825 989
828 981
830 944
832 903
835 982
839 880
840 932
842 919
843 940
844 909
845 926
848 900
849 857
850 867
850 904
851 938
852 961
855 954
855 969
855 999
856 919
856 976
858 927
858 988
863 917
864 876
866 893
867 883
867 931
869 874
869 918
869 998
873 944
876 989
877 974
877 982
885 978
886 989
886 995
888 998
889 941
891 946
894 923
894 936
894 952
895 993
896 965
896 985
898 903
899 944
899 980
900 968
901 977
904 989
908 978
912 953
913 923
913 939
914 951
915 974
915 991
919 946
923 943
926 956
939 983
940 952
944 973
944 986
959 971
960 983
961 977
965 984
0
10 999
