1000	2969	 1
0 30
0 207
0 426
0 532
0 890
1 45
1 363
1 381
1 396
1 541
1 770
2 356
2 533
2 581
2 639
3 135
3 229
3 378
4 89
4 210
4 293
4 456
4 909
5 284
5 715
5 770
5 795
5 814
5 817
6 235
6 882
6 933
7 67
7 389
7 842
7 924
7 983
8 73
8 127
8 152
8 347
8 392
8 775
9 493
9 571
9 613
9 734
9 905
9 948
10 159
10 285
10 455
10 471
10 545
10 548
10 558
11 326
11 399
11 460
11 821
12 299
12 333
12 612
12 718
12 901
13 178
13 245
13 301
13 463
13 559
14 24
14 81
14 95
14 100
14 250
14 379
14 400
14 449
14 597
14 879
14 887
14 901
15 376
15 446
15 523
15 533
15 634
16 36
16 239
16 647
17 20
17 23
17 101
17 337
17 416
17 449
17 465
17 512
17 560
17 609
17 658
17 722
17 856
17 893
17 912
18 142
18 225
18 413
18 723
18 884
19 113
19 437
19 476
19 828
19 873
19 889
19 952
19 958
20 157
20 388
20 489
20 779
21 189
21 611
21 618
21 813
21 815
22 65
22 84
22 219
22 225
22 256
22 636
23 48
23 359
23 521
23 619
24 144
24 282
24 329
24 455
24 466
25 71
25 114
25 187
25 286
25 512
25 689
25 795
25 851
26 154
26 161
26 250
26 686
26 694
26 802
26 927
27 167
27 190
27 440
27 534
27 574
27 771
27 988
28 31
28 137
28 152
28 189
28 457
28 546
28 860
29 53
29 170
29 408
29 597
29 701
29 848
30 128
30 208
30 211
30 430
30 774
31 539
31 623
31 794
32 212
32 492
32 542
32 567
32 696
33 158
33 448
33 640
33 931
33 946
33 971
34 230
34 328
34 466
34 516
34 701
34 820
34 863
34 949
35 198
35 396
35 642
35 817
35 938
36 109
36 322
36 480
36 908
36 923
37 100
37 385
37 736
37 939
37 966
38 254
38 303
38 642
38 880
38 988
39 154
39 425
39 506
39 679
40 88
40 143
40 149
40 338
40 391
40 509
40 570
40 857
41 303
41 527
41 640
41 683
41 825
42 83
42 489
42 561
42 685
42 797
42 900
43 82
43 628
43 749
43 856
43 901
43 961
44 101
44 116
44 190
44 884
45 187
45 221
45 275
45 320
45 329
45 406
45 651
45 668
45 762
45 859
46 85
46 182
46 196
46 875
46 890
47 82
47 250
47 388
48 177
48 416
48 780
49 57
49 346
49 443
49 575
49 612
49 842
50 197
50 317
50 349
50 420
50 520
50 759
51 107
51 144
51 386
51 460
51 910
52 249
52 509
52 719
52 807
53 260
53 288
53 505
53 580
53 695
53 832
54 521
54 558
54 832
54 913
55 202
55 250
55 274
55 348
55 392
55 485
55 622
55 862
55 905
55 930
56 478
56 771
57 60
57 333
57 596
57 828
58 112
58 140
58 277
58 325
58 463
58 528
58 537
58 778
58 794
58 943
59 62
59 122
59 179
59 205
59 347
59 843
59 981
60 238
60 344
60 449
61 314
61 401
61 484
61 522
61 542
61 791
62 204
62 643
62 727
62 729
62 835
63 77
63 362
63 611
63 630
63 797
64 375
64 446
64 605
64 936
65 94
65 246
65 307
65 609
65 969
65 993
66 96
66 148
66 193
66 227
66 269
66 298
66 495
66 616
66 634
66 786
66 870
66 956
67 252
67 255
67 313
67 750
68 384
68 390
68 413
68 502
68 831
69 191
69 295
69 429
69 438
69 721
69 848
69 909
69 920
70 177
70 215
70 277
70 349
70 538
70 602
70 709
70 786
70 841
70 951
71 99
71 332
71 645
71 694
71 839
72 200
72 248
72 289
72 369
72 562
72 718
72 802
72 884
73 409
73 513
73 527
73 626
73 716
74 238
74 305
74 398
74 464
74 482
74 496
74 582
74 886
74 949
75 273
75 285
75 481
75 498
75 590
75 623
75 808
75 946
76 79
76 320
76 526
76 784
76 846
76 948
77 197
77 290
77 402
77 456
77 659
77 886
77 920
78 124
78 126
78 427
78 574
78 696
79 111
79 151
79 380
79 541
79 643
79 977
79 980
80 164
80 483
80 767
80 820
80 893
81 186
81 472
81 929
82 84
82 273
82 323
82 353
82 574
82 585
82 634
82 743
83 256
83 885
84 252
84 255
84 337
84 368
84 486
84 953
85 141
85 408
85 645
85 956
86 477
86 486
86 512
86 780
86 825
86 862
87 399
87 606
87 853
88 250
88 318
88 356
88 753
88 770
89 384
89 414
89 738
89 757
89 796
90 175
90 390
90 615
90 657
90 946
91 226
91 294
91 505
91 651
91 737
92 112
92 242
92 389
92 577
92 873
92 961
93 200
93 407
93 425
93 448
93 498
93 628
93 845
94 484
94 534
94 610
94 614
94 708
94 746
94 845
95 461
95 536
95 549
95 693
95 905
96 161
96 198
96 567
96 646
96 780
96 909
96 911
97 330
97 523
97 702
97 758
97 789
97 895
98 311
98 767
99 300
99 307
99 315
99 382
99 639
99 830
99 891
100 107
100 403
100 683
100 842
100 907
101 179
101 601
101 710
101 725
101 863
102 250
102 918
103 121
103 456
103 567
103 735
103 862
103 871
104 129
104 323
104 407
104 695
104 963
105 263
105 266
105 268
105 376
105 678
105 706
105 842
105 975
106 123
106 248
106 254
106 929
106 943
107 406
107 581
107 645
107 781
107 822
108 119
108 458
108 459
108 530
108 877
108 921
108 924
108 979
109 231
109 261
109 339
109 638
109 647
110 122
110 293
110 333
110 359
110 685
110 802
111 527
111 953
111 992
112 152
112 186
112 259
112 501
112 539
112 628
112 805
112 902
113 443
113 483
113 613
113 960
113 961
114 130
114 506
114 593
115 153
115 542
115 821
115 969
115 984
116 274
116 324
116 347
116 361
116 526
116 565
116 632
116 854
117 171
117 175
117 646
117 837
117 883
118 159
118 185
118 290
118 457
118 900
118 927
119 142
119 465
119 826
119 854
119 878
120 154
120 241
120 336
120 370
120 382
120 559
120 628
120 677
120 826
121 243
121 334
121 695
121 776
122 627
122 709
122 817
122 952
123 232
123 490
123 511
123 620
123 659
123 926
123 932
124 483
124 666
124 675
124 921
125 143
125 167
125 493
125 523
126 400
126 701
126 704
127 408
127 447
127 865
127 898
128 149
128 540
129 354
129 385
129 640
129 726
130 536
130 711
130 728
131 162
131 253
131 348
131 823
132 232
132 233
132 495
132 545
132 557
132 717
132 811
132 872
133 380
133 460
133 629
133 843
133 951
133 975
133 984
134 135
134 146
134 217
134 291
134 361
134 443
134 501
134 859
135 267
135 497
135 531
135 946
136 340
136 630
136 846
136 890
137 184
137 319
137 454
137 463
137 558
138 221
138 258
138 317
138 463
138 633
138 722
139 306
139 327
139 478
139 675
139 819
139 902
139 913
140 398
140 878
141 637
141 941
141 990
142 355
142 673
142 689
142 948
143 296
143 378
143 421
143 437
143 502
143 674
144 195
144 245
144 409
144 570
144 700
144 781
145 150
145 170
145 221
145 511
145 748
145 759
145 796
145 909
146 232
146 290
146 469
146 477
146 834
147 273
147 365
147 432
147 517
147 780
147 869
148 481
148 832
148 955
148 996
149 268
149 382
149 500
149 546
149 840
149 904
150 291
150 514
150 760
150 784
150 871
150 962
151 154
151 369
151 538
151 906
152 397
152 473
153 235
153 368
153 627
153 639
153 945
154 270
154 470
154 667
154 964
154 966
155 495
155 562
155 639
155 696
155 804
156 225
156 253
156 527
156 666
156 706
157 273
157 719
157 815
157 857
157 870
158 378
158 618
158 849
158 851
158 989
159 278
159 494
159 643
159 825
159 833
159 907
159 909
160 230
160 242
160 342
160 379
160 658
160 679
160 696
160 807
160 924
161 565
161 794
161 852
162 215
162 243
162 257
162 517
162 530
162 622
162 794
163 288
163 540
163 843
164 172
164 704
165 281
165 376
165 580
165 707
166 192
166 235
166 278
166 350
166 607
166 696
166 770
166 973
167 515
167 557
167 703
168 435
168 445
168 535
168 680
169 238
169 422
169 468
169 519
169 749
170 182
170 316
170 440
170 614
170 615
170 756
171 476
171 682
172 443
172 526
172 660
172 678
172 682
172 932
173 184
173 227
173 306
173 341
173 693
173 705
173 738
173 755
174 303
174 396
174 829
174 897
174 972
175 232
175 650
175 897
176 346
176 636
177 294
177 502
177 626
177 636
178 327
178 437
178 597
178 709
178 818
178 885
179 365
179 447
179 546
179 631
180 258
180 618
180 634
180 815
180 880
181 413
181 576
181 858
181 890
181 925
182 433
182 564
182 619
183 266
183 466
183 519
183 558
183 569
183 754
183 891
184 469
184 598
184 734
184 769
184 976
185 193
185 390
185 550
185 571
185 716
185 874
185 975
186 211
186 443
186 502
186 537
186 562
186 635
186 796
186 892
186 964
187 461
187 577
187 846
187 870
188 211
188 506
188 738
188 899
189 437
189 471
189 852
190 370
190 686
190 798
190 832
191 454
191 792
191 908
192 421
192 517
192 566
192 669
192 784
192 965
193 447
193 473
193 658
194 353
194 375
194 551
194 657
194 693
194 702
194 788
194 791
194 932
195 294
195 508
195 625
195 727
195 926
196 290
196 618
196 797
197 429
198 215
198 235
198 496
198 677
198 994
199 203
199 540
199 756
199 913
200 215
200 451
200 525
200 540
200 706
200 717
200 748
201 414
201 605
201 614
201 683
201 730
201 868
201 886
202 534
202 660
202 682
202 730
202 928
203 241
203 245
203 443
203 455
203 478
204 503
204 532
204 610
204 697
205 257
205 341
205 606
205 774
205 783
205 809
205 860
205 881
206 280
206 622
206 635
207 233
207 498
207 521
207 618
207 699
207 969
208 418
208 506
208 542
209 482
209 639
209 761
209 903
209 904
209 983
210 379
210 405
210 421
210 517
210 609
210 847
210 961
210 990
211 388
211 456
211 548
211 864
212 252
212 266
212 341
212 425
212 469
212 524
212 748
212 955
212 958
213 646
213 665
214 414
214 617
214 733
214 799
215 295
215 678
215 763
215 887
216 480
216 506
216 678
216 954
217 364
218 305
218 358
218 519
218 571
218 763
218 769
218 908
218 947
219 582
219 790
220 524
220 544
220 689
220 793
220 873
220 985
221 240
221 311
221 631
221 659
221 842
221 989
222 227
222 263
222 506
222 661
222 682
222 788
222 840
223 469
223 484
223 741
223 943
224 541
224 585
224 970
225 234
225 283
225 321
226 395
226 838
227 228
227 244
227 331
227 806
227 817
227 975
228 735
229 930
230 505
230 900
231 554
231 626
231 905
232 623
232 731
232 815
232 839
232 916
233 352
233 513
233 544
233 701
234 285
234 702
234 769
234 836
235 334
235 524
236 298
236 677
236 932
237 245
237 663
237 667
237 911
238 595
238 699
238 782
238 919
239 391
239 595
239 691
240 369
240 484
240 571
240 682
240 706
240 887
240 921
241 314
241 317
241 364
241 378
241 545
241 735
242 330
242 635
242 805
242 841
242 911
243 262
243 402
243 553
243 577
243 817
243 859
243 865
243 961
244 346
244 437
244 517
244 562
244 601
245 427
245 907
245 975
246 570
246 587
246 833
247 360
247 566
247 600
247 792
247 887
248 504
248 523
249 308
249 324
249 407
249 499
249 614
249 698
249 719
250 437
250 886
251 321
251 377
251 744
251 899
252 272
252 478
252 929
252 938
253 370
253 646
253 670
253 674
253 759
253 806
253 819
254 346
254 412
254 768
254 804
254 856
254 910
255 417
255 560
255 667
255 696
255 698
255 932
256 356
256 416
256 644
256 708
256 939
257 329
257 421
257 540
257 543
258 340
258 448
258 465
258 744
258 762
258 863
259 437
259 608
259 731
259 745
259 754
259 787
259 799
260 618
261 380
261 408
261 582
262 289
262 322
262 377
262 425
262 742
262 763
263 282
263 292
263 415
263 895
264 370
264 481
264 761
265 362
265 379
265 715
265 730
266 383
266 504
266 635
266 680
266 734
266 926
267 532
267 598
267 825
268 459
268 541
268 810
268 819
269 402
269 562
269 592
269 682
270 589
270 626
270 634
270 901
271 442
272 330
272 524
272 663
272 971
272 972
273 383
273 502
273 653
273 774
273 785
273 931
275 355
275 725
275 827
275 966
275 983
276 464
276 723
276 877
276 889
276 938
277 285
277 441
277 478
277 487
277 940
278 487
278 575
278 652
278 674
278 968
279 508
279 515
279 832
279 886
281 701
281 738
281 917
282 534
282 551
282 816
282 900
283 538
283 801
283 810
283 934
283 963
284 289
284 962
285 420
285 438
285 850
286 335
286 648
286 760
286 853
286 949
286 952
287 587
287 851
287 909
288 318
288 805
288 809
289 401
289 458
289 723
289 808
289 970
289 984
290 297
290 653
290 796
290 837
290 925
291 343
291 376
291 476
291 509
291 811
292 522
292 627
293 437
293 516
293 647
293 835
293 968
294 327
294 576
294 649
294 891
295 377
295 438
295 514
295 623
295 660
295 846
295 979
296 790
297 419
297 429
297 445
297 567
297 636
298 972
299 406
299 411
299 435
299 506
299 616
300 896
301 341
301 588
301 624
301 647
301 730
301 790
302 351
302 477
302 909
303 635
303 725
303 860
303 885
304 310
304 440
304 701
304 885
305 346
305 378
305 578
305 583
305 735
305 894
306 512
306 575
307 443
307 504
307 573
307 848
308 424
308 483
308 516
308 630
308 744
309 349
309 368
309 776
309 836
310 475
310 556
310 634
311 345
311 900
311 999
312 329
312 396
313 359
313 423
313 430
313 444
313 619
314 317
314 604
315 321
315 692
316 415
316 429
316 763
316 883
316 962
317 591
317 696
317 750
318 407
318 507
318 937
319 637
319 736
319 750
319 917
319 957
319 996
320 383
320 516
320 617
320 688
320 914
321 685
321 714
321 730
321 812
321 950
322 407
322 422
322 574
322 700
322 820
323 349
323 363
323 414
323 590
323 658
323 853
324 679
324 687
324 840
324 964
325 479
325 648
325 661
325 722
325 774
325 877
326 439
326 578
327 406
327 424
327 818
327 832
327 839
327 884
327 924
328 375
328 506
328 654
328 868
329 497
329 529
329 668
329 692
329 715
329 783
329 831
330 849
331 542
331 658
331 779
331 869
332 392
332 399
332 400
332 484
332 620
332 768
332 888
333 454
333 619
333 676
333 695
333 697
334 394
334 530
334 557
334 566
334 749
334 843
335 377
335 496
335 610
335 615
336 388
336 410
336 479
336 526
336 618
337 975
338 345
338 377
338 443
338 663
338 731
338 828
338 992
340 589
340 811
340 959
341 384
341 644
341 936
342 531
342 591
342 893
343 398
343 573
344 345
344 634
344 994
345 459
345 728
345 739
347 437
348 683
348 719
348 859
349 593
349 939
350 384
350 818
350 897
351 477
351 961
352 373
352 448
352 701
352 713
352 892
352 946
353 574
353 834
353 854
353 968
354 637
354 642
354 727
356 383
356 406
356 598
356 757
356 945
357 395
357 472
357 658
357 682
357 711
357 847
358 394
358 407
358 417
358 437
358 506
358 520
358 783
358 838
358 948
359 435
359 549
359 550
359 939
360 612
360 659
360 838
360 939
360 973
361 606
361 684
361 875
361 891
361 927
362 410
362 691
362 783
362 924
363 485
364 432
364 459
364 658
364 742
364 755
365 708
366 539
366 569
366 581
366 866
366 920
367 563
367 676
367 790
368 539
368 613
368 687
368 832
369 794
369 841
370 484
370 607
370 730
370 757
370 924
371 447
371 469
371 732
371 757
372 393
372 630
372 719
372 758
372 839
372 896
372 954
372 959
373 458
373 893
373 992
374 379
374 561
374 778
374 838
375 604
375 688
375 715
375 769
375 960
376 583
376 774
376 945
377 385
377 539
377 558
377 648
377 702
377 764
377 902
377 977
378 589
378 684
378 732
378 821
378 981
379 399
379 516
379 638
379 707
379 869
379 899
379 916
380 388
380 530
380 549
380 751
380 835
380 867
381 660
382 423
382 467
382 548
382 549
382 555
382 787
383 389
383 783
383 810
383 936
384 420
384 565
384 656
384 706
384 732
384 772
384 878
384 971
384 978
384 995
385 670
385 892
386 423
386 501
386 663
386 676
386 706
386 913
387 528
387 599
387 812
388 486
388 661
388 714
388 852
388 913
389 540
390 422
390 435
390 791
390 886
390 978
391 441
391 784
391 789
392 717
392 978
393 479
393 538
393 747
393 867
394 440
394 705
394 837
394 932
395 504
395 716
395 762
395 785
395 885
395 987
396 633
396 642
397 400
397 575
398 410
398 602
398 605
398 624
398 677
399 408
399 531
399 589
399 729
400 481
400 551
400 741
400 829
401 436
401 806
401 858
401 905
401 924
402 623
402 998
403 412
403 456
403 588
403 751
403 794
403 955
403 958
404 484
404 518
404 587
404 851
405 469
405 914
405 988
406 699
406 739
407 439
407 759
407 911
408 638
408 856
409 595
409 663
410 857
410 859
411 848
411 978
412 588
412 691
412 878
413 547
413 964
414 631
414 914
415 431
416 438
416 589
416 698
417 666
417 837
417 982
418 465
418 495
418 601
418 765
418 940
419 633
419 635
419 810
419 885
420 664
420 703
420 779
420 799
420 923
420 955
421 483
421 579
421 660
421 860
422 464
422 626
422 749
422 790
423 425
423 493
423 608
423 694
423 722
423 971
424 605
424 966
425 707
426 488
427 681
427 911
427 915
427 991
428 429
428 475
428 696
428 847
428 915
428 928
429 555
429 676
429 950
429 960
430 707
430 878
431 460
431 682
432 685
432 918
432 972
433 676
433 824
434 511
434 642
434 650
434 662
434 695
434 811
434 843
435 443
435 495
435 525
435 537
435 983
436 796
438 447
438 500
438 979
439 613
439 632
439 937
441 457
441 679
441 860
442 540
442 618
442 704
442 742
442 903
443 564
443 644
443 663
443 683
443 850
444 665
444 819
444 855
444 896
445 890
446 466
446 480
446 558
446 649
447 829
447 885
447 900
449 885
449 994
450 489
450 598
450 681
450 693
450 871
451 733
451 948
451 996
452 472
452 517
452 526
452 527
452 693
452 767
453 518
453 637
454 547
454 817
454 854
454 908
455 843
455 847
455 973
456 495
456 725
456 793
457 537
457 778
457 996
458 549
458 663
458 796
459 463
459 566
459 593
459 928
460 580
460 672
460 811
460 841
461 466
461 769
462 530
462 644
462 696
463 555
463 607
463 713
463 735
463 764
464 885
464 966
465 608
465 665
465 856
465 921
465 976
465 986
466 491
466 712
466 937
467 529
467 939
469 624
469 737
469 756
469 883
470 534
470 969
471 635
471 816
472 487
472 631
473 484
474 495
474 576
474 588
474 671
474 926
475 522
475 955
476 645
477 552
477 599
477 644
478 543
478 552
478 789
478 892
478 894
479 510
479 612
479 865
480 675
480 937
481 766
481 859
482 574
482 781
483 711
484 636
484 705
484 838
485 575
485 594
485 918
485 932
486 607
486 669
486 847
487 495
487 499
487 504
487 688
487 841
488 612
488 671
488 889
489 534
489 785
489 827
490 793
490 905
491 548
491 573
491 615
492 992
493 774
493 803
493 870
494 584
494 902
494 923
494 957
495 591
495 938
496 544
496 560
496 574
496 621
496 905
496 981
496 984
497 581
497 708
497 781
497 880
497 927
497 929
498 633
498 951
498 957
499 844
499 969
500 902
500 923
500 955
501 514
501 951
502 657
502 685
503 537
503 623
503 736
503 804
503 839
504 518
504 619
504 684
504 686
504 703
504 979
505 738
505 857
505 980
506 990
507 624
508 639
509 951
509 993
510 651
511 631
511 834
511 889
511 929
512 598
512 802
513 656
513 737
513 760
513 808
513 888
514 648
514 748
514 930
515 710
515 841
516 545
516 832
516 848
517 872
517 892
517 928
518 665
518 788
518 817
518 818
519 574
520 804
520 909
521 597
521 811
521 954
523 588
523 790
524 797
524 910
524 925
524 970
525 621
525 782
525 880
526 600
526 612
526 631
526 739
526 745
527 721
527 893
528 552
528 607
528 663
528 755
528 981
529 562
529 594
529 681
530 557
530 776
530 859
531 547
531 663
531 984
532 577
532 928
533 555
533 960
533 986
534 723
534 724
534 996
535 757
536 753
536 798
536 827
537 556
537 643
537 741
537 991
538 641
538 727
538 746
538 853
538 983
539 800
539 819
539 898
540 577
540 886
541 643
541 813
541 828
541 830
541 910
542 553
542 595
542 855
543 651
543 767
543 799
543 999
544 698
544 921
545 580
545 768
545 890
546 822
546 930
546 994
547 567
547 673
547 794
548 834
548 848
548 891
548 967
549 604
549 816
549 888
550 820
550 866
550 980
551 642
551 889
552 673
552 796
552 849
553 610
553 770
553 909
553 942
553 950
553 995
554 717
554 798
554 864
554 934
555 753
557 619
557 751
557 762
557 881
558 594
558 868
558 939
558 965
559 693
559 801
559 905
559 947
560 570
560 800
560 870
561 814
561 924
562 652
562 822
562 899
562 919
563 615
563 657
563 903
563 993
564 666
564 713
565 767
565 815
565 864
566 680
566 835
566 881
566 885
567 630
567 716
567 824
567 988
568 864
569 592
569 716
569 838
570 674
570 753
570 774
570 868
571 843
571 847
572 694
572 728
572 771
573 922
573 969
573 991
574 590
574 785
574 931
575 625
575 809
575 819
575 947
576 579
576 762
576 790
576 822
576 922
576 974
577 872
577 968
578 728
578 835
578 878
580 623
580 812
580 853
581 730
582 735
582 962
583 687
583 695
583 720
583 909
584 615
584 651
585 788
585 884
586 636
586 682
586 762
586 895
587 750
587 864
587 895
588 945
588 965
589 607
589 932
590 634
591 670
591 992
592 606
592 788
592 846
592 895
593 664
593 712
593 803
593 893
593 938
594 945
594 972
595 864
595 883
595 925
595 936
595 991
596 652
596 715
596 806
596 810
597 795
597 800
597 856
597 863
598 715
598 724
598 983
599 742
599 858
599 896
600 605
600 922
601 773
602 741
603 625
603 773
603 780
603 823
603 912
604 712
604 792
605 698
605 721
605 869
606 733
606 799
606 842
606 889
606 991
607 744
607 756
607 815
608 735
608 801
608 966
609 654
609 754
609 848
610 784
610 881
611 645
611 677
611 708
612 627
612 740
612 789
612 894
613 663
613 738
613 784
613 822
613 873
614 633
615 705
615 785
615 858
615 963
616 788
616 842
617 873
618 623
618 676
618 730
618 761
618 775
619 864
620 647
620 878
620 936
621 691
621 822
621 897
622 690
622 721
622 990
623 717
623 726
623 819
623 962
625 703
625 719
625 965
628 764
628 858
629 640
629 725
629 739
630 774
630 788
630 906
632 652
632 767
632 790
632 919
632 921
633 888
635 757
636 747
636 864
637 778
637 862
637 876
637 908
638 653
638 834
639 721
639 984
640 810
640 849
641 750
641 799
642 892
643 761
643 976
644 914
645 789
645 796
646 698
647 691
647 761
647 907
648 680
648 765
648 919
648 935
648 942
649 899
650 665
650 674
650 697
650 806
650 859
651 817
651 949
652 877
652 978
653 684
653 709
654 746
654 775
655 699
655 745
655 952
655 961
656 941
657 752
658 822
658 861
658 894
659 687
659 712
659 721
660 786
660 848
660 900
661 798
661 909
661 931
662 719
662 742
662 946
662 969
663 690
663 764
663 909
663 928
664 920
664 943
665 735
665 803
665 873
665 998
666 804
666 926
666 929
666 974
667 989
669 795
670 854
670 886
670 891
670 955
671 747
671 873
672 676
672 683
672 784
672 803
672 931
672 993
673 746
673 777
673 840
674 769
675 694
675 969
676 809
676 915
678 682
678 914
679 865
680 691
681 736
681 766
683 692
683 866
684 791
684 821
684 838
684 949
684 966
685 790
685 796
686 815
686 965
687 805
688 746
688 812
689 691
689 901
690 820
690 995
691 886
692 734
692 748
694 823
694 830
697 729
698 844
699 730
700 764
701 893
701 942
704 715
704 789
704 791
704 845
704 853
704 865
704 955
705 712
705 930
706 786
709 856
709 967
709 992
710 843
710 888
710 969
710 977
712 869
714 744
714 910
715 757
715 962
716 902
717 769
717 803
718 954
720 960
724 751
724 780
724 974
725 808
725 882
725 927
726 894
727 758
727 985
728 814
728 817
729 806
729 832
729 951
731 798
731 982
732 964
734 887
734 897
734 967
735 827
735 881
735 906
736 910
737 744
737 983
738 986
740 746
740 793
740 830
741 825
742 795
743 940
745 892
745 941
745 989
746 914
747 977
748 831
748 841
749 847
749 883
749 962
750 917
750 968
751 878
751 966
752 782
753 883
754 864
754 872
755 824
755 983
756 796
756 916
758 843
760 851
761 914
762 964
763 797
763 849
763 960
764 897
765 909
766 773
766 919
769 863
769 896
769 963
770 877
771 854
771 870
772 849
772 922
773 868
773 983
774 802
774 982
775 992
775 999
778 830
778 878
778 914
779 834
779 966
781 847
782 894
783 811
783 919
784 917
789 795
789 860
790 841
790 885
791 897
792 795
793 819
793 861
793 941
797 982
797 991
801 912
803 807
805 916
806 819
806 972
807 898
809 886
812 840
813 880
813 882
813 972
814 957
815 851
815 855
815 894
818 883
819 934
820 858
820 945
823 873
826 916
826 998
827 833
828 836
829 948
829 956
830 921
832 877
832 919
833 964
834 996
835 944
836 840
836 974
837 949
839 870
840 929
841 852
843 942
845 850
845 875
846 847
847 889
849 897
849 993
850 871
852 912
854 912
855 906
856 973
856 998
857 957
859 969
859 978
859 986
860 878
860 929
862 877
862 994
863 893
863 896
864 935
866 907
867 906
869 963
869 979
870 932
871 946
873 975
873 988
876 967
877 959
878 958
880 930
881 933
881 954
882 891
883 980
886 901
886 917
888 934
892 946
894 973
895 997
896 898
896 938
896 950
897 946
900 988
901 996
902 928
902 986
905 957
907 945
907 982
908 952
910 939
912 977
914 956
915 970
919 986
922 993
926 959
927 961
928 945
928 991
929 945
934 973
940 963
942 993
947 948
955 990
960 976
960 983
961 970
966 969
982 985
982 999
990 991
993 995
0
10 999
