1000	2940	 1
0 194
0 210
0 283
0 293
0 693
1 536
1 808
2 69
2 190
2 322
2 476
2 724
3 307
3 573
3 838
3 876
3 917
4 125
4 131
4 180
4 210
4 296
4 506
4 635
4 917
4 955
5 67
5 72
5 224
5 552
5 694
6 153
6 158
6 313
6 621
6 784
6 805
7 113
7 144
7 149
7 291
7 301
7 560
7 955
8 253
8 563
8 607
8 705
8 947
9 183
9 334
9 363
9 916
9 960
10 25
10 178
10 180
10 185
10 240
10 280
10 555
10 825
10 866
11 168
11 201
11 209
11 376
11 383
11 424
11 483
11 556
11 656
11 699
12 200
12 255
12 309
12 644
12 771
13 95
13 327
13 452
13 506
13 685
13 710
13 791
13 816
14 403
14 793
14 923
15 142
15 446
15 679
15 738
15 739
15 924
16 36
16 171
16 230
16 261
16 390
16 484
16 635
16 718
16 784
16 789
16 908
16 963
17 184
17 244
17 548
17 640
17 978
18 38
18 50
18 90
18 379
18 390
18 609
18 723
19 306
19 448
19 708
19 758
20 60
20 67
20 230
20 241
20 394
20 728
21 131
21 195
21 571
21 617
22 166
22 493
23 753
23 801
23 853
23 927
24 313
24 434
24 550
24 593
24 614
24 633
24 737
24 821
25 209
25 554
25 641
25 684
25 699
25 747
25 914
25 959
26 64
26 70
26 115
26 299
26 458
26 513
26 633
27 480
27 754
27 958
28 212
28 220
28 455
28 503
28 523
28 546
28 555
28 869
29 94
29 749
29 782
29 809
29 945
30 455
30 496
30 549
30 707
30 804
31 294
31 388
31 578
31 742
31 955
31 976
32 426
32 455
32 615
32 628
32 897
32 899
33 139
33 241
33 531
34 63
34 224
34 344
34 543
34 709
34 877
35 139
35 169
35 192
35 335
35 607
35 791
35 829
35 832
36 277
36 281
36 413
36 525
36 751
36 788
36 807
37 159
37 206
37 464
37 516
37 531
37 566
37 582
37 593
37 678
37 772
38 183
38 382
38 542
38 669
38 764
38 881
39 86
39 290
39 814
40 283
40 480
40 730
41 78
41 364
41 367
41 369
41 426
41 848
41 860
41 985
42 95
42 119
42 344
42 623
42 776
42 998
43 166
43 571
43 617
43 880
43 974
44 282
44 983
45 158
45 391
45 539
45 674
45 763
45 920
46 161
46 277
46 633
46 667
46 729
47 203
47 241
47 298
47 368
47 650
47 663
47 945
48 222
48 539
48 857
48 878
49 74
49 159
49 240
49 485
49 578
49 800
49 984
50 249
50 337
50 462
50 601
50 657
50 722
51 285
51 318
52 433
52 747
53 274
53 401
53 851
53 976
54 142
54 256
54 271
54 317
54 617
54 829
54 880
54 943
55 81
55 260
55 387
55 667
55 833
55 837
56 287
56 388
56 577
56 684
56 728
56 732
56 855
56 868
57 235
57 239
57 316
57 488
57 509
57 534
57 932
57 940
58 121
58 165
58 192
58 490
58 518
58 574
58 683
58 911
59 135
59 139
59 299
59 382
59 394
59 420
59 461
59 734
59 777
59 863
59 958
60 79
60 163
60 206
60 214
60 320
60 338
60 406
60 509
60 543
60 898
60 932
60 940
60 949
60 982
61 140
61 220
61 361
61 552
61 587
61 728
62 170
62 237
62 301
62 617
62 899
62 980
63 468
63 608
63 732
63 858
63 975
64 413
64 439
64 546
65 428
65 569
65 837
65 871
65 920
66 132
66 323
66 577
66 582
66 669
66 673
66 706
66 813
66 875
66 902
66 921
67 118
67 581
67 719
68 239
68 777
69 236
69 460
69 471
69 706
70 105
70 461
70 579
71 154
71 244
71 254
71 280
71 364
71 434
72 342
72 561
72 808
73 129
73 216
73 452
73 473
73 580
73 675
74 492
74 773
74 792
74 812
75 144
75 515
75 551
75 776
76 911
76 954
76 955
76 980
77 120
77 177
77 484
77 706
77 886
78 348
79 398
79 444
79 752
79 756
79 859
79 901
79 944
80 89
80 222
80 916
81 236
81 237
81 925
81 954
82 194
82 399
82 447
82 475
82 572
82 714
82 797
82 875
83 245
83 411
83 687
84 630
84 748
84 792
84 808
84 888
85 415
85 519
86 217
86 384
86 409
86 463
86 476
86 539
86 641
86 759
86 771
87 383
87 608
87 724
87 741
87 976
87 983
88 156
88 207
88 387
88 529
88 613
88 950
89 491
89 613
89 761
89 896
90 340
90 849
91 263
91 325
91 750
91 780
91 791
91 818
91 825
92 131
92 175
92 209
92 234
92 248
92 571
92 662
92 714
92 771
93 124
93 224
93 453
93 482
93 518
93 544
93 977
93 984
94 278
94 830
95 413
95 430
95 528
95 532
96 187
96 258
96 291
96 361
96 402
96 435
96 493
96 508
96 618
96 687
96 751
96 799
96 807
96 853
97 129
97 357
97 436
97 457
97 735
97 875
98 158
98 454
98 647
99 197
99 206
99 233
99 254
99 470
99 634
100 214
100 368
100 667
100 734
100 882
101 276
101 311
101 463
101 668
101 780
101 839
102 224
102 426
102 624
102 626
102 722
102 783
102 836
103 135
103 342
103 403
103 449
103 774
103 834
104 185
104 310
104 358
104 407
104 408
104 580
104 825
105 281
105 417
105 714
105 927
106 119
106 256
106 349
106 704
106 829
107 301
107 505
107 508
107 620
108 112
108 182
108 412
108 548
108 619
108 746
108 785
108 901
108 951
109 210
109 338
109 411
109 519
109 606
109 727
110 402
110 960
111 138
111 502
111 588
111 793
112 510
112 592
112 660
112 904
113 295
113 469
113 762
113 780
113 803
114 318
114 614
114 672
114 769
114 797
114 846
115 130
115 136
115 201
115 228
115 579
115 811
115 901
115 945
115 972
116 284
116 639
116 872
117 219
117 237
117 519
117 815
118 123
118 193
118 341
118 354
118 379
118 509
118 651
118 809
118 885
118 935
119 282
119 356
119 501
119 764
119 813
119 911
120 515
120 538
120 761
120 830
120 912
121 234
121 251
121 455
121 499
121 593
121 608
121 904
122 419
122 438
122 963
122 966
123 252
123 360
123 690
123 771
123 861
124 719
124 902
125 181
125 308
125 511
125 602
125 717
125 786
125 956
126 537
126 632
127 433
127 445
127 891
128 140
128 178
128 421
128 544
128 675
128 680
128 690
128 826
128 916
129 146
130 448
130 682
130 785
130 908
131 611
131 784
131 868
131 933
132 200
132 457
132 508
132 531
132 663
132 714
132 792
132 937
132 987
133 368
134 153
134 187
134 650
135 266
135 771
136 243
136 671
136 805
136 833
136 883
136 921
137 456
137 551
138 144
138 215
138 646
138 751
138 920
138 954
139 470
139 639
140 320
140 483
140 784
140 807
140 830
140 987
141 314
141 571
141 577
141 742
141 816
141 969
142 242
142 301
142 303
142 432
142 472
142 562
142 795
143 326
143 612
143 978
144 199
144 650
144 710
144 834
145 154
145 363
145 699
145 941
145 962
145 973
146 160
146 450
146 550
146 669
146 784
146 921
146 970
147 816
147 848
147 934
147 958
148 238
148 284
148 400
148 815
148 837
149 354
149 607
149 890
150 238
150 352
150 403
150 411
150 735
151 225
151 957
151 982
152 171
152 631
152 707
152 955
153 167
153 292
153 515
153 520
153 616
153 858
153 955
153 962
154 386
155 701
155 708
155 945
155 991
156 242
156 261
156 279
156 477
156 765
156 867
157 836
157 843
157 960
158 555
158 574
158 801
158 809
158 994
158 996
159 542
159 734
159 886
159 914
160 234
160 242
160 665
160 692
160 816
161 350
161 565
161 815
161 990
162 220
162 431
162 455
162 499
162 809
162 825
162 928
163 252
163 289
163 340
163 424
163 634
163 766
164 298
164 502
164 517
164 970
165 230
165 686
165 946
167 250
167 551
167 617
167 762
167 807
168 194
168 281
168 407
168 628
168 675
168 766
168 895
169 804
169 983
170 230
170 316
170 495
170 578
170 635
170 771
170 832
170 969
171 267
171 406
171 736
171 808
172 235
172 352
172 463
172 953
173 329
173 485
173 512
173 623
173 810
174 448
174 479
175 278
175 578
175 846
175 954
176 296
176 326
176 430
176 487
176 726
176 747
177 352
177 428
177 448
177 583
177 776
178 206
178 553
178 732
178 857
178 956
179 204
179 326
179 339
179 768
179 880
179 888
179 927
180 395
180 518
180 784
180 864
180 926
181 614
181 705
181 708
182 205
182 361
182 429
182 605
182 656
182 783
182 970
183 198
183 394
183 590
183 921
184 247
184 385
184 674
184 689
184 775
184 882
184 946
185 213
185 271
185 327
185 341
185 352
185 362
185 515
185 868
186 275
186 355
186 698
186 712
186 741
187 238
187 340
187 480
187 869
187 906
187 919
188 253
188 310
188 349
188 513
188 600
188 692
188 699
188 859
189 418
189 429
189 451
189 630
190 537
190 587
190 592
191 322
191 350
191 554
191 798
192 287
192 830
193 285
193 550
193 563
193 787
193 992
194 253
194 598
194 802
194 846
195 626
195 712
195 738
195 775
195 808
196 200
196 266
196 348
196 393
196 493
196 511
196 575
196 588
196 638
196 905
196 948
196 996
196 997
197 199
197 231
197 337
197 589
197 753
197 940
198 494
198 497
199 497
199 505
199 871
199 993
200 525
200 596
200 954
200 979
201 308
201 457
201 470
201 692
201 750
201 896
201 991
201 993
202 528
202 606
202 657
202 769
202 941
202 971
203 206
203 607
203 648
204 523
204 598
205 235
205 453
205 587
205 621
205 736
205 765
206 330
206 362
206 439
206 655
206 786
207 587
207 617
207 631
207 969
208 222
208 380
208 399
208 574
208 642
208 663
208 798
208 936
208 983
209 722
210 707
210 773
210 890
211 548
211 676
211 929
212 346
212 498
212 530
212 576
212 701
212 748
212 852
212 882
213 396
213 642
214 276
214 299
214 305
214 849
214 886
214 915
215 407
215 498
215 504
215 566
215 659
215 896
215 914
216 570
216 628
216 864
216 936
216 977
217 224
217 264
217 290
217 375
217 595
217 601
217 613
217 844
218 816
219 275
219 421
219 484
219 534
219 548
219 624
219 828
219 938
219 999
220 296
220 383
220 614
220 669
220 726
221 458
221 468
221 524
221 550
221 586
221 892
222 333
222 362
222 465
222 594
223 406
223 743
223 974
224 459
224 677
224 749
224 776
224 808
224 884
224 895
225 406
225 511
225 779
226 247
226 272
226 579
226 621
226 707
226 714
226 958
227 351
227 365
227 420
227 532
227 646
227 833
227 839
228 430
228 438
228 465
228 777
228 844
228 992
229 421
229 470
229 744
229 936
229 945
230 254
230 468
230 556
230 627
230 830
230 874
231 238
231 893
231 927
232 623
232 628
232 894
233 275
233 368
233 657
233 690
233 810
233 819
234 276
234 377
234 613
234 656
234 817
234 858
235 624
235 732
235 811
235 816
236 369
237 258
237 356
237 539
237 865
237 929
237 948
238 387
238 540
238 817
239 369
239 370
239 616
239 641
239 883
240 508
240 764
241 384
241 621
241 786
241 878
242 281
242 404
242 626
242 664
242 807
243 527
243 543
243 960
244 321
244 365
244 486
244 497
244 720
244 919
245 900
245 901
246 330
246 542
246 676
246 738
246 838
246 916
246 937
246 956
247 431
247 568
248 328
248 382
248 426
248 437
248 592
248 693
248 884
248 988
249 438
249 812
250 330
250 510
250 556
250 594
250 691
250 818
251 338
251 362
251 603
252 412
252 438
252 543
252 759
252 772
252 808
253 645
253 815
253 919
253 977
254 474
254 621
254 875
254 879
255 279
255 415
255 425
255 602
256 548
256 567
256 632
256 662
257 421
257 980
258 432
258 630
258 928
259 470
259 673
260 279
260 405
260 457
260 696
260 826
260 829
260 843
261 550
261 625
261 671
261 804
261 976
262 391
262 540
262 844
262 933
262 957
263 431
263 497
263 901
263 923
263 946
263 959
264 902
265 278
265 313
265 948
266 705
266 931
266 956
267 277
267 411
267 510
267 853
267 889
267 933
268 456
268 476
268 498
268 556
269 281
269 320
269 367
269 653
269 862
270 349
270 542
270 965
271 298
271 343
271 511
271 575
271 603
271 746
272 398
272 689
272 719
272 774
273 396
273 439
273 718
273 742
274 363
274 492
274 555
274 662
274 732
274 939
275 415
275 479
275 773
276 308
276 720
276 913
277 635
277 864
278 632
278 713
278 859
278 921
279 323
279 324
279 410
279 716
279 811
279 954
280 431
280 753
281 525
281 526
281 609
281 710
281 730
282 381
282 495
282 540
282 756
282 859
283 306
283 309
283 344
283 351
283 829
283 893
283 980
284 419
284 724
285 355
285 726
285 949
286 294
286 345
286 399
286 470
286 698
286 733
286 886
286 935
286 936
287 323
287 333
287 372
287 515
287 876
288 364
288 482
288 487
289 317
289 476
289 652
289 813
289 918
289 987
290 392
290 424
290 435
290 895
291 361
291 401
291 867
291 988
292 299
292 371
292 375
292 424
292 543
293 565
293 601
293 623
293 672
293 724
293 896
293 927
294 322
294 496
294 775
294 867
294 925
294 964
294 971
295 475
295 566
295 641
296 600
296 753
296 829
296 934
297 373
297 611
297 720
297 995
298 318
298 784
298 813
298 898
299 448
299 629
299 794
299 821
299 970
300 404
300 600
300 908
301 622
301 908
302 344
302 758
302 815
303 372
303 677
303 769
303 793
303 879
304 617
304 879
304 991
305 760
305 762
305 920
305 977
306 359
306 454
306 605
306 645
306 970
307 342
307 701
307 780
308 462
308 522
308 712
308 852
308 900
309 378
309 603
309 618
309 666
310 374
310 474
310 705
310 752
310 770
311 378
311 685
312 654
312 752
312 753
312 818
312 826
312 866
313 490
313 593
313 613
313 629
314 627
315 451
315 493
315 503
315 729
315 822
315 909
315 994
316 475
316 667
316 963
317 326
317 576
317 721
318 604
318 666
319 345
319 512
319 875
320 767
320 871
320 928
321 346
321 374
321 421
321 902
322 399
322 521
322 928
322 963
323 384
323 417
323 920
323 924
324 569
324 609
324 882
325 344
325 493
325 533
325 537
325 957
326 333
326 381
326 504
326 527
327 814
327 892
327 986
328 383
328 896
329 794
329 974
330 517
330 664
330 784
330 835
330 935
331 726
332 583
332 714
332 856
332 945
333 837
334 436
334 487
334 920
335 383
335 455
335 485
335 714
336 435
336 487
336 559
336 661
337 732
337 945
337 976
338 340
338 540
339 364
339 463
339 488
339 593
339 694
339 813
340 400
340 523
341 362
341 417
341 806
341 863
341 868
341 961
342 405
342 793
342 823
342 898
343 344
343 370
343 561
343 716
343 841
343 896
344 376
344 522
344 557
344 636
344 752
344 859
345 498
345 612
345 643
345 792
345 820
345 836
345 871
345 873
346 551
346 968
347 874
347 928
348 470
348 480
348 488
348 508
348 603
348 772
348 908
349 447
349 621
349 754
349 857
350 550
350 585
350 659
350 914
351 653
351 731
351 869
352 436
352 694
352 714
352 727
352 787
352 812
352 955
353 481
353 540
353 607
353 610
353 714
353 887
353 933
353 975
354 483
354 669
354 977
355 468
355 549
355 625
355 763
355 961
357 421
357 441
357 607
357 795
358 657
358 840
359 406
359 564
360 828
360 875
360 876
360 895
361 369
361 539
361 640
361 653
361 737
361 763
361 868
362 437
363 615
363 632
363 726
363 872
364 408
364 524
364 554
364 575
364 777
364 969
365 381
365 607
365 764
366 455
366 509
366 606
367 478
367 762
367 974
368 443
368 674
368 742
368 795
368 922
369 587
369 853
369 860
370 715
370 911
370 960
370 969
371 623
371 863
371 947
371 955
372 818
372 863
372 870
372 897
373 577
373 779
373 832
373 888
373 892
374 448
374 896
374 951
374 955
375 386
375 390
375 447
375 474
375 628
375 963
376 392
376 410
376 615
376 825
376 854
376 940
377 406
377 425
377 445
377 978
378 548
378 559
378 788
378 946
378 949
379 389
379 466
379 518
379 866
379 923
380 388
380 422
380 772
380 947
380 995
381 426
381 505
381 628
381 703
381 784
382 739
382 767
382 795
383 685
383 706
383 776
383 928
384 573
384 606
384 660
385 596
385 619
385 685
385 731
386 534
386 601
386 609
386 756
386 867
387 517
387 789
387 821
387 840
389 446
389 503
389 546
389 667
389 722
389 800
390 634
390 649
391 612
391 625
391 683
391 820
391 836
391 930
392 393
392 398
392 567
392 696
392 766
392 784
392 799
393 486
393 707
393 885
393 891
393 896
394 486
394 497
394 872
394 899
395 416
395 488
395 639
395 735
395 777
395 901
396 802
396 854
396 872
397 767
397 845
398 492
398 540
399 460
399 508
399 717
400 524
400 858
400 967
401 417
402 508
402 565
402 629
402 796
402 964
403 922
403 943
404 721
404 752
404 825
405 476
405 673
405 872
405 900
406 507
406 942
407 465
407 481
407 600
407 681
407 843
407 959
407 984
408 650
408 812
408 902
408 984
409 765
409 778
409 780
410 510
411 433
411 637
411 849
411 861
411 890
411 904
413 516
413 685
413 810
414 538
414 625
414 654
414 973
414 993
415 477
415 487
415 951
416 678
416 782
416 927
416 939
417 453
417 496
417 500
417 567
417 753
417 943
417 992
418 440
418 458
418 705
418 717
419 699
419 762
419 876
419 905
420 577
420 873
420 874
421 533
421 575
421 644
421 774
421 974
421 982
422 592
422 935
423 455
423 574
423 770
423 858
424 945
425 736
425 822
426 786
426 826
427 657
427 716
427 737
427 894
427 904
428 469
428 714
429 471
429 842
430 436
430 639
430 676
430 892
431 458
431 599
431 808
431 844
431 862
432 441
432 727
432 987
433 842
433 865
434 623
434 683
434 684
435 531
435 736
435 757
435 928
436 493
437 600
437 738
437 757
438 541
438 702
438 727
438 735
438 898
439 552
439 627
440 461
440 553
440 602
440 659
440 739
441 541
441 723
441 881
441 922
442 483
442 517
442 731
443 815
444 505
444 960
445 520
445 829
445 830
446 455
446 527
446 640
446 646
446 803
446 988
447 843
448 633
449 794
449 862
450 584
450 711
450 955
450 962
451 571
451 986
452 487
452 942
452 979
453 475
453 547
453 624
453 785
453 946
454 721
454 772
454 807
455 604
455 812
456 526
456 587
456 858
457 495
457 769
458 664
458 774
458 870
458 910
459 539
459 616
459 619
459 685
459 772
459 813
460 500
460 727
461 604
462 712
462 862
463 561
463 591
464 588
464 736
465 725
466 578
466 706
466 803
467 621
467 767
467 883
467 987
467 988
468 471
468 580
468 592
468 848
468 918
468 923
469 555
469 565
469 568
469 583
469 709
469 990
470 641
470 703
470 768
470 820
470 939
470 977
471 772
471 995
473 488
473 989
474 687
474 738
474 858
475 982
476 658
476 753
476 840
476 954
477 516
477 658
477 673
477 937
478 535
478 707
479 855
480 604
480 634
481 618
481 681
482 898
482 903
483 651
484 557
484 601
484 623
484 722
485 579
485 710
486 544
486 641
486 904
486 983
487 614
488 660
488 839
488 903
488 987
489 871
489 954
490 503
490 555
490 586
490 590
490 822
490 854
490 867
490 999
491 931
492 847
492 886
492 958
493 526
493 633
493 687
493 760
493 882
494 754
495 507
496 594
496 695
496 780
497 502
497 912
497 970
498 725
498 748
498 755
498 756
498 818
499 649
499 698
499 831
500 728
500 956
501 582
501 861
502 585
502 683
503 519
503 665
503 720
504 549
504 595
505 619
505 698
505 929
506 805
506 866
506 969
507 593
507 618
507 854
508 517
508 713
508 916
509 876
511 619
511 704
511 976
512 675
512 746
512 893
513 599
513 750
513 847
514 525
514 674
514 708
514 802
515 674
515 933
516 569
516 766
516 886
516 971
517 706
517 718
517 998
518 520
518 619
518 955
520 667
520 712
520 730
520 796
520 974
521 710
521 741
521 880
521 950
522 614
522 731
522 750
522 944
523 624
523 720
523 866
524 755
525 842
525 964
526 777
527 620
527 655
528 870
528 927
529 709
530 679
530 680
530 722
530 945
530 968
531 549
531 669
531 707
531 735
531 749
532 904
533 896
534 544
534 602
534 868
535 558
535 627
535 821
535 974
536 650
536 653
536 663
537 728
538 684
538 772
538 788
539 744
539 822
540 558
541 621
541 667
541 716
541 752
541 867
542 588
542 709
542 720
543 569
543 570
543 826
543 847
543 932
543 983
544 916
545 767
546 791
546 816
547 677
547 843
547 898
548 743
548 754
549 714
550 928
550 969
551 915
552 554
553 575
553 584
553 699
553 952
553 982
554 863
554 909
556 613
556 620
556 687
557 758
558 723
558 809
559 636
559 791
560 694
560 946
560 955
561 816
561 937
562 576
562 640
563 679
564 573
564 610
564 820
564 923
566 689
566 724
567 586
567 601
567 970
568 640
568 668
568 764
568 776
568 784
568 943
568 958
569 655
569 711
569 956
570 652
570 731
570 896
571 597
571 669
572 579
572 991
573 698
573 722
573 939
574 750
576 582
576 658
576 674
576 801
576 918
577 816
577 837
577 894
577 973
579 818
579 885
580 727
580 765
580 898
580 931
581 603
581 646
581 764
583 688
584 641
584 690
584 855
584 898
585 697
586 612
586 857
587 817
587 895
588 626
588 932
588 934
588 966
588 999
589 629
589 763
589 804
590 726
590 976
591 634
591 961
593 612
593 785
593 976
594 801
594 875
594 959
594 996
595 621
595 674
596 835
597 661
597 751
597 812
598 615
598 900
598 960
599 842
599 947
599 992
600 697
600 722
600 782
601 829
601 871
602 713
603 782
604 670
604 787
604 985
605 709
605 973
606 922
607 677
607 882
607 961
608 620
608 710
609 845
610 797
610 820
610 832
610 907
611 873
611 952
612 831
612 916
614 696
614 756
614 839
614 969
615 730
615 733
615 846
615 876
616 686
616 964
616 968
618 841
619 856
619 862
619 962
620 706
620 911
620 950
620 954
621 935
621 957
621 970
622 672
622 808
622 845
622 889
623 701
623 850
624 841
624 846
624 867
624 972
625 684
625 748
626 656
626 728
628 642
628 723
629 813
629 947
630 750
630 827
631 896
631 942
631 951
632 692
632 746
633 823
634 899
634 952
635 657
636 770
637 710
638 738
639 823
639 846
639 854
639 972
640 948
641 773
641 869
641 956
642 734
642 852
642 921
643 656
643 708
643 728
643 754
643 914
646 668
646 882
646 885
647 909
648 808
648 819
648 862
648 942
649 719
649 819
649 846
650 837
651 696
651 780
651 909
652 689
652 800
652 937
653 819
654 711
654 814
654 884
655 723
655 766
655 802
655 832
655 835
655 970
656 973
657 728
657 774
657 821
658 685
658 961
658 971
658 980
658 991
659 748
659 866
660 699
660 801
660 839
660 883
660 952
662 856
663 818
663 842
664 701
664 714
664 726
664 773
664 809
664 820
664 918
665 731
665 872
666 703
666 861
667 901
667 938
668 688
668 705
668 748
670 811
671 732
671 809
671 923
671 995
672 685
672 823
674 979
675 689
675 742
675 776
676 893
677 751
677 863
677 942
678 847
678 849
678 884
679 995
680 737
680 913
680 971
681 997
682 850
682 897
683 939
684 911
684 956
685 728
686 849
686 905
687 787
687 884
689 926
689 930
690 908
691 911
691 917
692 816
692 843
693 969
694 714
694 893
695 702
695 946
697 833
698 745
698 762
698 977
698 999
700 753
700 763
700 794
700 969
700 975
702 853
703 783
704 823
705 711
705 838
705 967
706 710
707 748
707 931
708 807
708 970
709 806
709 838
710 793
710 813
710 872
711 734
711 988
714 863
714 947
715 728
715 730
715 743
715 755
715 822
715 911
715 962
716 733
716 870
716 882
717 877
717 977
718 794
719 757
719 793
719 996
720 980
722 945
723 740
723 804
723 921
723 969
724 860
724 871
725 750
726 804
728 801
728 829
728 909
729 999
730 748
730 889
731 858
731 859
731 861
732 792
733 838
733 842
734 987
735 737
735 963
737 847
737 935
737 975
739 762
739 811
740 749
740 824
741 768
742 908
743 760
743 776
743 804
743 851
745 749
745 946
745 955
746 885
746 944
748 821
748 961
750 827
750 945
750 973
751 937
751 979
752 949
752 998
754 980
756 949
757 820
757 960
758 953
758 994
759 894
760 779
760 817
760 917
763 790
763 892
765 786
765 853
766 806
767 851
767 951
768 867
768 924
768 938
770 855
770 930
772 801
773 776
774 959
775 821
775 924
775 965
775 988
775 997
778 971
779 885
780 842
781 882
781 972
782 827
786 797
787 845
788 812
788 820
788 880
789 867
790 997
791 853
791 886
791 997
792 950
792 957
793 866
793 916
794 940
794 981
798 818
798 901
799 975
800 824
801 954
803 925
804 900
805 826
805 920
806 910
806 968
807 829
808 814
808 841
808 865
810 863
810 958
811 830
811 975
813 966
813 989
814 987
815 825
815 980
816 879
816 983
816 994
823 996
824 838
824 998
825 857
825 962
826 832
828 990
829 971
831 836
831 937
831 995
832 915
832 978
832 990
832 998
833 886
833 901
834 847
834 964
834 992
837 890
840 927
841 888
844 915
846 889
846 976
847 891
848 861
848 885
850 855
850 940
850 986
850 991
851 866
853 887
855 877
856 975
857 873
857 923
857 981
857 999
858 879
858 960
860 889
860 976
863 934
865 980
866 916
868 967
869 881
870 905
872 930
872 941
873 982
874 876
874 986
879 996
880 887
880 998
882 891
885 968
887 973
890 940
891 924
893 900
893 914
893 930
895 937
897 940
899 984
900 921
900 945
902 994
903 985
908 938
910 948
911 937
912 926
915 921
915 948
915 965
917 989
923 971
923 972
925 977
925 995
929 994
930 950
933 986
935 975
935 990
937 970
939 979
941 998
943 973
947 979
948 998
949 951
949 975
950 990
952 968
954 994
957 967
960 977
969 991
974 979
974 995
0
10 999
