1000	2955	 1
0 61
0 80
0 120
0 127
0 239
0 373
0 434
0 479
0 759
0 815
0 828
0 934
1 29
1 354
1 493
1 667
1 825
2 198
2 600
2 886
2 907
2 966
3 11
3 219
3 300
3 311
3 380
3 396
3 704
3 779
4 385
4 509
4 632
4 745
4 967
4 993
5 70
5 118
5 144
5 541
5 641
6 108
6 219
6 686
6 736
6 767
6 957
6 989
7 101
7 121
7 318
7 647
7 817
7 998
8 84
8 553
8 624
8 827
8 886
9 57
9 65
9 76
9 115
9 197
9 534
9 684
9 812
9 904
10 147
10 170
10 199
10 312
10 362
10 669
10 997
11 156
11 186
11 304
11 317
11 683
11 695
11 728
11 921
12 348
12 472
12 680
13 220
13 563
13 639
13 734
13 757
13 926
14 133
14 518
14 665
15 33
15 74
15 105
15 262
15 440
15 671
15 700
15 756
15 778
15 898
16 67
16 408
16 472
16 587
16 682
16 772
17 452
17 597
17 706
17 727
18 123
18 339
18 475
18 477
18 492
18 886
19 63
19 149
19 189
19 328
19 403
19 443
19 880
20 46
20 243
20 418
20 477
21 215
21 312
21 480
21 556
21 673
21 838
22 154
22 469
22 574
22 703
22 789
22 917
23 138
23 220
23 222
23 309
23 371
24 41
24 58
24 68
24 141
24 245
24 332
24 482
24 660
24 755
25 560
25 566
25 617
26 97
26 549
27 191
27 710
27 765
27 867
28 58
28 239
28 562
28 583
28 880
28 960
29 289
29 986
29 999
30 96
30 365
30 414
30 471
30 552
30 784
31 218
31 296
31 385
31 570
31 660
31 777
31 797
32 218
32 460
32 585
32 658
32 925
32 933
33 76
33 82
33 154
33 534
33 692
33 840
33 864
34 165
34 257
35 94
35 329
35 426
35 481
35 558
35 724
35 824
35 888
35 972
36 156
36 160
36 277
36 627
36 785
36 828
37 637
37 738
37 834
37 872
38 85
38 99
38 269
38 645
39 52
39 131
39 169
39 371
39 517
39 924
39 936
40 179
40 226
40 333
40 569
40 731
40 866
40 896
41 50
41 313
42 116
42 221
42 347
42 478
42 606
42 692
42 836
42 921
43 173
43 444
43 490
43 687
43 850
44 88
44 236
44 404
44 624
44 634
44 692
44 728
44 760
44 832
44 835
45 458
45 674
45 861
45 974
46 244
46 662
46 703
46 849
47 198
47 282
47 450
47 477
47 558
48 128
48 383
48 422
48 454
48 483
48 503
48 663
48 751
49 190
49 967
50 83
50 357
50 360
50 364
50 416
50 629
50 636
50 826
51 112
51 200
51 291
51 324
51 507
51 571
51 654
51 999
52 200
52 245
52 299
52 877
53 93
53 440
53 649
53 812
53 942
54 207
54 911
54 917
54 971
55 296
55 352
55 428
55 666
55 883
55 932
56 281
56 507
56 817
56 869
56 890
57 640
57 832
57 950
58 66
58 207
58 565
59 255
59 348
59 364
59 424
59 451
60 163
60 254
60 270
60 384
60 459
60 508
61 241
61 779
61 931
61 968
62 404
62 426
62 451
62 506
62 612
62 654
62 685
62 809
62 839
62 903
63 283
63 310
63 634
63 896
63 902
63 946
64 71
64 159
64 191
64 428
64 494
64 605
64 785
64 967
65 107
65 170
66 75
66 120
66 503
66 873
67 170
67 194
67 345
68 144
68 336
68 783
68 819
68 967
68 996
69 115
69 567
69 569
69 585
69 753
69 987
69 995
70 113
70 674
70 776
70 905
70 974
71 107
71 299
71 510
71 512
71 612
72 419
72 665
73 526
73 564
73 639
73 673
73 745
74 960
75 146
75 303
75 347
75 731
75 919
75 973
76 379
76 518
76 658
76 808
76 835
76 912
76 973
77 181
77 290
77 528
77 576
77 682
77 924
77 985
78 253
78 672
78 727
78 880
78 942
79 154
79 274
79 779
80 449
80 545
80 563
80 817
80 835
80 975
81 105
81 307
81 317
81 409
81 724
81 787
81 955
82 151
82 202
82 486
82 664
82 803
82 806
82 843
83 88
83 539
83 762
83 821
84 120
84 422
84 592
84 667
84 901
85 135
85 409
85 454
85 556
85 642
85 679
86 88
86 153
86 226
86 399
86 428
86 534
86 568
86 760
87 172
87 614
87 729
87 886
87 893
88 502
88 509
88 564
88 856
89 125
89 132
89 391
89 409
89 411
89 531
89 919
90 150
90 507
90 585
90 588
90 689
90 752
90 923
91 256
91 296
91 350
91 370
91 871
92 127
92 259
92 427
92 511
92 548
92 928
93 346
93 615
93 763
93 766
93 928
94 206
94 273
94 888
94 939
95 113
95 231
95 444
95 490
95 640
95 659
95 676
96 245
96 661
96 729
96 822
97 151
97 462
97 671
97 713
98 339
98 407
98 514
98 670
98 755
98 892
98 912
99 227
99 364
99 696
99 799
100 361
100 501
100 521
100 538
100 941
101 136
101 241
101 473
101 602
101 906
101 957
102 142
102 192
102 223
102 323
102 656
102 718
102 951
103 163
103 743
103 946
103 987
104 115
104 165
104 215
104 307
104 353
104 380
104 476
104 513
104 583
104 739
104 741
104 929
104 934
104 990
105 112
105 240
105 705
105 873
105 901
105 968
106 239
106 402
106 440
106 505
106 758
106 764
106 963
107 448
107 816
107 922
108 184
108 285
108 377
108 519
108 569
108 914
108 983
109 260
109 364
109 367
109 433
109 504
109 864
110 228
110 254
110 462
111 188
111 253
111 740
111 841
112 853
112 926
113 275
113 928
114 421
114 681
114 920
115 118
115 229
115 480
115 565
115 649
115 698
115 847
115 950
115 965
116 498
116 684
116 722
116 916
117 326
117 530
117 607
117 713
117 846
117 993
118 238
118 344
118 370
118 681
118 801
118 877
119 288
119 394
119 453
119 995
120 392
120 433
120 508
120 680
120 842
120 860
120 878
120 971
121 311
121 402
121 512
121 651
121 936
121 984
122 215
122 239
122 308
122 315
122 324
122 420
122 646
122 872
122 983
123 201
123 439
123 457
123 684
124 172
124 255
124 384
124 407
124 941
124 951
125 364
125 383
125 388
126 266
126 286
126 322
126 323
127 616
127 751
127 920
128 175
128 414
128 878
128 904
128 955
129 139
129 420
129 441
129 549
129 851
130 325
130 497
130 581
130 649
130 762
130 790
130 803
130 845
131 515
132 171
132 488
132 723
132 771
132 848
133 351
133 376
133 653
133 673
133 786
133 816
134 273
134 289
134 358
134 493
134 629
134 729
134 876
135 340
135 345
135 427
135 955
135 970
136 769
136 832
136 987
137 513
137 643
137 829
137 896
137 949
138 206
138 225
138 495
138 720
138 793
138 808
139 371
139 653
139 660
139 685
139 944
140 163
140 267
140 290
140 361
140 491
140 730
141 399
141 492
141 639
141 662
142 456
142 494
142 622
142 746
142 753
143 238
143 322
143 508
143 580
143 866
144 149
144 414
144 741
144 758
144 796
144 948
144 989
145 904
146 233
146 384
146 509
146 601
146 757
146 767
147 165
147 342
147 653
147 862
147 908
148 222
148 288
149 240
149 279
149 529
149 725
150 326
150 341
150 541
150 583
150 708
150 789
151 401
151 437
151 548
151 685
151 847
152 329
153 265
153 401
153 412
153 696
153 881
154 213
154 216
154 234
154 262
154 273
154 643
154 693
154 922
155 434
155 556
155 785
155 986
156 252
156 276
156 534
156 642
156 787
156 982
157 184
157 192
157 247
157 394
157 617
157 785
157 905
157 971
158 570
158 665
158 747
158 831
159 172
159 196
159 291
159 365
159 481
159 805
159 889
160 435
160 453
160 858
161 276
161 804
161 872
161 913
162 308
162 317
162 497
162 719
162 792
162 874
162 963
163 202
163 394
163 558
163 652
163 776
163 875
163 882
163 889
163 916
164 235
164 291
164 809
164 875
164 879
165 340
165 344
165 360
165 720
165 880
166 296
166 301
166 393
166 578
166 934
167 340
167 410
167 437
167 506
167 569
167 695
167 904
168 258
168 394
168 473
168 829
168 956
169 513
169 562
169 685
169 736
169 778
169 936
169 960
170 295
170 616
170 653
170 792
170 898
170 942
171 802
171 868
171 931
172 226
172 227
172 270
173 233
173 859
174 825
175 214
175 463
175 467
175 720
175 747
176 295
176 465
176 554
176 760
176 849
176 870
176 979
177 427
177 519
177 586
177 699
177 940
178 598
178 989
179 182
179 320
179 329
179 570
179 823
180 556
180 574
180 806
180 986
180 989
181 313
181 970
182 308
182 546
182 942
183 508
183 691
183 825
183 888
184 342
184 426
184 575
184 853
184 905
185 222
185 384
185 504
185 512
185 930
186 206
186 457
186 613
187 223
187 625
187 758
188 286
188 665
188 732
188 914
189 278
189 751
189 849
189 850
189 942
190 274
190 356
190 398
190 545
190 630
190 758
190 773
190 798
190 816
190 946
191 331
191 510
191 728
191 767
191 824
191 937
192 413
192 928
193 432
193 506
193 536
193 763
193 858
194 195
194 254
194 390
194 789
194 900
195 351
195 488
195 622
195 753
195 825
195 872
195 929
196 354
196 820
196 892
197 198
197 357
197 698
197 780
197 896
197 999
198 391
198 608
198 609
198 742
199 469
199 712
199 781
200 223
200 321
200 415
200 468
200 987
201 489
201 514
201 626
201 680
202 515
202 715
202 741
202 861
202 965
203 254
203 416
204 346
204 543
205 533
205 813
205 824
205 965
206 254
206 449
206 658
206 832
206 868
206 898
207 341
207 497
207 649
207 740
207 905
207 991
208 442
208 681
208 773
208 811
209 230
209 366
209 499
209 712
209 722
209 750
210 281
210 295
210 347
210 359
210 399
210 506
210 667
210 716
210 744
210 884
211 479
211 805
212 243
212 287
212 355
212 492
212 634
212 662
212 764
212 834
213 560
213 570
213 704
213 748
213 979
214 223
214 412
214 697
214 886
215 353
215 491
215 940
216 375
216 798
216 991
217 324
217 398
217 497
217 574
217 922
217 984
218 425
218 497
218 716
219 484
219 944
220 258
220 523
220 550
220 656
220 698
220 839
220 868
220 925
220 982
221 501
221 514
221 754
221 788
222 395
222 449
222 568
222 570
222 628
222 692
222 936
222 938
222 958
223 285
223 469
223 517
223 877
223 929
224 478
224 641
225 567
225 650
225 653
225 656
225 868
226 249
226 776
226 851
226 904
226 926
227 410
227 602
227 681
227 895
228 641
228 998
229 240
229 553
229 733
229 937
230 638
230 781
230 832
230 853
230 969
231 321
231 487
231 538
231 566
231 890
232 408
232 438
232 901
232 977
232 993
232 995
233 474
233 522
233 810
233 839
233 977
234 426
234 597
234 871
234 872
235 410
235 669
235 739
235 917
235 929
235 959
236 323
236 854
236 952
237 470
237 485
237 713
238 658
238 716
239 253
239 265
239 936
240 432
240 433
240 435
240 710
240 735
240 754
240 820
241 249
241 609
241 754
241 946
242 793
242 859
243 469
243 537
243 960
243 993
244 344
244 400
244 498
244 649
245 275
245 359
245 373
245 610
245 820
245 852
245 999
246 478
246 718
246 945
246 966
246 974
246 982
247 914
247 998
248 374
248 390
248 409
248 486
248 989
249 291
249 403
249 417
249 793
249 832
249 893
249 990
250 308
250 405
250 455
250 761
250 892
251 363
251 600
251 656
251 703
252 307
252 566
252 853
253 382
254 532
254 566
255 445
255 528
255 826
255 989
256 322
256 468
256 869
257 318
257 347
257 399
257 706
257 996
258 375
258 550
258 638
258 787
258 901
258 963
259 285
259 350
259 546
259 554
259 560
259 567
259 577
259 805
259 816
260 436
260 977
261 456
261 477
261 790
261 868
261 907
261 973
261 995
262 399
262 611
262 688
262 838
262 878
262 879
262 951
262 969
263 271
263 282
263 419
263 436
263 576
263 809
263 822
264 281
264 718
264 792
265 415
265 454
265 560
265 731
265 761
265 982
266 306
266 395
266 472
266 490
266 871
266 945
267 481
267 495
268 701
268 855
268 961
269 279
269 293
269 502
269 804
269 930
270 408
270 412
270 712
270 881
270 965
271 436
271 612
271 708
271 812
272 337
272 359
272 635
273 527
273 737
274 307
274 320
274 328
274 420
274 645
275 335
275 383
275 697
275 729
275 796
275 976
276 316
276 514
276 692
276 800
276 858
276 861
277 295
277 438
277 609
277 625
277 678
277 702
277 987
278 419
278 572
278 960
279 400
279 720
279 760
279 788
279 855
279 918
279 980
280 474
280 604
280 842
281 306
281 335
281 595
282 322
282 418
282 866
283 649
283 768
283 875
284 352
284 968
285 386
285 447
285 656
285 749
285 967
286 471
286 782
286 888
287 505
287 573
287 576
287 940
288 434
288 773
288 849
288 901
288 981
288 991
289 465
289 528
289 818
289 903
289 907
290 449
290 650
290 751
290 780
291 649
291 657
291 775
291 977
292 440
292 471
292 930
293 332
294 330
294 474
294 916
295 469
295 583
296 634
296 739
296 818
296 917
297 471
297 497
297 518
297 635
297 831
298 317
298 846
298 889
299 504
299 518
299 662
299 815
300 334
300 337
300 443
300 609
300 693
300 869
300 943
301 506
301 612
301 671
301 720
302 434
302 578
302 672
302 783
303 469
303 484
303 536
303 611
304 339
304 416
304 694
304 883
305 641
305 833
305 962
306 349
306 539
306 586
306 871
307 425
307 767
307 784
307 915
308 576
308 793
309 692
309 702
309 813
309 976
310 462
310 781
311 469
311 554
312 640
312 838
312 914
312 935
313 866
314 358
314 489
314 512
314 683
314 869
314 964
315 599
315 782
316 329
316 349
316 699
316 768
316 802
316 817
316 946
316 963
317 331
317 595
317 672
317 806
317 986
318 363
318 756
319 335
319 535
319 850
319 868
320 365
320 757
320 782
320 849
321 399
321 455
321 512
321 553
322 378
322 409
322 536
322 537
322 661
323 624
323 689
323 693
323 955
324 357
324 439
324 485
324 507
324 545
324 665
324 842
324 966
324 970
325 428
325 439
325 505
325 661
325 678
325 696
326 432
326 774
326 831
327 377
327 475
327 493
327 499
327 512
327 848
327 934
328 345
328 406
328 757
328 844
328 872
329 463
329 641
330 679
330 720
330 875
330 903
330 997
331 696
332 497
332 510
332 558
332 798
332 804
332 809
332 860
333 336
333 397
333 528
333 704
334 340
334 497
334 879
334 916
334 974
335 658
336 388
336 482
336 520
336 558
336 775
336 851
336 911
337 380
337 552
337 868
338 450
338 688
338 742
338 991
339 427
339 607
339 715
339 743
339 888
340 386
340 720
340 934
341 380
341 682
341 722
341 727
341 906
341 957
342 423
342 453
342 702
343 430
343 847
344 381
344 435
344 591
344 872
345 566
345 739
345 865
345 918
346 453
346 541
346 761
346 884
347 431
347 807
347 992
348 429
348 465
348 762
348 876
349 410
349 501
349 795
350 437
350 442
350 512
350 574
350 835
350 919
350 947
351 358
351 455
351 529
351 594
351 726
352 445
352 506
352 626
352 808
353 549
353 611
353 813
353 970
354 590
354 737
355 367
355 839
356 404
356 564
356 580
356 662
356 867
356 947
357 767
357 916
358 795
358 858
358 993
359 559
359 632
359 803
359 817
360 484
360 490
361 393
361 543
361 550
361 602
361 701
362 439
362 774
362 893
362 909
362 939
363 471
363 618
363 727
363 729
363 803
363 864
364 751
364 865
365 755
365 850
366 401
366 698
366 797
366 978
367 433
367 590
367 770
367 820
367 994
368 592
369 376
369 381
369 660
369 732
369 795
369 976
370 462
370 533
370 673
370 697
370 746
371 483
371 775
371 897
372 498
372 644
372 905
373 834
373 992
374 430
374 520
374 592
374 743
374 965
375 400
375 474
375 692
376 476
376 511
376 727
376 995
377 382
377 470
377 586
377 851
377 953
378 512
378 624
378 726
378 818
378 905
379 484
379 608
379 666
380 541
380 810
380 976
381 464
381 698
381 936
382 405
382 877
382 937
383 443
383 880
383 962
384 456
384 716
384 750
384 785
384 996
385 401
385 413
385 591
385 916
385 963
386 421
386 535
386 593
386 679
386 788
386 839
386 899
387 699
387 726
387 782
387 828
388 826
388 912
388 961
389 653
389 823
390 660
390 662
390 847
390 863
391 502
391 769
391 784
391 792
392 408
393 401
393 582
393 612
393 905
393 974
393 988
394 843
394 960
395 698
395 828
395 841
395 886
395 973
396 596
396 836
396 868
396 881
397 484
397 549
398 842
398 877
398 898
398 940
399 510
399 646
399 772
400 610
400 701
401 541
401 556
401 647
401 833
402 450
402 575
402 702
402 705
402 732
403 414
403 430
403 515
403 677
403 895
403 903
404 442
404 631
404 666
404 984
404 992
405 504
405 526
405 987
406 908
407 455
407 562
407 564
407 717
407 760
407 812
407 851
407 852
407 867
407 920
407 923
408 464
408 768
409 421
409 727
409 919
409 978
410 510
410 714
410 797
410 831
410 873
411 420
411 626
411 703
411 744
411 781
412 572
412 585
412 640
412 751
412 871
412 898
413 440
414 459
414 479
414 548
414 670
414 704
414 817
415 724
415 985
416 691
416 850
416 958
417 431
417 483
417 567
417 804
417 869
417 871
418 738
418 913
418 998
419 429
419 822
419 910
419 944
419 963
420 424
420 484
420 693
421 507
421 527
421 552
421 656
421 978
422 519
422 765
422 840
423 623
423 688
423 811
423 887
424 435
424 449
425 932
425 977
425 980
426 440
426 503
426 540
426 706
426 938
427 439
427 543
427 544
427 666
427 730
427 811
428 648
428 795
428 877
428 905
429 444
429 511
429 611
429 625
429 698
429 737
429 760
429 862
429 941
430 541
430 783
431 469
431 954
432 630
433 648
433 650
433 781
433 854
434 771
434 990
436 553
436 710
436 744
436 833
436 855
436 906
436 936
438 779
438 831
439 666
439 759
439 773
440 500
440 574
440 623
440 647
440 718
441 498
441 563
441 617
441 888
443 591
443 705
443 737
444 562
444 635
444 988
445 498
445 602
446 474
446 734
446 847
447 919
447 949
447 980
448 653
448 964
449 618
449 630
449 633
449 680
449 761
450 514
450 718
450 721
450 745
450 746
450 825
450 886
452 674
453 477
453 582
453 773
453 908
454 573
454 769
455 711
455 732
455 913
456 535
457 855
457 925
458 557
458 750
459 752
459 878
459 934
460 497
460 628
460 640
460 778
460 942
460 944
460 983
461 616
461 770
461 828
461 952
461 980
462 495
462 501
462 517
462 685
462 897
462 959
462 994
463 608
463 843
465 672
465 804
465 830
466 717
466 835
466 911
466 958
467 489
467 691
467 871
468 488
468 518
468 724
468 931
468 997
468 999
469 694
469 695
469 806
469 875
469 971
470 658
470 781
471 963
472 580
472 602
472 717
472 757
472 947
473 513
473 696
473 982
474 527
474 654
474 662
474 869
474 964
474 985
475 713
475 747
475 855
476 534
476 745
477 675
477 936
478 525
478 812
478 867
478 881
478 976
479 621
480 514
480 594
480 767
480 781
480 881
480 959
481 556
481 730
481 910
482 572
482 606
482 948
483 951
484 627
484 838
484 849
484 955
485 707
485 794
485 852
485 924
486 635
486 973
487 585
487 897
488 605
488 873
488 881
488 917
488 952
489 784
489 935
490 719
491 679
492 614
492 721
492 841
492 964
492 970
493 496
494 500
494 521
494 706
494 712
495 685
495 798
496 677
496 710
496 975
497 739
497 754
497 767
497 874
497 933
497 977
498 539
499 862
499 863
499 955
500 629
500 775
500 778
500 883
500 960
501 648
501 764
501 988
502 506
504 612
504 627
504 973
505 783
506 565
506 709
506 714
506 727
506 801
506 849
507 961
508 584
508 620
509 893
510 727
511 668
512 565
512 693
512 743
512 994
513 629
513 681
513 820
513 870
514 519
514 597
514 645
514 708
514 891
514 919
515 558
515 667
515 836
516 568
516 578
516 674
516 804
516 926
516 943
516 944
517 554
517 640
517 729
517 764
517 811
517 985
518 618
518 655
518 855
518 936
519 861
519 944
520 788
520 928
520 962
521 535
521 633
521 681
522 716
522 720
522 798
522 812
522 869
522 910
523 635
523 733
523 754
524 664
524 717
524 783
525 643
525 982
526 554
526 937
527 645
527 732
527 835
527 934
527 947
527 965
528 701
528 728
528 910
529 552
529 906
529 962
530 601
530 661
530 675
530 914
532 554
532 562
532 599
532 847
533 561
533 608
533 959
534 644
534 697
534 765
535 549
535 589
535 647
535 997
537 539
537 582
538 777
538 868
539 640
539 654
539 745
540 744
540 762
541 555
541 799
541 867
541 887
542 754
542 764
542 953
543 656
543 748
544 713
544 751
545 897
546 826
546 900
547 924
547 957
548 561
548 765
548 916
548 968
548 985
549 947
550 600
550 878
551 655
551 786
551 843
551 900
551 913
552 624
552 690
552 758
552 934
553 694
553 754
554 691
554 831
554 918
554 982
555 890
556 706
556 861
556 873
556 967
557 759
557 851
558 646
558 856
559 594
560 904
560 927
560 959
560 990
561 697
561 795
561 801
561 867
562 917
563 761
563 776
563 931
564 586
564 732
564 885
564 941
565 655
566 598
566 848
568 710
568 891
569 739
569 822
570 894
571 665
571 839
572 579
572 681
572 773
573 663
574 675
575 685
575 923
577 968
578 683
578 716
578 808
578 973
579 700
579 999
580 681
580 738
580 878
580 886
580 959
581 607
581 903
583 629
583 802
584 669
584 758
585 961
585 988
587 650
587 732
587 902
587 923
588 725
588 730
588 900
589 831
589 867
590 692
590 861
590 881
590 968
590 979
591 639
591 843
592 719
592 792
592 814
592 836
593 730
593 834
594 790
595 909
595 935
595 972
596 780
596 782
597 709
597 822
597 931
597 962
598 637
598 860
599 760
599 943
600 731
600 932
601 639
601 861
602 670
602 744
602 755
602 895
603 685
603 828
603 918
604 662
605 720
606 779
606 899
606 956
606 976
607 729
607 814
607 951
608 762
608 809
609 719
609 825
609 975
611 680
611 758
611 962
612 631
612 645
612 956
613 842
614 855
614 884
615 706
615 714
615 884
616 807
618 972
619 927
620 654
620 684
620 822
620 868
620 995
621 747
622 632
622 773
622 883
622 911
623 650
623 868
623 957
624 872
625 630
625 646
625 685
625 798
625 816
625 872
625 896
625 996
626 628
626 654
626 810
626 897
626 919
627 669
627 766
627 910
627 964
628 670
628 954
629 937
631 679
633 671
633 714
634 636
634 909
635 793
635 813
635 818
635 849
636 651
636 723
636 733
637 762
637 807
638 708
638 903
640 769
640 830
640 923
641 682
641 777
642 743
643 891
643 924
644 717
644 924
646 663
646 689
646 793
646 796
646 817
646 858
646 877
647 809
647 939
648 950
649 901
649 912
650 873
650 975
651 738
651 798
651 822
651 866
652 774
653 691
653 859
653 882
653 933
654 656
654 857
655 818
656 833
657 697
657 736
657 795
657 998
658 721
659 670
659 711
659 740
659 836
660 859
661 985
662 801
662 831
662 861
662 993
663 749
664 686
664 747
664 958
665 895
666 720
666 747
666 764
667 688
667 920
668 708
668 884
669 687
670 976
672 680
672 821
672 996
673 805
673 834
673 927
674 720
674 994
675 746
675 770
676 923
676 998
677 793
677 867
678 754
680 977
681 691
681 911
682 732
683 761
683 817
684 920
685 695
685 847
687 837
687 879
687 952
687 973
688 933
688 950
689 709
689 976
690 960
690 961
691 713
691 836
692 876
692 964
694 981
695 945
695 955
698 795
698 889
698 983
700 840
700 846
701 937
702 712
702 880
702 914
703 809
704 935
706 732
707 970
707 991
708 740
708 784
708 801
708 910
708 919
708 965
709 846
709 969
711 853
711 953
711 978
713 819
713 831
713 915
714 777
715 841
715 872
715 928
715 947
716 831
717 883
718 947
718 980
719 753
719 872
719 954
719 983
720 865
722 967
724 755
724 770
724 881
724 908
725 731
725 819
726 778
727 728
727 845
727 969
728 784
728 919
729 805
730 742
730 859
730 879
730 887
731 822
732 983
733 824
736 742
736 881
739 824
739 838
739 932
741 917
741 986
742 801
742 974
743 944
744 993
745 759
745 811
745 861
745 917
749 761
749 887
750 787
750 918
750 924
750 999
751 767
751 889
751 910
753 839
753 847
753 917
753 941
754 982
756 839
756 938
758 853
759 913
759 969
760 768
760 894
761 798
762 798
762 945
764 982
765 789
765 834
768 805
768 891
769 940
770 796
770 805
770 828
770 964
771 772
772 795
772 953
773 981
774 834
774 991
775 812
776 811
776 863
777 985
778 857
779 912
779 991
780 868
780 882
781 932
781 983
782 932
783 840
783 929
783 993
784 944
785 870
786 846
786 867
786 880
786 885
787 802
788 822
788 955
788 991
790 825
790 906
791 818
791 841
791 978
792 958
792 993
793 829
793 850
793 970
794 882
794 957
794 973
795 862
795 882
795 886
796 880
799 871
799 940
801 850
801 930
803 844
803 915
803 997
804 941
804 951
805 899
805 972
806 876
806 897
806 954
807 890
809 935
811 821
812 917
813 861
814 882
814 945
814 998
815 867
815 990
818 910
818 975
819 875
820 893
821 855
821 861
821 909
821 970
822 887
822 951
823 981
826 840
827 994
828 909
829 934
829 940
830 870
830 906
832 950
833 960
836 975
837 860
837 994
838 942
838 958
841 973
842 849
842 923
843 907
845 896
846 947
846 996
847 855
850 856
850 973
850 994
852 899
853 877
854 974
856 866
857 968
859 896
859 988
864 993
865 931
866 871
867 876
867 931
868 874
868 961
869 911
869 925
870 909
871 879
871 906
871 943
871 986
874 938
874 984
876 920
882 963
883 888
883 994
885 984
887 892
887 936
888 919
889 896
890 926
895 948
899 935
899 977
902 915
902 916
904 969
905 993
907 935
908 961
912 923
916 921
916 999
918 932
919 980
921 925
922 926
927 966
937 963
940 941
943 974
943 990
951 980
957 995
958 959
960 965
966 991
969 981
0
10 999
