1000	2908	 1
0 52
0 73
0 153
0 519
0 618
0 918
1 87
1 178
1 341
1 438
1 556
1 607
2 131
2 331
2 505
2 693
2 807
2 831
2 864
2 869
3 415
3 440
3 509
3 582
3 604
4 55
4 221
4 377
4 650
4 950
5 315
5 922
6 59
6 179
6 282
6 351
6 676
6 682
7 133
7 385
7 403
7 910
7 949
8 141
8 265
8 481
8 630
8 689
8 707
8 709
8 783
8 946
9 67
9 391
9 528
9 626
9 701
9 846
10 90
10 160
10 200
10 671
10 673
11 22
11 91
11 426
11 780
11 835
12 59
12 117
12 349
12 677
12 873
12 895
13 47
13 224
13 527
13 533
13 971
14 211
14 439
14 462
14 549
14 653
15 97
15 126
15 237
15 536
15 659
15 684
15 893
16 189
16 376
16 626
16 980
17 326
17 813
17 893
17 969
18 62
18 114
18 210
18 319
18 399
18 757
19 175
19 214
19 405
19 587
19 622
19 855
19 950
19 976
19 977
20 416
20 872
21 242
21 407
21 709
21 742
22 103
22 130
22 139
22 472
22 806
22 824
23 403
23 406
23 442
23 699
23 943
23 975
24 201
24 246
24 565
24 902
24 944
25 207
25 237
25 287
25 382
25 397
25 875
26 83
26 461
26 806
27 193
27 341
27 370
27 635
27 679
28 79
28 229
28 581
28 624
29 540
29 979
30 155
30 220
30 375
30 455
30 643
30 875
30 988
31 33
31 330
31 406
31 416
31 574
31 643
31 829
32 359
32 509
32 524
32 582
32 841
32 871
32 952
33 331
33 396
33 478
33 682
33 832
33 965
34 163
34 754
35 129
35 340
35 538
35 643
35 839
35 888
35 911
35 921
36 96
36 146
36 154
36 250
36 506
36 661
36 900
36 938
36 974
36 999
37 167
37 302
37 387
37 462
37 521
37 701
37 928
38 133
38 216
38 254
38 285
38 846
39 157
39 229
39 517
39 854
40 374
40 566
40 581
40 695
40 903
41 144
41 204
41 264
41 558
41 784
41 792
41 841
42 187
42 815
42 964
42 996
43 131
43 273
43 303
43 366
43 450
43 580
43 623
43 894
44 109
44 230
44 246
44 370
44 495
44 763
45 132
45 231
45 272
45 700
45 759
45 790
45 836
45 857
45 945
46 240
46 700
46 703
47 119
47 420
47 743
47 914
47 966
48 236
48 259
48 506
48 556
48 716
49 125
49 397
49 777
50 555
50 778
50 917
51 312
51 388
51 785
52 462
52 628
52 749
52 787
52 991
53 198
53 476
53 520
53 738
53 785
53 840
54 166
54 527
54 830
55 110
55 241
55 527
55 822
56 132
56 524
56 605
56 891
56 902
57 517
57 559
57 664
57 676
57 757
57 988
58 334
58 399
58 467
58 537
58 580
58 661
59 126
59 281
59 316
59 458
59 733
59 821
59 831
59 871
60 136
60 233
60 716
60 835
61 134
61 518
61 607
61 720
61 772
61 905
61 980
62 274
62 617
62 663
62 744
62 927
63 225
63 719
63 769
63 906
64 324
64 394
64 566
64 730
64 749
64 907
65 69
65 197
65 206
65 838
65 968
66 600
66 747
66 976
67 446
67 737
67 742
67 940
67 998
68 133
68 447
68 738
68 777
69 184
69 231
69 438
69 490
69 937
69 971
70 255
70 275
70 338
70 725
70 996
71 105
71 272
71 484
71 621
71 667
72 113
72 529
72 656
72 674
72 908
73 436
73 527
73 685
73 799
73 966
74 134
74 191
74 197
75 350
75 463
75 513
75 567
75 585
75 713
75 842
76 452
76 511
76 784
76 808
76 811
76 824
76 848
77 102
77 193
77 301
77 368
77 398
77 475
77 821
77 945
78 138
78 600
78 984
79 106
79 493
79 800
79 843
80 379
80 580
80 647
81 326
81 834
81 969
81 985
82 181
82 343
82 378
82 449
82 471
82 556
82 565
82 587
83 599
83 630
83 815
83 854
83 988
84 228
84 407
84 452
84 490
84 676
84 751
85 132
85 149
85 380
86 149
86 159
86 249
86 357
86 593
86 931
87 401
87 456
87 779
87 995
88 133
88 157
88 222
88 398
88 907
88 993
89 245
89 356
89 545
89 791
89 902
90 155
90 163
90 204
90 452
90 597
90 697
90 749
90 762
90 764
90 884
90 987
91 128
91 202
91 515
91 647
91 689
91 880
92 309
92 343
92 444
92 583
92 894
93 190
93 412
93 460
93 578
93 703
93 734
94 157
94 301
94 323
94 403
94 415
94 594
94 759
94 871
95 99
95 158
95 396
95 561
95 722
95 838
96 279
96 496
96 715
96 774
96 942
96 999
97 139
97 349
97 774
97 899
98 190
98 233
98 316
98 633
98 755
98 926
99 489
99 633
99 735
99 737
99 917
100 525
100 587
100 743
100 985
100 992
101 248
101 317
101 602
102 126
102 276
102 285
102 816
102 845
102 859
103 435
103 514
103 587
103 865
103 966
104 153
104 238
104 282
104 644
104 887
104 999
105 207
105 463
105 689
106 144
106 522
106 590
106 596
106 639
106 893
107 193
107 657
107 689
107 818
107 998
108 140
108 575
108 842
108 905
109 127
109 353
109 414
109 436
109 626
109 986
110 485
110 628
110 732
110 850
110 945
111 385
111 507
111 744
112 200
112 546
112 587
112 710
112 747
112 991
113 510
113 632
113 699
113 740
113 765
113 817
113 986
114 247
114 344
114 915
114 965
115 463
115 478
115 623
116 204
116 247
116 289
116 442
116 501
116 530
117 210
117 459
117 537
117 578
117 776
117 860
118 258
118 379
118 747
118 783
119 227
119 554
119 702
119 888
119 977
120 235
120 324
120 689
121 165
121 292
121 303
121 751
121 847
122 229
122 379
122 604
122 660
122 794
122 939
123 136
123 174
123 320
123 399
123 472
123 493
123 506
123 657
123 837
123 882
124 202
124 342
124 407
124 518
124 545
124 768
124 795
124 965
124 992
125 152
125 219
125 339
125 448
125 835
126 406
126 520
126 619
126 651
126 685
126 711
126 984
127 201
127 375
127 765
127 886
128 157
128 554
128 564
128 593
128 878
128 954
129 352
129 418
129 425
129 602
129 795
129 875
130 168
130 297
130 301
130 354
130 828
130 938
131 232
131 278
131 489
131 720
131 751
132 263
132 491
132 538
132 726
132 744
133 156
133 370
133 553
134 184
134 206
134 400
134 420
134 545
134 983
135 512
135 734
135 969
136 341
136 343
136 345
136 666
137 237
137 296
137 392
137 447
137 471
137 513
137 514
137 638
137 908
138 143
138 157
138 760
138 958
139 276
139 398
139 643
140 184
140 244
140 259
140 275
140 444
140 555
140 717
140 800
140 969
141 162
141 510
141 701
141 954
142 199
142 242
142 318
142 330
142 362
142 801
142 911
143 603
143 740
144 169
144 176
144 334
144 356
145 302
145 636
145 812
145 867
145 946
145 966
145 982
146 250
146 348
146 847
146 899
147 606
147 648
147 929
148 273
148 345
148 604
148 755
148 830
149 249
149 472
149 504
150 163
150 167
150 300
150 337
150 480
150 641
150 822
151 240
151 374
151 416
151 558
151 723
151 806
151 832
151 834
152 225
152 307
152 393
152 396
152 460
152 471
153 282
153 404
153 492
153 560
153 633
154 352
154 489
154 613
154 653
154 700
155 411
155 597
155 858
155 968
155 983
156 164
156 369
156 596
156 806
157 229
157 305
157 347
157 496
157 645
157 880
158 214
158 278
159 352
159 804
159 813
160 181
160 244
160 693
161 228
161 440
161 449
161 619
161 773
161 955
162 369
162 441
162 897
163 172
163 238
163 363
163 495
163 622
163 625
163 798
164 297
164 442
164 760
165 360
165 787
165 833
166 169
166 178
167 271
167 338
167 617
167 668
167 685
168 214
168 456
168 567
168 691
168 810
168 819
169 484
169 610
169 967
169 968
169 971
170 277
170 368
170 499
170 617
171 186
171 275
171 289
171 329
171 337
171 400
171 438
171 444
171 455
171 563
172 311
172 471
172 502
172 560
172 619
172 627
172 636
172 690
172 715
172 807
172 898
173 269
173 799
174 436
174 542
174 585
174 681
175 246
175 409
175 448
175 554
175 761
176 206
176 607
176 623
176 684
176 729
177 268
177 309
177 366
177 431
177 585
177 927
177 960
178 227
178 477
178 482
179 224
179 238
179 425
179 521
179 662
180 197
180 277
180 326
180 480
180 581
180 706
180 877
180 974
181 623
181 699
181 824
181 953
182 239
182 712
182 767
183 246
183 381
183 407
183 496
183 613
183 649
183 698
183 751
184 213
184 335
184 437
184 477
184 579
184 708
184 951
184 996
185 441
186 409
186 872
187 202
187 304
187 331
187 635
187 896
188 453
188 458
188 578
188 640
188 875
188 949
189 270
189 523
189 552
189 627
189 761
190 517
190 876
190 898
191 464
191 503
191 553
191 630
191 676
191 796
192 240
192 447
192 561
192 862
193 198
193 203
193 682
193 919
194 249
194 582
194 841
194 930
195 317
195 517
195 557
195 621
195 689
195 796
195 824
195 869
195 876
196 243
196 400
196 501
196 609
196 785
196 877
197 231
197 275
197 282
197 334
197 465
197 608
198 284
198 464
198 573
198 795
198 915
199 298
199 374
199 432
199 739
199 854
199 915
200 566
200 611
200 954
201 306
201 823
201 844
201 854
201 956
202 349
202 762
202 771
202 793
202 921
202 999
203 326
203 918
203 960
204 324
204 629
204 769
204 820
204 990
205 215
205 296
205 454
205 663
205 811
206 398
206 466
206 468
206 505
206 520
206 707
206 731
207 330
207 619
207 915
207 927
208 474
208 664
208 827
209 293
209 410
209 515
209 577
209 609
209 883
209 915
209 932
210 323
210 475
211 214
211 626
211 727
212 250
212 453
212 616
212 636
213 412
213 516
213 542
213 693
213 717
213 729
213 753
214 433
214 512
214 968
215 615
215 664
215 859
216 321
216 492
216 525
216 635
217 236
217 287
217 346
217 563
217 651
217 843
218 236
218 352
218 472
218 761
218 789
218 792
218 896
218 906
219 283
219 875
219 888
219 893
219 961
220 424
220 749
220 812
221 634
221 682
221 735
221 999
222 453
222 511
222 702
222 765
222 928
222 991
223 246
223 315
223 701
224 323
224 518
224 869
224 959
225 248
225 371
225 528
225 546
225 629
225 671
225 809
226 465
226 594
226 636
226 681
226 723
226 858
226 909
227 428
227 681
227 825
228 247
228 641
228 720
229 274
229 278
229 423
229 448
229 615
229 657
229 682
229 859
230 604
230 863
231 386
231 396
231 791
231 823
231 974
232 645
232 873
232 944
233 804
233 944
234 335
234 598
234 639
234 730
234 792
234 794
234 872
234 970
234 976
235 317
235 444
235 451
235 513
235 634
236 550
237 782
237 960
238 258
238 261
238 413
238 498
238 640
238 652
238 769
238 962
239 278
239 341
240 273
240 402
240 466
240 551
240 573
240 614
240 854
240 920
241 250
241 327
241 813
242 502
242 923
243 357
243 569
243 664
244 402
244 884
244 978
244 993
245 405
245 506
245 555
245 566
245 627
245 770
245 822
245 881
245 902
246 507
247 334
247 377
247 585
248 512
248 626
248 904
248 917
249 535
249 752
250 339
250 343
250 405
250 422
250 623
250 712
250 779
251 335
251 956
252 461
252 476
252 594
252 642
253 377
253 390
253 412
253 468
253 614
253 802
253 941
253 961
254 387
254 435
254 823
254 854
255 545
255 874
255 938
256 492
256 529
256 772
257 358
257 476
257 534
257 770
257 877
258 627
258 892
259 553
259 570
259 881
260 359
260 788
260 898
260 975
261 435
261 522
261 703
261 730
261 986
262 387
262 473
262 534
262 583
262 864
263 293
263 547
263 566
263 800
263 827
264 382
264 467
264 546
264 641
264 696
264 744
264 901
265 280
265 828
266 271
266 316
266 325
266 532
266 762
266 775
266 792
266 807
266 933
267 280
267 371
267 437
267 515
267 537
267 831
267 876
268 330
268 544
268 829
268 855
268 925
269 559
269 871
270 765
270 804
270 948
270 999
271 374
271 485
271 568
271 621
271 729
272 499
272 502
272 740
272 976
273 541
273 708
274 340
274 352
274 406
274 465
274 564
274 724
274 885
274 971
275 416
275 430
275 467
275 555
277 362
277 462
277 470
277 781
277 806
277 823
277 993
278 493
278 573
278 673
279 355
279 475
279 648
279 856
280 753
281 558
281 865
282 353
282 398
282 507
282 588
282 730
282 969
283 340
283 413
283 555
283 597
283 881
283 915
284 424
284 619
284 765
284 822
284 830
284 947
285 477
285 768
285 783
285 874
285 922
285 960
286 311
286 477
286 631
286 957
287 341
287 685
287 686
287 776
287 886
287 906
287 940
287 996
288 549
288 826
288 852
288 857
288 905
289 537
289 604
289 843
289 964
290 350
290 631
290 644
290 858
291 301
291 338
291 630
291 880
292 355
292 663
292 771
292 950
293 321
293 345
293 832
293 930
293 949
294 564
294 587
294 644
294 709
294 981
295 508
295 511
295 517
295 540
295 689
296 310
296 625
296 643
296 660
296 714
296 718
297 771
297 800
298 594
298 639
298 790
299 526
299 895
299 971
300 550
300 554
300 555
300 694
300 793
300 905
301 439
301 571
301 657
302 560
302 576
302 743
302 744
302 838
302 882
302 964
302 973
303 646
303 980
304 540
304 757
304 906
305 389
305 471
305 746
306 325
306 417
306 581
306 801
306 879
307 389
307 450
307 500
307 706
307 763
307 876
308 570
309 368
309 481
309 757
309 803
309 914
309 956
309 979
310 416
310 552
310 784
311 354
311 410
311 850
311 899
312 325
312 407
312 467
313 407
313 804
313 808
313 851
313 887
313 987
314 584
314 759
314 795
314 813
314 976
315 323
315 906
316 328
316 402
316 590
317 415
317 570
317 718
317 764
317 767
317 879
317 994
318 425
318 558
318 599
318 635
318 822
318 906
318 949
318 969
319 375
319 399
319 406
319 421
319 497
320 647
320 660
320 695
321 322
321 947
321 957
322 365
322 463
322 500
322 542
322 564
322 810
322 844
322 904
323 346
323 723
323 816
323 841
324 398
324 698
324 799
324 935
326 357
326 515
326 582
326 636
326 726
327 398
327 589
327 650
328 430
328 829
328 944
328 981
329 673
329 825
329 855
330 380
330 714
330 786
330 891
331 455
331 470
331 776
331 958
332 345
332 365
332 537
332 827
332 984
333 539
333 789
333 792
333 943
334 741
335 523
335 660
335 690
336 627
336 706
337 406
337 529
338 757
338 774
338 962
339 543
339 725
339 745
340 439
340 622
340 817
340 854
341 345
341 978
342 349
342 470
342 616
343 348
343 365
343 890
344 810
344 827
344 841
345 567
345 735
345 978
346 366
346 385
346 442
346 507
346 763
346 879
346 888
347 475
347 532
347 665
347 928
348 479
348 595
348 683
348 808
348 869
349 711
349 754
349 890
350 366
350 375
350 378
350 426
350 647
350 668
350 775
350 807
351 465
351 936
351 937
351 942
352 426
352 452
352 462
352 685
352 973
353 355
353 691
353 816
354 408
354 703
354 743
354 842
354 851
354 967
354 987
355 575
355 795
356 367
356 446
356 457
356 611
357 385
357 398
357 492
358 742
358 918
358 986
359 377
359 480
359 791
359 865
359 979
360 415
360 956
361 498
361 499
361 515
361 851
362 383
362 424
363 548
363 730
363 827
364 371
364 599
364 698
364 719
364 761
364 954
365 849
366 585
366 784
366 844
367 406
367 568
367 662
367 760
367 908
368 660
368 919
368 994
369 392
369 412
369 604
369 680
369 837
370 618
370 709
370 806
371 385
371 836
371 876
372 490
372 630
372 647
373 704
373 801
373 938
374 487
374 934
375 523
375 869
376 404
376 606
376 724
377 606
377 626
378 701
378 837
378 933
379 510
379 645
379 724
379 850
379 851
380 421
380 554
381 770
381 806
381 917
381 938
382 411
382 613
382 732
382 775
382 952
382 966
383 449
383 723
383 730
384 419
384 590
384 780
385 530
385 615
385 652
386 490
386 647
386 691
386 716
386 802
386 828
387 514
387 521
387 666
388 430
388 437
388 505
388 955
389 471
389 533
389 598
390 530
390 691
391 593
391 758
391 859
391 959
392 419
392 559
392 560
392 635
392 799
392 998
393 435
393 809
393 947
394 456
394 551
394 956
394 974
395 416
395 424
395 634
395 798
395 963
396 553
397 448
397 512
397 562
397 598
397 618
397 798
397 913
398 403
398 453
398 533
398 536
398 617
398 814
398 957
399 529
399 530
399 791
399 892
400 570
400 948
400 952
400 999
401 692
401 889
402 634
402 853
403 590
403 854
403 894
404 414
404 435
404 580
404 852
404 913
405 598
405 700
406 488
406 522
406 585
406 668
406 842
407 596
407 614
407 789
408 465
408 521
408 751
408 928
408 955
409 468
409 544
409 612
409 656
409 908
410 494
410 680
410 898
410 920
411 748
411 755
411 853
411 863
411 907
412 916
412 994
413 985
414 559
414 603
414 704
414 718
414 838
416 495
416 562
416 745
416 930
417 501
417 886
418 626
418 841
419 650
419 729
419 742
419 966
419 979
421 784
421 791
422 543
422 705
422 719
422 993
423 794
423 835
423 851
424 436
424 453
424 520
424 536
424 931
425 826
425 857
426 488
426 739
426 845
426 983
427 431
427 836
427 879
428 584
428 621
428 719
428 821
428 969
429 446
429 517
429 541
429 570
429 669
429 680
429 914
430 624
430 673
430 675
430 715
430 807
431 740
431 889
432 468
432 604
432 638
432 642
432 923
432 936
433 454
433 973
433 984
434 579
434 661
434 741
434 758
434 868
435 471
435 672
436 633
436 805
437 469
437 523
437 539
437 669
438 765
439 492
439 695
440 520
440 549
440 818
441 640
441 756
441 864
441 901
441 912
442 567
442 981
443 523
443 685
443 688
443 921
444 459
444 649
444 891
445 787
445 824
445 968
446 496
446 797
447 503
447 511
447 610
447 638
447 891
447 924
448 561
448 832
448 954
449 600
450 731
450 906
450 912
450 950
450 999
451 787
452 559
452 658
452 890
453 488
453 746
453 776
453 793
453 963
454 884
454 906
455 975
456 620
456 629
456 678
456 742
457 501
457 702
458 612
458 642
458 684
458 759
458 785
458 808
459 502
459 621
459 936
460 578
460 631
460 745
460 789
460 910
461 756
461 874
461 956
462 512
462 724
462 767
463 788
464 481
465 472
465 615
465 849
465 895
466 761
467 731
467 944
467 991
468 490
468 850
469 773
469 780
469 785
469 873
470 502
470 678
470 724
470 951
470 958
471 715
471 831
473 541
473 763
473 813
473 994
474 498
474 501
474 996
475 479
475 726
475 775
475 798
475 840
476 489
476 533
476 702
477 627
477 729
478 483
478 810
479 985
480 559
480 619
480 963
482 558
482 702
482 852
483 492
483 854
483 970
484 582
484 725
484 738
484 794
484 808
484 836
484 839
484 856
484 916
485 663
486 679
487 613
487 677
488 536
488 930
489 678
489 901
490 633
490 687
490 963
491 584
492 519
492 585
492 588
492 743
493 619
493 817
493 966
494 529
494 590
494 625
494 670
494 722
495 588
496 501
497 784
497 902
497 942
497 997
498 558
498 576
498 900
499 525
499 631
499 780
499 886
500 541
500 727
501 657
501 718
501 723
502 774
502 829
502 865
502 999
503 565
503 954
504 772
504 956
504 959
504 989
505 785
505 794
505 801
505 905
506 724
506 768
506 774
506 802
507 631
507 652
507 768
507 863
507 876
507 910
507 926
507 973
507 982
508 570
508 616
508 670
508 934
509 572
509 592
509 724
510 527
510 755
510 871
511 639
511 642
511 998
512 643
512 645
512 657
512 798
512 818
513 608
513 734
514 595
514 950
516 562
516 759
516 826
517 527
517 575
517 584
517 740
517 934
518 570
518 842
518 882
519 568
519 579
519 976
520 592
520 649
520 817
520 845
521 970
522 859
522 860
522 915
523 645
523 875
524 554
524 577
524 595
524 600
524 745
524 894
525 771
525 921
526 701
526 843
526 911
527 533
528 531
528 718
528 902
529 561
529 604
531 542
531 825
532 620
532 764
533 631
534 825
534 831
534 839
535 545
535 733
535 936
535 979
536 556
537 544
537 671
537 841
537 887
538 628
538 823
538 840
539 824
540 633
540 873
541 632
541 664
541 749
541 830
542 650
543 574
543 578
545 889
546 879
546 908
547 689
547 913
548 685
548 977
549 789
550 619
550 643
550 946
550 984
551 585
551 809
551 811
551 969
552 618
552 831
553 672
553 879
554 750
554 877
554 944
555 798
556 752
556 804
556 900
556 991
557 880
558 802
559 570
559 861
559 891
560 654
560 892
561 724
561 754
561 895
561 963
562 681
562 794
563 603
563 682
563 958
564 612
564 783
564 919
565 705
565 840
565 899
566 840
566 943
567 599
567 630
567 717
567 827
568 900
568 926
569 872
570 680
570 861
570 985
571 585
571 971
572 595
572 620
572 636
572 686
572 880
573 678
573 803
573 866
574 639
575 852
576 603
576 748
576 920
576 948
578 640
578 757
579 647
579 965
579 986
580 721
580 740
580 938
581 652
581 838
582 691
583 618
583 638
584 760
584 914
584 919
585 662
585 875
586 650
586 955
586 986
587 621
587 958
588 657
588 752
588 920
589 895
589 975
590 821
590 870
590 932
590 999
591 912
591 931
592 843
593 628
593 896
594 636
594 687
594 838
595 606
595 611
595 797
595 850
596 672
596 963
597 797
597 956
598 731
598 777
598 920
598 962
598 974
599 813
600 720
600 728
600 753
600 754
600 766
600 825
600 857
601 762
601 798
602 846
602 875
603 728
603 735
603 756
604 722
605 615
607 866
607 994
608 655
608 755
608 882
609 646
609 716
609 788
610 815
610 895
610 927
611 723
611 783
611 887
612 736
614 852
614 875
614 983
614 985
615 779
616 716
616 804
616 902
617 771
617 853
618 674
618 981
619 869
619 929
620 750
621 765
622 707
622 819
624 648
624 953
625 652
625 700
625 820
626 692
627 667
627 692
627 756
628 693
628 783
629 647
629 807
629 851
630 870
631 830
632 702
633 677
633 944
634 694
634 740
636 927
637 788
637 950
638 849
638 885
638 909
638 983
639 694
640 716
640 778
640 932
641 645
641 678
641 768
641 950
642 820
644 694
644 735
645 732
645 754
645 771
645 786
645 844
645 915
645 946
646 658
646 968
647 677
648 702
648 949
648 978
649 815
651 743
651 993
652 933
653 679
653 686
653 721
653 934
653 946
654 745
654 769
654 830
655 755
655 797
657 693
657 952
658 679
658 870
658 928
659 822
659 903
660 852
660 920
661 721
662 783
662 906
662 936
663 819
663 959
664 729
664 742
664 926
665 688
665 735
665 874
666 734
666 911
667 670
667 764
667 858
668 764
669 718
669 919
670 674
670 691
670 796
670 890
671 704
671 844
673 948
673 976
675 724
675 926
676 755
676 781
676 906
677 912
677 963
678 756
679 902
679 903
680 698
680 727
680 840
680 992
681 711
681 842
682 700
683 818
685 734
685 884
685 940
687 918
687 995
688 817
690 762
690 989
691 735
691 833
692 718
692 768
693 786
693 820
693 824
693 903
694 801
694 855
695 780
695 887
696 806
696 832
696 907
697 825
697 906
698 780
698 841
699 741
699 773
699 811
699 953
699 973
699 981
700 909
701 817
701 837
701 922
701 963
701 977
702 720
702 733
702 791
702 922
704 963
705 786
705 866
705 954
706 772
706 777
706 800
708 727
709 924
709 956
709 977
710 972
711 925
712 731
713 727
713 900
713 907
714 721
715 814
715 884
718 821
718 901
718 921
718 975
719 742
719 786
719 838
719 985
721 800
721 863
722 847
723 844
725 881
725 889
726 731
727 752
727 907
727 992
728 730
728 822
728 826
728 932
729 735
729 835
730 736
730 738
730 782
730 825
731 820
732 734
733 756
733 891
733 893
733 952
734 789
734 962
734 996
735 863
736 943
736 949
736 979
738 862
738 874
738 971
739 894
739 939
739 961
740 803
742 820
744 748
744 805
745 931
746 833
746 865
746 907
746 971
747 810
747 925
747 940
748 801
748 810
748 814
748 911
749 818
750 762
750 844
751 927
752 856
752 862
752 935
752 976
753 940
754 755
754 927
756 760
756 909
757 807
757 942
757 984
758 960
759 894
759 967
760 840
761 850
762 778
762 862
762 976
763 859
763 878
764 826
764 834
764 989
766 845
766 950
769 903
769 946
771 830
771 997
774 846
774 971
775 801
775 949
777 977
778 872
778 888
778 903
779 959
780 857
780 934
781 896
782 823
782 841
782 883
782 957
783 859
783 878
783 933
783 935
783 953
787 887
788 923
788 926
789 822
792 948
793 936
793 953
794 834
794 854
794 996
795 881
795 915
795 992
796 991
797 899
797 926
797 939
799 933
801 979
802 883
802 963
802 965
802 977
803 901
804 816
805 844
805 917
806 843
806 909
808 885
808 909
808 935
808 956
808 973
811 853
811 924
812 996
815 847
815 919
818 865
818 950
820 862
821 968
822 843
822 860
822 940
823 920
827 949
828 840
828 858
831 835
833 983
834 927
834 998
835 946
835 982
835 994
836 904
836 913
837 924
838 867
839 911
841 929
841 962
843 918
844 931
848 961
848 966
852 975
853 859
853 903
854 984
855 975
859 887
860 887
862 898
863 995
866 881
866 961
866 985
867 925
868 872
869 990
870 959
874 974
875 889
876 994
877 926
880 952
883 903
887 948
887 962
887 969
889 931
891 935
892 991
893 947
894 896
896 923
897 962
898 947
898 979
901 924
901 943
904 917
906 908
908 940
912 986
916 990
919 921
920 969
920 994
921 938
921 972
926 976
933 987
944 950
953 972
956 966
958 962
964 968
976 999
991 999
0
10 999
