1000	3011	 1
0 455
0 982
1 3
1 60
1 219
1 389
1 788
1 799
1 890
2 150
2 185
2 409
2 491
2 758
2 847
2 866
3 23
3 272
3 411
3 513
3 679
3 717
3 764
4 292
4 645
4 704
4 920
4 954
4 998
5 56
5 260
5 339
5 461
5 462
5 527
5 683
6 46
6 57
6 181
6 206
6 252
6 294
6 600
6 658
6 855
6 860
6 870
6 884
6 889
6 923
6 975
7 89
7 290
7 604
7 627
7 932
7 979
7 987
8 415
8 419
8 479
8 503
8 531
8 992
9 80
9 334
9 694
9 888
10 58
10 232
10 278
10 293
10 448
10 671
10 923
10 934
11 335
11 374
11 387
11 411
11 485
11 626
11 965
11 994
12 40
12 230
12 268
12 284
12 290
12 335
12 630
12 784
12 789
12 870
13 191
13 443
13 449
13 455
13 498
13 571
13 671
13 786
14 18
14 403
14 406
14 584
14 709
15 477
15 722
15 856
15 890
15 953
16 31
16 264
16 376
16 424
16 441
16 448
16 587
16 700
16 804
16 811
16 897
16 994
17 488
17 775
17 962
18 460
18 562
18 616
18 838
19 103
19 190
19 344
19 472
19 473
19 818
19 985
20 175
20 321
20 513
21 105
21 766
21 827
21 901
21 959
22 63
22 390
22 423
22 513
22 549
22 777
22 781
22 871
22 966
23 32
23 46
23 417
23 483
23 674
23 795
23 797
23 828
24 94
24 140
24 205
24 367
24 415
24 818
24 842
25 60
25 314
25 466
25 809
25 953
25 980
26 198
26 303
26 350
26 879
26 885
26 889
26 899
27 391
27 548
27 977
28 175
28 188
28 265
28 519
29 168
29 281
29 429
29 527
29 539
29 566
29 638
29 645
29 666
30 127
30 224
30 402
30 540
30 626
30 716
30 786
31 150
31 508
31 613
31 727
31 815
31 898
32 172
32 288
32 451
32 563
32 669
32 735
32 924
33 35
33 105
33 179
33 557
33 658
33 853
33 900
33 960
34 117
34 261
34 315
34 569
34 619
34 666
35 89
35 108
35 298
35 576
35 901
36 85
36 126
36 294
36 307
36 325
36 385
36 485
36 992
37 104
37 116
37 134
37 333
37 429
37 451
37 475
37 567
37 613
37 872
38 220
38 636
38 748
38 814
38 975
39 81
39 938
39 988
40 182
40 246
40 386
40 543
40 719
40 817
41 487
41 672
41 796
41 876
41 877
41 980
42 134
42 282
42 562
42 584
42 817
42 853
43 96
43 223
43 608
43 718
43 862
44 77
44 135
44 398
45 543
45 699
45 947
46 81
46 504
46 546
46 752
47 118
47 135
47 165
47 218
47 251
47 485
47 701
47 900
48 114
48 179
48 302
48 352
48 540
48 628
48 929
49 539
49 712
49 925
50 62
50 109
51 73
51 301
51 673
52 466
52 517
52 656
52 769
52 912
52 980
53 93
54 387
54 421
54 504
54 641
54 679
54 757
54 864
54 908
54 933
54 965
54 967
55 168
55 298
55 331
55 446
55 457
55 563
55 574
55 613
55 637
55 998
56 167
56 206
56 236
56 321
56 335
56 493
56 639
56 780
56 944
57 121
57 314
57 361
57 506
57 734
57 869
58 151
58 188
58 391
58 408
58 492
58 721
58 911
59 75
59 84
59 277
59 350
59 453
59 701
59 927
60 64
60 365
60 694
61 72
61 406
61 572
61 886
62 127
62 210
62 484
62 549
62 642
62 649
62 725
62 763
63 89
63 106
63 507
63 584
63 723
64 168
64 205
64 274
64 345
64 373
64 648
65 126
65 136
65 634
65 658
65 659
65 671
65 692
65 929
65 990
66 91
66 167
66 426
66 523
66 970
67 377
67 631
67 802
67 839
67 851
67 919
67 978
68 151
68 311
68 722
68 782
69 74
69 162
69 353
69 553
69 653
69 769
70 557
70 581
70 694
70 865
71 150
71 198
71 602
71 646
71 754
71 996
72 144
72 483
72 540
72 577
72 801
72 964
73 219
73 501
73 629
73 639
73 791
73 807
73 988
74 123
74 369
74 439
74 648
74 651
74 865
74 982
75 369
75 510
75 540
75 847
76 358
76 365
76 432
76 462
76 628
76 729
76 832
76 948
76 971
77 89
77 160
77 243
77 557
77 815
78 235
78 858
78 948
79 80
79 503
79 787
79 960
80 233
80 516
80 518
80 886
80 936
81 204
81 300
81 422
81 681
81 714
81 886
81 952
82 115
82 309
82 495
82 563
82 654
82 668
82 897
83 130
83 281
83 346
83 454
83 677
83 678
83 830
84 525
84 618
84 652
84 729
84 839
84 875
85 791
85 872
85 935
86 219
86 292
86 303
87 110
87 312
87 526
87 879
87 895
88 427
88 561
88 878
88 912
88 986
89 457
89 499
89 569
89 572
89 709
89 807
89 824
89 864
89 944
90 138
90 181
90 624
90 661
90 722
90 727
90 783
91 142
91 394
91 422
91 504
91 690
91 967
92 234
92 260
92 513
92 806
92 937
93 107
93 122
93 132
93 160
93 253
93 266
93 465
93 532
93 576
93 900
94 125
94 345
94 466
94 547
94 581
95 303
95 514
95 551
95 583
95 706
95 825
95 891
95 985
96 103
96 244
96 259
96 395
96 436
96 585
96 775
96 872
96 918
96 945
97 267
97 366
97 859
97 896
98 697
98 841
99 184
99 338
99 443
99 636
99 802
99 909
99 973
100 406
100 425
100 522
100 548
100 774
100 955
101 171
101 190
101 362
101 432
101 674
102 151
102 186
102 453
102 527
102 761
102 825
102 840
102 936
102 938
103 455
103 788
104 364
104 400
104 404
104 482
105 114
105 211
105 445
105 656
105 662
105 729
105 745
105 785
105 966
106 275
106 361
106 593
106 834
107 395
107 948
108 195
108 539
108 568
108 799
108 893
109 293
109 503
110 950
110 985
111 134
111 165
111 274
111 476
111 552
111 733
112 244
112 258
112 405
112 439
112 988
113 387
113 454
113 570
113 655
113 656
113 877
114 340
114 538
114 560
114 583
115 195
115 275
115 524
115 689
115 944
115 987
115 988
116 257
116 321
116 430
116 589
116 771
117 179
117 314
117 496
117 727
117 786
117 932
118 905
118 911
118 937
118 980
119 213
119 440
120 262
120 394
120 782
120 794
120 812
120 872
121 271
121 782
121 850
121 995
122 129
122 163
122 287
122 387
122 418
122 449
122 503
122 631
122 907
123 411
123 653
123 666
124 301
124 604
124 666
124 859
124 930
124 980
125 300
125 402
125 417
125 587
125 691
125 724
125 756
126 384
126 502
126 585
126 693
126 793
126 826
126 940
127 370
127 375
127 428
127 459
128 239
128 510
128 523
128 587
128 663
128 786
129 209
129 237
129 251
129 532
129 544
129 707
129 927
130 748
130 795
130 815
130 817
130 991
131 144
131 213
131 271
131 367
131 478
131 682
131 697
132 188
132 780
133 148
133 177
133 704
133 906
133 911
133 920
134 251
134 258
134 341
134 818
135 204
135 297
135 500
135 658
135 661
136 191
136 282
136 311
136 709
136 940
137 283
137 352
137 677
137 984
138 362
138 688
138 778
139 622
139 632
139 693
139 897
139 964
140 168
140 284
140 437
140 565
140 855
140 867
141 286
141 429
141 602
141 655
141 690
141 760
141 897
142 874
143 387
143 427
143 526
143 664
143 729
143 888
144 880
144 985
145 482
145 617
145 800
146 274
146 488
146 886
146 891
146 899
147 400
147 553
147 706
147 964
148 245
148 379
148 552
148 805
149 183
149 656
149 877
149 978
150 152
150 161
150 165
150 429
150 526
150 615
150 845
152 405
152 473
152 630
152 680
152 774
152 801
153 155
153 362
153 539
153 575
154 400
154 607
154 914
155 269
155 271
155 314
155 363
155 491
155 653
155 730
155 775
155 974
156 352
156 374
156 610
156 654
156 974
157 415
157 578
157 586
157 747
157 845
158 453
158 672
158 788
158 811
158 963
159 329
159 459
159 548
159 627
159 716
159 787
159 966
160 242
160 643
160 823
161 347
161 433
161 669
161 941
162 215
162 430
162 809
162 868
162 985
163 362
163 530
163 792
163 908
164 368
164 395
164 562
165 645
165 675
165 957
166 249
166 316
167 312
167 494
167 712
167 877
167 947
168 282
168 334
168 371
168 381
168 477
168 871
168 985
169 368
169 892
169 908
169 937
169 938
170 255
170 508
171 226
171 300
171 635
171 762
171 778
171 813
172 302
172 370
172 532
172 712
173 688
173 768
173 815
173 878
173 889
174 830
174 973
174 980
175 230
175 369
175 406
175 702
175 795
175 808
175 818
175 823
175 868
175 965
176 375
176 398
176 462
176 565
176 687
176 740
176 793
177 210
177 284
177 412
177 487
177 494
177 600
177 830
177 865
178 640
178 687
178 905
178 947
179 229
179 392
179 393
179 398
179 479
179 505
179 813
180 194
180 295
180 386
180 717
180 871
180 886
180 970
181 280
181 338
181 398
181 686
181 766
181 802
182 328
182 339
182 373
182 448
182 723
183 249
183 442
183 573
183 599
183 608
183 761
183 824
183 866
183 894
184 295
184 454
184 496
184 931
184 953
185 272
185 514
185 584
185 938
186 293
186 353
186 448
186 879
186 913
186 965
187 189
187 321
187 485
187 658
187 827
187 864
188 233
188 622
188 698
188 708
188 938
189 351
189 396
189 507
189 588
189 636
189 700
189 780
189 837
189 912
189 960
190 206
190 320
190 508
190 698
191 394
191 768
191 932
191 965
192 479
192 677
192 697
192 768
192 791
192 877
192 979
193 218
194 277
194 513
194 597
194 816
194 838
194 890
195 320
195 515
195 603
195 742
195 836
196 332
196 378
196 498
196 593
196 720
197 449
197 641
197 731
197 990
198 472
198 654
199 244
199 259
199 324
199 679
199 901
200 684
200 723
200 786
201 440
201 866
201 886
202 213
202 688
202 890
202 978
203 244
203 430
203 555
203 893
204 475
204 484
204 564
204 677
204 691
204 924
205 222
205 302
206 404
207 209
207 417
207 515
207 638
208 456
208 471
208 928
209 425
209 484
209 533
209 641
209 712
209 839
209 880
210 234
210 807
210 820
211 338
211 351
211 548
212 383
212 486
212 502
212 512
212 612
212 929
212 985
213 217
213 426
213 725
213 939
214 245
214 666
214 759
215 258
215 783
215 883
215 952
215 961
215 999
216 288
216 413
216 688
217 271
217 291
217 372
217 451
217 917
218 675
218 956
218 977
218 994
219 321
219 545
219 815
220 289
220 366
220 555
220 803
220 927
221 223
221 247
221 841
222 245
222 320
222 325
222 332
222 614
222 776
223 304
223 643
223 652
224 254
224 259
224 267
224 281
224 372
224 679
224 797
225 387
225 827
226 564
226 647
226 889
226 923
227 594
227 666
227 710
227 827
227 914
228 258
228 293
228 562
228 573
228 576
228 580
228 734
229 254
229 307
229 452
229 495
229 581
229 690
229 762
229 843
229 956
230 341
230 500
230 695
230 696
230 761
231 274
231 365
231 808
231 901
232 387
232 609
232 668
232 753
232 830
232 891
232 940
232 942
233 280
233 305
233 386
233 492
233 747
234 346
234 348
234 640
234 733
234 911
235 282
235 298
235 334
235 368
235 674
235 773
235 939
235 968
235 972
236 300
236 462
236 656
237 255
237 344
237 418
237 449
237 553
237 631
237 765
237 997
238 331
238 450
238 471
238 539
238 553
239 494
239 655
239 743
239 948
240 489
240 515
240 999
241 478
241 762
242 362
242 463
242 686
242 819
242 967
242 997
243 330
243 421
243 511
243 520
243 857
244 252
244 424
244 474
244 574
245 346
245 397
245 606
246 404
246 635
246 656
246 757
247 380
247 471
247 613
247 790
248 891
248 936
249 365
249 822
249 845
250 270
250 597
250 956
251 266
251 276
251 494
251 641
251 774
251 875
251 963
252 391
252 623
252 646
252 710
252 722
252 777
252 810
252 956
252 983
253 633
253 902
254 362
254 744
254 761
254 975
255 337
255 703
256 276
256 313
256 430
256 548
256 636
256 727
257 415
257 471
257 529
257 533
257 642
257 752
257 827
257 965
257 977
257 991
258 560
258 713
258 729
259 343
260 301
260 685
260 732
260 767
261 320
261 536
261 624
261 869
261 984
262 374
262 550
262 558
262 611
263 660
263 761
263 875
264 369
264 580
264 778
265 628
265 706
265 814
266 397
266 591
266 715
266 975
267 923
267 965
267 993
268 659
268 709
268 740
268 956
269 635
269 767
269 815
270 315
270 488
270 532
270 599
270 677
270 824
270 837
270 842
271 545
271 814
271 889
271 993
272 391
272 666
273 329
273 396
273 825
273 914
273 935
274 315
274 347
274 361
274 602
274 639
274 852
275 338
275 358
275 411
275 454
275 514
275 974
276 466
276 913
277 364
277 408
277 411
277 471
278 454
278 551
278 835
278 904
278 957
279 460
279 579
279 597
279 684
279 703
279 801
280 627
280 865
282 312
282 483
282 544
282 575
282 581
282 632
282 801
282 808
282 859
283 358
283 498
283 936
284 320
284 369
284 393
284 910
284 930
284 946
285 393
285 437
285 514
285 627
285 640
286 548
286 608
286 748
286 771
286 876
287 415
287 532
287 624
287 879
287 884
288 550
288 758
288 773
288 789
288 831
288 893
288 903
289 434
289 442
289 448
289 545
289 812
289 896
290 335
290 469
290 484
290 500
290 501
290 535
290 887
291 341
291 550
291 661
291 686
291 825
291 968
292 472
292 613
292 631
292 634
292 636
293 518
293 874
294 368
294 610
294 788
294 806
294 867
294 954
295 301
295 334
295 458
295 671
296 480
296 541
296 958
296 982
297 425
297 536
297 571
297 711
297 978
298 627
298 760
298 945
299 323
299 508
299 666
299 820
299 857
300 380
300 846
300 908
300 950
301 797
301 953
301 954
302 457
302 640
302 705
302 749
302 762
303 624
303 849
303 871
304 355
304 474
304 524
305 554
305 664
305 728
305 920
306 359
306 771
306 876
307 342
307 615
307 662
307 961
308 320
308 617
308 643
308 664
308 679
308 878
309 513
309 522
310 395
310 725
310 801
311 754
311 783
311 830
312 764
312 955
313 450
313 536
313 662
313 686
313 882
314 453
314 536
314 713
315 898
316 318
316 354
316 518
316 779
316 844
317 408
317 598
317 992
318 404
318 473
318 589
318 778
319 409
319 823
319 868
319 968
320 444
320 593
320 604
320 605
320 704
320 773
321 346
321 449
321 539
321 803
321 968
322 791
322 969
323 397
323 398
323 470
323 493
323 697
323 730
323 821
324 401
324 485
324 610
324 687
324 688
324 750
324 975
324 984
325 368
325 536
325 603
325 948
326 442
326 541
326 558
326 725
326 865
327 483
327 911
327 938
328 748
328 845
328 985
329 375
329 672
329 782
329 941
330 404
330 431
330 582
330 618
330 756
330 766
330 771
330 901
331 546
331 769
331 833
331 932
332 464
332 530
332 647
332 656
332 659
333 537
333 577
333 585
333 997
334 399
334 640
334 776
334 861
334 904
335 401
335 424
335 679
336 514
336 584
336 690
336 932
336 949
337 375
337 802
337 814
337 859
338 938
339 658
339 927
340 342
340 399
340 503
340 535
340 647
340 691
340 941
341 546
341 606
341 819
341 919
341 956
342 381
342 489
342 546
342 547
342 820
342 860
343 427
343 547
343 915
343 946
344 734
344 876
345 388
345 794
345 822
345 955
346 403
346 602
346 810
346 906
347 494
347 692
347 835
347 962
348 393
348 653
348 758
348 909
348 933
349 404
349 697
349 867
350 474
350 699
350 735
350 753
351 615
351 814
352 512
352 532
352 651
352 689
352 795
352 815
353 674
353 684
353 806
354 752
354 769
355 476
355 807
356 708
356 880
356 983
357 769
357 866
357 877
357 920
358 446
358 984
359 363
359 543
359 633
359 645
359 739
359 826
359 906
360 409
360 415
360 588
360 665
360 996
361 564
361 846
362 527
362 626
362 979
363 457
363 791
363 905
364 522
364 616
364 697
364 979
365 678
365 684
365 723
365 849
365 990
366 544
366 765
366 890
366 935
367 409
367 521
367 583
367 640
367 708
367 877
368 672
368 677
368 694
368 800
368 933
369 382
369 488
369 823
370 425
370 479
370 484
370 600
370 696
370 888
370 933
371 399
371 609
372 428
372 487
372 704
372 790
372 868
373 375
373 539
373 747
373 756
373 965
374 531
374 548
374 766
374 937
375 624
375 675
375 913
376 473
376 679
376 755
377 913
378 617
379 429
379 787
380 478
380 526
380 758
380 804
380 860
380 908
381 912
381 939
382 425
382 592
382 731
382 784
382 817
382 958
383 542
383 856
383 893
384 404
384 532
384 675
384 759
384 760
384 796
385 409
385 458
385 521
385 565
385 727
385 777
385 911
386 445
386 697
387 437
387 741
387 977
388 414
388 515
388 708
388 924
389 557
389 824
389 952
390 500
390 618
390 665
390 802
390 881
391 730
391 935
393 730
393 841
393 960
394 404
394 408
394 578
394 720
395 888
395 943
396 403
396 433
396 552
396 638
397 660
397 775
397 820
397 934
398 464
398 501
398 521
398 540
398 951
399 666
400 441
400 693
401 615
401 703
401 735
401 987
402 588
402 735
402 825
402 996
404 496
404 563
404 580
404 591
404 617
405 469
405 497
405 769
406 422
406 485
406 978
406 983
407 621
408 483
408 789
408 822
408 921
409 553
409 955
409 974
409 979
410 874
411 421
411 493
411 939
411 990
412 502
412 856
413 450
413 550
413 551
413 812
413 957
414 492
414 811
414 838
415 501
415 754
415 997
416 529
416 822
416 955
416 958
417 733
417 909
417 930
418 440
418 473
418 846
419 620
419 773
419 809
419 858
419 859
420 483
420 647
420 653
420 757
420 933
420 990
421 529
421 657
422 443
422 710
422 734
423 581
423 752
424 790
424 980
425 539
425 584
425 604
425 817
425 858
425 870
425 973
425 977
426 545
426 619
426 810
426 833
426 834
426 913
426 942
427 559
427 634
427 711
427 724
427 858
428 466
428 669
428 943
429 461
429 658
429 800
430 455
430 474
430 484
430 638
430 664
430 682
430 786
430 879
430 974
431 437
431 516
431 942
432 572
432 764
432 794
433 504
433 832
433 848
434 549
434 607
434 761
434 818
435 440
435 443
435 794
435 937
436 666
436 688
436 870
436 886
436 925
436 971
436 989
437 471
437 551
438 984
439 586
439 792
439 889
439 914
439 927
440 442
440 708
440 858
441 492
441 560
441 829
442 454
442 837
443 608
443 616
443 631
444 736
445 743
445 813
445 963
446 620
446 789
447 713
447 896
448 795
448 810
448 957
449 515
449 791
449 886
449 967
450 701
450 719
450 830
452 483
452 521
452 722
452 762
452 776
452 849
452 948
453 537
453 545
453 598
453 713
453 975
454 707
454 831
454 837
454 892
454 910
455 520
455 564
455 817
456 548
456 909
456 942
456 960
457 528
457 594
457 807
457 827
457 894
457 906
458 567
458 609
458 840
458 906
459 682
459 927
460 711
460 737
460 769
460 918
460 979
461 536
462 913
463 575
463 687
463 694
463 749
463 779
464 655
464 860
465 562
465 936
465 957
466 706
467 639
467 950
468 513
468 524
468 703
468 741
468 778
468 930
469 514
469 566
469 807
469 990
470 837
471 613
471 728
472 661
472 801
472 832
472 959
473 554
473 593
473 719
473 841
474 639
474 814
475 649
475 747
475 750
475 891
475 924
476 759
477 561
477 676
479 597
479 890
479 922
479 933
479 982
480 735
480 806
480 809
480 924
480 932
481 829
481 909
481 924
482 577
482 723
482 750
483 526
483 932
484 718
484 819
484 850
484 867
485 609
485 778
485 858
486 554
486 690
486 700
486 913
486 952
487 560
487 840
488 588
488 713
488 800
488 835
489 589
489 642
489 744
489 761
489 812
489 839
490 565
490 688
490 990
491 687
491 801
491 905
492 860
493 585
493 588
493 616
494 724
494 758
494 904
495 831
496 843
496 937
497 848
497 944
498 563
498 608
498 631
498 653
498 785
498 992
499 553
499 893
500 793
500 919
501 691
501 984
502 536
502 570
503 574
503 721
503 754
504 530
504 560
505 874
505 978
505 983
505 995
506 517
506 590
507 511
507 663
507 841
507 897
508 511
508 782
508 784
508 970
508 996
509 575
509 690
510 613
510 652
510 788
510 822
510 874
511 823
511 913
512 748
512 962
512 965
513 545
513 768
514 775
514 828
515 719
516 546
516 867
516 929
516 944
517 918
517 964
518 889
518 898
519 521
519 739
519 908
519 914
519 951
520 982
521 540
521 575
521 612
521 692
522 726
522 797
522 818
522 834
522 950
523 556
524 649
524 782
524 819
524 881
524 911
525 560
525 573
525 635
525 721
525 925
525 931
525 934
525 967
525 972
526 637
526 963
527 724
527 812
527 846
528 701
528 722
528 870
528 875
529 711
529 813
529 976
530 588
530 626
531 746
531 797
532 612
532 927
532 993
533 598
533 897
533 951
534 606
534 660
534 783
534 858
534 926
535 693
535 743
535 751
535 824
535 832
536 617
536 844
536 910
537 550
537 678
538 569
538 845
540 894
540 921
540 995
542 709
543 730
543 761
543 835
544 574
544 625
544 693
544 867
544 933
545 717
546 552
546 790
546 793
546 934
547 585
547 665
547 724
547 897
548 641
548 690
548 696
548 781
548 858
548 957
548 968
548 984
549 769
551 648
551 928
552 900
553 591
553 686
553 718
553 851
553 880
553 953
554 766
554 944
554 974
555 606
555 739
556 703
557 599
557 879
557 963
557 964
557 966
557 986
558 936
559 961
561 612
561 861
562 584
562 670
562 737
562 935
563 628
563 634
564 660
565 721
565 977
566 672
566 820
567 605
568 621
568 735
568 786
568 824
569 860
571 889
572 642
572 686
572 726
572 877
572 899
572 947
573 707
573 935
575 583
575 590
575 742
575 881
575 915
575 994
576 903
577 824
577 842
577 897
579 886
580 776
580 860
580 896
580 917
581 612
581 696
581 734
581 841
581 876
581 922
581 943
582 629
582 839
582 847
582 920
583 650
583 920
583 972
584 626
585 595
585 830
585 854
586 720
586 761
586 875
586 883
586 952
586 996
587 622
589 666
589 680
590 702
590 884
591 653
591 865
593 909
593 944
594 873
595 666
595 674
595 822
595 931
596 644
596 841
596 891
596 892
596 895
597 612
597 740
597 999
598 671
598 925
598 986
599 973
600 964
601 612
601 944
602 935
602 944
602 975
603 775
603 784
603 885
604 772
604 879
607 620
607 676
607 830
607 951
607 964
607 991
609 719
609 792
609 964
610 758
610 898
610 956
611 847
611 861
611 872
612 698
612 897
613 823
615 647
615 735
615 829
615 970
616 972
617 649
618 683
618 697
618 865
618 882
619 686
619 743
620 700
620 742
620 818
620 835
621 666
621 934
621 940
622 661
622 841
622 907
623 640
623 691
623 730
623 953
624 800
626 736
626 900
627 692
627 778
628 891
628 978
629 634
629 670
629 685
629 936
630 894
630 906
631 694
632 742
633 690
634 888
634 900
634 978
635 666
635 839
636 692
636 947
636 957
637 840
637 856
638 809
638 837
638 863
639 724
639 827
640 646
640 723
640 743
640 916
640 938
643 674
643 795
645 867
646 662
646 700
646 782
646 885
646 929
646 937
647 659
647 833
648 719
648 948
648 950
649 766
649 854
649 878
650 677
650 702
650 843
651 707
651 739
651 777
651 780
651 950
652 696
652 795
652 804
652 979
653 740
653 867
653 959
654 825
655 695
655 763
655 779
656 666
656 743
656 944
657 741
657 928
658 952
659 787
659 817
660 783
660 857
660 999
661 716
661 810
661 873
661 980
662 749
662 784
663 701
663 830
664 724
664 957
665 877
665 944
666 750
666 871
667 768
667 848
667 950
668 722
668 781
668 963
669 686
669 718
669 767
669 989
670 720
672 908
673 726
673 738
673 742
673 767
673 885
673 937
673 967
673 996
674 944
675 872
675 963
676 732
676 746
676 793
677 842
677 856
678 686
678 729
678 934
678 940
679 736
682 829
683 902
683 995
684 748
684 784
684 953
685 738
685 897
686 707
687 910
687 945
687 960
687 965
688 707
688 982
690 879
690 889
691 806
691 955
691 998
692 746
692 788
692 883
693 699
693 718
693 889
693 959
694 904
695 872
695 942
695 962
697 716
697 904
698 705
698 911
699 941
700 926
701 708
701 946
702 865
702 966
702 978
702 985
703 775
703 808
704 727
704 753
704 785
704 788
704 828
704 989
706 720
706 872
706 955
707 883
707 884
707 973
708 888
708 947
710 741
710 986
711 934
711 959
712 728
712 733
714 848
715 892
715 992
716 741
717 744
717 766
718 875
718 909
719 757
719 862
719 945
720 855
720 876
720 910
721 723
722 751
722 786
722 789
722 816
724 843
726 769
727 735
727 798
729 882
729 922
730 771
730 870
730 909
731 867
731 987
731 991
732 767
732 854
732 972
733 891
733 921
735 888
735 901
735 938
736 795
736 816
736 990
737 769
737 850
737 891
739 838
743 857
744 818
744 913
744 952
745 996
746 959
746 961
747 788
747 812
747 910
748 890
749 754
749 796
750 781
750 945
751 786
751 807
751 815
752 765
752 817
753 886
753 909
753 995
755 835
755 928
756 991
757 829
757 879
757 921
757 936
758 856
758 892
760 818
761 810
761 905
761 941
762 993
763 819
763 962
764 805
765 991
766 872
766 911
766 930
770 821
770 887
771 777
772 784
775 970
778 984
779 825
779 897
780 953
781 896
782 867
782 912
782 952
783 794
784 791
786 873
786 994
787 894
787 946
788 954
789 799
792 942
793 900
796 945
797 818
797 873
797 938
798 803
799 993
800 847
800 861
800 873
801 871
806 864
806 944
806 987
808 920
809 990
810 833
811 849
812 961
813 938
816 869
816 906
816 938
817 835
817 838
817 928
821 845
821 922
822 961
824 826
824 867
824 881
824 949
825 846
826 840
826 855
827 911
827 975
828 835
829 845
829 920
830 916
832 947
832 993
834 841
835 906
836 876
836 964
837 880
837 909
838 994
839 865
844 945
848 987
850 852
851 997
852 870
852 914
853 970
855 874
858 892
859 897
859 969
860 899
860 939
860 942
861 866
862 878
863 963
863 987
864 873
864 940
865 967
865 969
867 874
871 950
873 948
875 907
878 926
879 998
888 942
889 993
891 944
892 942
893 929
893 953
893 961
893 994
894 962
898 968
899 928
901 948
902 959
908 933
909 941
910 988
914 992
915 941
915 967
917 926
918 977
919 987
922 988
923 950
923 956
926 966
929 977
929 978
929 981
932 933
936 963
954 999
964 969
966 978
967 982
968 994
980 992
985 991
0
10 999
