1000	3054	 1
0 173
0 274
0 704
0 744
0 801
0 842
0 948
0 988
1 10
1 453
1 484
1 814
1 866
2 26
2 303
2 330
2 340
2 411
2 586
2 597
2 935
3 122
3 430
3 479
3 520
3 618
3 769
3 936
3 944
3 968
3 994
4 36
4 393
4 618
4 649
5 529
5 608
5 747
5 969
6 311
6 745
6 746
6 953
7 206
7 221
7 491
7 977
8 60
8 144
8 232
8 350
8 596
9 416
9 440
9 609
9 888
10 125
10 387
10 430
10 577
10 582
10 612
10 902
10 939
10 968
11 12
11 362
11 448
11 648
11 705
11 708
11 810
11 986
12 220
12 584
12 664
12 725
13 368
13 629
13 657
13 959
13 984
14 246
14 297
14 308
14 502
14 551
14 868
14 928
14 973
14 993
15 17
15 335
15 349
15 554
15 692
15 887
16 158
16 251
16 474
16 565
16 585
16 595
16 632
16 735
16 813
17 562
17 831
17 836
18 210
18 253
18 429
18 821
19 38
19 55
19 456
19 561
19 567
19 625
19 742
19 795
19 879
20 52
20 293
20 377
20 484
20 487
20 832
21 264
21 266
21 356
21 599
21 624
21 897
21 936
22 254
22 301
22 819
22 956
23 198
23 355
23 376
23 643
23 934
24 134
24 564
24 819
24 909
25 112
25 697
25 700
25 774
25 969
25 992
26 35
26 132
27 109
27 214
27 238
27 339
28 225
28 240
28 287
28 358
28 704
28 892
28 912
29 44
29 186
29 962
30 323
30 701
30 707
30 968
30 976
31 96
31 264
31 280
31 663
31 799
31 806
31 874
32 601
32 734
32 860
33 88
33 120
33 347
33 449
33 777
33 799
34 61
34 559
34 637
34 893
35 106
35 190
35 369
35 543
35 861
36 230
36 651
36 928
37 48
37 354
37 456
37 525
37 582
37 644
37 743
38 329
38 561
38 562
38 662
38 710
38 751
39 197
39 510
39 587
39 721
39 832
39 995
40 148
40 316
40 381
40 670
40 726
40 879
41 171
41 275
41 406
41 867
41 924
42 54
42 336
42 405
42 409
42 466
42 499
42 704
42 824
42 907
43 90
43 371
43 603
43 723
44 216
44 466
44 589
44 644
44 645
44 704
44 805
45 231
45 601
45 635
45 749
45 986
46 100
46 169
46 358
46 398
46 490
46 762
46 970
47 64
47 352
47 373
47 466
48 79
48 175
48 216
48 248
48 332
48 652
48 715
48 796
48 916
49 127
49 186
49 297
49 318
49 592
49 617
49 668
49 745
50 80
50 185
50 364
50 381
50 489
50 494
50 894
51 61
51 215
51 372
51 670
51 998
52 105
52 195
52 532
52 643
52 928
53 98
53 188
53 383
53 543
54 85
54 384
54 655
54 866
54 886
54 914
54 954
55 319
56 352
56 406
56 433
56 491
56 496
56 961
56 988
57 65
57 221
57 961
58 369
58 668
58 676
59 702
59 849
59 887
59 896
59 945
60 142
60 395
60 411
60 534
60 548
61 229
61 310
61 459
61 523
61 533
61 599
61 981
62 70
62 179
62 227
62 386
62 538
62 652
62 711
62 938
63 438
63 509
63 682
63 740
64 136
64 302
64 402
64 556
64 681
64 837
64 943
65 131
65 597
65 806
65 813
66 256
66 394
66 456
66 671
67 103
67 136
67 437
67 520
68 100
68 118
69 257
69 397
69 479
69 528
69 622
69 805
69 876
69 909
69 929
70 142
70 189
70 282
70 432
70 762
70 945
70 961
71 307
71 967
72 171
72 337
72 473
72 635
72 697
72 773
73 101
73 226
73 243
73 818
74 388
74 454
74 712
74 751
74 836
74 868
75 144
75 333
75 457
75 759
75 879
75 917
75 942
76 140
76 167
76 254
76 428
77 510
77 629
77 728
77 751
77 842
77 937
77 999
78 245
78 285
78 508
78 780
78 861
78 901
79 122
79 307
79 635
79 646
79 907
79 986
80 151
80 400
80 433
80 483
80 720
80 732
81 111
81 230
81 352
81 460
81 657
81 662
81 891
82 116
82 127
82 220
82 530
82 637
82 731
82 831
82 847
82 891
82 929
82 939
82 972
83 146
83 172
83 238
83 304
83 517
84 329
84 424
84 588
84 603
84 757
84 768
84 871
84 956
85 315
85 660
86 113
86 115
86 530
86 914
87 237
87 253
87 421
87 577
87 710
88 229
88 311
88 323
88 502
88 554
88 609
88 819
88 994
89 560
89 682
89 772
90 212
90 628
90 783
90 852
91 477
91 495
91 513
91 616
91 682
91 687
91 869
92 219
92 276
92 341
92 487
92 592
92 963
93 417
93 445
93 686
93 939
93 951
94 518
94 803
94 853
95 166
95 626
95 892
95 896
96 127
96 419
96 556
96 790
96 810
97 226
97 268
98 186
98 233
98 265
99 288
99 313
99 436
99 462
99 680
99 685
99 752
99 900
99 947
100 481
100 779
100 840
101 108
101 509
101 652
101 663
101 688
101 814
102 234
102 265
102 305
102 336
102 380
102 478
102 608
102 861
103 554
103 963
103 973
104 121
104 198
104 324
104 453
104 607
104 762
105 346
105 477
105 486
105 487
105 918
106 472
106 815
106 948
106 971
107 109
107 279
107 313
107 462
107 583
107 775
107 923
108 289
108 401
108 599
108 638
108 849
109 521
109 574
109 786
110 271
110 389
110 484
110 706
110 958
111 242
111 309
111 606
111 633
111 966
112 158
112 198
112 252
112 300
112 349
112 399
112 799
112 840
113 559
113 785
113 899
114 116
114 503
114 702
114 825
115 475
115 733
115 896
116 494
116 657
116 708
116 741
116 759
116 780
116 886
116 991
117 165
117 361
117 447
117 575
117 633
117 791
117 831
117 834
118 155
118 309
118 955
118 987
119 262
119 467
119 490
120 160
120 235
120 372
120 512
120 695
120 716
120 806
121 310
121 339
121 441
121 898
122 144
122 165
122 179
122 216
122 263
122 348
122 816
123 284
123 471
123 790
123 826
123 887
124 606
124 823
124 968
125 507
125 608
125 921
126 253
126 387
126 484
126 740
126 866
127 258
127 615
127 687
127 743
127 861
127 868
128 159
128 180
128 427
128 622
128 847
129 157
129 290
129 638
129 918
130 275
130 584
130 615
130 647
130 674
130 768
130 950
131 218
131 252
131 444
131 450
131 559
131 653
131 703
131 742
132 283
132 485
132 717
132 800
133 397
133 798
133 953
134 159
134 443
134 554
134 606
134 611
134 846
134 965
134 967
135 411
135 512
135 926
135 969
136 237
136 417
136 461
136 814
136 824
136 900
137 438
137 529
137 610
137 686
137 968
137 997
138 344
138 536
138 538
138 655
138 843
139 247
139 369
139 437
139 555
139 932
139 958
139 960
140 198
140 217
140 221
140 373
140 489
140 555
141 257
141 349
141 463
141 748
141 766
141 903
142 413
142 530
143 233
143 623
143 643
143 797
143 844
143 958
143 976
144 982
145 152
145 339
145 505
145 648
145 670
145 689
145 725
145 829
145 975
146 163
146 432
146 767
146 795
146 937
147 292
147 515
147 642
147 940
147 953
147 977
148 296
148 385
148 412
148 502
148 747
148 853
148 867
148 998
149 267
149 468
149 472
149 695
149 714
149 890
149 904
150 388
150 551
150 588
150 617
150 892
151 226
151 384
151 507
151 563
151 859
151 967
152 230
152 451
152 560
152 868
152 873
152 954
153 208
153 304
153 360
153 794
153 919
154 372
154 467
154 595
154 605
154 804
154 825
154 837
154 863
155 370
155 399
155 445
155 479
155 570
155 746
155 883
156 411
156 604
156 775
156 858
157 401
157 528
157 815
158 592
158 827
158 903
159 186
159 388
159 594
159 642
159 781
159 927
159 946
159 993
160 386
160 601
160 613
160 616
160 699
160 709
160 877
160 907
161 165
161 383
161 483
161 565
161 710
162 280
162 404
162 461
162 476
162 517
162 555
162 843
162 909
163 230
163 581
163 599
163 890
163 967
163 983
164 700
164 864
166 184
166 203
166 228
166 716
166 798
166 815
166 876
166 909
167 246
167 278
167 502
167 663
167 702
167 776
167 949
168 179
168 343
168 391
168 541
168 586
168 758
168 829
168 834
168 976
169 188
169 578
169 642
169 841
169 946
169 990
170 260
170 546
170 955
171 288
171 402
171 488
171 919
171 988
172 285
172 780
172 853
172 963
173 564
173 793
173 797
173 903
173 990
174 400
174 704
174 982
175 227
175 492
175 760
175 940
176 350
176 591
176 748
177 423
177 467
177 870
177 952
178 273
178 280
178 310
178 356
178 696
178 875
179 411
179 497
179 641
180 305
180 845
181 351
181 366
181 368
181 395
181 482
181 572
181 582
181 612
181 659
181 744
181 866
181 880
181 911
181 983
182 534
182 701
183 274
183 651
183 878
184 196
184 273
184 280
184 372
184 414
184 441
184 671
184 764
184 775
184 805
184 894
184 950
185 234
185 322
185 375
185 488
185 626
185 780
185 839
185 971
186 393
186 727
186 812
186 917
187 312
187 419
187 979
188 245
188 253
188 368
188 385
188 515
189 521
189 627
189 629
189 697
189 806
189 908
190 519
190 806
191 363
191 451
191 678
191 819
191 835
192 421
192 518
192 963
193 270
193 271
193 344
193 476
193 627
193 992
194 523
194 633
194 960
195 332
195 537
195 770
195 825
195 857
195 946
196 206
196 248
196 351
196 582
196 603
196 613
196 622
196 636
196 684
196 909
197 490
197 652
197 794
198 744
198 988
199 257
199 420
199 496
199 613
199 664
199 700
199 755
199 821
199 967
200 718
200 868
200 943
200 948
201 422
201 539
201 566
201 723
201 862
201 951
202 342
202 361
202 389
202 935
202 965
203 299
203 350
203 590
203 602
203 781
203 849
203 889
203 975
204 266
204 325
204 506
204 688
205 376
205 714
205 778
205 780
205 948
206 674
206 753
206 786
206 923
207 228
207 277
207 603
207 682
207 996
208 323
208 343
208 379
208 511
208 533
208 554
208 796
208 830
209 314
209 528
210 232
210 373
210 705
210 732
210 867
210 891
210 921
211 411
211 924
211 983
212 224
212 287
213 746
213 775
214 263
214 849
215 478
215 535
215 568
215 646
216 221
216 233
216 490
216 573
216 705
216 801
216 918
216 928
217 223
217 337
217 412
217 534
217 561
217 699
217 735
217 891
217 932
218 595
218 681
219 277
219 845
219 848
220 701
221 248
221 383
221 438
221 590
221 593
221 660
221 738
221 833
221 852
221 940
221 994
222 318
222 618
222 792
222 841
222 877
223 356
223 512
223 612
224 287
224 528
224 671
224 936
225 619
225 918
226 294
226 369
226 460
226 536
226 574
226 792
227 739
227 851
228 326
228 595
228 601
228 939
228 978
229 368
229 503
229 751
230 402
230 548
230 978
231 279
231 448
231 585
231 683
231 774
231 812
232 350
232 776
233 762
233 832
233 844
234 248
235 374
235 542
235 556
235 713
235 912
236 352
236 360
236 391
236 660
236 793
236 866
237 318
237 333
237 507
237 581
237 591
237 631
237 908
238 335
238 362
238 440
238 508
238 848
239 444
239 947
239 970
240 889
241 282
241 299
241 409
241 816
241 924
241 958
242 293
242 346
242 672
242 801
243 520
243 927
243 978
244 457
244 603
244 760
244 862
245 328
245 381
245 404
245 558
245 637
246 370
246 474
246 481
246 561
246 599
246 682
246 715
247 321
247 394
247 484
247 554
247 879
249 353
249 459
249 627
249 668
249 911
249 967
250 363
250 408
250 492
250 530
250 627
250 642
250 682
250 886
251 321
251 470
251 499
251 511
251 638
252 751
252 753
252 836
253 397
253 509
253 702
254 287
254 703
254 722
254 820
255 540
255 801
255 921
256 342
257 409
257 504
257 591
257 866
257 882
258 357
258 403
258 593
258 676
258 748
258 811
258 905
258 906
259 448
259 789
259 814
260 395
260 530
260 789
260 975
261 351
261 380
261 423
261 752
262 279
262 421
262 528
262 640
262 700
263 285
263 402
263 585
263 731
263 892
264 489
264 845
264 884
265 297
265 348
265 383
265 552
265 643
265 668
265 858
266 361
266 620
266 658
266 728
267 324
267 345
267 726
267 961
268 479
268 508
268 541
268 566
269 316
269 406
269 693
269 740
269 803
269 880
270 792
270 917
271 363
271 367
271 465
271 878
271 886
272 671
272 778
272 849
273 820
273 883
273 890
273 891
274 415
274 454
274 477
274 711
274 847
274 990
275 398
275 503
275 634
275 689
275 809
275 828
275 881
276 570
276 750
276 858
277 658
277 829
277 919
278 632
278 680
278 787
278 854
278 897
279 421
279 732
279 794
279 945
280 284
280 286
280 349
280 390
280 415
280 488
280 500
280 804
280 896
280 964
280 969
280 981
281 535
281 542
281 715
282 336
282 528
282 531
282 651
282 844
283 371
283 386
283 415
283 457
283 563
283 651
283 693
283 801
283 812
283 875
283 879
283 913
284 309
284 339
284 504
284 764
284 858
285 446
285 541
285 738
285 788
286 422
286 492
286 636
287 293
287 568
287 814
287 863
287 964
288 347
288 364
288 494
288 558
288 844
288 935
289 307
289 450
289 525
289 713
289 811
289 875
290 402
290 721
290 791
291 335
291 342
291 382
291 626
291 898
292 334
292 513
292 522
292 590
292 717
292 731
292 814
292 969
293 511
293 965
293 985
294 521
294 562
294 640
294 793
294 954
295 726
295 753
295 783
295 849
295 869
296 354
297 373
297 444
297 604
297 742
297 774
297 885
297 956
298 328
298 383
298 828
298 867
298 898
299 387
299 604
299 761
299 832
299 891
300 486
300 675
300 776
300 834
300 914
301 311
301 322
301 510
301 542
301 717
301 905
302 436
302 596
302 893
303 547
303 675
303 817
304 848
305 515
305 714
305 925
305 967
306 422
306 796
306 810
307 396
307 724
308 567
308 720
308 726
309 387
309 497
309 539
309 687
310 439
310 444
310 565
310 575
310 685
310 708
310 773
310 781
310 795
312 427
312 528
312 546
312 811
313 623
313 885
314 607
314 611
314 806
314 904
314 982
315 469
315 563
315 603
315 695
315 760
316 410
316 826
316 967
317 634
317 798
318 330
318 450
318 517
318 958
319 440
319 441
319 516
319 691
320 344
320 577
320 649
320 826
321 505
321 521
321 600
321 753
321 885
322 355
322 529
322 740
322 957
323 357
323 544
323 889
323 905
324 374
324 398
324 454
324 494
324 551
324 572
324 622
324 968
325 378
325 647
325 662
325 855
325 862
325 971
326 447
326 488
326 668
326 681
326 839
326 899
327 871
327 876
327 929
327 974
328 713
328 754
329 381
329 455
329 669
329 676
330 341
330 533
330 647
330 677
330 897
331 502
331 580
331 756
331 773
331 838
332 358
332 516
332 557
332 853
332 897
333 352
333 532
333 721
334 550
334 571
334 651
334 815
335 348
335 780
335 909
336 632
336 809
336 835
336 887
337 356
337 846
337 921
338 378
338 592
338 794
338 991
339 383
339 408
339 468
339 617
339 850
340 403
340 576
340 753
340 863
340 984
341 873
341 965
342 468
342 485
342 667
343 473
343 490
344 406
344 864
344 876
344 945
344 959
345 462
345 785
346 501
346 579
346 589
346 889
347 789
348 470
348 547
348 698
348 743
348 819
349 435
349 456
349 741
349 810
349 995
350 364
350 775
350 984
351 476
351 506
351 544
351 768
351 846
351 917
352 439
352 501
352 601
352 857
352 951
353 619
353 881
354 606
355 409
355 502
356 763
357 739
357 939
358 429
358 635
358 718
358 819
358 936
359 571
359 711
359 886
360 643
360 876
361 387
361 569
361 892
361 942
361 991
362 972
363 762
363 823
363 939
364 587
364 764
364 894
364 933
365 444
365 668
365 780
366 568
366 587
366 705
366 826
366 873
367 387
367 608
367 872
367 882
367 953
368 490
368 678
368 791
368 900
368 937
369 567
369 710
370 434
370 476
370 489
370 504
370 847
371 544
371 799
371 804
371 989
372 552
372 559
372 743
372 771
373 518
374 487
375 460
375 498
375 637
375 753
375 798
375 902
375 952
376 454
376 661
376 700
376 869
376 890
377 741
377 761
377 842
377 994
378 583
378 600
378 739
378 920
379 459
379 582
379 590
380 463
380 468
380 683
381 461
381 622
381 763
381 843
381 856
381 927
382 569
382 626
382 880
382 991
383 397
383 453
383 501
383 569
383 679
383 741
383 784
384 564
384 659
384 981
385 525
385 746
385 815
385 820
385 821
386 927
387 481
387 506
387 597
387 679
387 766
387 876
388 450
388 580
388 969
389 473
389 526
389 616
389 720
389 746
389 931
390 464
390 737
390 788
390 810
391 593
391 663
391 703
391 847
392 437
392 470
392 496
392 521
392 965
393 447
393 573
393 649
393 881
393 961
394 437
394 593
394 730
394 863
394 921
395 450
395 920
396 743
397 485
397 883
397 885
398 470
398 670
398 708
399 437
399 549
399 656
399 945
400 474
400 695
400 844
401 475
401 543
401 902
401 977
402 517
402 926
403 452
403 839
404 593
404 598
404 617
404 638
404 822
405 525
405 660
405 768
405 946
406 521
406 750
406 834
407 504
408 530
408 775
408 861
409 421
409 438
409 502
409 732
409 939
410 560
410 743
411 418
411 760
411 864
411 947
412 556
412 566
412 570
412 615
413 548
413 611
413 657
413 745
413 917
413 928
413 942
413 981
414 495
414 633
414 792
414 834
414 907
414 957
415 559
415 738
415 808
415 928
416 528
416 666
416 678
416 688
416 726
416 836
416 963
417 806
417 845
417 869
418 710
418 765
418 930
418 998
419 655
419 695
419 936
420 447
420 502
420 706
420 992
421 483
421 836
421 851
421 859
422 472
422 639
422 755
423 608
424 470
424 514
424 801
425 544
425 553
425 654
425 957
426 640
427 589
427 611
427 628
427 717
427 911
427 998
428 616
428 844
429 542
429 550
429 560
429 639
429 653
429 676
429 804
430 463
430 765
430 884
431 580
432 547
432 553
432 799
432 907
433 464
433 512
433 540
433 563
433 754
433 791
434 594
435 903
435 976
435 987
436 621
436 857
437 451
437 625
437 911
438 765
438 881
438 926
439 523
439 530
439 707
440 487
440 920
441 589
441 934
442 578
442 649
442 826
443 480
443 483
443 499
443 589
443 623
443 739
443 873
443 985
444 677
444 705
445 629
445 775
446 478
446 776
447 556
447 559
447 645
447 776
448 614
448 939
449 523
449 808
450 585
450 849
451 769
451 816
452 707
452 744
452 901
453 568
453 634
453 723
453 792
454 648
454 894
454 932
455 508
455 520
455 547
455 883
455 904
455 934
456 521
457 815
458 489
458 506
458 580
458 937
458 941
459 512
459 515
459 716
459 748
459 973
460 595
460 597
460 627
460 734
460 760
460 942
460 979
461 528
461 716
464 612
464 940
464 976
465 534
465 592
465 691
466 508
466 731
466 945
467 659
467 777
468 545
468 713
468 783
468 906
469 552
469 553
469 686
469 823
470 853
471 730
471 750
471 753
472 781
472 947
472 975
473 499
473 670
473 775
473 860
473 910
473 966
474 542
474 644
475 514
475 588
475 673
475 693
475 923
475 980
476 828
476 945
476 980
477 636
477 888
477 966
478 737
478 776
478 928
478 950
478 985
479 955
480 563
480 746
480 913
480 985
480 996
481 727
481 856
481 890
481 907
481 956
482 942
483 862
483 940
483 981
484 873
485 569
485 676
485 799
485 821
486 625
486 749
486 810
487 531
487 624
487 860
488 490
488 620
488 722
489 568
489 605
489 934
490 513
490 595
490 693
490 743
490 832
491 706
491 721
491 987
492 541
492 546
492 600
492 763
492 980
493 706
493 818
494 764
494 812
494 957
495 509
495 764
495 847
496 570
498 520
498 620
498 739
498 745
498 867
498 868
498 896
499 677
499 706
499 809
499 854
499 937
499 961
499 967
500 617
500 629
500 720
501 561
501 653
501 680
501 726
501 866
502 562
502 607
502 707
502 807
503 863
504 577
504 694
504 723
504 881
504 929
504 940
505 652
505 790
505 825
507 577
507 949
507 982
508 620
508 950
508 988
509 656
509 737
509 973
510 534
510 568
510 668
510 698
510 798
510 799
510 854
510 898
511 554
511 754
511 820
512 775
512 778
512 781
512 867
512 878
512 912
512 920
513 601
513 732
513 780
513 835
513 956
514 535
514 634
514 726
514 991
515 630
515 646
515 724
515 739
515 878
515 961
516 528
516 562
517 524
517 680
517 878
518 724
519 725
519 745
519 748
519 768
520 566
520 708
520 793
520 808
520 880
521 682
522 670
522 691
522 850
522 975
523 803
523 821
523 835
523 883
524 632
524 639
524 681
524 688
524 751
524 780
524 847
524 883
525 619
525 706
526 807
527 618
527 669
527 906
528 560
528 776
529 723
529 962
530 777
531 605
531 669
531 755
531 898
532 651
532 824
532 925
532 930
532 966
533 690
533 751
533 815
533 958
534 579
534 640
534 800
534 871
534 977
535 574
535 575
535 602
535 675
535 869
535 893
536 618
536 628
536 708
536 770
536 785
536 927
536 972
536 994
537 579
538 743
538 756
538 850
539 566
539 725
540 568
540 715
540 838
540 876
541 761
542 614
542 621
543 589
543 769
543 786
543 800
543 851
543 853
543 877
544 621
544 706
544 948
545 723
545 819
545 915
545 927
545 931
545 943
545 955
546 567
547 726
547 817
547 838
548 744
548 957
548 966
549 569
549 692
549 888
549 997
550 629
550 681
551 969
552 584
552 672
552 705
552 716
552 990
553 692
553 799
553 919
557 634
557 661
557 662
557 669
557 726
557 780
557 914
558 671
558 747
560 563
560 881
561 671
562 566
562 868
563 586
563 724
563 748
563 920
565 655
565 677
566 582
566 834
566 892
566 963
567 729
567 797
567 988
568 691
568 815
568 946
569 804
569 876
569 915
570 615
570 749
570 890
571 996
572 707
572 715
572 859
573 583
573 668
573 725
573 745
573 930
574 625
574 670
574 816
574 958
575 658
576 777
576 881
576 915
576 975
577 826
577 843
578 700
578 971
579 909
579 970
580 812
580 827
581 954
581 997
582 870
583 744
583 922
584 600
584 673
584 774
585 735
586 658
586 914
586 937
587 606
587 699
588 619
588 624
588 718
588 781
588 861
588 982
589 744
589 811
590 777
590 946
590 964
591 655
592 678
592 772
592 802
593 790
593 949
594 692
594 703
594 822
594 956
597 638
597 703
597 783
597 896
598 720
598 975
599 787
599 863
600 864
600 976
601 820
602 929
603 910
604 736
604 872
605 638
606 801
606 827
606 828
606 913
607 674
607 813
607 834
607 872
608 948
609 637
609 693
609 859
610 937
611 629
612 669
612 948
613 796
613 882
613 960
613 974
614 652
614 756
614 845
615 653
616 728
616 862
616 894
616 906
616 986
616 988
617 659
617 717
617 744
617 790
618 795
618 994
619 641
619 757
619 878
620 652
620 719
620 794
621 674
621 730
621 795
621 878
621 908
622 678
622 824
622 997
623 625
623 848
623 991
624 724
626 813
627 678
627 694
627 771
628 958
628 995
629 834
629 837
629 841
630 666
630 759
630 859
631 647
631 758
632 874
633 802
634 839
635 686
635 689
635 857
636 738
636 745
638 712
639 914
639 925
640 692
640 736
641 765
641 798
641 950
641 985
642 719
642 802
642 862
642 889
644 704
644 705
644 716
645 803
647 685
647 875
648 692
648 902
650 715
650 823
650 904
651 673
651 948
653 722
653 815
655 790
655 815
657 972
658 874
658 966
659 890
659 969
659 991
660 798
660 861
660 981
661 680
661 803
662 896
663 777
664 883
665 879
666 678
666 701
666 749
666 877
666 897
666 997
667 851
667 917
667 969
667 998
668 786
668 790
668 858
668 881
668 959
669 768
669 800
669 874
671 680
671 922
672 877
672 950
673 696
673 823
673 958
674 685
674 723
674 861
675 705
675 729
675 775
675 976
676 867
677 722
677 733
677 920
678 696
679 772
680 713
680 721
681 754
681 983
682 739
682 966
683 742
683 818
684 686
684 730
684 804
684 900
685 695
685 864
685 880
685 983
686 701
686 858
687 781
687 808
689 982
690 964
691 696
691 746
691 778
692 828
692 901
695 820
695 888
695 927
696 724
696 742
696 806
696 834
696 878
696 889
697 805
697 911
697 940
697 995
698 848
699 733
699 911
699 995
701 824
701 842
701 846
702 763
702 990
703 720
703 737
703 808
703 987
703 993
703 996
704 748
704 791
704 934
706 842
706 885
708 958
708 961
709 737
709 961
711 828
711 937
712 820
712 895
712 994
713 766
714 814
714 882
715 857
715 971
715 996
716 762
716 927
716 952
717 750
717 820
717 848
718 768
718 932
719 854
719 858
719 977
721 920
722 830
723 807
723 989
724 841
724 965
726 820
726 884
727 734
727 953
728 743
728 888
728 894
729 736
730 736
730 996
731 810
732 871
733 797
733 867
734 834
735 804
735 937
736 738
736 865
736 964
737 956
739 763
739 808
739 825
741 750
741 788
741 916
742 794
742 866
742 991
743 746
743 782
743 784
743 993
744 782
745 788
745 957
746 787
746 827
746 942
747 765
747 946
749 762
749 841
749 842
749 889
749 973
751 837
751 907
751 939
751 969
753 832
754 796
754 811
754 909
757 888
757 922
758 779
759 767
759 832
760 960
760 975
760 984
761 942
761 992
762 842
762 899
764 898
764 952
765 940
765 969
766 837
766 865
767 785
768 770
768 810
768 911
769 772
770 850
770 966
771 973
772 801
772 833
772 893
772 921
772 937
772 968
773 814
773 921
774 868
774 931
774 966
775 861
775 913
776 844
777 785
777 974
778 910
779 795
779 856
779 883
780 913
780 954
781 861
782 829
782 981
784 790
784 828
784 838
784 874
784 930
785 837
785 841
785 870
785 975
787 883
789 874
789 959
790 810
791 805
791 827
791 915
791 921
792 963
793 860
793 908
794 808
794 917
796 810
797 889
799 874
799 896
799 993
800 807
801 823
801 864
801 893
802 881
802 893
802 982
803 835
806 895
806 984
807 873
808 907
809 982
813 892
815 948
816 823
817 880
817 989
819 867
819 876
819 968
823 826
823 859
823 909
825 864
827 930
827 980
828 968
830 883
830 921
831 888
832 949
833 902
833 925
833 987
836 948
837 901
837 903
839 857
839 876
839 908
840 947
841 920
841 945
841 974
842 996
843 932
844 929
844 992
846 914
846 923
846 988
847 889
847 949
850 892
851 898
852 874
853 936
855 996
857 910
860 891
861 906
862 904
865 916
866 887
867 996
867 999
868 894
868 984
869 875
870 954
871 925
873 901
876 948
877 886
878 902
879 945
881 923
882 977
882 995
884 950
885 958
887 985
890 902
890 913
891 906
893 909
894 930
895 932
896 897
897 979
902 921
902 974
905 976
906 957
907 933
907 963
907 999
909 999
910 921
916 997
918 920
918 969
918 994
919 974
919 996
920 959
922 938
924 956
927 937
928 954
931 973
935 945
937 984
938 948
939 985
941 945
941 975
942 982
947 959
950 980
953 982
961 964
963 990
971 996
972 995
0
10 999
