1000	2980	 1
0 352
0 434
0 439
0 615
0 915
1 108
1 166
1 370
1 529
1 641
1 688
2 84
2 340
2 345
2 384
2 469
2 707
3 42
3 75
3 145
3 565
3 883
4 229
4 471
4 481
4 559
4 758
4 805
4 868
5 347
5 591
5 674
5 692
5 718
5 905
6 166
6 377
6 618
7 15
7 44
7 74
7 96
7 178
7 605
7 630
7 679
7 774
8 200
8 287
8 638
8 702
8 803
8 875
9 18
9 228
9 241
9 343
9 428
9 756
9 833
9 918
9 921
10 92
11 40
11 462
11 473
11 559
11 652
11 687
11 720
11 866
11 957
12 97
12 368
12 590
12 690
12 931
13 33
13 321
13 491
13 629
14 51
14 282
14 719
15 192
15 879
15 910
15 931
16 124
16 457
16 581
16 604
16 794
16 961
17 159
17 180
17 270
17 326
17 644
17 873
17 916
18 882
18 936
19 105
19 264
19 269
19 435
19 534
19 646
19 672
19 715
19 849
20 162
20 178
20 183
20 267
20 681
21 48
21 231
21 277
21 283
21 421
22 23
22 44
22 83
22 113
22 300
22 385
22 430
22 675
23 114
23 217
23 399
24 40
24 173
24 526
24 663
24 668
24 788
24 845
25 88
25 120
25 215
25 306
25 338
25 372
26 113
26 321
26 337
26 430
26 449
26 547
26 938
27 213
27 324
27 374
27 523
27 663
27 716
27 726
27 824
28 55
28 136
28 233
28 530
28 568
28 747
28 930
28 934
28 960
28 964
29 139
29 940
29 993
30 354
30 451
30 489
30 494
30 508
30 582
30 884
30 984
31 168
31 422
31 463
31 612
31 697
31 821
32 333
32 533
32 569
32 756
32 764
32 923
32 983
33 96
33 274
33 535
33 973
34 106
34 322
34 362
34 554
34 592
35 119
35 166
35 232
35 233
35 380
35 416
35 469
35 842
35 980
36 100
36 186
36 385
36 456
36 496
37 82
37 88
37 194
37 234
37 427
37 428
37 444
37 569
37 629
38 95
38 715
39 349
39 466
39 498
39 555
39 708
39 958
40 505
40 850
41 135
41 141
41 584
41 694
41 932
42 364
42 439
42 625
42 745
42 757
42 776
42 779
42 815
42 942
42 959
43 126
43 172
43 370
43 467
43 540
44 458
44 514
44 626
44 837
45 229
45 407
45 542
45 572
45 613
45 830
45 869
45 982
46 194
46 252
46 641
46 846
47 109
47 473
47 560
47 807
47 981
48 243
48 296
48 336
48 352
48 412
48 438
48 451
48 577
48 993
49 55
49 162
49 285
49 340
49 595
49 698
49 984
50 520
50 564
50 580
50 644
50 754
50 766
50 914
51 132
51 853
52 204
52 443
52 504
52 889
52 896
52 912
53 406
53 540
53 855
53 916
53 955
53 962
53 963
54 166
54 308
54 508
55 104
55 378
55 427
55 662
55 901
56 69
56 403
56 596
56 747
56 779
56 822
57 80
57 569
57 965
58 129
58 139
58 180
58 199
58 258
58 654
58 731
58 863
58 881
58 894
58 971
59 218
59 314
59 597
59 608
59 678
59 771
59 885
59 964
60 128
60 242
60 320
60 378
60 888
61 164
61 188
61 244
61 364
61 429
61 655
61 703
61 893
62 129
62 133
62 316
62 525
62 534
62 536
62 723
62 825
62 902
63 328
63 957
64 235
64 480
64 545
64 828
64 836
64 851
64 919
64 987
65 223
65 572
65 679
65 871
66 437
66 505
66 629
66 878
66 909
66 972
67 568
67 578
67 843
67 900
67 921
67 936
67 981
68 507
68 547
68 623
69 326
69 382
69 717
69 770
70 78
70 104
70 509
70 995
71 157
71 285
71 814
71 857
72 100
72 205
72 303
72 321
72 405
72 605
72 683
72 711
72 874
73 92
73 136
73 138
73 160
73 272
73 356
73 611
73 638
73 803
74 177
74 803
75 86
75 157
75 270
75 284
75 401
75 542
75 715
75 743
76 190
76 729
76 821
76 857
77 123
77 209
77 263
77 420
77 583
78 166
78 668
78 838
78 949
78 992
79 125
79 320
79 755
79 943
80 295
80 299
80 388
80 413
80 565
80 745
80 932
81 102
81 378
81 515
81 743
81 799
81 856
81 978
82 175
82 176
82 207
82 407
82 526
82 738
82 851
83 288
83 380
83 462
83 481
83 942
84 191
84 389
84 808
85 734
85 870
85 965
86 180
86 225
86 285
86 588
86 708
86 727
87 117
87 157
87 313
87 323
87 437
87 459
87 846
88 118
88 245
88 425
88 443
88 488
88 494
88 677
89 121
89 593
89 898
89 919
90 605
90 646
90 659
90 890
90 982
91 119
91 227
91 299
91 721
92 142
92 584
92 674
92 703
93 184
93 188
93 418
93 614
94 184
94 580
94 816
94 949
94 988
94 995
95 359
96 321
96 653
96 716
97 379
97 544
97 760
97 871
98 469
98 713
98 735
98 756
98 761
98 796
98 828
98 905
98 938
99 100
99 138
99 258
99 388
99 415
99 666
99 782
99 853
100 298
100 575
100 850
101 167
101 465
101 533
101 573
101 734
101 836
102 263
102 482
102 637
103 240
103 638
103 691
103 775
104 192
104 233
104 574
104 604
105 308
105 312
105 340
105 481
105 644
105 801
105 914
105 987
106 169
106 275
106 427
106 647
106 810
106 936
107 173
107 196
107 204
107 222
107 504
107 544
107 677
107 823
107 917
108 196
108 524
108 838
109 289
109 605
109 692
109 740
110 153
110 206
110 290
110 333
110 502
110 788
111 270
111 676
111 710
111 912
112 185
112 306
112 312
112 377
112 499
112 564
112 573
112 650
112 815
112 898
112 961
113 332
113 780
113 821
114 188
114 466
114 622
114 673
114 763
114 869
114 910
115 251
115 427
115 640
115 680
115 909
116 132
116 192
116 234
116 254
116 365
116 467
116 496
116 596
116 929
116 984
117 290
117 449
117 756
117 892
118 247
118 686
118 711
118 885
118 892
118 999
119 836
119 926
119 944
120 140
120 871
120 974
121 182
121 295
121 444
121 551
122 221
122 241
122 318
122 527
122 569
122 595
123 560
123 605
124 205
124 221
124 320
124 391
124 462
124 838
124 864
125 139
125 665
125 688
125 797
126 272
126 437
126 506
126 539
126 562
127 283
127 611
127 647
127 841
127 855
127 903
127 975
128 570
128 734
128 836
128 942
130 580
130 649
130 651
130 662
130 786
130 932
130 952
131 248
131 936
132 299
132 681
132 754
133 313
133 409
133 435
133 571
133 573
133 750
133 968
134 430
134 485
134 724
134 950
135 464
135 721
135 729
135 821
136 161
136 191
136 261
136 646
136 789
136 891
137 208
137 372
137 464
137 483
137 690
138 199
138 486
138 589
138 648
138 773
139 221
139 269
140 155
140 181
140 195
140 240
140 423
140 597
140 908
141 459
141 589
141 967
142 275
142 380
142 575
142 743
143 220
143 759
143 877
143 891
143 953
144 273
144 329
144 379
144 552
144 695
144 881
144 967
144 996
145 288
145 343
145 734
146 255
146 279
146 351
146 401
147 299
147 382
147 451
147 486
147 608
147 668
147 881
148 441
148 469
148 732
148 759
148 803
148 894
148 931
148 975
148 982
149 420
149 564
149 568
149 576
149 694
149 713
149 838
150 181
150 291
150 545
150 560
150 563
150 581
150 723
150 787
151 237
151 379
151 485
151 557
151 589
151 708
151 930
152 329
152 705
152 983
153 190
153 702
153 839
153 975
154 710
155 552
155 641
155 648
155 663
155 790
155 930
156 337
156 409
156 450
156 476
156 640
156 724
157 178
157 290
157 786
158 320
158 767
158 845
159 229
159 267
159 368
159 498
159 788
159 973
160 378
160 767
160 840
160 842
160 936
161 174
161 243
161 326
161 334
161 425
161 591
161 713
161 949
162 165
162 240
162 277
162 476
162 496
162 557
162 727
162 806
162 970
163 400
163 636
163 829
164 280
164 584
164 587
164 870
164 898
165 716
165 916
165 961
166 335
166 516
166 620
166 948
167 368
167 736
167 879
168 468
168 552
168 573
168 701
169 412
169 476
169 622
169 842
169 873
170 242
170 445
170 569
170 937
171 431
171 620
172 285
172 492
172 640
172 721
172 846
172 926
173 185
173 739
173 879
173 935
174 237
174 308
174 445
174 599
174 606
174 800
174 815
175 188
175 252
175 261
175 285
175 356
175 856
175 945
176 230
176 344
176 526
176 706
176 755
176 777
177 426
177 473
177 648
177 938
178 557
178 563
178 589
179 600
179 616
179 912
179 997
180 224
180 244
180 614
180 723
180 802
181 187
181 262
181 280
181 467
181 609
181 759
181 907
182 224
182 356
182 457
182 514
182 556
182 574
182 577
182 682
182 993
183 240
183 396
183 404
183 484
183 772
184 312
184 388
184 671
184 763
184 785
184 794
184 966
185 226
185 263
185 287
185 404
185 587
185 803
185 860
185 984
186 255
186 338
186 355
186 761
186 792
186 830
187 189
187 404
187 604
187 848
188 368
188 683
188 887
188 909
189 239
189 616
189 637
189 835
190 282
190 383
190 432
190 959
190 974
191 227
191 426
191 611
191 730
191 925
192 440
192 693
192 850
192 926
193 440
193 450
193 651
193 742
193 788
193 858
193 894
194 500
194 711
194 811
194 955
195 263
195 431
195 437
195 532
195 793
196 361
196 429
196 738
196 983
196 989
197 305
197 377
197 475
197 565
197 932
198 200
198 306
198 620
198 804
198 838
198 886
199 357
199 493
199 648
199 717
199 881
200 852
201 262
201 417
201 484
201 686
201 982
202 475
202 641
202 781
202 831
203 238
203 377
204 319
204 421
204 802
204 884
204 891
205 952
206 242
206 306
206 316
206 507
206 649
207 614
207 667
207 788
208 617
208 770
209 400
209 550
209 710
209 774
209 886
210 278
210 828
210 839
210 917
210 987
210 992
211 237
211 518
211 587
211 611
211 703
211 885
212 373
212 449
212 470
212 540
212 580
212 648
212 729
212 878
212 911
213 255
213 455
213 518
213 887
214 260
214 327
214 436
214 511
214 589
214 917
215 220
215 299
215 312
215 416
215 669
215 905
215 942
216 270
216 369
216 800
217 759
217 857
217 968
218 323
218 642
218 744
218 868
219 285
219 336
219 424
219 582
220 306
220 567
220 720
220 751
220 806
220 928
220 944
220 947
220 999
221 235
221 303
221 326
221 539
221 775
222 426
222 427
222 474
222 549
222 621
222 653
222 691
222 966
223 253
223 352
223 470
223 695
223 799
223 958
224 372
224 478
224 632
224 936
225 909
226 394
226 586
226 643
226 663
226 737
226 828
226 849
226 881
227 459
227 539
227 563
227 579
227 647
227 714
228 300
228 301
228 496
228 578
228 658
228 900
229 230
229 467
229 823
229 895
230 373
230 384
230 417
230 538
230 744
230 767
230 929
231 336
231 555
231 588
231 607
231 685
231 746
231 823
232 366
232 495
232 507
232 661
232 676
232 678
232 807
232 876
232 945
233 351
233 541
233 551
233 581
233 672
233 907
234 342
234 469
234 569
235 634
235 816
235 875
235 951
236 251
236 793
237 265
237 365
237 392
237 501
237 569
237 921
237 945
238 289
238 312
238 325
238 433
238 450
238 734
238 874
238 922
239 269
239 396
239 568
240 268
240 414
240 511
240 541
240 888
240 892
240 937
241 358
241 375
241 392
241 711
241 934
242 613
242 949
243 319
243 471
243 477
243 483
243 615
243 618
243 806
244 526
244 836
245 464
245 515
245 532
245 583
245 857
245 876
246 273
246 289
246 303
246 321
246 435
246 463
246 851
246 913
247 488
247 700
247 809
247 961
248 321
248 349
248 838
249 254
249 570
249 630
249 797
250 546
250 795
250 964
251 432
251 838
252 338
252 470
252 506
252 827
252 833
252 977
253 390
253 597
253 699
253 778
255 513
255 678
255 843
256 574
256 597
256 734
257 295
257 374
257 536
257 568
257 579
257 836
258 320
258 468
258 478
258 687
258 782
258 852
258 856
259 315
259 319
259 545
259 584
259 907
260 265
260 287
260 306
260 423
260 488
260 720
261 407
261 433
261 628
261 844
261 908
261 994
262 447
262 455
262 689
262 797
262 810
263 720
263 787
263 993
264 439
264 521
264 827
264 918
265 685
265 989
266 439
266 580
266 770
266 771
266 832
266 994
267 818
267 960
268 364
268 735
268 954
269 516
270 342
270 361
270 444
270 478
270 578
270 698
270 924
271 596
271 631
271 747
271 939
272 411
272 470
272 638
273 346
273 366
273 582
273 685
273 770
273 993
274 642
274 711
274 837
274 917
274 929
274 979
274 984
275 452
275 458
275 533
275 714
275 756
276 715
277 326
277 516
277 517
277 535
278 576
278 769
278 973
279 351
279 454
279 682
279 838
279 871
280 340
280 357
280 390
280 518
280 710
280 787
280 928
280 970
281 473
281 711
281 805
282 376
282 519
282 520
282 577
282 626
282 919
282 973
282 981
283 446
283 482
283 662
283 858
283 927
284 447
284 478
284 572
284 669
285 360
285 377
285 630
285 996
286 932
287 414
287 531
287 596
287 617
287 821
287 979
288 331
288 426
288 560
288 764
288 802
288 915
288 983
289 450
289 724
289 818
289 923
290 676
290 743
290 842
291 525
292 323
292 425
292 854
292 932
292 948
293 366
293 477
293 503
293 586
293 672
293 715
294 528
294 539
294 798
294 814
294 925
295 400
295 647
295 828
295 849
296 346
296 570
296 737
296 877
296 905
297 344
297 363
297 415
297 591
297 592
297 684
297 732
298 346
298 388
298 593
298 626
298 783
298 834
298 868
298 913
299 643
299 927
300 524
300 909
301 302
301 353
301 409
301 513
301 552
301 753
301 786
301 909
302 468
302 484
302 493
303 630
303 766
304 316
304 335
304 366
304 463
304 470
304 539
304 617
304 633
304 668
304 773
305 318
305 448
305 547
305 727
306 372
306 582
306 620
306 651
306 726
306 994
307 395
307 661
307 723
307 959
307 994
307 997
308 442
308 619
308 993
309 367
309 414
309 497
309 543
309 552
309 570
310 619
310 682
310 721
310 789
310 942
310 946
311 367
311 470
311 586
311 843
311 855
311 903
312 438
312 664
312 948
312 976
313 378
313 391
313 463
313 466
313 922
313 952
314 408
314 596
314 743
314 811
314 935
315 496
315 610
315 878
316 362
316 777
317 656
317 684
317 984
318 400
318 663
318 917
318 976
319 390
319 464
319 764
320 324
320 374
320 778
321 349
321 374
321 588
321 669
321 764
322 449
322 554
322 630
322 777
323 365
323 490
323 550
323 623
324 456
324 598
324 712
324 805
325 553
325 749
325 904
325 993
326 982
327 618
327 784
327 829
328 498
328 527
328 569
328 903
328 956
329 456
329 464
329 551
329 616
329 962
330 481
330 793
330 837
330 879
331 341
331 496
331 858
331 900
332 542
332 845
332 935
333 673
333 681
333 773
333 908
334 366
334 550
334 575
334 669
334 727
334 952
334 963
334 973
335 669
335 951
336 378
336 405
336 547
337 374
337 447
337 618
338 627
338 872
339 491
339 608
339 701
339 913
340 490
340 570
341 476
341 621
341 657
341 698
341 779
341 801
341 822
341 989
342 467
342 477
342 594
342 671
342 901
343 444
343 527
343 777
343 903
343 960
344 363
344 763
344 942
345 645
345 831
346 467
346 591
346 943
346 987
347 528
347 654
347 805
347 895
347 929
348 490
348 530
348 623
348 668
348 849
348 946
348 966
348 970
349 493
349 522
350 841
350 857
351 400
351 419
351 585
351 875
352 378
352 413
352 448
352 782
352 843
352 848
353 521
353 635
353 642
353 852
354 499
354 551
354 646
354 707
354 711
354 952
355 588
356 365
356 386
356 543
356 796
356 808
356 892
356 920
357 521
357 582
357 615
357 871
358 466
358 613
359 696
359 885
360 490
360 536
360 739
360 873
361 619
361 635
361 739
361 971
362 968
362 991
363 805
363 912
363 959
363 968
364 473
364 689
364 766
364 834
366 531
366 695
366 865
366 913
367 498
367 560
367 610
367 619
367 646
367 699
368 384
368 403
368 433
368 964
369 418
369 548
369 825
369 938
369 994
370 438
370 458
370 468
370 496
370 503
370 577
370 584
370 645
370 812
371 644
371 778
371 879
371 981
372 612
373 396
373 692
373 742
374 538
374 639
374 837
376 383
376 673
376 887
377 421
377 440
377 539
377 565
377 617
378 571
378 747
378 876
379 433
379 494
379 744
379 790
380 535
381 438
381 533
381 759
381 919
382 618
382 632
382 747
383 394
383 510
383 905
383 977
384 424
384 456
384 480
384 590
384 820
384 876
385 627
385 677
385 845
386 513
386 540
386 984
387 404
387 815
387 936
387 945
388 557
388 834
388 868
388 962
388 994
389 727
390 440
390 457
390 626
390 845
391 519
391 671
391 686
391 868
392 569
392 693
392 949
393 581
393 651
393 677
393 839
393 946
394 490
394 902
394 952
395 473
395 906
396 594
396 825
396 919
397 518
397 965
398 568
398 754
398 886
398 920
399 652
399 944
400 487
400 493
400 498
400 606
401 640
401 882
401 938
402 641
402 862
403 444
403 488
403 490
403 586
403 811
403 820
404 535
404 557
404 899
405 677
405 914
406 880
406 928
407 673
407 683
407 753
407 793
407 906
407 944
408 549
408 741
408 967
409 428
409 594
410 822
410 978
411 700
412 420
412 478
412 690
412 818
412 827
412 930
412 971
412 973
413 628
413 649
413 743
413 791
414 487
414 519
414 931
415 758
415 885
416 576
416 616
416 743
417 658
417 860
417 872
418 521
418 527
418 894
419 773
419 818
419 925
420 852
420 876
421 759
421 928
422 600
422 604
422 780
422 817
422 942
423 515
423 590
423 694
423 735
424 786
424 900
425 468
425 482
426 429
426 481
426 506
426 790
426 832
426 857
427 513
427 529
427 799
427 975
428 598
428 650
428 741
428 872
429 671
430 451
430 708
430 823
430 897
430 927
431 542
431 563
431 647
431 761
431 777
431 877
431 979
432 454
432 734
432 848
432 962
433 437
433 685
433 910
433 933
433 999
434 446
434 483
435 838
435 919
435 941
435 985
436 466
436 467
437 754
437 839
437 998
438 534
438 751
439 488
439 612
439 711
439 902
439 910
439 933
440 578
440 585
440 886
441 942
441 996
442 460
442 547
442 624
442 781
442 801
442 813
442 891
442 957
443 820
443 972
444 470
444 665
444 866
445 814
445 885
445 962
445 984
446 743
447 823
447 866
448 579
448 844
448 932
450 623
450 647
450 765
450 825
451 944
451 971
451 991
452 703
452 713
452 941
452 978
453 474
453 549
453 899
453 924
454 688
454 935
454 988
455 689
455 925
456 500
456 621
456 636
456 868
457 471
457 673
457 793
458 471
458 667
458 770
458 855
458 977
459 488
459 705
459 982
461 657
461 781
462 527
463 783
463 917
465 803
466 734
466 753
466 876
466 940
467 616
467 825
467 892
467 952
468 575
468 830
469 537
469 768
469 822
470 547
470 745
471 513
472 632
472 719
472 810
472 936
472 940
473 899
473 933
474 557
474 573
474 754
474 898
474 967
475 687
476 674
476 758
476 798
476 928
477 728
478 777
478 861
479 736
479 793
480 565
480 749
480 765
480 770
480 934
481 598
481 703
481 927
482 588
482 602
482 702
482 715
482 809
482 840
482 979
482 987
483 493
483 501
483 532
483 680
483 889
485 558
485 687
485 815
486 843
487 646
487 664
487 835
488 633
488 715
488 792
488 898
488 987
489 669
489 931
490 815
490 868
491 500
491 708
491 807
491 856
491 987
492 524
492 540
492 600
492 609
492 735
492 888
493 566
493 610
493 685
493 814
494 618
494 688
494 762
494 823
494 826
494 940
495 530
495 545
495 756
496 522
496 691
496 868
497 567
497 638
497 677
497 834
497 992
498 525
498 797
499 956
500 963
502 781
502 792
502 807
502 859
503 715
503 861
503 864
503 956
504 602
504 889
504 950
505 725
505 750
505 792
505 942
506 707
506 803
506 944
507 580
507 669
507 924
508 686
508 782
508 825
508 947
508 982
510 869
510 883
511 550
511 553
511 688
511 904
512 598
512 639
512 646
512 916
513 561
513 588
513 628
513 641
513 646
513 915
514 688
514 794
514 893
514 949
515 618
515 625
515 653
515 727
515 729
515 735
515 755
515 858
515 980
516 801
516 907
517 647
517 819
517 981
518 614
518 643
519 772
519 871
520 563
520 624
520 730
520 778
520 811
521 604
522 723
522 770
522 845
523 552
523 660
523 875
524 610
524 653
524 848
525 676
525 745
526 546
526 745
526 746
527 597
527 700
528 595
529 686
529 991
530 603
530 668
530 765
530 926
531 888
532 619
532 640
532 704
532 819
533 635
533 674
533 713
533 822
534 687
534 876
534 880
535 811
535 912
535 931
536 620
536 696
537 695
537 931
538 674
538 948
539 746
539 920
539 946
539 968
539 985
540 567
540 601
540 907
541 736
541 848
541 988
543 579
543 954
544 846
544 851
545 558
545 591
545 889
545 935
546 621
546 671
546 773
546 864
547 630
547 759
547 929
548 554
548 624
548 845
549 576
549 863
549 978
550 942
551 818
552 762
553 613
553 721
553 758
553 848
553 952
553 969
554 574
554 624
554 683
554 868
554 954
555 603
555 613
555 860
555 948
556 725
556 880
556 987
557 567
557 663
557 942
558 568
558 588
558 601
559 608
559 985
560 853
560 947
561 606
561 718
562 920
563 832
564 719
564 761
564 836
564 899
565 602
565 706
565 769
565 863
565 975
566 957
567 824
567 877
568 843
568 978
568 998
569 643
570 641
570 776
570 984
571 597
571 812
572 676
572 860
572 878
572 956
573 582
573 648
573 715
573 947
573 963
574 884
574 968
575 658
576 680
577 897
579 864
579 981
580 962
580 974
582 815
583 623
583 653
583 872
583 963
583 966
584 667
584 824
586 682
586 896
586 929
587 625
587 924
588 596
588 610
590 677
590 857
590 999
591 607
591 782
591 807
591 866
592 843
593 657
593 889
595 603
598 841
598 867
598 918
598 973
598 988
599 750
599 955
600 848
601 629
601 827
602 884
604 722
604 853
604 873
604 943
606 626
606 945
607 867
607 956
607 963
608 661
608 878
608 898
609 883
609 947
609 980
610 611
611 898
611 934
611 977
612 634
612 861
612 940
613 678
613 806
613 845
613 999
614 866
616 618
616 864
617 748
618 675
618 678
618 731
618 819
618 846
619 730
619 795
619 805
620 622
620 656
620 751
620 858
621 804
621 812
622 702
622 717
624 663
624 731
624 804
624 822
624 836
627 779
628 643
628 675
628 763
629 634
629 710
629 790
629 831
629 977
630 711
630 916
630 930
631 717
631 743
632 669
633 671
633 791
633 936
634 662
635 639
635 642
635 809
635 814
635 897
636 729
636 791
636 869
637 640
637 779
638 717
639 797
639 867
640 801
640 952
640 975
641 717
641 771
641 935
641 991
642 891
642 907
642 908
643 774
643 808
644 795
644 905
644 992
645 683
645 972
646 818
646 822
648 722
648 774
648 963
648 965
649 719
649 954
650 833
651 680
651 997
652 693
652 702
652 997
653 867
654 847
654 942
654 984
655 700
655 822
655 877
655 984
656 717
657 722
657 743
657 854
657 911
658 691
658 697
658 706
658 843
658 877
659 700
659 740
659 904
660 877
661 885
661 955
662 829
662 887
663 752
663 816
663 893
664 716
666 884
666 914
666 989
667 962
668 927
668 981
669 717
669 916
669 932
670 716
670 961
670 984
671 805
671 856
671 950
672 681
672 934
673 743
673 798
676 963
677 716
677 779
678 758
679 975
680 720
680 917
680 963
681 689
681 703
681 859
681 913
682 732
683 695
683 710
683 745
683 955
684 850
684 852
684 890
685 739
685 808
685 829
685 985
686 776
686 841
686 856
687 708
687 745
687 846
687 967
688 831
689 822
689 849
690 814
690 869
691 961
691 979
692 736
692 830
692 958
693 798
693 854
693 911
693 939
694 915
695 733
695 971
695 985
696 824
697 871
697 928
697 946
697 947
698 760
698 826
698 863
699 797
699 984
699 991
700 730
700 929
700 941
702 712
702 781
704 904
705 908
707 925
708 873
709 745
709 861
709 936
709 994
710 906
711 888
712 815
712 864
712 907
712 934
713 743
713 865
714 834
714 981
715 815
715 823
715 897
715 932
716 781
717 854
717 869
717 965
718 732
718 797
719 878
719 905
719 930
720 808
720 930
721 778
721 781
721 937
723 771
723 802
724 856
724 908
725 903
726 781
727 768
727 819
727 937
728 782
728 892
729 826
731 748
731 761
731 801
731 854
731 883
732 810
732 829
733 837
734 802
734 820
735 883
736 883
738 975
738 997
740 846
741 944
742 862
742 992
743 837
744 803
747 932
748 798
748 949
749 753
749 756
749 774
749 816
749 963
751 950
752 779
752 799
752 832
752 942
753 907
754 790
754 793
754 968
755 885
756 840
757 817
757 899
757 965
758 804
758 903
758 932
759 822
759 935
759 941
759 957
760 763
761 792
761 902
762 763
763 820
764 856
764 859
766 971
770 840
770 936
770 969
770 981
771 841
771 893
772 880
772 896
772 961
773 902
773 911
775 832
777 783
777 905
777 952
778 829
778 864
778 899
779 782
779 940
781 850
782 787
783 820
783 840
783 885
783 956
785 805
786 912
786 999
787 874
787 987
787 989
789 968
790 843
790 876
791 954
791 975
791 978
791 988
792 983
794 991
794 992
796 823
798 901
800 963
802 852
802 917
803 913
804 884
806 945
809 812
809 887
811 857
812 819
814 816
814 946
815 856
820 957
820 987
821 897
821 998
822 927
824 830
824 844
824 847
826 829
827 842
830 856
830 909
830 962
831 884
831 948
832 948
834 886
834 980
836 900
844 854
844 864
845 871
845 877
846 912
846 971
847 983
848 879
849 890
849 960
851 909
851 912
851 957
853 858
853 952
855 872
855 927
857 949
858 892
858 894
858 938
858 967
862 945
863 893
864 906
864 944
864 975
867 873
869 995
870 871
870 958
871 883
871 893
878 896
880 939
881 901
886 930
888 967
889 940
891 933
892 894
892 982
895 951
895 967
899 927
900 993
904 909
904 940
904 947
915 968
915 976
917 927
919 930
920 956
921 981
923 996
926 970
936 975
936 994
938 989
939 950
939 953
952 957
952 995
954 986
956 974
961 978
961 987
964 982
968 985
968 986
972 995
976 996
985 990
0
10 999
