1000	2921	 1
0 29
0 564
0 579
0 790
1 404
1 414
1 613
1 776
1 854
2 135
2 255
2 335
2 404
2 735
3 246
3 312
4 99
4 494
4 655
4 718
4 791
4 919
5 272
5 651
5 835
5 985
6 573
6 671
7 510
7 513
7 673
7 970
8 211
8 482
8 511
8 591
8 645
8 792
8 922
8 955
9 107
9 259
9 332
9 511
9 561
9 603
9 921
9 924
10 129
10 142
10 481
10 591
10 633
10 764
11 265
11 485
11 690
11 802
11 877
12 350
12 534
12 613
12 779
12 814
13 218
13 321
13 409
13 463
13 489
13 807
13 842
13 880
14 175
14 373
14 455
15 272
15 489
15 656
15 760
16 188
16 222
16 325
16 736
16 835
16 869
16 914
16 956
17 219
17 260
17 282
17 471
17 541
18 199
18 294
18 347
18 431
18 443
18 682
18 743
18 780
18 793
18 823
18 827
18 920
19 519
20 146
20 337
20 451
20 988
21 22
21 344
21 596
21 765
21 895
21 924
21 935
21 979
21 996
22 190
22 970
23 268
23 302
23 305
23 618
23 820
23 845
24 76
24 248
24 308
24 313
24 367
24 693
24 791
24 909
25 116
25 271
25 617
25 639
25 682
25 691
25 782
25 832
26 70
26 147
26 166
26 539
26 663
26 921
26 922
26 995
27 336
27 516
27 561
27 944
28 158
28 290
28 895
28 928
28 961
28 989
29 58
29 175
29 279
29 795
30 391
30 585
30 676
30 895
30 983
31 222
31 624
31 729
31 742
31 768
31 948
32 233
32 297
32 419
32 861
32 869
33 315
33 585
33 782
33 797
33 943
34 76
34 239
34 260
34 293
34 355
34 380
34 381
34 719
34 818
34 928
35 141
35 399
35 461
35 494
35 871
35 968
36 646
36 648
36 694
36 999
37 437
37 459
37 566
37 896
37 948
37 967
38 63
38 252
38 326
38 435
38 618
38 890
38 913
38 926
38 963
39 85
39 292
39 296
39 373
39 428
39 694
39 896
39 969
40 203
40 397
40 435
40 505
40 583
40 971
40 973
41 102
41 259
41 510
41 677
41 860
41 906
42 457
42 522
42 633
42 651
42 785
43 44
43 209
43 448
43 537
43 547
43 605
43 775
43 986
44 269
44 293
44 663
44 676
44 717
44 808
44 815
45 70
45 328
45 654
45 657
45 659
45 756
46 253
46 318
46 586
46 617
46 621
46 656
47 199
47 540
47 553
47 722
47 785
47 847
47 900
48 129
48 377
48 399
48 521
48 763
49 211
49 386
49 560
49 603
49 813
49 907
50 73
50 264
50 582
50 599
50 808
50 834
50 972
51 140
51 758
51 842
52 246
52 317
52 660
52 921
53 306
53 327
53 341
53 359
53 710
53 839
54 140
54 158
54 210
54 347
54 460
54 728
54 874
55 73
55 178
55 464
55 711
56 463
56 684
56 801
56 829
57 175
57 258
57 266
57 501
57 510
57 820
58 167
58 351
58 427
58 470
58 497
58 546
58 584
58 894
59 107
59 226
59 252
59 424
59 537
59 538
59 713
59 751
60 408
60 500
60 554
60 660
61 80
61 93
61 189
61 411
61 452
61 457
61 773
61 899
62 92
62 124
62 390
62 435
62 798
62 866
62 942
63 81
63 512
63 653
63 659
63 777
63 817
64 97
64 572
64 740
64 792
64 820
65 180
65 207
65 387
65 428
65 625
65 779
65 833
65 955
66 173
66 235
66 554
66 786
66 941
67 124
67 178
67 263
67 357
67 614
67 957
68 96
68 157
68 354
68 412
68 569
68 667
68 705
68 733
68 803
69 479
69 517
69 681
69 974
70 222
70 264
70 331
70 414
70 453
70 491
70 753
70 834
70 860
71 258
71 337
71 503
71 622
71 756
71 796
72 132
72 151
72 160
72 198
72 311
72 543
72 662
72 934
73 252
73 408
73 953
73 999
74 306
74 379
74 643
75 307
75 397
75 535
75 886
75 980
76 270
76 416
76 639
76 655
76 823
76 915
76 918
77 240
77 598
77 872
77 962
77 985
78 339
78 409
78 527
78 665
79 325
79 339
79 679
79 809
80 421
80 471
80 587
80 617
80 641
80 748
81 640
81 668
81 938
82 98
82 314
82 550
82 629
82 744
82 852
83 118
83 880
84 184
84 365
84 435
84 530
85 141
85 261
85 369
85 611
85 943
86 156
86 208
86 358
86 603
86 775
87 607
87 678
87 723
87 928
87 960
88 173
88 454
88 520
88 754
89 226
89 301
89 515
89 578
89 583
89 588
89 780
90 689
91 135
91 158
91 513
91 852
92 113
92 465
92 473
93 118
93 132
93 265
93 416
93 675
93 681
93 841
93 907
94 257
94 356
94 604
94 626
95 248
95 265
95 283
95 294
95 451
95 977
96 264
96 267
96 298
96 313
96 679
96 949
97 143
97 145
97 300
97 322
97 520
97 631
97 649
97 695
98 106
98 334
98 511
98 764
98 800
98 973
98 998
99 338
99 375
99 805
99 853
99 887
99 986
100 180
100 456
100 469
100 489
100 632
100 708
100 726
101 220
101 318
101 560
101 738
101 881
101 958
102 160
102 494
102 702
102 705
102 912
102 932
103 167
103 352
103 501
103 521
103 612
104 482
104 829
104 928
105 202
105 212
105 372
105 439
105 736
105 809
105 900
106 242
106 471
106 579
106 623
106 745
107 136
107 166
107 530
107 756
107 821
107 854
107 923
108 489
108 646
108 688
108 772
109 178
109 219
109 864
109 891
110 219
110 238
110 409
110 780
111 385
111 518
111 594
111 652
111 792
111 810
111 972
112 431
112 712
112 961
113 157
113 264
113 354
113 446
113 451
113 633
113 641
113 983
114 161
114 437
114 663
114 679
114 699
114 767
114 780
114 811
114 966
115 228
115 325
115 469
115 844
115 883
116 145
116 616
116 628
116 693
117 253
117 294
117 318
117 524
117 624
117 813
117 894
118 223
118 322
118 383
118 579
118 580
118 678
119 264
119 345
119 361
119 374
119 708
119 725
120 357
120 368
120 585
120 721
120 968
121 227
121 375
121 412
121 575
121 821
121 995
122 201
122 517
122 535
122 752
122 904
123 199
123 340
123 405
123 522
123 761
123 851
123 955
124 169
124 378
124 416
124 582
124 598
124 708
124 963
125 141
125 144
125 328
125 426
125 524
125 775
126 150
126 231
126 399
126 863
126 872
126 879
127 292
127 437
127 529
127 608
127 719
127 916
128 258
128 267
128 379
128 441
128 454
128 567
128 654
128 704
128 725
128 773
129 418
129 529
129 789
129 818
130 216
130 226
130 297
130 391
130 538
130 694
130 720
130 731
130 994
131 388
131 557
132 430
132 441
132 589
132 841
132 924
132 952
132 978
133 438
133 698
133 750
133 896
134 335
134 635
134 659
134 952
134 976
135 194
135 312
135 749
135 904
136 157
136 276
136 348
136 908
137 593
137 869
138 232
138 269
138 390
138 464
138 590
138 607
138 636
138 956
139 715
139 939
140 163
140 540
140 683
141 160
141 390
141 491
141 615
141 624
141 893
142 143
142 346
142 353
142 363
142 739
142 760
142 926
142 954
143 207
143 282
144 255
144 531
144 631
144 814
144 818
145 535
145 845
146 338
146 457
147 525
147 802
148 196
148 368
148 651
148 704
149 286
149 419
149 438
149 649
149 762
150 176
150 193
150 345
150 389
150 822
150 931
150 957
151 433
151 438
151 677
151 960
152 206
152 462
152 642
152 692
152 794
152 819
152 951
153 211
153 348
153 603
153 720
153 756
153 906
154 525
154 580
154 625
154 716
154 990
155 405
155 531
155 615
155 655
155 857
155 879
155 892
156 579
156 792
157 336
157 456
157 956
158 192
158 516
158 684
158 816
159 629
159 948
160 179
160 338
160 598
161 391
161 443
161 485
161 968
161 978
162 326
162 359
162 462
162 570
162 616
163 299
163 322
163 730
164 196
164 363
164 429
164 534
164 630
164 778
165 517
165 650
165 693
165 898
165 995
166 288
166 301
166 362
166 475
166 494
166 828
166 983
167 254
167 323
167 651
167 836
167 887
167 954
168 172
168 404
168 642
168 727
168 750
169 217
169 318
169 433
169 455
169 731
169 742
170 172
170 455
170 511
170 527
170 753
170 764
170 927
170 973
171 177
171 231
171 293
171 358
171 370
171 615
172 287
172 447
172 474
172 709
172 825
173 672
174 221
174 230
174 480
174 550
174 802
174 823
175 218
175 394
175 537
175 737
176 321
176 444
176 812
176 896
177 429
177 605
177 705
177 748
177 844
178 900
178 931
179 185
179 187
179 215
179 218
179 302
179 472
179 528
179 596
179 615
179 659
179 668
179 784
180 190
180 436
181 453
181 475
181 571
181 590
181 849
182 192
182 465
182 535
182 684
182 781
183 344
183 645
183 933
184 250
184 880
185 671
185 972
186 473
186 491
186 822
186 854
187 323
187 688
187 722
187 809
187 842
187 997
188 250
188 617
188 628
188 634
188 764
189 333
189 763
189 936
190 423
190 815
190 905
191 360
191 465
191 495
191 505
191 555
191 568
191 571
191 675
191 788
192 320
192 379
192 383
192 409
192 547
192 633
192 891
193 272
193 327
193 366
193 486
193 717
194 344
194 499
194 792
195 540
196 229
196 499
196 776
197 312
197 346
197 582
197 932
198 407
198 413
198 450
198 718
198 812
199 508
199 626
199 702
199 987
200 404
200 700
200 818
200 918
200 978
201 282
201 334
201 390
201 420
201 541
201 596
202 456
202 482
203 216
203 266
203 443
203 552
203 800
203 868
203 882
204 504
204 514
205 264
205 567
205 684
205 713
205 728
205 842
205 973
206 316
206 771
206 872
207 220
207 224
207 251
207 342
207 502
207 509
207 616
207 628
207 779
207 864
207 928
207 952
208 217
208 504
208 587
208 965
209 286
209 535
210 539
210 755
210 933
211 242
211 405
211 747
211 831
212 477
212 542
213 236
213 297
213 588
213 675
214 355
214 371
214 537
214 674
214 855
215 269
215 418
215 470
215 640
215 768
215 815
215 816
216 272
216 329
216 637
216 682
216 984
217 273
217 640
217 722
217 916
218 425
218 576
218 659
219 701
219 793
219 898
219 907
220 422
220 439
220 562
220 833
220 880
221 280
221 289
221 897
222 430
222 471
222 926
222 962
223 275
223 406
223 496
223 504
223 563
223 805
224 528
224 623
224 911
225 488
225 865
226 452
226 506
226 741
226 914
226 963
226 968
227 321
227 555
227 848
228 406
228 570
228 825
228 928
228 933
229 434
229 477
229 643
229 830
229 982
230 295
230 345
230 498
230 611
230 779
230 804
231 275
231 843
232 323
232 831
232 969
233 369
233 596
233 671
233 754
233 843
233 923
234 369
234 531
234 541
234 557
234 610
234 770
234 956
234 967
234 993
235 315
235 535
235 847
235 946
235 993
236 430
236 591
236 622
236 950
237 389
237 535
237 540
237 547
237 729
237 845
238 703
238 711
238 919
238 954
238 976
239 430
239 509
240 335
240 472
240 491
240 654
240 772
240 807
241 678
241 894
241 897
242 579
242 970
243 486
243 524
243 619
243 626
243 686
243 691
243 806
243 887
243 895
243 938
244 309
244 349
244 563
244 787
244 879
244 950
245 512
245 828
245 870
245 889
245 914
245 963
245 979
246 348
246 543
246 935
247 279
247 484
247 519
247 567
248 776
248 989
249 691
249 694
249 767
249 836
249 964
250 368
250 697
250 886
251 257
251 331
251 384
251 770
251 898
252 304
252 357
253 361
253 411
253 564
253 582
253 690
253 837
254 308
254 315
254 377
254 468
254 649
254 679
254 841
254 978
254 980
255 261
255 625
255 662
255 972
255 984
256 415
256 456
256 484
256 688
256 729
257 509
257 573
257 635
257 969
258 298
258 424
258 496
258 505
258 562
258 578
258 716
258 898
258 991
259 537
259 582
259 897
260 318
260 345
260 410
260 590
261 450
261 473
261 672
262 314
262 410
262 478
262 626
262 720
262 877
262 910
262 950
263 448
263 592
263 608
263 634
263 822
264 318
264 356
264 536
264 717
264 832
265 567
265 577
265 929
266 599
266 817
266 848
266 945
267 276
267 356
267 437
267 594
267 909
268 366
268 369
268 422
268 437
268 544
269 376
269 390
269 398
269 562
269 873
270 351
270 498
270 499
271 442
271 764
271 912
272 345
272 447
272 928
272 996
273 320
273 405
273 463
273 464
273 616
273 792
273 833
274 497
274 624
274 730
274 787
274 800
275 351
275 357
275 703
275 728
275 795
275 828
275 991
276 559
276 991
277 281
277 789
277 834
277 837
277 869
277 948
278 491
278 627
278 658
278 701
278 703
278 709
278 850
278 867
278 932
278 949
278 956
279 556
279 714
279 992
280 359
280 771
281 360
281 564
281 679
281 699
281 700
281 942
282 642
282 736
282 755
282 974
283 315
283 316
283 359
283 826
284 486
284 506
284 543
284 872
285 398
285 405
285 512
285 624
285 679
285 771
286 468
286 533
286 628
286 629
286 730
286 758
286 811
286 968
287 781
288 436
288 606
288 918
289 341
289 617
289 737
289 810
290 366
290 933
290 934
291 298
291 356
291 714
292 777
292 923
292 936
293 384
293 544
293 744
293 762
294 301
294 335
294 591
294 652
294 683
294 792
294 816
294 983
295 400
295 514
295 603
295 616
295 806
295 945
296 587
296 596
296 822
296 870
297 818
298 912
299 675
299 816
299 839
300 533
300 623
300 716
300 782
300 972
301 598
301 685
302 333
302 458
302 581
302 824
303 336
303 341
303 722
303 978
304 710
304 795
305 464
305 849
305 895
305 903
306 348
306 412
306 625
307 433
307 572
307 702
307 761
307 877
308 825
309 374
309 515
309 658
309 746
309 788
309 889
309 895
310 404
310 451
310 581
310 582
310 673
310 840
310 927
311 547
311 956
312 695
312 745
312 768
312 792
314 349
314 402
314 839
315 390
315 592
315 621
315 802
316 714
316 823
316 917
317 514
318 662
318 826
319 369
319 700
319 710
319 735
319 851
319 940
320 527
320 830
321 634
321 755
321 901
322 419
322 474
322 641
322 874
323 519
323 688
323 727
323 988
324 390
324 458
324 901
325 548
325 751
326 410
326 505
326 992
327 379
327 403
327 444
327 541
327 667
327 969
327 984
328 725
328 879
328 923
329 596
329 756
330 813
330 837
331 824
332 505
332 633
333 423
333 496
333 658
334 371
334 913
335 632
336 428
336 658
336 661
336 668
337 631
337 813
337 825
338 350
338 463
338 814
338 878
338 886
339 382
339 515
339 580
339 760
339 785
339 938
340 358
340 688
341 619
341 709
341 724
341 729
341 884
341 906
343 626
343 834
344 500
345 594
345 874
345 967
346 514
346 552
346 953
346 956
346 972
347 884
348 653
348 672
348 950
349 515
349 659
349 897
349 920
350 436
350 617
351 371
351 434
351 479
351 508
351 625
351 645
351 919
352 399
352 447
352 954
352 955
353 490
353 587
353 610
353 620
353 787
356 369
356 628
356 762
356 928
357 953
358 476
358 506
358 979
361 727
361 787
361 828
361 898
362 430
362 557
362 639
362 789
362 791
362 808
362 853
363 401
363 645
363 693
363 956
363 971
364 394
364 652
364 704
365 454
365 718
365 811
366 739
366 858
366 974
367 520
367 566
367 751
367 903
368 515
368 723
368 825
369 784
369 994
370 457
370 472
370 478
370 512
370 896
371 373
371 400
371 908
371 940
372 460
372 763
373 426
373 550
373 571
373 889
374 483
374 587
374 843
374 912
375 433
375 478
375 494
376 435
376 513
376 748
377 475
377 597
378 759
379 438
379 477
379 782
379 815
380 436
380 728
380 846
381 584
381 619
381 625
381 761
382 466
382 494
383 446
383 573
383 593
383 671
383 855
383 861
384 847
384 880
384 910
384 938
385 696
385 840
385 918
386 387
386 714
386 883
386 959
386 973
387 400
387 510
387 746
387 958
387 994
388 485
388 632
388 817
389 582
389 785
389 912
389 945
390 444
390 555
390 722
390 725
390 781
390 916
390 968
391 484
391 681
391 701
392 556
392 788
392 789
392 819
392 838
392 955
393 460
393 647
393 888
393 925
393 976
394 623
395 759
395 956
396 584
396 703
396 722
396 791
396 797
396 855
397 732
397 818
397 961
397 974
398 970
399 813
399 853
400 566
400 950
401 624
402 623
402 658
402 662
402 802
402 982
403 420
403 720
403 857
403 946
403 977
404 557
404 684
405 540
405 757
405 869
405 937
406 647
406 657
406 909
406 944
407 572
407 766
407 963
408 728
408 820
409 484
409 533
409 558
409 597
409 689
410 575
410 783
410 949
410 993
411 445
411 824
411 890
412 545
412 601
412 608
413 943
414 443
415 506
415 618
415 669
415 771
415 948
415 961
415 967
416 885
417 535
417 669
417 682
417 941
418 574
418 704
418 783
419 438
419 681
419 743
419 913
419 952
420 444
420 699
421 504
421 514
421 751
421 978
421 980
422 685
422 783
422 920
422 975
423 561
424 506
424 671
424 723
424 912
424 939
425 599
426 667
426 738
426 768
427 471
427 562
427 731
428 648
428 707
428 942
429 741
429 750
429 917
430 533
430 541
430 820
430 836
431 442
431 443
431 674
431 762
431 808
431 932
432 482
432 752
432 835
432 957
433 724
433 946
433 992
434 834
434 907
435 698
435 878
435 945
435 982
437 639
437 665
437 921
437 941
438 502
438 553
438 579
438 603
438 605
438 657
438 691
438 711
439 628
439 694
439 728
439 988
440 452
440 454
440 584
441 993
442 525
442 589
443 550
443 989
444 543
444 567
444 587
444 641
444 898
445 540
445 787
445 844
446 650
446 669
446 784
446 956
447 463
447 464
447 500
447 733
447 983
448 462
448 749
449 496
449 531
450 557
450 560
452 882
452 934
453 537
453 583
453 613
453 714
453 725
453 858
453 900
454 581
454 604
454 627
455 578
455 749
455 760
455 781
455 957
456 483
456 664
456 758
456 912
457 502
457 554
457 699
457 772
457 954
459 863
460 541
460 740
460 890
461 673
461 784
461 870
462 627
462 661
462 846
462 911
462 963
463 667
463 673
463 697
464 644
464 692
464 782
465 647
465 726
465 876
466 646
466 673
466 869
466 903
466 936
467 614
467 762
467 921
467 998
468 685
468 752
468 813
468 955
469 967
469 983
470 646
470 736
470 763
470 864
470 866
470 903
470 918
471 628
471 839
472 473
472 506
472 653
472 681
473 558
473 734
473 876
474 683
474 785
474 934
475 573
475 961
476 636
476 859
477 560
477 609
477 974
477 998
478 711
478 904
478 914
479 771
479 881
479 895
479 957
479 986
480 559
480 592
480 923
481 758
481 880
481 965
482 483
482 742
482 935
483 531
483 740
484 731
485 557
485 572
485 595
485 759
485 966
486 549
486 744
486 974
487 726
487 792
487 905
487 991
488 501
488 595
488 714
488 726
488 736
488 754
489 495
489 528
490 598
490 739
490 878
491 580
491 640
491 863
492 618
492 622
492 645
492 692
493 689
493 720
493 913
495 556
495 654
495 817
496 637
496 755
496 859
496 956
497 899
498 656
498 829
499 783
499 817
499 937
500 505
500 962
501 814
501 854
501 946
502 812
502 863
502 917
502 966
503 867
503 918
504 674
505 658
505 690
505 969
506 522
506 691
506 720
507 556
507 557
507 721
507 789
508 660
508 811
508 842
511 604
511 755
511 809
511 893
512 663
512 674
513 580
513 595
513 895
514 517
514 911
516 531
516 717
516 996
517 780
517 871
517 920
518 687
519 701
519 816
519 996
520 560
520 646
520 948
522 571
522 579
522 753
523 603
523 613
523 723
523 762
524 935
525 691
525 863
526 658
526 852
526 972
527 650
527 734
527 952
528 869
529 547
529 764
529 859
530 677
531 626
531 797
531 922
532 608
532 670
532 947
532 954
533 694
533 706
533 723
533 780
533 993
534 580
534 652
534 685
534 837
534 841
535 785
535 876
536 773
536 810
537 560
537 738
537 827
537 908
537 963
538 548
538 807
539 596
539 870
540 722
540 754
540 884
542 555
542 880
542 978
543 598
543 804
543 848
544 850
544 893
544 972
544 999
545 620
545 743
545 927
545 974
546 891
547 574
547 718
548 639
548 695
548 715
548 841
548 972
548 979
549 960
551 784
551 895
551 940
552 745
552 848
553 561
553 643
553 745
554 879
554 943
554 989
555 643
555 803
556 897
556 991
557 563
557 792
557 849
557 892
557 969
558 697
558 699
559 832
561 743
561 866
561 971
562 576
562 640
562 845
562 901
563 675
563 922
564 565
565 810
565 968
566 853
567 709
567 901
567 907
568 581
568 638
568 810
569 644
569 793
570 633
570 923
572 635
572 760
572 978
572 980
573 646
573 790
573 973
574 581
575 722
575 953
576 701
577 673
577 978
578 688
578 756
578 831
578 879
579 591
579 630
579 644
579 700
579 866
579 883
580 616
580 623
580 739
580 799
580 888
580 926
581 855
581 951
582 741
582 746
582 967
584 707
584 995
585 958
586 702
587 592
587 840
587 871
587 908
587 975
588 616
588 635
588 704
588 766
589 593
589 861
590 621
590 707
590 872
590 924
591 714
591 762
592 632
592 945
592 994
594 891
595 864
596 639
596 777
596 826
596 886
596 928
596 930
597 613
597 729
597 750
597 762
598 675
598 730
598 737
598 781
599 658
599 738
599 783
600 620
600 856
600 875
600 884
600 942
601 734
601 836
601 904
601 927
602 736
602 865
602 989
603 860
603 987
605 656
605 879
605 909
606 649
606 671
606 739
606 959
607 877
607 949
608 669
608 695
609 959
609 991
610 828
610 897
611 844
612 639
613 677
613 804
613 880
613 884
614 865
614 985
615 660
615 697
615 962
617 692
617 728
618 689
619 665
620 939
620 964
621 672
622 638
622 789
622 833
623 850
623 908
623 909
624 690
624 714
624 790
625 685
625 912
626 679
626 687
626 771
626 936
626 956
627 641
627 798
628 757
628 812
628 825
629 816
629 894
630 877
631 708
631 749
632 684
632 729
632 737
632 935
633 706
633 718
633 840
634 714
634 739
634 906
634 907
634 917
634 977
636 691
636 803
637 666
637 944
638 805
638 819
639 910
639 953
640 857
641 674
641 732
641 832
641 876
641 923
642 796
642 852
642 996
643 887
644 832
644 870
645 830
646 716
646 719
646 758
646 794
646 819
647 657
647 713
647 926
648 724
648 851
648 853
648 974
649 668
649 759
649 811
650 774
650 918
651 750
651 788
652 734
652 798
652 802
652 968
653 879
653 887
654 690
654 807
654 960
656 666
656 845
656 894
657 845
657 953
657 958
658 734
658 840
659 823
660 689
660 769
660 969
660 993
660 999
661 798
661 881
661 944
661 950
662 965
662 999
663 681
663 777
663 783
664 772
664 782
664 836
665 850
665 875
665 971
666 720
666 736
666 797
666 894
666 998
667 822
667 836
667 858
667 883
667 910
668 685
668 825
668 987
669 693
670 684
670 808
670 914
671 694
671 881
671 951
672 769
672 812
673 683
673 753
673 903
673 941
674 794
674 964
675 698
676 756
676 796
676 873
677 822
679 815
679 911
680 717
680 993
681 992
682 820
683 742
683 853
683 925
684 796
685 786
686 725
687 985
689 726
689 885
690 995
692 896
692 981
694 847
694 856
694 899
695 869
695 923
696 780
697 788
697 803
698 735
698 787
698 929
698 990
699 898
699 907
699 916
700 819
700 969
701 734
702 705
702 712
702 770
702 840
702 858
702 933
703 816
703 873
705 944
706 852
706 868
707 867
707 869
708 881
708 884
709 824
709 825
710 895
711 785
711 789
711 938
712 906
712 922
713 801
713 943
713 976
713 982
715 852
715 931
716 719
716 945
717 765
717 779
717 796
717 866
717 894
718 831
719 994
720 987
721 725
721 763
721 773
721 987
722 938
722 951
723 768
723 787
725 836
725 895
726 935
726 972
727 759
729 761
729 928
729 942
729 961
729 998
730 851
730 866
731 841
731 932
732 862
732 898
733 844
734 768
734 872
735 917
736 877
736 926
737 903
737 916
738 779
739 748
739 919
740 915
740 926
742 792
742 843
742 898
742 910
744 772
745 762
745 785
747 748
747 781
747 812
747 910
748 969
749 963
750 881
751 777
751 858
752 850
753 852
755 800
755 933
756 973
757 898
758 794
758 888
758 944
759 837
759 839
760 791
760 888
760 998
761 856
761 925
762 851
763 853
763 904
765 766
765 789
765 911
766 882
766 961
771 880
772 779
772 864
772 881
773 836
773 871
773 903
775 780
775 861
775 941
776 791
776 806
776 919
778 909
778 920
779 857
779 976
780 925
781 830
782 795
782 891
783 896
783 998
784 895
784 979
785 894
787 944
788 837
788 894
789 875
789 995
790 812
790 902
791 845
791 866
791 902
791 940
793 795
793 852
793 882
793 916
793 942
794 883
795 908
797 951
797 965
799 906
800 981
800 987
803 987
803 993
805 938
807 967
808 956
810 949
811 962
816 881
816 974
816 992
817 893
818 933
818 979
819 871
821 874
822 870
824 827
824 961
825 847
825 870
826 889
827 896
827 900
827 923
827 980
828 860
828 874
828 876
828 895
830 850
835 870
835 954
836 838
836 864
836 923
837 925
837 970
837 996
837 998
838 883
838 941
838 995
839 905
840 853
840 868
840 896
841 852
841 901
843 916
843 988
844 923
844 972
846 913
846 921
846 922
848 893
849 906
850 902
850 920
852 916
852 950
852 980
853 865
858 978
861 923
863 999
864 896
864 925
864 928
866 926
867 935
869 930
869 947
869 973
871 923
871 960
872 875
876 891
878 915
878 943
881 883
881 910
883 948
886 953
890 929
892 939
894 975
896 906
899 934
900 995
902 904
902 937
905 959
905 998
906 910
906 954
906 997
907 945
909 986
919 955
926 962
932 952
943 987
946 971
948 959
953 964
954 957
960 971
963 966
973 977
976 986
978 983
984 985
0
10 999
