1000	3006	 1
0 7
0 55
0 205
0 290
0 479
0 673
0 707
0 755
0 827
0 951
1 370
1 394
1 750
2 242
2 328
2 623
2 671
2 886
2 987
3 210
3 494
3 518
3 960
4 183
4 189
4 356
4 392
4 447
4 495
4 634
4 635
4 797
4 921
5 204
5 367
5 432
6 350
6 364
6 392
6 471
6 782
6 914
6 977
6 982
7 106
7 229
7 418
7 549
7 658
7 791
7 937
7 961
8 884
9 223
9 260
9 631
10 17
10 49
10 590
10 632
11 61
11 120
11 223
11 369
11 550
11 793
11 932
11 954
12 29
12 178
12 287
12 322
12 508
12 552
12 846
12 848
13 477
13 639
13 688
13 708
14 64
14 99
14 103
14 549
14 730
14 863
14 925
15 86
15 380
15 639
15 723
15 963
16 345
16 470
16 557
16 633
16 922
17 398
17 549
17 639
17 671
18 118
18 202
18 303
18 490
18 980
19 226
19 275
19 392
19 522
20 56
20 200
20 397
21 53
21 146
21 504
21 702
21 818
21 848
21 946
21 974
22 175
22 188
22 251
22 307
22 361
22 815
22 979
23 33
23 88
23 186
23 676
23 849
23 982
24 38
24 85
24 462
24 749
24 907
24 951
25 372
25 383
26 120
26 194
26 215
26 316
26 549
27 223
27 358
27 733
27 880
28 67
28 205
28 535
28 760
28 855
29 44
29 353
29 692
29 952
29 989
30 164
30 203
30 267
30 367
30 423
30 640
30 711
30 999
31 167
31 366
31 447
31 511
31 997
32 50
32 163
32 464
32 546
32 900
33 618
33 709
33 875
33 980
34 181
34 382
34 415
34 448
34 619
34 860
34 935
35 109
35 341
35 829
36 118
36 442
36 507
36 558
36 626
36 664
37 270
37 370
37 618
37 682
38 88
38 282
38 566
38 576
38 736
38 811
38 845
38 915
38 948
39 118
39 119
39 194
39 324
39 342
39 422
39 468
39 555
40 223
40 232
40 398
40 482
40 746
41 70
41 169
41 175
41 913
41 944
42 461
42 535
42 546
42 885
42 887
43 110
43 179
43 197
43 260
43 404
43 494
43 599
44 211
44 320
44 446
44 527
44 686
44 967
45 128
45 130
45 226
45 257
45 756
45 963
46 341
46 596
46 600
46 604
46 785
46 952
46 960
47 69
47 122
47 266
47 599
47 694
47 918
48 307
48 363
48 521
48 585
48 790
48 806
48 867
49 128
49 341
49 539
50 103
50 408
50 521
50 863
50 871
50 944
50 978
51 138
51 368
51 979
52 172
52 195
52 311
52 416
52 520
52 654
52 757
52 975
53 387
53 599
53 813
53 817
53 839
53 960
54 500
54 741
54 988
55 226
55 310
55 341
55 500
56 124
56 513
56 846
57 128
57 281
57 746
57 984
58 235
58 314
58 508
58 623
59 525
59 579
59 773
59 801
59 947
60 100
60 104
60 177
60 353
60 362
60 799
61 157
61 529
61 647
61 670
61 915
61 951
62 323
62 330
62 676
62 685
63 589
63 596
63 958
64 160
64 193
64 600
64 646
64 731
64 743
64 903
65 134
65 291
65 490
65 617
65 621
65 666
65 773
65 802
65 864
66 317
66 365
66 541
66 568
66 621
66 636
66 673
66 742
66 813
66 824
66 836
66 862
66 882
67 116
67 135
67 227
67 230
67 342
67 398
67 575
68 341
68 360
68 423
68 490
68 843
68 962
68 973
69 315
69 879
70 202
70 282
70 397
70 420
70 737
70 820
71 248
71 578
71 717
72 141
72 242
72 375
72 642
72 759
72 868
73 132
73 266
73 307
73 346
73 372
73 393
73 579
73 826
73 860
74 167
74 294
74 352
74 567
74 830
75 277
75 421
75 491
75 628
75 629
75 634
75 806
75 937
75 965
75 996
76 223
76 387
76 462
76 475
76 683
76 880
76 926
76 937
77 249
77 349
77 450
77 777
78 325
78 444
78 623
78 933
79 145
79 711
79 754
79 783
80 539
80 798
80 958
81 174
81 221
81 557
81 666
82 110
82 340
82 820
82 876
82 972
83 149
83 316
83 386
83 508
83 669
83 681
83 740
83 813
84 115
84 252
84 391
84 901
84 979
85 124
85 775
85 802
85 825
86 524
86 608
86 718
86 874
87 110
87 127
87 193
87 382
87 463
87 656
87 718
87 722
87 890
87 984
88 352
88 358
88 432
88 488
88 794
88 813
88 916
89 354
89 519
89 741
89 778
89 786
89 830
89 935
90 199
90 434
90 652
90 871
91 336
91 541
91 821
91 954
91 984
92 163
92 386
92 725
92 764
92 777
92 905
92 988
93 137
93 144
93 268
93 407
93 484
93 581
93 655
93 878
93 894
94 98
94 314
94 444
94 479
94 656
94 954
94 971
95 285
95 321
95 336
95 373
95 600
95 666
95 784
95 861
96 291
96 356
96 420
96 596
96 764
96 954
96 965
97 153
97 245
97 346
97 525
97 737
97 818
98 417
98 472
98 706
98 921
99 107
99 112
99 434
99 574
99 816
100 378
100 473
100 727
100 756
101 518
101 759
101 851
102 186
102 193
102 396
102 499
102 583
102 723
102 727
102 735
102 798
103 324
103 355
104 252
104 728
105 123
105 316
105 393
105 401
106 247
106 264
106 313
106 407
106 589
106 796
106 847
106 868
107 448
107 644
108 197
108 297
108 326
108 357
108 409
108 496
108 552
108 591
108 696
108 713
108 968
109 128
109 178
109 445
109 859
109 988
110 133
110 135
110 264
110 266
110 486
110 672
110 889
111 296
111 918
112 324
112 383
112 620
112 624
112 656
112 667
113 218
113 618
113 639
113 739
114 214
114 231
114 291
114 573
114 674
114 793
115 134
115 162
115 276
115 525
115 546
115 620
115 727
115 833
115 848
115 863
115 906
116 127
116 236
116 251
116 450
116 586
116 771
116 835
116 882
116 941
117 243
117 260
117 673
117 790
117 850
117 882
117 939
117 949
118 208
118 396
118 829
119 215
119 217
119 328
119 518
120 209
120 349
120 709
121 200
121 473
121 477
122 143
122 400
122 511
122 687
122 864
122 869
122 962
122 963
123 143
123 220
123 237
123 446
123 540
123 570
123 575
123 942
123 976
124 222
124 235
124 294
124 909
125 421
125 472
125 564
126 171
126 239
126 429
126 483
126 518
126 550
126 585
127 285
127 313
127 336
127 601
127 670
127 871
127 897
128 167
128 291
128 527
128 991
129 334
129 675
129 712
130 815
131 411
131 587
131 720
131 919
132 560
132 777
132 790
132 882
132 987
133 546
133 860
133 865
133 876
134 203
134 329
135 171
135 289
135 517
136 168
136 887
137 361
137 438
137 877
138 446
138 452
138 775
139 281
139 381
139 482
139 674
139 775
139 779
139 870
140 241
140 315
140 323
140 378
140 441
140 653
140 687
140 744
141 339
141 383
141 437
141 468
142 143
142 321
142 929
143 403
143 409
143 427
143 428
143 611
143 654
144 627
144 970
145 463
145 566
145 835
145 900
145 920
146 313
146 365
146 708
146 900
147 354
147 457
147 528
147 886
147 947
148 207
148 445
148 881
148 884
148 907
149 667
149 741
149 819
150 379
150 426
151 469
151 764
151 964
151 970
151 975
152 158
152 342
152 496
152 599
152 949
153 412
153 600
153 695
153 719
153 938
154 413
154 571
154 875
155 497
155 748
155 859
155 927
155 975
156 172
156 537
156 635
156 711
156 726
156 988
157 234
157 247
157 494
157 573
157 578
157 677
157 991
157 994
158 339
158 435
158 494
158 606
158 858
158 886
158 924
159 238
159 527
159 588
159 627
159 694
159 821
159 843
159 877
160 165
160 290
160 577
160 713
160 831
161 261
161 557
161 982
162 413
163 265
163 326
163 444
164 394
164 447
164 497
164 628
164 912
164 935
165 270
165 286
165 428
165 552
165 766
165 906
166 407
166 540
166 771
166 860
166 890
167 262
167 393
167 426
167 593
167 599
168 208
168 418
168 650
168 766
168 794
168 983
169 174
169 280
169 299
169 323
169 869
169 969
169 995
170 182
170 589
170 867
171 209
171 378
171 386
171 722
171 875
171 933
171 974
172 538
172 880
173 689
173 957
174 261
175 183
175 289
175 300
175 321
175 445
175 488
175 863
175 908
176 237
176 375
176 517
176 641
176 758
176 834
177 332
177 489
177 559
177 875
178 381
178 415
178 441
178 543
178 821
178 882
178 972
178 981
179 308
179 379
179 384
179 591
179 640
179 805
179 809
179 841
179 946
180 408
180 671
180 862
180 973
181 411
181 449
181 545
181 674
181 865
181 933
182 219
182 369
182 535
182 573
182 673
182 693
182 804
183 239
183 420
183 614
183 630
183 632
183 922
183 925
183 961
184 254
184 416
184 454
184 506
184 629
184 639
184 763
185 192
185 414
185 436
185 536
185 574
185 667
186 365
186 388
186 682
186 783
186 979
187 206
187 789
188 383
188 611
188 681
188 839
189 606
189 623
189 972
190 249
190 508
190 768
190 845
191 299
191 331
191 373
191 629
191 687
192 658
192 757
192 829
193 286
193 372
193 450
193 503
193 733
194 514
194 567
194 670
194 806
194 992
195 203
195 423
195 752
195 756
195 782
196 375
196 426
196 451
196 595
196 675
196 750
197 238
197 259
197 757
197 822
197 854
198 271
198 370
198 460
199 218
199 229
199 270
199 310
199 469
199 728
199 822
200 582
200 823
200 877
200 886
201 245
201 642
201 738
201 886
201 995
202 297
202 581
202 614
202 632
202 663
202 878
203 376
203 701
203 813
204 215
204 310
204 569
204 585
205 572
205 805
205 847
206 374
206 436
206 729
207 388
207 503
208 225
208 311
208 439
208 533
208 691
209 420
209 548
209 777
209 943
209 955
210 212
210 566
210 674
210 796
210 803
210 870
210 882
210 922
210 925
211 407
211 592
211 873
211 899
212 277
212 368
212 502
212 614
212 804
212 827
213 496
213 549
213 566
213 793
214 385
214 403
214 469
214 691
215 325
215 498
215 505
215 828
215 839
215 932
216 409
216 860
216 963
217 232
217 363
217 380
217 473
217 594
217 749
217 754
217 800
217 912
218 520
219 400
219 434
219 664
219 844
219 869
219 994
220 336
220 536
220 643
221 294
221 369
221 449
221 458
221 676
221 918
222 577
222 649
222 720
222 757
222 863
222 866
222 983
223 434
223 609
223 627
224 580
224 743
225 270
225 315
225 559
225 888
226 674
226 678
227 484
227 589
227 658
227 706
227 740
227 935
227 963
228 628
228 643
228 764
228 836
228 989
229 321
229 386
229 768
229 917
230 409
230 422
230 493
230 524
230 534
230 572
230 636
230 642
230 888
231 506
231 718
231 784
231 982
232 418
232 582
232 593
232 695
232 714
233 430
233 440
233 564
233 596
233 695
233 977
234 263
234 992
235 391
235 553
235 730
235 899
235 979
236 334
236 789
236 845
237 295
237 517
237 584
237 684
237 986
238 265
238 271
238 735
238 743
238 814
239 352
239 360
239 520
239 665
239 785
239 970
240 538
240 672
240 985
241 363
241 404
241 502
241 576
241 638
242 380
242 457
242 636
242 948
243 267
243 364
243 497
243 869
243 946
244 871
244 909
244 980
244 987
245 384
245 680
245 955
246 583
246 857
246 940
246 965
247 615
247 695
248 479
248 675
248 708
249 630
249 792
249 809
250 739
250 877
250 986
251 648
251 652
251 952
252 333
252 570
252 602
252 625
252 681
252 745
253 329
253 472
253 560
253 723
253 836
254 427
254 434
254 447
254 485
254 559
254 856
254 883
254 942
255 472
255 813
255 842
256 612
256 666
256 707
256 870
256 908
256 999
257 324
257 565
257 611
257 757
257 786
258 428
258 478
258 654
258 673
258 674
258 968
259 260
259 443
259 524
259 732
260 267
260 602
260 803
260 974
261 327
261 556
261 668
261 723
262 282
262 829
263 449
263 541
264 450
264 454
264 552
264 610
264 692
264 693
265 277
265 304
265 330
265 377
265 383
265 730
265 817
265 853
265 880
266 384
266 593
266 715
267 927
267 986
268 448
268 667
268 729
269 352
269 467
269 582
269 679
269 708
269 730
269 993
270 435
270 471
270 741
270 998
271 319
271 452
271 556
271 569
271 812
271 907
272 532
272 591
273 410
273 606
273 657
273 717
274 374
274 419
274 490
274 514
274 536
274 580
274 741
274 823
275 538
275 870
276 302
276 621
276 666
276 746
276 855
277 373
277 744
278 438
278 473
278 568
279 834
280 287
280 309
280 351
280 526
280 546
280 653
280 904
281 668
281 867
282 920
282 970
283 350
283 550
283 557
283 630
283 763
283 804
284 337
284 598
284 738
284 859
284 982
285 286
285 480
285 616
285 734
286 352
286 368
286 389
286 438
286 624
286 755
287 302
287 433
287 614
287 619
287 941
288 503
288 612
289 331
289 438
289 654
289 688
289 858
290 509
290 526
290 535
290 774
290 787
290 913
290 997
291 335
291 367
291 456
291 570
291 611
291 845
292 374
292 641
292 665
293 316
293 343
293 371
293 390
293 424
293 466
293 485
293 673
293 768
293 933
294 662
294 774
294 964
295 421
295 721
295 733
295 908
295 942
296 372
296 545
297 410
297 567
297 686
297 859
298 416
298 660
298 797
298 814
298 868
298 883
298 967
299 327
299 415
299 961
299 969
300 358
300 373
300 444
300 455
300 582
300 583
301 412
301 629
302 387
302 439
302 496
302 588
302 605
302 615
302 623
302 641
302 877
303 358
303 946
304 413
304 448
304 531
304 583
304 687
304 733
304 892
304 966
305 369
305 427
305 437
305 634
305 693
305 721
305 837
305 900
305 943
306 455
306 583
306 610
306 693
306 721
306 766
306 940
306 989
307 425
307 761
307 786
307 805
308 529
308 579
308 704
308 892
309 421
309 426
309 746
309 831
309 833
310 479
311 509
311 559
311 587
311 712
311 804
311 972
312 507
312 771
312 804
313 536
313 631
313 836
314 745
315 514
315 520
315 669
315 857
316 424
316 442
316 784
317 530
317 825
317 906
318 432
318 622
318 819
318 963
318 991
319 564
319 982
320 328
320 432
320 829
320 899
321 555
321 588
321 648
321 832
321 885
322 946
323 457
323 473
323 518
323 732
324 565
324 664
324 766
324 925
325 361
325 497
325 743
325 842
326 345
326 388
326 727
326 819
327 474
327 520
327 615
327 844
327 982
327 988
328 420
328 481
328 828
329 581
329 624
329 744
329 772
329 791
329 964
330 427
330 536
330 816
330 854
331 618
331 719
331 721
331 783
331 861
331 911
332 439
332 565
332 584
332 638
332 678
332 880
333 519
333 789
334 635
334 875
335 336
335 389
336 469
336 559
336 669
336 838
336 972
337 542
337 555
337 837
337 911
337 978
338 426
338 694
339 404
339 675
339 892
340 383
340 571
340 745
341 611
341 698
342 438
342 469
342 622
342 653
342 736
342 806
342 826
343 348
343 539
343 596
343 860
343 982
343 998
344 479
344 595
344 609
344 776
344 783
344 911
345 360
345 484
345 716
345 729
345 755
345 981
346 673
346 901
347 376
347 584
347 593
347 745
348 456
348 481
348 832
349 842
349 875
350 447
350 609
350 612
350 954
351 460
351 583
351 638
351 792
351 837
351 863
351 895
352 618
352 713
352 774
352 990
353 366
353 400
353 726
353 754
353 905
353 932
353 992
354 487
354 571
354 657
355 499
355 570
355 720
355 769
356 574
356 691
356 781
356 803
356 840
356 861
356 969
357 365
357 424
357 827
357 908
357 913
358 963
359 461
359 462
359 476
359 507
360 539
360 569
360 635
360 793
361 469
361 531
361 735
361 797
361 902
361 964
362 462
362 469
362 515
362 544
362 590
362 790
363 670
363 950
364 459
364 545
364 875
364 943
364 970
365 629
365 630
365 749
365 779
365 835
366 502
366 539
366 584
366 660
366 664
366 836
366 873
366 916
366 927
367 432
367 610
368 718
368 780
368 795
368 879
369 431
369 558
369 675
369 874
369 991
370 552
371 637
371 808
371 823
372 452
372 763
372 826
372 850
372 971
373 411
373 606
373 728
373 750
373 947
374 435
374 478
374 875
375 391
375 514
375 842
376 545
376 928
377 748
378 545
378 567
378 780
379 390
379 696
379 756
379 760
379 998
380 416
380 483
380 563
380 911
381 478
382 393
382 472
382 541
382 546
382 556
382 587
382 616
382 674
382 820
383 443
384 443
384 609
384 783
384 909
385 446
385 483
385 766
385 922
386 457
386 556
386 587
386 756
386 867
387 400
387 492
387 555
387 972
388 573
388 691
389 433
389 949
390 394
390 468
390 734
390 741
391 429
391 516
391 530
391 541
391 578
391 994
392 617
392 756
392 802
393 523
393 692
393 698
393 898
393 923
394 600
394 791
394 860
394 889
394 981
395 762
395 797
395 997
397 419
397 557
397 683
398 529
398 785
398 925
399 446
399 628
399 631
399 771
400 504
400 719
401 698
401 810
401 950
402 433
402 609
402 988
402 997
403 444
403 527
403 729
404 519
404 874
404 913
405 518
405 616
405 702
405 895
406 573
406 626
406 664
406 828
406 949
407 470
407 498
407 887
407 936
408 666
408 751
409 984
410 447
410 589
410 641
410 666
410 888
412 443
412 556
412 699
412 801
412 855
412 915
413 485
413 725
413 750
413 854
413 964
413 986
414 473
414 647
414 661
415 515
415 756
416 505
416 845
416 911
416 969
417 479
417 913
417 940
418 575
418 712
418 847
418 967
419 850
419 886
420 557
420 801
421 454
421 740
421 818
421 893
421 944
422 481
422 765
422 816
423 567
423 846
424 525
424 540
424 593
424 796
424 815
425 471
425 525
425 605
425 618
425 710
426 483
426 537
426 973
427 802
427 988
428 715
429 445
430 473
430 728
431 451
431 615
431 641
431 875
431 883
431 943
432 510
432 747
433 474
433 804
433 904
433 951
433 966
434 620
434 666
434 848
434 893
434 904
435 899
436 489
436 660
436 730
436 740
436 756
436 881
437 481
437 804
437 993
439 472
439 516
439 565
439 679
439 786
440 462
440 597
440 847
441 776
441 810
441 947
442 766
443 476
443 697
443 839
444 675
444 967
445 808
445 834
446 456
446 521
446 653
446 696
446 848
447 752
447 817
448 454
448 502
448 555
448 717
448 718
450 469
450 980
451 635
451 815
451 864
451 901
451 974
451 996
452 490
452 599
452 750
452 785
453 573
453 685
453 881
453 923
454 507
454 934
455 644
455 683
455 693
455 843
456 547
456 624
456 730
457 535
457 559
457 791
457 873
457 973
458 584
458 830
458 951
459 561
459 799
459 996
460 691
460 782
460 929
460 958
461 614
461 680
462 819
462 918
463 480
463 620
463 786
463 815
463 861
463 947
464 545
464 699
464 814
464 956
465 557
465 707
465 714
465 853
466 854
467 514
467 581
467 721
467 750
467 824
467 831
468 562
468 812
469 519
469 540
469 949
470 662
471 490
471 512
471 542
471 700
471 758
471 852
472 505
472 638
473 667
473 725
473 773
473 909
473 979
474 543
474 705
474 825
474 921
475 550
475 617
475 709
475 872
476 513
476 602
477 511
477 532
477 786
477 839
477 890
478 509
478 689
478 992
479 730
480 505
480 675
480 762
481 640
482 635
482 865
482 895
482 942
483 516
483 601
483 768
484 509
484 589
484 815
484 865
485 644
485 731
485 822
485 829
485 884
485 892
486 654
486 686
486 955
488 510
488 515
488 602
488 832
489 896
490 918
491 775
491 845
492 540
492 635
492 666
492 930
492 995
492 997
493 693
493 698
493 925
494 526
494 662
495 712
495 840
496 552
496 628
496 777
496 982
497 544
497 562
497 704
497 979
497 993
498 517
498 794
498 896
498 928
498 969
499 584
499 905
500 960
501 560
501 831
501 864
501 944
503 793
503 947
503 957
504 595
504 599
504 626
504 875
504 882
505 621
505 639
505 646
505 693
505 902
506 599
506 631
506 812
506 850
506 871
507 805
507 909
508 653
509 676
509 691
509 749
509 770
509 938
510 743
510 834
510 949
511 718
511 955
512 517
512 824
512 901
512 926
513 538
513 700
513 744
514 688
514 757
514 799
514 898
515 638
515 960
517 683
517 859
517 864
518 580
518 998
519 586
519 646
519 701
520 545
520 738
521 588
521 631
521 846
521 930
522 610
522 627
522 923
523 638
523 716
524 582
524 678
524 698
524 881
525 661
525 716
526 571
526 670
527 625
527 858
527 983
528 683
528 694
528 825
528 845
529 536
529 568
529 885
529 937
529 989
530 544
530 680
530 832
531 667
531 978
532 561
532 574
532 590
532 801
533 740
533 799
533 814
533 976
534 672
534 749
534 818
534 822
534 863
535 556
535 578
535 603
535 894
536 575
536 578
536 653
536 789
536 846
536 891
536 999
537 930
537 968
537 987
538 650
538 743
538 910
539 715
539 765
540 853
540 878
540 880
540 990
541 743
541 759
541 877
542 544
542 778
542 835
543 568
543 846
544 630
544 888
544 963
545 576
545 817
545 846
546 594
546 650
546 664
546 966
547 724
547 733
547 750
549 713
549 988
550 732
551 676
551 868
552 827
553 575
553 577
553 654
553 903
554 680
554 750
554 810
554 971
554 977
555 953
556 651
556 771
556 775
556 807
556 864
557 590
557 800
557 998
558 633
558 855
558 873
559 815
559 856
559 960
560 595
560 713
560 970
561 730
561 776
561 899
562 651
562 681
562 736
562 761
562 866
562 900
562 932
562 938
562 987
563 593
563 607
563 935
564 648
564 809
564 825
564 971
565 796
565 797
565 865
565 915
566 728
567 925
568 569
569 610
569 788
569 797
570 739
570 823
570 970
571 858
572 589
572 615
572 980
573 766
573 827
573 941
573 955
573 991
575 659
575 938
576 886
578 674
578 774
578 998
579 697
579 707
579 888
580 730
580 861
581 644
581 793
582 715
583 980
584 667
584 706
584 775
584 923
585 723
586 660
586 663
586 988
587 597
587 638
588 599
588 757
588 774
589 685
589 830
589 927
590 595
590 609
590 637
590 738
590 886
591 678
591 758
591 890
592 747
592 845
593 703
593 841
594 668
594 812
594 815
594 857
595 640
596 844
596 952
597 617
597 848
598 632
598 829
598 942
599 685
599 996
600 705
600 989
601 716
602 728
603 632
603 721
603 849
603 892
604 698
604 729
604 858
604 993
605 815
605 867
606 631
606 685
606 789
607 878
608 621
608 630
608 650
608 783
608 979
609 637
609 704
609 753
609 807
609 854
609 945
609 959
610 725
610 760
610 768
611 769
611 843
611 890
611 904
611 947
611 978
612 816
613 927
614 742
615 684
616 712
616 723
616 801
616 908
616 957
617 905
617 935
618 877
619 819
619 958
619 972
620 651
620 823
622 692
622 955
622 997
623 637
623 822
624 690
624 728
624 889
624 899
624 931
624 979
625 631
625 713
625 794
625 845
625 997
626 822
626 970
627 705
627 840
628 721
628 766
628 774
628 934
629 704
629 709
629 718
630 767
631 707
632 643
632 644
632 712
633 719
633 831
633 869
633 873
633 954
634 678
634 682
634 770
634 934
635 692
636 764
636 869
637 656
637 885
638 764
639 751
639 974
641 680
644 699
644 767
645 925
646 992
646 997
647 680
647 726
647 974
648 656
649 705
649 815
649 871
649 965
650 654
650 941
651 836
651 851
651 924
652 701
652 923
653 771
653 792
653 799
653 939
654 727
654 828
654 842
654 908
654 926
654 933
655 719
655 891
655 909
655 936
655 973
656 933
657 857
658 720
658 830
658 886
659 697
659 834
659 953
660 697
660 776
660 902
660 941
662 758
662 892
662 954
663 828
663 879
664 747
664 965
665 855
665 899
665 945
666 964
667 690
667 785
667 875
668 742
669 937
670 781
670 845
670 868
671 767
671 775
671 942
672 792
672 864
672 964
672 985
673 792
673 916
673 984
674 821
675 744
676 699
676 939
678 740
678 783
678 797
678 982
679 752
679 761
679 772
679 893
680 762
680 930
680 994
681 695
681 776
681 820
681 842
682 698
682 699
683 992
684 694
684 746
684 883
685 757
685 763
685 987
686 933
687 704
688 872
688 964
689 694
689 813
689 946
690 749
690 783
690 894
691 777
691 866
691 934
692 787
693 734
693 740
693 760
693 938
695 906
695 907
697 799
697 866
697 993
698 751
698 988
699 734
700 729
700 868
700 912
700 920
701 733
701 846
702 858
703 894
704 762
704 837
705 762
705 983
706 726
706 810
707 733
707 936
707 974
708 802
708 832
708 988
709 796
709 868
710 927
711 861
712 945
713 879
713 923
714 896
715 891
715 937
716 735
716 776
716 804
717 907
719 726
719 879
719 982
720 766
720 999
721 923
722 750
722 944
723 772
723 807
724 998
727 837
728 813
728 950
730 879
730 982
731 861
731 972
733 901
734 872
734 985
735 826
735 938
735 971
736 756
737 767
738 833
738 884
740 785
743 778
743 961
744 866
744 949
745 837
748 952
749 757
749 849
749 873
749 984
750 762
750 917
750 957
750 989
752 833
753 766
753 871
756 837
756 893
756 946
756 991
757 762
757 790
758 789
758 937
760 937
761 878
762 974
763 919
763 955
765 932
767 941
767 953
768 875
768 910
769 949
771 965
772 890
772 979
774 956
774 973
777 803
777 883
777 909
778 942
780 814
780 910
780 939
781 863
781 979
782 809
782 940
782 974
783 785
783 829
785 862
786 806
787 859
788 790
788 860
789 907
791 799
791 980
791 984
791 991
792 950
793 853
794 853
794 854
795 841
796 853
797 801
797 856
797 882
797 974
799 802
799 978
800 964
801 928
802 828
802 946
803 909
803 969
804 841
804 873
804 874
805 914
806 822
806 901
808 845
808 975
809 991
810 954
812 833
813 938
815 843
815 881
816 831
818 884
818 966
819 841
820 970
822 875
823 936
824 943
825 887
828 928
828 950
829 912
832 946
833 899
833 943
833 993
835 971
835 982
835 986
836 870
838 994
839 883
840 904
841 877
841 974
842 992
845 892
846 919
846 992
850 869
850 969
851 960
853 863
856 988
857 970
858 995
859 985
861 880
862 968
863 986
865 901
865 921
868 928
871 887
872 937
873 937
874 895
874 900
874 911
876 987
878 938
881 981
885 917
885 995
886 949
886 967
887 955
889 916
890 970
890 999
891 973
892 993
894 948
895 915
898 904
901 996
902 932
903 986
904 905
905 965
906 949
906 971
908 937
909 915
911 948
913 924
914 956
916 959
916 996
917 983
919 961
919 990
921 948
923 952
924 930
925 962
929 971
929 991
930 964
934 941
935 956
936 952
937 939
940 948
942 954
942 974
942 975
947 970
955 957
961 991
963 984
968 974
984 999
985 995
0
10 999
