1000	3027	 1
0 17
0 197
0 552
0 586
0 915
1 176
1 290
1 535
1 929
2 61
2 399
2 539
2 854
2 950
3 303
3 559
3 648
3 843
3 886
3 891
3 992
4 154
4 215
4 432
4 588
5 305
5 574
5 590
5 606
5 729
5 890
6 56
6 167
6 175
6 233
6 498
6 595
6 715
6 846
6 912
6 941
6 998
7 13
7 198
7 426
7 468
7 616
7 650
7 891
7 899
7 939
8 166
8 183
8 467
8 558
8 744
9 126
9 234
9 479
9 814
10 76
10 130
10 309
10 696
11 90
11 250
11 297
11 319
11 383
11 698
11 797
11 806
12 209
12 211
12 355
12 413
12 652
12 776
13 55
13 110
13 631
13 643
13 843
13 867
13 937
13 939
13 948
14 84
14 688
14 712
14 718
14 790
14 819
14 978
14 994
15 413
15 483
15 690
15 779
15 830
15 865
16 257
16 612
16 870
17 156
17 335
17 405
17 487
17 674
17 738
18 247
18 425
18 565
18 633
18 907
18 912
19 102
19 392
19 462
19 562
19 838
19 977
20 186
20 340
20 545
20 624
20 681
20 815
21 176
21 314
21 437
21 563
21 683
22 228
22 260
22 295
22 420
22 699
22 868
22 978
22 988
23 327
23 523
23 684
24 133
24 388
24 493
24 534
24 547
24 702
24 730
25 65
25 277
25 543
25 767
25 905
26 93
26 205
26 220
26 310
26 449
26 467
26 537
26 770
27 128
27 152
27 392
27 543
27 693
27 770
28 463
28 631
28 765
28 778
29 104
29 167
29 343
29 530
29 678
29 733
29 774
30 150
30 365
30 930
31 100
31 395
31 407
31 516
31 672
31 934
31 953
31 965
31 990
32 300
32 388
32 429
32 673
32 713
32 848
33 80
33 279
33 398
33 608
33 649
33 681
33 693
33 901
34 766
34 772
34 889
34 945
35 91
35 95
35 138
35 202
35 384
35 574
36 215
36 302
36 350
36 519
36 544
36 553
36 630
36 642
36 694
37 149
37 275
37 295
37 553
37 563
37 662
37 879
37 926
38 345
38 432
38 464
38 629
38 869
38 934
39 369
39 411
39 540
39 743
39 795
39 998
40 189
40 311
40 356
40 596
41 460
41 463
41 902
41 969
42 83
42 171
42 241
42 470
42 761
42 789
43 203
43 394
43 433
43 641
43 758
43 759
43 945
43 959
43 971
44 96
44 198
44 214
44 344
44 804
44 819
45 74
45 156
45 157
45 404
45 462
45 694
46 132
46 153
46 426
46 778
47 317
47 330
47 459
47 480
47 553
47 731
47 799
47 967
48 110
48 392
48 669
48 748
48 912
49 77
49 613
49 691
49 914
50 96
50 293
50 307
50 628
50 632
50 817
51 141
51 144
51 168
51 338
51 445
51 591
51 841
51 987
52 210
52 235
52 515
52 969
53 70
53 90
53 153
53 202
53 491
53 583
53 719
53 805
53 998
54 58
54 147
54 321
54 443
54 498
54 510
54 602
54 640
54 990
55 58
55 430
55 482
55 574
55 634
55 748
55 759
55 761
55 806
55 934
55 962
56 446
56 475
56 535
56 617
56 779
56 905
56 938
57 116
57 199
57 248
58 174
58 495
58 526
58 622
59 75
59 219
59 271
59 322
59 841
59 895
59 986
59 999
60 85
60 329
60 597
60 645
61 288
61 330
61 360
61 543
61 650
61 857
61 998
62 247
62 448
62 653
62 932
63 217
63 251
63 322
63 423
63 874
63 914
63 963
63 988
64 67
64 108
64 142
64 388
64 535
64 797
64 823
64 847
64 951
65 439
65 759
65 763
65 953
66 95
66 285
66 298
66 431
66 463
66 471
66 567
66 914
67 390
67 656
67 708
67 826
67 871
68 107
68 129
68 303
68 464
68 494
68 570
68 666
68 707
68 724
69 176
69 282
69 411
69 509
69 774
69 780
69 955
70 218
70 674
70 757
70 915
71 165
71 174
71 503
71 670
72 197
72 224
72 542
72 673
73 158
73 188
73 867
73 939
73 971
74 229
74 299
74 928
74 957
75 219
75 250
75 583
75 826
76 109
76 249
76 366
76 477
76 530
76 593
76 644
77 147
77 178
77 247
77 563
77 636
78 751
78 780
78 799
78 817
79 204
79 709
79 963
80 212
80 277
80 728
80 734
81 136
81 159
81 190
81 224
81 304
81 481
81 672
81 784
81 827
82 236
82 405
82 996
83 329
83 462
83 480
83 501
83 793
83 983
84 660
84 774
84 840
84 917
85 126
85 127
85 538
85 544
85 669
85 670
85 881
86 437
86 536
86 766
86 927
87 335
87 501
87 841
87 865
87 909
87 956
88 91
88 102
88 307
88 365
88 525
88 971
89 174
89 345
89 743
90 196
90 364
90 442
90 619
90 770
90 890
91 121
91 245
91 617
91 674
91 775
91 821
92 176
92 315
92 397
92 410
92 487
92 770
92 773
92 795
92 806
92 856
92 859
93 134
93 959
94 119
94 335
94 831
94 917
95 408
95 438
95 621
95 698
95 784
95 863
95 928
96 546
96 663
97 120
97 222
97 640
98 136
98 328
98 520
98 739
98 780
99 558
99 649
100 166
100 431
100 546
100 555
100 659
100 798
100 801
101 369
101 441
101 529
101 864
101 920
102 253
102 463
102 767
103 216
103 476
103 677
103 732
103 952
104 199
104 788
104 830
104 941
105 146
105 247
105 468
105 581
105 773
105 855
105 904
105 942
106 149
106 173
106 296
106 598
106 914
107 127
107 264
107 565
107 623
108 169
108 195
108 395
108 424
108 519
108 601
108 819
109 574
109 642
109 661
110 225
110 228
110 500
110 719
110 825
110 905
111 119
111 219
111 310
111 333
111 681
111 728
111 858
111 901
112 165
112 462
112 671
112 808
113 117
113 269
113 479
113 505
113 693
113 911
113 951
113 986
114 226
114 243
114 344
114 422
114 721
114 787
114 923
115 289
115 607
115 714
115 956
116 384
116 962
117 125
117 127
117 295
117 607
117 840
117 843
118 186
118 346
118 619
118 659
118 934
119 265
119 615
119 709
120 883
121 462
121 513
121 563
121 811
121 814
121 909
121 980
122 683
122 871
123 197
123 495
123 641
123 778
123 890
124 473
124 524
124 537
125 431
125 498
125 741
126 229
126 764
126 826
126 834
126 975
127 332
127 347
127 616
127 639
127 863
127 876
127 902
127 903
128 218
128 302
128 450
128 561
129 160
129 285
129 483
129 853
130 353
130 413
130 869
131 308
131 369
131 638
131 719
131 933
132 439
132 785
132 811
132 849
132 875
133 405
133 490
133 526
133 626
133 675
133 766
134 179
134 215
134 244
134 289
134 872
134 873
135 764
135 864
135 870
136 435
136 450
136 622
136 721
137 313
137 341
137 560
137 808
137 818
137 841
137 972
138 371
138 468
138 537
138 844
138 869
138 872
138 915
139 165
139 181
139 374
139 446
139 451
139 496
139 592
139 822
139 978
140 255
140 384
140 546
141 163
141 359
141 410
141 446
141 722
141 842
141 992
142 202
142 273
142 476
142 479
142 502
142 533
142 552
142 793
142 889
143 356
143 440
143 443
143 463
143 492
143 733
143 786
144 193
144 603
144 691
145 226
145 829
145 907
146 555
146 611
147 156
147 605
147 620
148 775
148 904
149 323
149 447
149 629
149 684
149 687
150 179
150 240
150 279
150 542
151 689
151 835
151 904
151 981
152 169
152 302
152 496
152 632
153 256
154 402
154 458
154 466
154 690
154 697
154 730
154 806
154 810
155 489
155 643
155 716
155 875
156 173
156 450
156 638
156 662
156 702
156 747
156 974
156 994
157 312
157 314
157 593
157 790
157 832
157 839
158 189
158 373
158 605
158 724
158 772
158 775
158 817
159 440
159 456
159 610
159 663
159 807
159 833
159 986
160 654
160 705
160 835
160 883
161 171
161 359
161 420
161 609
161 739
161 779
161 899
161 949
161 951
162 432
162 946
163 266
163 393
163 404
163 529
163 536
163 587
163 644
163 891
164 192
164 244
164 315
164 417
164 460
164 606
165 268
165 291
165 615
165 784
165 967
166 205
166 289
166 664
166 872
166 900
166 981
167 207
167 500
167 659
167 995
168 324
168 737
168 767
168 938
168 989
169 260
169 273
169 430
169 702
169 888
169 915
170 235
170 334
170 458
170 479
170 559
170 654
171 233
171 578
171 855
172 290
172 350
172 499
172 524
172 543
172 621
172 695
172 866
173 341
173 534
173 581
173 937
174 379
174 540
174 575
174 640
174 974
174 984
175 254
175 432
175 486
175 521
175 634
175 745
175 813
176 318
176 382
176 602
176 656
176 978
177 243
177 249
177 294
177 421
177 660
177 785
177 855
177 866
178 310
178 430
178 609
178 733
178 926
179 500
179 695
179 926
179 996
180 288
180 465
180 466
180 756
180 757
180 762
180 913
181 206
181 234
181 333
181 550
181 574
181 752
181 890
182 279
182 775
182 925
183 712
183 815
183 859
183 934
184 296
184 349
184 497
184 710
184 831
184 854
184 969
185 615
185 836
186 384
186 597
186 658
186 682
186 751
186 832
187 278
187 280
187 376
187 491
187 510
187 562
187 662
187 903
188 304
188 318
188 370
188 900
189 207
189 250
189 684
189 760
189 784
190 306
190 515
190 832
190 874
191 254
191 383
191 679
191 720
191 893
192 320
192 462
192 612
192 624
192 662
192 725
192 820
193 373
193 452
193 501
193 532
193 568
193 580
193 764
193 800
193 903
193 908
194 489
194 588
194 618
194 857
195 344
195 435
195 468
196 375
196 557
196 613
196 774
197 201
197 424
197 465
197 680
197 893
197 904
198 513
198 804
198 870
198 893
199 321
199 322
199 432
199 487
199 529
199 564
199 630
199 823
199 962
199 984
200 312
200 838
200 907
200 912
201 325
201 387
201 520
201 560
201 600
201 653
201 699
201 710
201 861
201 928
202 241
202 389
202 629
203 213
203 597
203 685
203 799
203 997
204 407
204 410
204 729
204 755
204 816
204 822
205 337
205 349
205 370
205 597
205 676
205 681
205 726
205 906
206 345
206 347
206 611
206 956
207 225
207 358
207 411
207 696
207 795
207 989
208 524
208 730
208 783
208 806
208 881
209 256
209 514
209 534
209 551
209 611
209 760
209 952
210 440
210 451
210 495
210 577
210 610
210 731
210 833
210 870
211 289
211 902
212 421
212 434
212 914
212 929
212 935
213 235
213 264
213 437
213 502
213 610
213 681
214 284
214 377
214 875
214 931
215 220
215 525
215 745
215 953
215 970
216 229
216 497
216 641
216 758
216 826
216 879
217 651
217 750
217 994
218 292
218 548
218 835
218 937
218 983
219 504
219 534
219 560
219 790
220 243
220 267
220 570
220 658
221 523
221 913
222 224
222 490
222 761
222 834
222 952
223 698
223 781
224 386
224 393
224 617
224 766
224 914
225 336
225 425
225 615
226 481
226 633
227 298
227 304
227 358
227 490
228 290
228 447
228 487
228 538
228 570
228 573
228 810
229 499
229 867
230 528
230 540
231 340
231 632
231 752
231 793
231 799
232 407
232 471
232 601
232 771
232 820
232 989
233 264
233 522
233 666
233 757
233 844
233 933
234 292
234 411
234 885
234 917
234 975
235 242
235 454
235 475
235 658
236 277
236 351
236 657
236 689
236 726
236 784
236 863
236 893
237 338
237 398
237 408
237 819
237 969
238 281
238 282
238 336
238 501
238 502
238 589
238 609
238 675
238 833
238 893
238 933
239 245
239 486
239 671
240 326
240 477
240 599
240 704
240 808
240 968
241 246
241 253
241 342
241 799
241 818
241 914
241 969
242 539
242 552
242 718
242 937
243 314
243 457
243 466
243 957
244 280
244 394
244 770
244 899
245 254
245 294
245 415
245 498
245 898
245 965
246 248
246 579
246 600
247 391
247 534
247 660
247 726
247 795
247 815
247 924
248 394
248 476
248 496
248 836
249 507
250 266
250 394
250 493
250 523
250 547
250 616
250 738
250 745
250 868
251 606
251 806
251 821
251 926
251 967
252 317
252 680
252 906
253 307
253 457
253 708
253 722
253 997
254 357
254 374
254 391
254 876
254 923
255 277
255 281
255 435
255 516
255 523
255 536
255 761
255 771
255 775
256 332
256 369
256 619
256 746
256 874
256 945
257 447
257 456
257 549
257 563
257 977
258 562
258 697
258 716
258 963
259 344
259 873
259 929
259 955
260 476
260 784
260 814
260 891
261 395
261 492
261 601
261 652
261 713
261 809
261 848
262 302
262 317
262 357
262 385
262 476
262 582
262 796
262 934
263 366
263 787
263 845
264 509
264 607
264 697
264 703
264 836
264 989
265 887
266 324
266 369
266 534
266 632
266 644
266 734
267 358
267 425
267 525
267 828
268 315
268 442
268 530
268 533
268 989
269 603
269 851
270 433
270 466
270 806
271 487
271 593
271 594
271 800
271 847
271 891
271 914
272 489
272 573
272 585
273 503
273 638
273 730
273 916
274 350
274 353
274 365
274 450
274 626
274 700
274 948
275 454
275 976
276 500
276 571
276 719
277 289
277 548
277 565
277 812
277 958
278 356
278 456
278 711
278 762
278 897
278 919
279 473
279 595
279 614
279 801
280 290
280 329
280 443
281 965
282 602
282 814
282 890
282 976
283 335
283 358
283 368
283 488
283 740
283 767
283 980
284 661
284 687
284 689
284 883
285 459
285 522
285 529
285 746
285 812
285 909
285 920
286 576
286 686
286 932
287 302
287 369
287 626
288 508
288 716
288 953
289 751
289 816
289 883
290 362
290 399
290 628
290 760
290 850
291 389
291 537
291 620
291 636
292 652
292 729
292 923
293 332
293 631
293 644
293 982
294 345
294 665
294 802
295 455
295 494
295 643
295 881
296 466
296 555
296 585
296 606
296 826
296 928
297 313
297 344
298 836
298 923
298 991
299 358
299 372
299 590
299 693
299 840
300 321
300 359
300 645
300 739
300 961
301 665
301 695
301 768
301 803
301 996
302 453
302 686
302 946
303 366
303 782
303 869
303 962
304 313
304 387
304 824
305 323
305 359
305 449
305 503
305 570
305 646
305 670
305 947
306 662
306 925
307 405
307 586
307 691
307 889
308 478
308 481
308 492
308 686
308 880
308 898
309 848
310 695
311 415
311 685
311 697
312 313
312 352
312 525
313 322
313 374
313 389
313 660
313 670
313 716
313 806
314 828
315 397
315 604
315 613
315 757
315 800
315 878
316 463
316 527
316 559
316 564
316 801
316 861
317 649
317 653
317 888
317 922
318 736
318 930
319 593
319 627
319 705
320 348
320 557
320 749
320 847
321 336
321 536
321 574
321 629
321 681
321 817
321 938
322 491
322 569
322 610
322 633
322 660
322 842
323 380
324 644
324 781
325 357
325 395
325 648
325 724
325 745
326 515
326 896
326 914
327 523
327 549
327 563
327 641
327 762
327 895
328 407
328 457
328 508
329 439
329 718
330 378
330 959
331 353
331 732
331 809
332 604
332 687
332 800
332 873
333 474
333 873
333 925
334 390
334 437
334 614
334 632
334 732
334 813
335 336
335 459
335 580
335 993
336 458
336 560
336 699
336 719
336 775
337 476
337 511
337 525
337 882
337 978
337 981
338 511
338 706
338 771
338 784
338 836
338 999
339 340
339 606
339 731
340 555
340 587
340 622
340 789
340 795
341 428
341 643
341 820
342 405
342 406
342 444
342 587
342 820
342 867
343 415
343 431
343 532
343 573
343 663
343 723
344 542
345 528
345 529
345 540
345 619
345 982
346 524
346 563
346 604
346 616
346 690
346 720
346 727
346 860
347 348
347 399
347 727
347 735
347 768
347 845
348 644
348 691
348 883
348 986
349 804
350 529
350 973
351 371
351 504
351 838
351 851
352 427
352 765
352 844
352 928
353 490
353 498
353 531
353 669
353 705
354 542
354 661
354 691
355 608
356 475
356 599
356 764
356 837
356 968
357 501
357 761
358 655
358 765
359 607
359 813
359 988
360 398
360 430
360 483
361 446
361 515
361 546
361 912
361 941
362 514
362 569
362 892
363 576
363 614
363 676
363 771
363 806
363 814
363 927
363 976
364 477
364 555
364 910
365 573
366 562
366 796
366 807
366 867
367 396
367 443
367 676
367 682
368 838
368 852
368 906
368 929
369 402
369 434
369 474
369 815
369 873
370 540
370 750
370 812
371 480
371 771
371 852
371 923
372 420
372 430
372 481
372 553
372 596
372 754
372 765
373 399
373 432
373 699
373 717
373 737
374 487
374 603
374 712
374 806
374 962
375 554
375 611
375 697
375 863
375 972
375 980
376 411
376 501
376 874
377 447
377 839
378 413
378 682
378 813
378 951
379 460
379 470
379 647
379 648
379 834
379 851
380 730
380 793
380 889
380 892
381 784
381 889
381 919
382 445
382 721
382 744
383 408
383 424
383 578
383 946
384 492
384 529
384 595
384 596
384 668
384 691
384 801
384 953
385 388
385 461
385 540
385 549
385 850
386 867
386 913
387 456
387 611
387 789
387 901
388 533
388 582
389 474
389 801
389 820
390 404
390 482
390 723
390 746
390 969
391 473
391 716
391 940
392 550
392 608
392 658
392 840
393 548
393 704
393 725
394 395
394 587
394 636
394 985
395 481
395 667
395 698
395 710
395 823
395 944
396 500
396 798
396 864
396 930
396 939
396 982
397 463
397 651
397 788
397 795
398 584
398 701
398 927
399 440
400 639
400 880
400 939
401 434
401 504
401 511
401 528
401 546
401 713
401 741
401 756
402 500
402 683
402 990
403 495
403 557
404 416
404 517
404 527
404 631
404 686
405 453
405 458
405 597
405 766
405 905
405 986
406 485
406 506
406 543
406 874
406 953
406 970
406 974
407 529
408 447
408 448
409 555
409 599
409 659
409 711
409 781
410 474
410 522
410 765
410 805
411 417
411 477
411 598
411 623
412 506
412 554
412 699
412 769
412 772
412 941
413 683
413 802
413 957
414 469
414 489
414 581
414 789
414 905
414 970
415 440
415 507
415 850
415 963
416 668
416 731
417 432
417 522
417 526
418 423
418 476
419 482
419 757
419 993
420 910
421 580
421 599
421 952
422 522
422 724
423 679
423 690
423 794
423 821
423 900
423 960
424 512
424 518
424 822
424 873
424 970
425 455
425 523
425 554
425 569
426 440
426 593
426 675
426 741
427 546
427 627
427 701
427 796
427 979
428 749
428 888
428 986
429 785
430 918
431 445
431 647
431 746
431 829
431 935
432 508
432 718
432 918
432 925
433 578
433 642
433 846
434 556
434 920
434 949
435 692
435 766
436 808
436 863
436 873
436 913
437 645
437 657
438 442
438 825
439 491
439 581
439 760
440 508
440 521
440 524
440 812
441 560
441 562
441 698
441 720
441 803
442 521
442 716
442 912
442 923
443 753
443 781
444 447
444 458
444 799
445 700
445 710
445 789
445 819
445 842
445 866
446 725
446 948
447 449
447 498
447 548
447 559
447 563
447 625
447 643
448 501
448 560
448 729
448 847
448 921
449 862
449 897
449 964
450 554
450 636
450 705
451 542
451 573
451 589
451 739
451 775
451 876
451 893
452 614
452 676
453 514
453 730
453 785
453 792
454 462
454 943
454 946
455 572
455 588
455 623
455 640
455 660
455 743
455 947
456 785
457 966
457 985
458 477
458 691
458 747
458 784
459 624
459 655
459 687
459 750
459 780
460 492
460 554
460 725
461 664
461 944
462 463
462 507
462 555
462 674
462 693
463 578
463 652
463 831
464 846
464 976
465 494
465 518
465 575
465 897
466 892
467 468
467 834
467 865
468 522
468 916
469 575
469 579
469 820
469 828
469 837
469 924
470 669
470 715
471 521
471 654
471 934
471 955
472 638
472 657
472 799
472 851
472 940
473 675
473 782
474 751
474 926
475 909
475 979
476 696
477 598
478 645
478 797
478 816
479 664
479 793
480 898
480 997
481 698
482 667
482 886
482 967
482 969
483 676
484 506
484 542
484 579
484 842
485 582
485 669
485 927
486 718
486 726
486 918
486 922
487 539
488 587
488 754
488 977
488 986
489 549
489 851
489 964
491 755
491 872
492 854
492 856
492 923
492 977
493 667
493 943
494 864
494 937
495 722
495 821
496 509
496 783
497 854
497 897
497 992
498 511
498 572
498 585
498 623
498 645
498 689
498 934
499 683
499 774
499 880
499 917
499 941
500 528
500 617
500 640
500 667
501 869
502 561
502 622
502 764
502 830
503 611
503 818
504 579
504 780
504 918
505 526
505 604
505 718
505 758
505 920
506 658
506 708
506 745
506 770
506 894
507 606
507 635
507 922
508 576
508 606
508 674
508 685
508 750
508 845
508 993
509 579
509 590
510 857
511 538
511 539
512 759
512 981
512 986
513 649
513 887
513 965
513 993
514 713
514 814
515 651
515 693
515 714
516 593
516 667
517 522
517 759
517 882
518 604
518 941
518 945
519 528
519 735
519 747
519 796
519 863
520 685
520 913
521 529
521 752
521 972
522 584
522 762
522 980
524 645
524 916
524 939
525 649
525 723
525 922
526 788
528 683
528 757
530 602
531 589
531 744
531 768
531 787
532 548
532 747
532 780
532 828
532 935
533 728
534 544
534 779
534 980
535 636
535 931
536 668
536 850
536 975
537 868
537 885
538 562
538 569
538 576
538 850
538 852
538 901
539 656
539 817
540 737
540 998
541 602
541 743
541 992
542 702
542 732
542 911
542 963
543 558
543 641
543 689
544 587
544 862
544 994
545 585
545 616
545 637
545 729
545 891
547 612
547 623
547 960
547 964
548 582
549 621
549 756
549 772
549 802
550 730
550 840
551 562
551 591
551 755
551 957
552 611
552 827
553 596
554 724
554 997
555 605
555 743
555 820
555 978
556 594
556 796
556 951
558 639
560 885
560 937
561 562
562 805
562 886
563 650
563 724
564 764
564 896
565 892
566 585
566 827
566 837
566 918
567 654
568 569
568 714
569 574
569 619
570 831
570 928
570 948
571 677
571 785
571 856
571 947
572 842
572 950
573 645
573 853
574 903
574 953
575 581
575 699
576 640
576 958
577 583
578 776
579 649
579 696
579 966
580 731
580 852
580 984
581 607
581 645
581 806
582 675
583 668
584 718
584 725
584 823
584 882
585 734
585 808
585 836
586 608
586 633
586 797
587 613
587 616
587 918
587 936
588 645
588 829
589 607
589 774
589 830
590 790
591 628
591 646
591 752
592 661
592 960
593 594
593 721
593 840
593 910
594 657
594 681
594 785
594 895
595 710
596 768
596 794
596 868
596 943
597 724
598 753
598 838
599 609
599 624
599 631
599 806
599 867
600 727
600 815
601 825
602 700
602 759
603 705
603 831
603 864
603 947
604 661
604 689
604 780
605 819
606 672
606 813
607 656
608 682
608 732
608 968
609 662
610 718
611 891
611 894
611 919
612 666
612 721
612 802
612 862
614 663
614 689
614 748
614 835
614 948
615 673
615 694
617 908
618 761
618 806
618 933
619 791
619 806
619 845
619 880
619 894
621 645
622 778
622 779
622 901
623 728
623 765
624 702
624 725
624 881
625 659
625 737
625 924
625 992
627 767
627 769
627 837
627 960
628 796
629 804
630 652
630 855
630 986
631 750
631 850
631 855
631 859
632 655
632 701
633 679
633 702
633 714
633 783
633 820
634 794
635 701
635 787
635 945
636 849
637 727
637 770
637 893
638 699
638 778
638 874
640 655
640 780
641 653
641 723
642 657
642 676
642 869
642 988
643 647
643 902
644 690
645 678
646 714
646 869
647 714
647 833
648 677
648 799
648 867
650 771
650 984
651 798
651 922
651 939
651 966
652 750
652 753
654 984
655 742
656 802
657 876
657 958
657 987
658 663
659 674
659 762
659 949
660 948
661 793
661 878
661 892
662 831
662 927
663 751
663 877
664 713
664 855
665 671
665 984
666 680
666 738
666 901
667 851
668 700
668 880
668 972
668 996
669 866
669 879
669 907
671 905
671 930
672 895
672 980
673 922
673 989
674 860
675 680
675 918
676 699
676 744
676 757
676 897
677 678
677 725
677 885
677 903
677 908
678 692
678 993
679 922
679 985
680 696
680 962
681 863
682 732
682 753
682 850
682 940
683 692
683 746
683 828
683 872
684 711
684 787
684 805
684 868
684 972
686 873
686 937
687 921
687 937
688 780
688 848
688 909
688 987
689 814
689 941
689 958
690 916
692 832
692 996
693 920
694 835
694 921
695 894
696 825
696 882
698 988
699 876
699 932
700 877
701 814
701 913
701 984
703 721
703 874
703 974
704 734
705 931
706 985
708 944
709 918
709 930
709 973
711 724
711 777
711 794
711 985
712 957
712 994
713 961
714 810
714 887
715 947
716 924
716 957
717 975
718 801
718 845
718 975
719 783
720 722
720 759
720 775
721 976
721 978
722 730
722 947
723 825
723 890
725 944
726 743
726 749
726 842
726 935
726 993
727 939
728 817
728 969
728 994
729 755
729 836
733 766
735 737
735 809
735 838
735 882
735 946
736 871
736 923
736 963
737 756
737 812
738 760
738 761
738 911
739 864
739 919
740 796
740 803
740 908
741 861
742 799
742 866
743 840
743 887
743 974
745 789
745 996
746 855
747 759
747 776
748 760
748 983
749 970
750 793
751 911
752 774
753 922
755 772
755 979
755 999
756 775
756 824
756 888
758 897
759 930
759 980
760 907
761 823
762 914
762 966
763 841
763 866
764 833
764 869
765 812
765 877
766 812
766 817
766 946
766 988
767 811
767 843
767 888
768 860
769 900
769 916
769 984
770 909
772 774
772 840
773 855
773 971
774 874
776 879
776 938
777 908
777 940
777 978
778 950
779 905
780 839
780 841
780 896
782 786
782 954
784 882
785 801
785 839
785 860
785 865
786 828
787 948
789 959
789 966
790 813
790 819
790 841
790 851
790 879
791 936
792 829
792 836
792 840
792 903
792 931
794 851
796 996
798 901
798 918
799 819
799 852
802 891
802 928
803 811
803 854
803 890
803 897
803 971
804 812
806 866
807 997
808 909
811 963
812 861
815 971
816 918
816 973
817 945
818 980
819 880
822 884
822 891
824 853
825 854
826 842
826 942
828 917
831 870
831 884
832 967
833 836
833 884
833 981
834 848
835 903
837 849
840 954
841 876
841 901
843 986
846 860
846 862
846 929
848 927
848 936
849 931
850 942
850 962
851 879
851 961
854 860
854 866
855 867
857 923
859 959
859 980
861 949
862 926
864 978
865 973
870 932
873 941
873 995
874 963
874 973
877 899
878 956
880 949
884 911
884 918
889 912
895 940
896 926
900 978
901 918
902 965
902 980
903 937
903 986
905 933
907 987
908 934
915 971
916 934
916 995
917 979
918 983
919 989
921 925
921 949
923 932
925 943
926 938
929 941
930 983
931 951
932 947
932 975
936 962
940 959
943 968
943 989
947 983
952 956
954 957
954 998
960 995
964 995
965 988
975 979
993 997
0
10 999
