1000	2959	 1
0 81
0 206
0 216
0 416
0 439
0 504
0 693
0 702
1 2
1 127
1 206
1 385
1 430
1 832
2 29
2 134
2 620
2 661
2 968
2 991
3 73
3 591
3 805
3 945
4 307
4 338
4 407
4 691
5 57
5 205
5 472
5 589
6 294
6 486
6 579
6 768
6 780
6 843
6 851
6 913
6 932
7 154
7 173
7 253
7 734
7 909
8 110
8 273
8 303
8 545
8 955
9 124
9 254
9 403
9 431
9 669
9 979
10 41
10 286
10 417
10 719
10 872
11 49
11 305
11 745
12 138
12 166
12 368
12 607
13 443
13 509
13 516
13 539
13 549
13 589
14 149
14 173
14 467
14 544
14 932
14 987
15 299
15 460
15 553
15 653
15 667
15 801
16 17
16 24
16 313
16 367
16 601
16 721
16 928
17 741
17 752
18 53
18 98
18 217
18 328
18 412
18 508
18 516
18 728
19 27
19 75
19 277
19 402
19 593
19 636
19 772
20 268
20 433
20 706
21 103
21 550
21 730
21 816
21 836
21 844
21 901
22 139
22 570
22 586
23 31
23 103
23 207
23 318
23 325
23 876
23 965
24 414
24 728
25 51
25 114
25 116
25 378
25 618
25 890
26 97
26 482
26 602
26 623
26 919
27 144
27 173
27 272
27 347
27 419
27 608
27 905
28 206
28 368
28 436
28 707
29 159
29 285
29 604
29 808
29 955
30 61
30 128
30 160
30 307
30 324
30 550
30 897
30 956
31 373
31 715
31 818
31 865
31 920
31 955
32 320
32 560
32 567
32 613
32 873
32 955
32 968
33 65
33 96
33 374
34 74
34 404
34 573
35 76
35 106
35 188
35 402
35 588
35 592
35 602
35 942
36 528
36 647
36 751
36 945
37 48
37 140
37 378
37 411
37 636
38 116
38 329
38 884
38 958
39 188
39 240
39 263
39 464
39 485
39 578
39 947
39 972
40 191
40 430
40 613
40 634
40 687
41 160
41 381
41 385
41 645
42 221
42 267
42 359
42 626
42 643
42 689
42 869
43 79
43 301
43 324
43 701
43 806
43 850
43 937
44 150
44 191
44 556
44 604
44 679
44 688
44 841
45 115
45 174
45 379
45 554
45 857
46 239
46 342
46 405
46 760
46 871
47 344
47 509
47 732
48 75
48 84
48 830
48 921
48 923
49 184
49 191
49 245
49 397
49 589
49 739
49 822
49 831
49 871
50 157
50 174
50 312
50 460
50 780
51 182
51 518
51 764
52 99
52 456
52 590
52 834
53 298
53 393
53 425
53 616
53 880
54 182
54 260
54 608
54 854
54 893
54 905
54 956
55 412
55 682
55 698
55 802
55 807
55 827
56 226
56 388
56 476
56 551
56 600
56 647
56 670
56 843
56 959
57 288
57 346
57 573
57 856
57 960
58 79
58 289
58 426
58 475
58 769
58 772
59 225
59 258
59 260
59 393
59 698
59 789
59 791
59 920
60 386
60 473
60 652
60 806
60 967
61 153
61 296
61 846
61 927
62 80
62 386
62 442
62 450
62 851
62 881
62 962
63 92
63 303
63 334
63 447
63 715
63 719
63 935
63 938
64 400
64 508
64 859
64 989
65 269
65 356
65 543
65 578
65 590
65 667
65 957
66 344
66 637
66 652
66 682
66 852
67 97
67 504
68 298
68 340
68 450
68 481
68 503
68 578
68 584
68 877
68 998
69 354
69 463
69 537
69 841
70 257
70 320
70 709
70 741
70 857
71 97
71 109
71 228
71 507
71 945
71 965
72 93
72 117
72 135
72 137
72 283
72 485
72 704
72 853
72 921
73 607
73 625
73 633
73 778
73 873
73 886
74 587
75 186
75 253
75 363
75 394
75 577
75 653
75 782
76 268
76 705
76 730
76 890
77 219
77 340
77 632
77 876
77 881
77 915
77 950
77 998
78 305
78 338
78 658
78 681
78 742
79 96
79 100
79 328
79 462
79 588
79 822
79 920
80 296
80 446
80 462
80 652
80 768
81 478
81 598
81 953
82 111
82 150
82 301
82 357
82 385
82 680
82 975
82 984
83 370
83 379
83 533
83 594
83 914
83 931
84 86
84 382
84 396
84 404
84 614
84 707
84 943
85 750
85 785
85 843
86 91
86 96
86 263
86 288
86 346
86 503
86 555
87 233
87 388
87 698
87 720
88 102
88 334
88 397
88 450
88 457
88 525
89 336
89 543
89 867
89 890
89 922
90 174
90 299
90 333
90 492
90 533
91 108
91 202
91 302
91 479
91 671
92 526
92 544
92 803
92 876
93 96
93 183
93 699
93 777
93 860
93 928
94 235
94 802
94 823
94 917
95 142
95 483
95 484
95 485
95 789
95 843
96 183
96 338
96 700
96 749
96 976
97 138
97 769
97 803
98 181
98 303
98 442
98 860
99 267
99 491
99 610
99 970
100 382
100 440
100 794
100 989
101 104
101 411
101 750
101 900
102 196
102 314
102 322
102 384
102 638
102 643
102 688
102 726
103 330
103 449
103 689
103 707
103 727
103 734
103 803
103 927
103 938
104 172
104 204
104 397
104 467
104 536
104 573
104 598
104 627
105 204
105 211
105 760
105 867
105 887
106 300
106 464
107 128
107 278
107 357
107 633
107 793
107 803
107 840
107 918
108 159
108 395
108 435
108 585
108 842
108 964
108 969
109 397
109 639
109 672
109 830
109 906
110 213
110 323
110 369
110 489
110 633
111 211
111 500
112 135
112 265
112 299
112 300
112 306
112 604
112 948
113 349
113 375
113 444
113 512
113 656
113 778
113 855
113 892
114 136
114 501
114 565
114 715
114 802
114 979
115 315
115 733
115 870
116 232
116 429
116 519
116 817
117 451
117 456
117 623
117 660
117 688
117 794
118 452
118 475
118 535
118 539
119 279
119 385
119 438
119 455
119 904
120 291
120 757
120 825
120 909
121 154
121 177
121 403
121 426
121 606
121 777
121 859
121 941
122 829
123 176
123 278
123 513
123 706
123 989
124 146
124 501
124 613
124 738
124 788
124 933
125 155
125 203
125 487
125 526
125 664
126 138
126 208
126 209
126 294
126 337
126 594
126 663
126 803
126 991
127 164
127 475
127 594
127 636
127 642
127 748
128 339
128 394
128 420
128 434
128 679
128 709
129 319
129 323
129 633
129 691
129 713
129 733
129 755
129 940
130 246
130 584
130 678
130 727
131 236
131 331
131 334
131 495
132 357
132 395
132 401
132 433
132 475
132 690
132 773
132 844
132 846
133 208
133 349
133 593
133 721
134 267
134 324
134 484
134 940
135 177
135 246
135 372
135 613
135 641
135 969
136 197
136 446
136 667
136 809
137 494
137 517
137 593
137 683
137 794
138 179
138 214
138 344
138 359
138 410
138 499
138 597
138 614
138 930
139 210
139 227
139 912
140 157
140 454
140 539
140 576
140 657
140 846
140 893
140 920
141 167
141 531
141 559
141 681
141 701
141 760
142 193
142 270
142 450
142 527
142 566
142 732
142 957
143 337
143 534
143 551
143 561
143 618
143 625
143 732
143 938
143 971
144 382
144 694
144 794
144 989
145 614
145 687
145 946
146 442
146 629
146 647
146 799
147 714
147 717
147 803
147 844
147 955
148 237
148 634
148 714
148 870
149 252
149 301
149 359
149 377
149 933
149 940
150 202
150 385
150 614
150 689
150 820
150 946
150 948
151 233
151 494
151 662
151 775
151 960
152 323
152 508
152 595
152 639
152 664
152 691
152 745
152 844
152 876
152 883
153 261
153 296
153 364
153 461
153 462
153 502
153 658
154 486
154 632
154 711
154 849
155 162
155 258
155 381
155 512
155 651
155 740
155 909
156 186
156 191
156 802
157 414
157 522
157 569
157 864
157 868
157 970
158 573
158 575
158 650
158 760
158 837
158 877
158 923
159 405
159 507
159 579
159 609
159 614
159 813
159 849
159 911
160 430
160 816
160 884
160 918
161 384
161 466
161 762
161 959
162 515
162 605
163 180
163 248
163 390
163 392
163 492
163 919
163 995
164 197
164 218
164 530
164 783
164 832
164 841
165 376
165 655
165 666
166 527
166 730
166 850
166 995
167 557
167 607
167 750
167 816
167 848
168 366
168 508
168 805
168 850
168 940
169 362
169 457
169 879
170 230
170 505
170 562
170 631
170 913
171 176
171 222
171 835
171 918
171 925
172 199
172 225
172 424
172 729
172 841
172 927
173 177
173 306
173 347
173 873
174 550
174 618
174 739
174 976
175 319
175 651
175 877
176 310
176 785
177 186
177 270
177 452
177 591
177 871
178 184
178 218
178 243
178 429
178 524
178 527
178 609
178 935
179 308
179 432
179 471
179 804
179 921
179 997
180 193
180 501
180 529
180 812
181 371
181 584
181 963
182 363
182 544
182 703
182 757
183 365
183 405
183 422
183 707
183 716
183 790
183 798
183 863
184 282
184 819
185 247
185 431
185 614
185 619
185 669
185 975
186 219
186 466
186 881
187 194
187 865
188 200
188 319
188 585
188 703
188 910
188 919
189 324
189 335
189 889
190 222
190 273
190 656
190 720
190 850
191 278
191 365
191 591
191 770
192 781
192 840
193 521
193 966
194 367
194 551
194 647
194 666
194 686
194 737
194 776
194 817
195 376
195 589
196 259
196 623
196 717
197 433
197 477
197 634
197 679
197 752
197 970
198 304
198 562
198 579
199 416
199 486
199 700
199 701
199 760
199 985
200 427
200 569
200 819
200 898
201 732
201 763
201 822
201 954
202 218
202 288
202 550
202 799
203 405
203 411
203 505
203 837
203 925
203 930
204 211
204 263
204 821
204 846
205 301
205 405
205 614
205 699
205 776
206 220
206 333
206 432
206 503
206 688
207 209
207 327
207 361
207 519
207 609
207 618
207 803
208 483
208 552
208 667
208 691
208 808
209 471
209 567
209 584
210 240
210 355
210 447
210 472
210 485
210 661
210 669
210 693
210 783
211 366
211 653
211 912
212 357
212 568
212 920
213 297
213 536
213 814
213 947
214 261
214 369
214 629
214 683
214 708
214 740
215 704
215 825
215 842
216 249
216 789
217 276
217 404
217 652
218 248
218 706
218 949
219 324
219 403
219 450
219 540
220 253
220 312
220 343
220 420
220 522
220 590
220 855
220 882
221 227
221 440
221 530
221 918
222 328
222 374
222 561
223 477
223 524
223 538
223 575
223 833
223 872
223 910
224 605
224 677
224 916
224 940
224 989
225 269
225 360
225 368
225 453
225 784
226 422
226 650
226 680
227 583
227 597
227 790
228 413
228 459
228 664
228 682
228 791
228 797
228 933
229 549
229 633
229 871
229 873
230 293
230 297
230 562
230 642
230 761
230 827
230 972
231 328
231 402
231 435
231 536
231 551
231 557
231 611
231 635
231 708
232 327
232 329
232 433
232 712
232 963
233 673
233 679
233 843
233 942
234 253
234 274
234 368
234 441
234 643
234 751
235 542
236 347
236 433
236 644
236 749
237 811
238 508
238 639
238 649
238 904
238 940
238 980
239 400
239 408
239 415
239 425
239 486
239 555
239 699
239 735
239 769
239 940
240 614
241 246
241 317
241 403
241 693
241 841
241 977
241 987
242 405
242 520
242 748
242 759
243 547
243 612
244 262
244 578
244 712
244 783
245 266
245 313
245 477
245 497
245 624
245 681
245 718
246 274
246 309
246 413
246 481
246 514
247 496
247 633
247 697
247 853
247 920
248 291
248 307
248 553
248 893
248 951
249 294
249 656
249 980
249 986
250 539
250 647
250 715
250 734
250 764
250 813
250 996
251 291
251 351
251 484
251 550
251 562
251 753
251 940
252 435
252 756
252 983
253 291
253 614
253 728
253 988
254 574
254 737
255 679
255 801
255 821
255 927
256 438
256 792
256 859
257 308
257 481
257 631
258 304
258 536
258 872
258 903
259 456
259 559
259 578
259 670
259 876
260 487
260 590
260 742
260 851
260 945
261 282
261 315
261 358
261 421
261 599
261 637
261 737
261 769
261 899
262 326
262 359
262 456
262 762
263 659
263 722
263 886
264 310
264 449
264 843
265 836
265 840
266 598
266 848
266 920
266 958
267 603
267 794
267 934
268 288
268 313
268 713
268 759
268 904
269 273
269 486
269 510
269 527
269 741
269 810
269 931
269 946
270 382
270 465
270 497
270 513
270 639
270 755
270 972
271 465
271 551
271 702
271 968
272 463
272 471
272 489
272 635
272 640
272 672
272 698
273 509
273 693
275 436
275 842
275 869
275 982
276 334
276 652
276 668
276 939
276 954
277 707
277 839
277 923
277 999
278 368
278 486
278 718
278 889
279 601
279 852
280 522
280 687
280 794
280 957
281 551
281 587
281 785
281 906
281 930
282 327
282 388
282 485
282 514
282 581
282 711
283 435
283 457
283 766
283 775
284 479
284 644
284 989
285 504
285 507
285 674
285 887
285 889
286 388
286 511
286 627
286 752
286 891
286 921
287 300
287 427
287 430
287 615
287 628
287 778
288 483
289 298
289 302
289 990
290 540
290 651
290 861
290 949
290 962
291 623
291 692
291 916
292 324
292 394
292 469
292 531
292 642
292 660
292 750
292 912
293 341
293 480
293 585
293 645
293 677
293 912
293 935
294 358
294 477
294 548
294 561
294 613
294 695
294 764
295 306
295 509
295 979
296 511
296 946
297 708
297 747
297 786
297 834
297 863
297 887
297 963
297 995
298 387
298 389
298 417
298 856
298 858
299 448
299 511
299 818
299 870
299 885
299 903
300 338
300 545
300 629
301 309
301 709
301 920
302 360
302 588
302 688
302 800
302 855
303 323
303 335
303 448
303 463
303 697
303 699
303 799
303 838
303 869
303 903
303 964
304 428
304 510
304 650
304 724
304 742
304 814
304 919
305 478
305 673
305 840
305 992
306 382
306 487
306 657
306 698
306 942
307 316
307 500
307 654
307 752
307 829
307 935
307 976
307 991
308 442
308 492
308 874
309 729
309 900
309 983
310 317
310 318
310 447
310 612
310 773
310 810
311 492
311 597
311 612
311 630
311 645
311 724
312 650
312 707
312 791
312 888
312 897
313 325
313 450
313 901
314 626
314 713
314 984
315 331
315 829
316 357
316 366
316 388
317 368
317 502
317 721
317 880
317 982
317 992
318 433
318 706
318 918
319 507
319 550
319 834
319 919
320 429
320 568
320 830
320 994
321 636
321 644
321 831
322 336
322 606
322 858
323 482
324 667
324 742
324 744
324 828
324 860
324 926
325 357
325 577
325 625
325 737
326 765
326 864
327 379
327 475
327 533
327 724
327 833
327 865
327 920
328 787
328 834
328 873
328 971
329 350
329 593
329 767
330 359
330 368
330 550
330 784
330 834
330 840
331 365
331 752
332 446
332 472
332 482
333 504
333 563
333 851
334 417
334 702
335 715
335 994
336 467
336 514
336 565
336 644
336 662
336 947
336 982
337 433
337 466
337 591
337 597
337 618
337 649
337 681
337 735
337 747
337 814
338 406
338 573
338 802
338 820
338 834
339 430
339 565
339 577
339 727
339 786
339 849
340 364
340 718
341 401
341 475
342 464
342 782
342 817
342 877
342 944
343 369
343 377
344 549
344 761
344 999
345 621
345 680
345 761
345 854
346 758
346 844
347 647
347 730
347 909
348 411
348 786
348 956
348 972
349 425
349 493
349 701
349 736
349 754
350 488
350 626
350 697
350 816
350 933
351 735
351 875
351 897
352 607
352 705
352 786
352 892
352 936
353 453
353 539
353 655
353 778
355 395
355 563
355 701
356 539
356 622
356 696
356 990
357 386
357 574
357 641
357 704
357 784
358 421
358 504
358 696
358 987
359 433
359 638
359 770
360 476
360 481
360 581
360 789
361 540
361 611
362 404
362 583
362 860
362 948
363 537
363 750
363 865
363 964
364 567
364 836
364 849
364 878
364 913
365 422
365 429
365 474
365 542
365 567
365 593
365 680
366 420
366 488
366 851
367 436
367 560
367 654
367 983
368 582
369 976
370 412
370 669
370 729
370 738
371 519
371 667
371 800
372 429
372 456
372 676
372 922
373 498
373 503
373 615
373 782
373 863
374 505
374 697
374 745
376 775
376 913
376 941
377 387
377 772
377 838
378 887
379 632
379 824
380 415
381 429
381 677
381 695
381 814
381 885
382 456
382 487
382 570
383 551
383 631
383 661
383 690
383 722
383 776
384 710
385 443
385 552
385 685
385 697
385 774
385 957
386 623
386 993
387 963
388 764
388 886
388 966
389 391
389 504
389 532
389 569
389 596
389 597
389 617
389 633
389 692
389 735
389 757
390 550
390 729
390 944
391 412
391 550
391 671
391 821
391 895
392 498
392 642
392 757
392 775
392 951
393 408
393 579
393 975
394 438
394 534
394 603
394 671
394 726
394 766
394 807
394 911
395 699
395 916
396 452
396 754
397 449
397 462
397 586
397 736
397 841
398 481
398 508
398 569
398 769
398 776
398 930
399 619
399 671
400 417
401 632
401 875
402 843
402 900
402 910
403 675
403 914
404 827
405 714
405 780
406 720
406 882
407 408
407 477
407 664
407 684
407 934
407 991
408 675
409 422
409 525
409 593
409 959
409 972
410 510
410 859
410 961
411 700
412 725
412 789
413 636
413 923
413 932
414 847
415 806
415 825
416 873
416 982
417 595
417 607
417 949
418 508
418 658
418 699
418 867
419 548
419 608
419 800
419 976
421 564
421 863
422 447
422 567
422 714
423 529
423 984
424 448
424 680
424 698
424 732
425 502
425 560
425 687
425 719
425 804
426 530
426 714
427 538
427 631
427 651
427 703
427 749
428 794
428 928
429 792
431 465
431 555
432 704
433 628
433 692
433 951
434 486
434 728
434 734
434 814
434 873
435 527
435 708
435 991
436 627
437 697
437 729
437 936
438 449
438 653
438 727
438 782
438 935
439 459
439 621
440 574
440 615
440 673
440 736
440 744
440 818
440 941
441 571
441 742
441 869
441 977
442 474
442 518
442 579
442 670
442 693
443 704
443 770
443 973
444 519
444 540
444 713
444 814
445 520
445 630
445 656
445 759
445 791
446 492
446 742
446 978
446 997
447 578
447 599
447 729
448 739
448 791
449 477
449 723
450 568
450 908
451 732
451 847
451 952
452 472
452 571
453 601
453 821
453 896
454 560
455 576
455 676
455 773
455 777
455 867
455 880
455 932
456 906
457 496
457 549
457 561
457 630
457 746
458 484
458 753
458 802
458 964
459 578
459 623
459 889
460 536
460 793
460 803
460 883
460 950
461 513
461 550
461 601
461 613
461 634
462 472
462 545
462 654
462 674
462 842
463 657
463 685
463 797
463 808
463 876
464 471
464 547
464 917
464 944
465 528
465 539
465 866
466 629
466 806
467 537
467 563
467 614
467 800
467 952
468 481
468 553
468 807
468 913
468 949
469 570
469 751
469 865
470 829
470 848
471 691
471 746
471 810
471 915
473 593
473 641
473 722
473 748
473 961
473 980
474 517
474 774
474 839
475 486
475 771
475 777
476 789
476 966
477 609
477 929
478 547
478 639
478 779
478 934
479 571
479 661
479 748
479 775
479 938
479 943
480 872
480 983
481 942
481 944
482 538
482 609
482 821
482 869
483 492
483 753
483 806
483 978
484 635
484 747
484 774
484 956
484 988
485 654
485 754
485 804
485 995
486 770
486 813
486 917
487 917
488 768
488 786
488 811
488 814
488 821
488 949
488 954
489 546
489 575
489 682
489 721
489 760
490 643
490 962
491 588
491 610
491 867
491 882
492 536
492 552
492 687
492 736
492 739
493 794
493 848
493 864
493 876
493 981
493 997
494 534
494 588
494 819
495 825
496 546
496 607
496 697
496 771
496 931
498 580
498 597
498 727
498 820
498 939
499 910
499 961
501 522
501 784
501 927
501 973
502 915
502 999
503 512
503 535
503 885
504 649
504 931
504 975
505 990
506 649
506 666
506 784
506 855
506 928
506 984
507 517
507 785
507 873
507 926
507 935
508 522
508 695
508 928
509 593
509 697
510 603
510 632
510 686
510 780
510 828
510 833
511 657
511 662
511 688
511 793
511 842
511 872
512 565
512 600
512 854
512 872
512 993
513 543
514 988
515 632
516 660
516 714
516 759
516 762
516 767
516 790
516 842
516 862
518 538
518 570
518 623
518 752
518 850
518 905
519 654
519 693
519 757
519 928
520 926
521 809
521 823
521 976
522 532
522 542
522 902
523 699
523 733
523 908
524 656
524 722
524 787
525 630
525 646
525 994
526 618
526 738
527 550
528 613
528 792
528 794
528 907
528 916
529 664
529 972
530 616
530 809
530 921
530 923
531 654
531 885
531 944
531 990
532 543
532 758
533 741
533 827
533 868
533 948
534 949
535 841
536 554
536 658
536 792
536 850
538 615
538 817
539 577
539 656
539 665
539 696
541 544
541 808
542 554
542 602
542 743
543 755
543 758
543 899
543 932
544 589
544 894
544 947
545 797
547 613
548 623
548 898
549 911
552 809
552 956
553 594
553 803
553 868
553 909
554 704
555 605
555 683
555 701
555 767
555 774
555 786
555 892
555 901
555 949
556 564
556 582
556 616
556 783
556 870
556 874
557 597
557 671
558 561
558 592
558 606
558 665
559 674
559 838
559 860
559 954
560 826
560 831
560 850
560 881
560 981
560 995
561 846
562 973
563 856
564 727
564 770
565 897
566 933
567 762
567 815
568 827
568 890
568 903
570 624
570 840
570 866
570 913
570 984
571 676
572 629
572 729
572 814
573 689
573 834
573 869
574 738
575 647
575 713
575 722
575 746
575 878
576 838
576 995
577 605
577 895
577 957
578 679
578 725
578 727
579 683
579 832
580 649
580 674
580 689
580 803
581 735
581 751
581 778
581 796
582 834
583 660
583 689
584 834
584 931
585 661
585 741
586 607
586 759
586 806
586 861
586 867
587 625
587 805
588 605
589 700
589 836
589 920
589 926
590 633
590 711
590 845
592 615
592 704
592 707
592 791
592 810
592 925
592 953
593 621
593 730
593 733
593 769
594 714
595 636
595 749
596 678
598 843
598 864
598 929
599 886
599 904
599 929
600 782
601 666
601 826
602 888
602 901
603 678
604 699
604 778
604 801
604 889
605 625
605 673
605 733
607 802
607 986
609 616
609 819
610 713
610 723
610 853
610 946
611 830
613 679
614 780
614 907
614 914
615 667
616 651
617 625
617 880
618 701
618 748
618 806
619 941
619 975
620 642
620 710
620 728
620 851
620 942
620 967
620 996
621 629
621 643
621 737
621 747
621 839
621 944
622 845
622 898
622 909
623 718
623 772
623 814
624 706
624 748
624 905
625 996
626 828
627 771
628 649
628 775
628 908
628 957
629 827
629 933
630 643
630 784
630 919
631 731
631 846
632 743
632 767
633 694
633 997
634 909
635 917
636 776
636 829
636 960
638 795
638 950
639 690
639 896
640 731
640 904
641 695
641 702
641 942
641 962
642 784
642 825
642 952
643 769
643 788
643 899
644 769
646 684
646 707
646 976
647 800
647 856
647 876
647 970
648 692
648 785
648 787
649 915
650 903
651 722
651 826
651 903
652 769
652 882
652 938
653 922
655 699
655 802
655 850
655 852
656 852
657 670
657 711
658 798
658 826
658 938
658 983
659 770
659 911
660 770
660 950
662 899
662 926
663 729
663 818
664 670
664 718
664 860
664 991
665 795
665 811
665 895
666 757
666 768
666 996
667 744
668 707
668 831
668 845
669 958
671 716
671 722
671 768
671 976
672 786
672 892
674 769
674 912
674 924
675 865
675 968
676 744
676 859
676 863
677 924
678 784
678 889
678 922
679 847
679 972
680 698
680 863
681 712
681 796
683 795
683 975
684 734
684 790
684 809
684 958
685 892
686 714
686 861
688 737
689 840
690 737
690 862
690 902
691 707
691 980
694 885
695 728
695 740
695 914
696 940
697 842
697 932
698 994
699 706
702 728
703 777
704 765
704 891
705 860
705 880
705 962
706 717
706 765
706 808
706 990
707 883
707 951
708 832
708 958
709 831
712 744
712 868
713 806
713 906
714 738
715 837
715 861
715 882
715 909
716 729
716 757
716 845
718 784
719 817
719 891
720 739
720 781
720 938
720 944
721 791
721 794
721 797
723 765
723 777
723 835
724 744
724 848
725 847
726 748
727 799
727 809
728 891
728 970
730 757
730 789
730 798
731 815
731 938
732 949
732 959
732 967
732 986
733 737
733 745
733 758
733 877
733 890
735 795
735 796
735 798
735 800
735 856
735 962
736 824
736 966
738 925
738 948
738 980
740 871
741 758
741 760
741 784
742 955
743 841
743 866
743 972
744 773
744 860
745 837
745 855
745 922
746 797
746 825
746 865
746 875
747 864
747 939
748 834
748 856
748 890
749 777
749 875
750 929
751 997
754 980
755 846
755 941
756 959
758 780
759 782
759 803
759 984
760 957
761 963
761 970
762 808
762 979
763 926
765 822
769 799
773 902
773 920
773 943
774 912
776 936
776 988
778 967
779 802
780 836
782 824
782 984
783 843
784 959
788 888
789 817
790 816
790 867
791 821
791 910
791 911
792 968
794 972
796 867
796 952
797 977
798 903
798 972
799 941
799 949
799 997
800 995
801 916
801 917
801 950
802 916
803 870
804 868
805 886
807 866
807 940
809 904
810 837
810 868
811 904
811 981
812 923
812 948
815 844
815 992
816 986
819 988
820 907
820 916
820 958
822 924
824 951
826 844
827 883
827 915
828 882
828 884
830 984
830 997
832 877
833 951
834 979
835 964
836 894
837 875
837 952
837 962
838 879
838 944
838 959
838 985
839 928
840 869
840 922
840 951
841 853
841 968
842 846
842 855
843 863
844 854
845 930
846 981
847 928
848 853
848 945
850 906
850 932
850 955
851 974
851 978
852 859
852 936
852 949
852 988
853 959
853 977
857 886
858 961
861 904
861 972
862 887
864 995
865 902
869 989
871 981
873 975
875 892
877 969
879 907
882 926
882 953
885 901
888 896
888 930
890 895
890 965
890 996
891 983
892 975
893 970
893 998
894 927
894 979
896 974
897 985
898 904
899 978
900 916
904 965
904 998
906 985
907 958
907 978
907 993
909 990
910 968
913 980
914 960
917 971
919 930
921 975
922 971
923 942
929 989
933 983
936 984
937 987
940 954
942 978
943 959
943 968
950 998
954 971
956 979
962 976
963 973
971 973
974 982
0
10 999
