1000	2987	 1
0 225
0 390
0 541
0 643
0 876
1 368
1 518
1 637
1 671
2 258
2 512
2 526
2 556
2 608
2 725
2 920
3 75
3 185
3 547
3 674
4 274
4 420
4 599
4 722
5 290
5 316
5 729
5 832
6 42
6 255
7 363
7 465
7 604
7 811
8 200
8 932
8 976
9 254
9 356
9 376
9 413
9 587
9 670
9 709
10 270
10 337
10 996
11 38
11 142
11 202
11 447
11 670
11 851
12 166
12 248
12 304
12 327
12 374
12 787
12 947
13 135
13 251
13 286
13 699
13 785
13 790
13 958
14 180
14 218
14 234
14 251
14 284
14 368
14 430
14 488
14 629
14 754
15 61
15 866
15 993
15 996
16 118
16 347
16 483
16 550
16 649
16 962
17 83
17 166
17 359
17 426
17 791
17 797
18 66
18 383
18 822
18 966
19 112
19 545
19 809
19 918
19 959
20 228
20 597
20 665
20 872
21 132
21 465
21 632
21 681
22 65
22 156
22 502
22 507
22 556
22 585
22 909
23 114
23 118
24 261
24 401
24 444
24 637
24 795
24 805
24 942
25 375
25 439
25 830
25 873
26 536
26 585
26 594
27 77
27 449
27 454
27 525
27 541
27 588
27 989
28 57
28 138
28 567
29 144
29 344
29 393
29 533
29 561
30 142
30 377
30 424
30 734
30 912
30 930
31 110
31 174
31 292
31 404
31 467
31 621
32 358
32 378
32 386
32 943
33 485
33 496
33 521
33 631
33 644
33 737
33 959
34 149
34 193
34 282
34 297
34 560
34 964
35 68
35 402
35 700
35 728
35 906
35 963
36 159
36 188
36 339
36 436
36 468
36 627
36 643
36 686
36 788
36 851
37 156
37 161
37 166
37 218
37 538
38 226
38 254
38 267
38 302
38 356
38 358
38 432
38 916
39 92
39 209
39 283
39 286
39 453
39 614
39 897
39 917
39 978
40 190
40 301
40 472
40 994
41 106
41 110
41 421
41 453
41 588
41 780
42 69
42 183
42 425
42 639
42 920
43 61
43 166
43 365
43 601
43 716
43 767
44 97
44 160
44 245
44 332
44 410
44 596
44 765
45 122
45 274
45 466
45 809
45 987
46 189
46 730
46 763
47 606
47 784
47 849
47 861
48 143
48 358
48 416
48 477
48 794
48 946
48 953
49 146
49 319
49 690
50 160
50 182
50 189
50 503
50 622
50 634
50 792
50 879
50 937
51 168
51 248
51 456
51 491
51 609
51 622
51 855
51 964
52 145
52 463
52 657
53 126
53 179
53 304
53 540
53 550
53 797
54 294
54 588
54 660
55 396
55 398
55 810
56 121
56 318
56 444
56 638
56 791
56 864
57 226
57 749
57 755
57 861
57 884
58 95
58 103
58 294
58 692
58 983
59 222
59 350
59 403
59 436
59 502
59 867
60 155
60 574
60 740
60 844
60 869
60 896
61 111
61 246
61 617
61 916
61 922
62 112
62 205
62 268
62 336
62 339
62 487
62 822
62 983
63 337
63 377
63 660
63 680
63 738
63 917
64 86
64 129
64 225
64 448
64 759
64 858
64 929
65 337
65 367
65 390
65 457
65 972
66 81
66 382
66 436
66 736
66 752
66 817
66 878
66 980
67 393
67 795
67 929
67 984
67 995
68 286
68 385
68 449
68 775
68 936
68 989
68 997
69 405
69 653
69 784
69 880
69 904
70 90
70 170
70 304
70 460
70 470
70 957
71 497
71 737
71 838
71 886
72 116
72 314
72 345
72 758
72 930
73 363
73 731
73 996
74 930
74 994
75 311
75 503
75 542
75 735
76 162
76 211
76 369
76 482
76 625
76 782
76 811
76 870
76 955
77 90
77 283
77 599
77 785
78 88
78 209
78 457
78 600
78 776
78 798
78 945
78 952
78 956
78 994
79 301
79 453
79 570
79 999
80 86
80 730
80 817
80 990
81 88
81 688
81 831
81 917
82 111
82 166
82 208
82 236
82 307
82 446
82 527
82 529
82 862
83 445
83 682
84 238
84 377
84 500
84 810
84 820
84 897
84 933
84 939
85 92
85 306
85 417
85 419
85 478
85 493
85 682
85 726
85 824
85 952
86 170
86 193
86 339
86 406
86 457
86 545
86 725
86 815
86 957
87 136
87 574
87 801
87 865
87 968
89 120
89 335
89 361
89 592
89 675
89 775
89 921
90 214
90 274
91 111
91 205
91 262
91 481
91 516
91 618
91 880
91 946
92 188
92 295
92 550
92 783
92 870
93 320
93 324
93 334
93 604
93 716
93 891
93 980
94 98
94 497
95 481
95 514
95 525
95 981
96 128
96 916
97 215
97 387
97 487
97 522
97 595
97 891
98 279
98 371
98 457
98 576
99 105
99 120
99 861
100 291
100 866
101 200
101 244
101 248
101 333
101 373
101 427
101 537
101 636
101 762
102 188
102 276
102 364
102 641
102 691
102 827
102 922
102 956
103 285
103 286
103 803
103 893
104 292
104 323
104 625
104 732
104 779
104 844
104 948
105 190
105 355
105 989
106 161
106 514
106 560
106 603
106 685
106 705
106 779
106 943
107 578
107 679
107 683
107 761
107 835
107 857
107 881
108 297
108 311
108 335
108 483
108 535
108 804
109 373
109 399
109 482
109 681
109 684
109 689
109 930
109 944
109 946
110 365
110 720
110 806
110 968
111 303
111 411
111 605
111 606
111 900
111 991
112 130
112 302
112 560
112 618
112 916
112 974
113 184
113 227
113 457
113 774
113 786
113 828
113 872
113 987
114 188
114 229
114 309
114 645
114 765
115 169
115 508
115 587
115 683
115 837
116 232
116 246
116 315
116 418
117 334
117 604
117 663
117 694
117 846
117 863
117 888
117 947
117 994
118 456
118 458
118 481
118 555
118 682
118 691
118 793
119 155
119 207
119 430
119 521
120 127
120 628
120 715
120 992
121 347
121 426
121 447
121 495
121 572
121 703
121 844
122 457
122 946
123 250
123 438
123 617
123 677
123 746
123 757
123 913
123 983
124 307
124 639
124 746
124 832
124 902
125 621
125 690
125 706
125 879
126 177
126 613
127 192
127 280
127 363
127 453
127 668
127 682
127 760
128 276
128 852
128 892
129 149
129 201
129 202
129 278
129 336
129 490
129 614
129 792
129 925
130 132
130 226
130 249
130 379
130 514
130 614
130 948
131 243
131 335
131 479
131 845
132 343
132 483
132 689
132 892
132 922
132 948
133 190
133 353
133 569
133 577
133 652
133 701
133 810
133 891
133 974
134 170
134 176
134 483
134 618
134 853
134 925
135 356
135 546
135 726
136 164
136 205
136 335
136 475
136 738
136 862
137 265
137 284
137 496
137 527
137 808
137 912
138 149
138 326
138 365
138 608
139 423
139 756
140 205
140 226
140 537
141 150
141 584
141 684
141 775
141 925
142 344
142 574
142 592
142 693
142 963
143 641
143 660
143 943
144 457
144 686
144 919
145 410
145 618
145 816
145 929
145 932
145 962
146 233
146 285
146 294
146 336
146 850
146 896
147 678
147 759
147 842
147 888
147 950
148 475
148 663
149 213
149 261
149 630
149 693
149 776
149 905
149 913
150 432
150 505
151 234
151 295
151 370
151 441
151 589
151 681
151 711
151 976
152 228
152 416
152 462
152 545
152 658
152 754
153 178
153 217
153 221
153 278
153 392
153 825
153 895
154 260
154 289
154 365
154 369
154 388
154 434
154 543
154 692
154 693
154 847
155 317
155 989
156 174
156 607
156 621
156 898
157 322
157 579
157 907
157 977
158 343
158 504
158 555
158 613
158 858
159 314
159 395
159 661
159 752
159 777
159 847
160 164
160 169
160 464
160 623
160 650
160 795
161 253
161 354
161 434
161 542
161 751
161 900
161 987
162 347
162 392
162 611
162 648
162 751
162 766
162 799
162 844
163 288
163 386
163 723
163 844
163 953
164 412
164 678
164 725
164 945
165 347
165 959
166 300
166 681
167 295
167 453
167 616
167 682
167 776
167 897
167 917
168 491
168 582
168 765
168 805
169 310
169 591
169 598
169 808
169 823
169 972
170 280
170 325
170 632
170 972
171 177
171 219
171 220
171 362
171 472
171 758
171 833
171 903
171 934
171 960
172 177
172 328
172 654
172 740
173 504
173 595
173 960
174 307
174 358
174 570
174 812
174 950
175 218
175 699
175 731
175 755
175 810
175 886
175 957
175 967
176 314
176 476
177 245
177 509
177 635
177 691
177 692
177 788
178 223
178 271
178 400
178 620
179 265
179 495
179 614
179 702
179 768
179 850
179 943
180 548
180 584
180 589
180 906
181 272
181 462
181 625
181 824
181 971
182 316
182 383
182 417
182 596
182 755
182 830
182 936
183 301
183 721
184 243
184 514
184 743
184 955
185 198
185 266
185 439
185 656
185 824
186 238
186 480
186 483
186 494
186 704
186 751
187 374
187 457
187 515
188 462
188 536
188 580
188 668
188 877
188 981
189 472
189 502
189 580
189 672
189 697
189 995
190 270
190 345
190 601
190 742
190 879
190 906
191 321
191 436
191 570
191 631
191 748
191 868
191 903
193 205
193 798
193 825
194 196
194 378
194 568
194 824
195 330
195 383
195 492
195 505
195 670
195 697
196 428
196 659
196 745
196 805
197 828
198 367
198 480
198 614
198 682
198 751
198 941
199 245
199 340
199 416
199 596
200 742
200 747
200 820
200 845
200 908
200 947
200 970
201 246
201 425
201 461
201 575
201 624
201 652
201 730
201 892
202 324
202 362
202 396
202 507
202 801
203 768
203 842
203 895
204 531
204 540
204 705
204 853
205 525
205 818
206 405
206 566
206 767
206 868
207 269
207 722
207 757
207 836
207 993
208 454
208 467
208 569
208 690
208 892
209 310
209 637
209 818
210 298
210 323
210 485
210 804
210 839
210 999
211 410
211 603
211 725
211 935
212 424
212 431
212 570
212 786
212 814
212 865
213 434
213 505
213 637
213 867
213 879
214 224
214 237
214 246
214 310
214 420
215 237
215 319
215 413
216 331
216 432
216 534
216 761
216 952
217 323
217 393
217 423
218 406
218 584
219 292
219 443
219 523
219 534
219 626
219 833
219 858
219 906
219 924
220 399
220 454
220 729
220 904
221 411
221 512
222 491
222 505
222 533
222 644
222 928
222 983
223 605
223 725
223 780
224 242
224 308
224 370
224 664
224 788
224 856
224 968
225 305
225 700
226 249
226 404
226 707
226 989
227 501
227 536
227 605
227 635
228 768
229 275
229 366
229 510
229 937
230 356
230 439
230 602
230 789
230 889
230 954
231 279
231 330
231 503
231 504
231 530
231 551
231 562
231 700
231 755
231 845
231 951
232 392
232 515
232 599
232 803
232 937
232 952
233 322
233 462
233 565
233 722
233 894
234 273
234 444
234 627
234 845
235 275
235 516
236 266
236 695
236 752
237 299
237 323
237 388
237 419
237 684
237 853
237 906
237 939
238 303
238 462
238 513
238 586
238 792
238 840
239 394
239 414
239 415
239 445
239 470
239 582
239 679
239 759
239 995
240 599
240 600
240 729
241 418
241 860
241 913
242 502
242 817
243 262
243 399
243 558
243 721
243 793
243 809
243 891
244 696
244 716
244 781
244 877
245 370
245 620
245 654
245 718
245 800
246 413
246 455
246 678
247 575
247 968
248 295
248 320
248 404
248 482
248 665
248 777
248 950
249 915
251 314
251 649
251 754
251 871
251 909
251 916
252 509
252 583
252 717
252 750
252 812
253 383
253 681
253 936
254 381
254 467
254 479
254 519
254 645
254 763
254 814
255 371
255 391
255 487
255 525
255 595
256 329
256 533
256 686
257 428
257 491
257 618
257 688
257 696
257 814
257 906
258 277
258 706
258 832
258 998
259 272
259 356
259 553
259 809
259 892
260 282
260 337
260 464
261 483
261 689
261 946
262 321
262 398
262 492
262 505
262 666
262 871
262 988
263 403
263 674
263 698
263 784
263 798
263 930
264 395
264 521
264 997
265 345
265 452
265 541
265 885
265 918
265 947
266 479
266 490
266 931
266 949
267 390
267 432
267 557
267 605
267 861
267 889
267 987
268 444
268 684
268 851
268 880
268 917
268 935
269 387
269 766
269 891
270 318
270 630
270 631
271 521
271 708
271 821
272 296
272 348
272 350
272 636
272 699
272 714
272 764
272 972
273 336
273 985
274 313
274 521
274 662
274 710
274 733
274 981
275 397
275 546
275 571
275 596
276 339
276 441
276 554
276 674
276 824
276 836
277 368
277 732
277 884
277 945
278 898
278 915
280 296
280 317
280 916
281 432
281 577
281 633
281 919
281 946
281 957
282 308
282 360
282 402
282 519
282 525
282 530
282 568
282 644
282 671
282 808
283 953
283 958
283 997
284 377
284 415
284 717
284 915
285 926
286 440
286 463
286 510
286 704
286 847
286 910
286 948
287 583
287 766
287 845
287 870
288 388
288 451
288 468
288 788
288 873
288 998
289 460
289 547
289 655
289 714
289 742
289 793
290 615
290 786
290 791
290 867
290 895
290 992
291 437
291 579
291 620
291 838
291 967
291 997
292 611
293 380
293 469
293 625
294 345
294 354
294 670
294 837
295 370
295 382
295 893
295 978
296 363
296 398
296 716
296 894
296 993
297 305
297 367
297 643
297 684
298 317
298 349
298 411
298 714
298 933
299 734
299 893
299 979
300 309
300 355
300 518
300 789
300 797
301 314
302 454
302 474
302 602
302 783
302 878
303 321
303 430
303 821
304 815
304 884
305 508
305 535
305 594
305 625
305 937
305 950
306 371
306 592
306 603
306 606
306 611
307 439
307 589
307 715
307 779
307 852
307 857
308 410
308 850
308 853
309 329
309 435
309 499
309 572
310 359
310 567
310 595
310 642
310 735
311 493
311 540
312 471
312 535
312 613
312 636
312 706
313 408
313 497
313 774
313 875
314 395
314 497
315 429
315 755
315 841
315 955
316 485
316 513
316 631
316 794
316 953
318 519
318 607
318 621
318 625
319 333
319 406
319 627
319 666
319 753
319 899
319 948
319 973
320 547
320 702
320 986
321 339
321 547
321 754
322 372
322 638
322 685
323 346
323 383
323 416
323 608
323 915
324 344
324 550
324 985
324 991
325 341
325 587
325 741
325 831
326 459
327 391
327 400
327 407
327 465
327 515
327 522
327 861
327 943
328 691
328 747
328 780
328 822
328 834
329 417
329 432
329 448
329 870
330 335
330 753
330 766
331 371
331 526
331 718
331 848
332 538
332 666
332 667
332 689
332 805
332 959
333 563
333 724
333 736
334 727
336 367
336 461
336 548
336 726
336 825
336 874
336 941
336 948
336 960
337 381
337 409
338 647
338 950
339 368
339 425
339 606
339 702
339 839
339 861
340 418
340 775
340 846
340 871
340 952
340 966
341 593
341 686
341 905
341 909
342 725
342 736
342 738
342 788
342 953
342 960
343 346
343 394
343 496
343 576
343 640
343 752
343 997
344 504
344 574
344 841
345 625
346 398
346 428
346 579
346 604
346 627
346 674
347 573
347 977
348 392
348 542
348 597
348 801
348 831
348 844
348 909
349 350
349 601
349 831
349 913
350 477
350 687
350 965
351 385
351 624
351 954
351 975
352 582
352 935
353 399
353 424
353 478
353 539
353 634
353 775
353 799
354 378
354 567
354 578
354 666
355 462
355 473
355 539
355 585
355 762
355 996
356 487
356 733
356 742
356 907
356 970
357 518
357 598
357 686
357 820
358 441
358 920
359 497
359 538
359 554
359 570
359 905
360 401
360 661
361 375
361 532
361 574
361 632
361 827
361 913
362 508
362 665
363 596
363 705
363 804
363 858
364 380
364 467
364 605
364 879
365 450
365 458
365 670
365 965
365 968
366 412
366 556
366 649
366 796
366 803
367 416
367 604
367 760
368 706
368 888
368 958
369 371
369 480
369 818
370 395
370 510
370 622
370 739
370 817
370 827
370 913
371 408
371 845
371 885
372 396
372 536
372 703
372 709
372 736
372 766
373 498
373 875
373 891
374 591
374 878
374 939
375 432
376 686
376 779
377 572
377 730
377 805
377 916
378 513
378 590
378 840
378 848
379 388
379 418
379 434
379 442
379 636
379 667
379 868
380 416
380 702
380 842
380 882
381 399
381 621
381 659
381 906
382 461
382 607
382 966
383 411
383 485
383 658
384 518
384 587
384 600
384 612
384 956
385 733
386 433
386 588
386 835
387 559
387 579
387 823
387 997
388 428
388 546
389 500
389 526
389 531
389 787
389 887
389 991
390 572
390 976
391 503
391 533
391 608
391 865
392 483
392 826
392 878
393 564
393 594
393 788
393 837
393 908
393 987
394 574
394 630
394 923
394 977
395 578
395 590
396 397
396 560
396 663
396 666
396 891
396 932
397 680
397 719
397 746
397 815
398 447
398 932
399 485
399 864
399 947
400 591
400 676
400 706
400 786
401 455
401 542
402 646
402 735
402 737
402 742
402 995
403 586
403 662
403 742
403 793
403 985
404 455
404 536
404 561
404 979
405 599
405 662
406 466
406 574
406 630
406 666
407 541
407 582
407 763
408 666
408 735
409 589
409 602
409 642
409 669
410 458
410 463
410 562
410 651
410 891
411 523
411 809
411 919
411 961
412 602
412 734
413 559
413 664
413 776
414 418
414 588
414 778
414 933
415 621
415 700
415 826
415 917
416 425
416 734
417 513
417 612
418 423
418 651
418 724
418 825
419 591
420 425
420 468
420 473
420 551
420 602
420 668
420 674
420 852
420 968
421 820
422 520
422 574
422 584
422 783
422 789
422 871
423 698
423 813
423 928
424 495
424 586
424 706
424 840
424 931
425 766
425 801
425 875
425 925
425 979
426 494
426 523
426 657
426 682
426 697
426 962
427 559
427 595
427 673
427 713
427 776
427 909
428 448
428 469
428 548
428 963
429 634
430 493
430 682
430 717
430 732
430 848
430 859
431 535
431 536
431 756
431 955
432 849
433 630
433 685
433 800
433 821
434 740
434 982
435 477
435 644
435 954
435 974
436 753
436 994
437 566
438 497
438 547
438 616
438 704
438 727
438 961
438 985
439 538
439 599
439 696
439 747
439 944
440 642
440 778
440 973
441 834
442 488
442 588
442 743
442 875
443 808
443 942
444 805
444 885
444 977
445 558
445 756
446 849
447 649
447 878
448 516
448 741
448 819
449 738
449 771
449 925
450 806
451 597
451 796
451 881
451 906
451 920
451 932
451 980
452 513
452 543
453 543
453 564
453 745
454 554
454 781
454 871
455 553
455 626
455 835
455 941
456 747
456 874
457 953
458 707
458 791
459 510
459 570
459 631
459 883
459 913
459 936
460 572
460 968
461 533
461 536
462 827
462 834
462 949
463 675
463 757
463 769
463 787
463 871
464 555
464 706
464 732
464 947
464 956
464 977
465 574
465 679
466 547
466 729
467 717
467 940
468 932
469 598
469 731
469 748
469 792
469 796
470 618
470 770
470 805
471 523
471 606
471 864
471 985
472 604
472 721
472 870
472 999
473 497
474 642
474 702
474 732
474 750
474 794
474 862
474 907
475 667
475 696
475 840
475 888
475 982
475 994
476 814
476 824
477 542
477 631
477 669
477 802
477 938
477 978
478 583
478 652
478 822
479 606
479 936
479 998
480 494
480 593
480 694
480 786
481 571
481 576
481 644
481 733
482 545
482 578
482 773
483 585
483 838
484 601
484 778
485 492
485 609
485 699
485 799
485 863
485 904
485 920
485 956
486 856
486 930
487 899
487 944
487 998
489 499
489 639
490 646
490 769
490 862
490 952
491 647
491 962
492 522
492 588
492 682
492 848
493 513
493 555
493 629
493 825
493 832
493 848
493 948
494 613
494 707
494 811
494 986
494 989
495 908
495 957
495 986
496 619
496 958
497 669
498 502
498 607
498 881
498 927
498 990
499 508
499 597
499 737
499 788
499 969
499 982
500 636
500 702
501 611
501 642
501 674
501 984
502 519
502 643
502 771
502 985
503 904
503 938
504 536
504 829
504 915
504 969
505 720
506 543
506 845
507 794
507 900
509 516
509 547
509 795
509 824
509 903
509 920
510 770
510 782
510 817
510 991
511 535
511 859
511 897
511 995
512 525
512 570
512 581
512 951
513 578
513 780
513 914
513 930
515 536
515 540
515 638
516 533
516 655
516 703
516 743
516 849
516 933
517 528
517 794
518 711
518 719
518 748
518 814
518 877
519 607
519 715
519 936
519 979
520 837
520 921
521 550
521 567
521 591
521 741
521 767
522 523
522 579
522 705
523 546
523 667
524 581
524 649
524 674
525 642
525 940
526 689
526 746
526 760
526 772
527 942
528 695
530 568
530 605
531 584
531 714
532 552
532 632
532 637
532 872
532 987
533 720
533 851
534 735
534 855
535 544
535 635
535 646
535 663
535 896
536 654
536 905
537 588
538 985
539 628
540 574
540 672
540 925
541 649
541 666
541 996
542 547
542 560
542 573
542 597
542 598
542 612
542 650
542 675
542 836
543 579
543 770
543 782
543 904
543 917
544 587
544 631
544 954
544 967
544 971
545 622
545 765
545 768
545 775
545 942
545 986
545 990
546 713
546 937
547 564
548 866
548 962
549 725
550 628
550 687
550 715
550 769
550 784
551 674
551 883
551 932
551 985
551 990
552 666
553 730
553 759
553 893
553 914
554 695
554 839
554 881
555 613
555 793
555 876
555 896
555 920
555 989
556 724
556 731
557 600
557 665
557 734
557 882
558 821
559 629
559 690
559 755
559 958
560 848
561 584
561 585
562 611
562 625
562 712
563 660
564 580
564 616
564 825
564 871
565 671
565 677
565 728
565 735
565 809
565 942
566 594
566 765
566 843
566 961
568 589
568 647
568 761
568 859
569 622
569 855
569 874
571 821
571 915
571 981
572 788
573 622
573 666
574 778
574 969
575 622
575 718
575 766
575 810
576 599
576 601
576 636
576 672
576 819
576 831
577 714
577 831
578 822
578 893
578 955
579 827
580 629
580 989
581 708
581 970
581 987
582 605
582 700
582 964
584 645
584 864
584 993
585 609
585 770
585 945
585 981
585 990
586 774
587 691
587 791
588 700
588 748
588 807
588 892
589 614
589 661
589 666
589 687
589 744
589 826
590 629
590 789
590 836
590 837
590 897
591 779
591 909
592 626
592 777
593 737
593 741
593 958
594 790
594 877
594 907
594 917
595 647
595 809
595 877
595 905
596 738
597 817
598 646
598 702
598 763
600 881
601 686
601 775
601 838
601 884
601 938
601 948
602 677
602 716
602 721
602 837
603 645
603 890
604 896
605 652
605 689
606 625
606 743
606 871
609 750
609 868
610 658
610 829
610 925
611 628
612 642
612 704
612 865
612 930
613 621
613 827
613 871
615 817
615 820
615 945
616 934
617 667
617 729
617 749
618 955
619 976
620 953
621 839
621 890
621 995
622 761
622 928
623 624
623 747
623 827
623 861
624 813
625 765
625 954
626 658
626 814
626 834
626 959
627 835
627 945
629 635
629 748
630 632
631 942
632 766
632 831
632 834
633 679
634 923
634 936
635 768
635 793
635 800
635 850
636 668
636 678
636 716
636 805
637 704
637 882
637 887
637 966
637 975
637 985
639 925
639 929
640 658
640 659
640 683
640 715
640 870
640 975
641 649
641 778
641 975
642 643
642 746
642 837
643 739
643 754
643 810
644 858
644 945
645 783
646 836
646 980
647 966
647 968
648 780
648 817
648 960
649 845
649 906
650 819
651 667
651 696
651 850
652 869
652 987
653 665
653 775
653 915
654 805
654 907
655 757
655 796
656 686
657 706
658 832
658 971
660 717
660 790
660 825
661 746
661 913
662 713
662 930
663 673
663 728
664 780
665 727
665 868
665 901
665 953
666 673
666 975
667 692
667 898
667 915
667 999
668 915
670 692
670 884
674 806
674 844
675 807
675 968
676 825
676 932
677 872
679 687
679 724
679 819
679 920
680 786
680 828
680 851
683 703
683 963
685 711
685 815
685 896
686 766
686 810
686 845
687 746
688 693
688 820
689 872
689 990
690 852
690 982
691 884
692 771
693 929
693 966
695 883
695 984
696 709
696 743
698 909
698 921
698 980
699 784
699 883
700 732
700 914
701 735
701 784
701 813
702 811
703 784
704 914
704 952
705 723
705 789
705 993
706 749
706 836
706 871
706 924
708 779
708 835
708 837
708 840
708 863
711 722
711 825
711 895
712 721
712 967
713 920
713 986
714 746
714 832
717 876
720 739
720 740
720 772
721 742
721 790
721 845
721 873
721 920
721 957
722 739
722 743
723 754
723 883
723 989
725 823
725 924
726 740
726 751
726 811
727 938
728 909
730 774
731 771
731 821
732 899
733 765
733 843
735 821
735 970
737 740
737 871
738 887
739 758
739 804
741 758
741 943
742 825
742 834
743 767
743 834
744 862
745 887
746 775
746 786
746 791
748 758
748 846
749 835
750 854
750 856
751 846
753 948
755 818
755 854
755 983
756 843
756 869
756 888
757 841
758 925
759 800
759 946
760 846
761 849
762 910
762 925
763 770
763 772
763 906
764 870
765 791
765 799
765 890
765 974
766 915
767 892
769 907
770 990
770 993
771 855
771 880
772 873
773 846
774 891
774 976
775 794
776 844
776 935
776 949
776 960
777 905
777 919
779 781
781 788
781 794
782 820
782 943
784 830
785 821
785 959
786 806
786 854
786 947
787 791
788 799
789 898
790 826
791 901
792 961
795 797
795 864
797 808
797 891
797 923
798 875
798 935
799 927
802 970
805 875
807 865
808 813
808 929
809 886
809 951
810 893
810 973
813 954
815 926
816 922
817 912
818 841
820 985
821 892
821 931
823 848
823 943
825 907
826 930
826 948
826 970
827 841
828 841
829 830
829 840
829 913
829 958
832 945
833 949
833 961
833 980
834 842
834 910
835 874
835 897
835 954
838 867
840 867
841 933
843 998
846 947
846 982
847 859
847 909
847 921
847 961
849 871
849 943
849 988
850 894
852 880
852 944
853 899
854 958
854 992
855 869
858 901
858 968
862 967
862 998
863 873
863 876
863 894
863 980
864 914
866 897
866 932
866 976
869 927
870 926
871 974
872 879
873 892
873 911
874 970
878 991
880 909
880 937
883 889
885 980
888 971
891 922
891 985
892 926
892 994
894 977
895 930
895 969
898 901
898 943
899 999
900 918
902 913
903 997
904 941
906 918
906 933
910 994
911 931
913 940
915 955
915 998
916 937
916 982
920 947
920 957
921 961
923 988
926 955
927 946
934 950
935 993
935 999
946 959
947 981
948 950
959 971
960 991
961 973
962 965
964 994
969 982
0
10 999
