1000	3018	 1
0 31
0 272
0 498
0 639
0 676
0 885
1 52
1 155
1 397
2 218
2 496
2 663
3 200
3 565
3 890
4 30
4 75
4 109
4 479
4 637
4 877
4 999
5 23
5 331
5 667
6 60
6 117
6 254
6 866
6 948
7 280
7 480
7 501
7 521
7 744
8 130
8 143
8 448
8 695
8 821
8 924
9 63
9 467
9 856
9 920
9 928
9 977
10 158
10 338
10 371
10 457
10 769
10 881
10 940
11 41
11 136
11 809
11 927
12 106
12 134
12 245
12 478
12 591
12 778
12 795
13 201
13 334
13 613
13 869
13 883
14 228
14 270
14 394
14 425
14 461
14 583
14 811
14 850
14 936
15 247
15 257
15 296
15 377
15 793
15 849
15 908
15 940
15 963
16 207
16 378
16 594
16 734
16 770
16 872
16 897
16 956
17 132
17 183
17 204
17 646
17 820
17 937
18 64
18 247
18 262
18 332
18 673
18 754
18 762
18 805
18 864
18 890
19 274
19 344
19 405
19 443
19 589
19 636
19 978
20 713
20 943
20 959
20 979
21 532
21 639
21 705
21 763
21 820
21 862
21 969
22 265
22 443
22 528
22 918
22 959
23 279
23 413
23 555
23 560
23 665
23 746
23 752
23 776
24 29
24 242
24 354
24 394
24 656
24 686
25 67
25 883
25 949
26 250
26 480
26 674
26 757
26 769
26 823
26 873
26 912
26 972
26 988
27 207
27 290
27 300
27 549
28 279
28 311
28 472
28 601
28 740
28 776
28 875
28 885
29 192
29 370
29 374
29 594
30 164
30 329
30 609
30 733
31 298
31 395
31 680
31 768
31 861
31 936
32 256
32 275
32 380
32 513
32 688
33 178
33 216
33 318
33 339
33 456
33 579
33 700
33 727
33 836
34 126
34 334
34 340
34 633
34 709
34 745
34 886
35 159
35 243
35 275
35 357
35 531
35 606
35 607
35 927
35 932
35 974
35 981
36 95
36 399
36 533
36 565
36 679
36 885
37 492
37 609
37 638
37 906
37 957
37 975
37 988
38 87
38 235
38 257
38 307
38 372
38 379
38 408
38 665
38 672
38 754
38 825
38 834
39 98
39 196
39 369
39 414
39 781
39 808
39 928
39 999
40 118
40 176
40 481
40 545
40 780
41 64
41 511
41 671
41 746
41 981
41 988
42 86
42 195
42 631
42 806
42 846
43 60
43 157
43 188
43 486
43 609
43 624
43 765
44 53
44 223
44 376
44 384
44 590
44 618
44 773
44 801
44 835
44 953
44 984
45 148
45 238
45 348
45 546
46 95
46 362
46 425
46 469
46 531
46 544
46 897
46 996
47 426
47 456
47 804
47 853
47 902
48 177
48 694
48 877
48 946
49 57
49 206
49 412
49 418
49 570
49 681
50 203
50 269
50 309
50 748
50 761
50 993
51 63
51 163
51 681
52 285
52 445
52 774
52 798
53 83
53 165
53 240
53 289
53 394
53 417
53 974
54 328
54 457
54 512
54 989
55 350
55 361
55 574
56 216
57 169
57 180
57 287
57 771
57 795
58 390
58 564
58 788
58 797
58 808
58 870
58 877
58 932
59 339
59 785
59 851
60 156
60 418
60 461
60 468
60 646
61 182
61 235
61 471
61 876
61 925
62 133
62 240
62 271
62 296
62 633
62 751
62 784
62 795
62 873
62 886
62 898
62 959
63 116
63 242
63 340
63 403
63 580
63 588
63 597
63 786
63 877
63 879
63 921
64 268
64 353
64 377
64 465
64 487
64 531
64 739
65 332
65 374
65 383
65 497
65 731
65 833
65 844
66 167
66 591
66 722
66 907
67 82
67 324
67 365
67 405
67 509
68 87
68 298
68 357
69 100
69 156
69 169
69 294
69 341
70 308
70 670
71 83
71 107
71 171
71 292
71 335
71 669
72 357
72 477
72 492
72 872
72 923
73 299
73 359
73 631
73 641
73 828
74 88
74 402
74 602
74 704
75 369
75 956
76 140
76 165
76 361
76 384
76 557
76 743
76 826
77 351
77 423
77 513
77 525
77 541
77 557
77 927
78 81
78 209
78 213
78 363
78 403
78 434
78 512
78 546
78 760
79 266
79 474
79 845
79 875
80 240
80 613
80 682
80 874
81 94
81 108
81 196
81 288
81 299
81 328
81 401
81 488
81 548
81 609
82 213
82 712
82 736
82 954
82 977
83 207
84 275
84 359
84 391
84 904
85 246
85 380
85 434
85 526
85 647
85 994
86 431
86 842
86 863
87 293
87 304
87 316
87 491
87 629
87 687
87 790
87 904
87 906
88 244
88 368
88 429
88 505
89 93
89 110
89 385
89 486
89 541
89 710
89 736
89 859
89 863
89 940
89 988
90 397
90 463
90 594
90 666
90 693
90 916
91 191
91 267
91 469
91 567
91 598
91 614
91 685
91 766
91 883
91 897
92 95
92 489
92 612
92 703
92 733
92 787
92 816
92 904
92 952
93 211
93 376
93 641
93 743
93 765
93 968
94 246
94 363
94 385
94 561
94 869
94 892
94 967
94 996
95 98
95 119
95 121
95 138
95 190
95 192
95 232
95 641
95 954
96 633
97 439
97 467
97 887
97 996
98 116
98 119
98 162
98 176
98 202
98 437
98 497
98 780
98 935
98 969
99 417
99 817
99 866
99 943
100 370
100 389
100 549
100 558
100 573
100 596
100 785
100 973
101 331
101 371
101 545
101 658
101 726
101 731
101 949
102 234
102 382
102 453
102 644
102 774
103 121
103 216
103 312
103 499
103 631
104 545
104 546
104 603
104 642
104 805
105 137
105 679
105 680
105 828
105 916
106 108
106 222
106 345
106 390
106 521
106 683
106 934
107 231
107 368
107 564
107 593
107 680
107 937
108 174
108 248
108 327
108 601
108 616
108 739
108 817
108 845
109 132
109 181
109 185
109 326
109 439
109 650
109 666
109 678
109 955
110 297
110 302
110 361
110 525
110 961
111 273
111 367
111 437
111 463
111 541
111 631
111 646
111 724
111 850
112 339
112 350
112 979
112 988
113 131
113 136
113 171
113 257
114 542
114 579
114 609
114 699
115 565
115 790
115 933
116 343
116 348
116 420
116 463
116 464
116 831
117 168
117 187
117 245
117 426
117 536
117 540
117 835
118 206
118 444
118 604
118 693
119 304
119 307
119 331
119 337
120 162
120 247
120 284
120 413
120 778
120 917
120 961
120 980
121 135
121 163
121 316
121 334
121 567
122 131
122 436
122 885
122 945
123 263
123 441
123 640
123 677
123 679
123 943
123 960
124 251
124 369
124 463
124 548
124 554
124 672
124 955
125 413
125 573
125 651
126 157
126 237
126 289
126 479
126 552
126 929
127 434
127 791
127 799
127 976
128 132
128 293
128 304
128 316
128 387
128 405
128 521
128 585
128 649
128 650
128 701
128 732
128 997
129 168
129 396
129 823
129 895
130 159
130 516
130 522
130 917
130 952
131 412
131 459
131 535
131 693
131 869
132 394
132 417
132 433
132 669
132 721
132 844
132 851
132 874
133 483
133 565
133 828
134 287
134 309
135 138
135 171
135 365
135 413
135 530
135 587
135 645
135 655
136 614
136 881
137 456
137 501
137 669
137 875
137 896
137 978
138 450
138 529
138 621
138 664
138 810
139 366
139 472
139 760
139 815
140 214
140 332
140 620
140 757
140 789
140 796
140 906
140 957
141 182
141 248
141 812
141 914
141 988
142 486
142 555
142 760
142 897
142 962
143 337
143 383
143 649
143 878
143 961
143 980
144 165
144 177
144 363
144 478
145 284
145 504
145 764
146 489
146 812
147 285
147 299
147 361
147 362
148 441
148 582
148 590
148 722
148 737
149 315
149 409
149 429
149 523
149 638
149 685
149 750
150 517
150 654
150 700
150 780
151 152
151 252
151 266
151 296
151 299
151 626
151 685
151 833
152 241
152 521
153 162
153 177
153 358
153 441
153 508
153 576
153 612
153 698
153 701
153 870
153 926
153 993
154 234
154 515
154 645
154 924
155 438
156 688
156 811
156 825
157 246
157 409
157 723
158 299
158 529
158 636
158 638
158 716
158 742
158 987
159 320
159 386
159 508
160 426
160 918
161 182
161 235
161 508
161 593
161 597
161 638
161 768
161 824
162 253
162 290
162 395
162 625
162 737
162 738
162 923
162 941
163 374
163 672
163 673
164 181
164 232
164 405
164 509
164 924
164 990
165 193
165 438
165 546
165 808
165 930
166 257
166 329
166 418
166 665
166 667
166 744
166 980
167 474
167 494
167 608
168 223
168 470
168 555
168 725
168 822
169 548
169 594
169 600
169 935
169 983
170 306
170 364
170 429
170 575
170 713
170 762
170 814
171 245
171 295
171 702
171 751
172 393
172 625
172 746
172 853
173 243
173 636
173 753
173 893
174 200
174 216
174 500
174 673
174 695
174 929
174 965
175 521
175 611
175 778
175 979
176 313
176 386
176 543
176 714
176 767
176 782
176 825
176 832
176 893
176 950
177 221
177 464
177 707
177 796
177 862
178 303
178 629
179 433
179 434
179 667
179 684
179 828
179 925
180 376
180 408
180 754
181 253
181 351
181 685
181 973
182 242
182 307
182 322
182 492
182 495
182 819
183 215
183 486
183 505
183 507
183 794
183 948
183 985
184 395
184 455
184 494
184 519
184 633
184 748
184 783
184 799
184 846
185 208
185 210
185 348
185 389
185 466
185 478
185 712
185 844
186 390
186 700
186 738
186 827
186 980
187 262
187 561
187 600
187 944
187 965
188 378
188 389
188 464
188 466
188 901
189 729
189 736
190 412
190 498
190 537
190 572
190 595
190 753
190 765
190 914
191 328
191 367
191 478
191 635
191 641
191 699
191 708
192 262
192 544
192 625
192 708
192 829
193 432
193 593
193 753
193 964
194 325
194 506
194 674
194 929
195 377
195 469
195 514
195 695
195 807
195 879
196 248
196 340
196 819
196 846
196 871
196 903
196 978
197 218
197 297
197 321
197 584
197 708
197 970
198 341
198 345
198 828
199 407
199 431
199 515
199 519
199 555
199 756
199 894
200 473
200 612
200 864
200 994
201 451
201 582
201 823
201 984
202 565
202 584
202 995
203 226
203 261
203 555
203 591
203 658
203 801
203 890
204 564
204 621
205 233
205 293
205 352
205 450
205 552
205 565
205 774
205 942
206 254
206 292
206 502
206 861
206 972
207 605
207 819
207 941
207 960
207 965
207 978
207 993
208 263
208 366
208 723
208 788
208 823
209 318
209 718
209 728
209 770
209 961
210 462
210 613
210 694
210 992
211 259
211 423
211 457
211 472
211 587
211 764
211 820
212 318
212 351
212 402
212 407
212 430
212 528
212 678
212 702
212 952
212 992
213 457
213 983
214 299
214 666
214 741
215 658
215 980
216 275
216 339
216 420
216 914
217 425
217 696
217 721
217 865
217 875
217 921
217 925
218 286
218 391
218 457
218 478
218 634
218 739
219 239
219 247
219 363
219 370
219 736
219 844
219 866
220 356
220 994
221 726
221 816
221 854
221 860
222 224
222 356
222 640
222 700
222 729
223 237
223 271
223 375
223 500
223 897
224 532
224 551
224 673
224 718
225 275
225 388
225 953
226 411
226 548
226 678
226 867
227 266
227 606
227 890
228 480
228 567
228 972
228 980
228 982
229 768
229 786
229 830
230 524
230 622
230 626
230 673
230 931
231 476
231 609
231 730
231 868
232 461
232 732
232 800
232 892
232 897
233 238
233 521
233 595
233 667
233 969
234 489
234 761
234 823
234 893
235 470
235 540
235 594
235 695
235 967
236 398
236 494
236 557
236 683
236 828
236 846
237 328
237 500
237 760
238 292
238 398
238 430
238 628
238 692
238 818
239 403
239 485
239 619
239 802
239 864
240 253
240 682
240 822
240 823
240 830
241 447
241 480
241 552
241 610
241 762
242 266
242 279
242 313
242 371
242 372
242 639
242 645
242 780
242 783
243 310
243 402
243 602
243 726
244 944
245 498
245 523
245 560
245 676
245 699
245 723
245 825
245 940
246 323
246 791
246 814
246 994
247 300
247 449
247 668
248 350
248 351
248 431
248 739
249 411
249 563
249 886
249 989
250 812
250 945
251 266
251 462
251 497
251 591
251 833
251 834
252 527
252 601
253 336
253 462
253 528
253 757
253 947
254 284
254 288
254 407
254 893
255 576
255 868
255 930
256 572
256 667
257 428
258 259
258 650
258 800
260 373
260 395
260 555
260 677
260 888
261 566
261 622
261 672
261 772
262 272
262 322
262 441
262 736
262 958
262 990
263 288
263 637
263 815
264 347
264 432
264 635
264 671
264 766
264 796
264 898
265 451
265 650
265 827
265 872
266 639
266 899
267 349
267 847
267 888
268 375
268 486
268 516
268 544
268 924
269 312
269 444
269 823
269 854
269 866
269 905
270 463
270 668
270 981
271 304
271 318
271 670
272 678
272 922
272 929
273 348
273 381
273 708
273 733
273 738
273 892
273 920
274 278
274 385
274 525
274 869
274 894
275 309
275 370
275 509
275 533
275 663
275 724
275 867
276 656
276 660
276 718
276 811
276 823
276 845
276 905
276 956
277 580
277 592
277 635
277 676
278 412
278 539
278 661
278 695
278 759
278 974
278 985
279 486
279 894
279 998
280 316
280 646
280 914
281 352
281 510
281 872
281 934
282 323
282 410
282 440
282 449
282 634
282 727
282 784
282 955
283 396
283 416
283 516
283 797
283 798
283 975
283 994
284 424
284 637
284 651
284 676
284 700
284 937
284 970
285 639
285 957
286 439
286 500
286 612
286 623
286 645
286 673
286 763
286 814
287 373
287 429
287 512
287 684
287 813
287 908
288 878
289 377
289 430
289 596
290 325
290 327
290 763
290 840
290 945
291 351
291 368
291 563
291 730
291 802
291 904
292 371
292 372
292 407
292 789
292 984
293 312
293 477
293 511
293 605
294 451
294 803
295 306
295 323
295 750
295 828
296 429
296 454
296 488
296 568
296 757
296 860
296 903
297 318
297 442
297 513
297 704
297 768
297 805
297 860
298 915
298 925
299 484
299 643
299 681
299 871
300 510
300 549
300 686
301 811
302 569
302 733
303 324
303 347
303 497
303 575
303 583
303 640
303 916
304 414
304 550
304 916
304 947
304 973
304 986
305 433
305 488
305 836
305 848
305 899
305 956
306 336
306 349
306 357
306 445
306 568
306 906
306 928
306 992
307 353
307 556
307 592
307 783
307 791
307 963
308 337
308 424
308 635
308 724
308 787
309 347
309 588
309 663
309 867
310 317
310 385
310 469
310 573
310 650
310 758
311 960
312 334
312 381
312 406
312 498
312 624
312 635
312 924
312 984
313 650
313 653
313 721
313 905
314 675
314 697
315 483
315 625
315 678
316 590
316 599
316 613
316 802
316 904
316 934
317 500
317 566
317 578
317 661
317 838
317 900
317 932
318 501
318 854
318 867
319 594
319 719
319 798
319 858
320 350
321 384
321 517
321 540
321 587
321 700
321 959
321 964
323 496
323 528
323 655
323 746
324 563
324 663
324 967
324 992
325 563
325 600
325 790
325 911
325 994
326 506
326 738
326 873
327 637
327 669
327 686
327 694
327 787
327 938
328 570
329 568
329 929
330 515
330 543
330 743
330 987
332 371
332 872
333 429
333 650
333 684
333 714
333 746
333 924
334 421
334 682
334 736
335 404
335 514
335 583
335 630
335 889
336 469
336 602
336 632
336 841
337 551
337 594
337 939
339 506
339 507
339 835
340 393
340 451
340 592
340 626
340 713
340 729
340 737
341 535
341 620
341 671
342 446
342 640
342 824
343 544
344 368
344 759
344 875
344 937
345 371
345 690
345 717
346 396
346 401
346 410
346 448
346 458
346 530
346 690
347 425
349 582
349 783
349 979
350 473
350 531
350 632
350 770
350 893
350 894
351 621
351 705
352 427
352 792
352 838
353 479
353 682
353 689
353 704
353 832
353 931
354 666
354 813
354 828
355 382
355 670
355 803
355 900
355 977
356 360
356 508
356 908
357 415
357 597
357 649
357 944
358 372
358 576
358 652
358 751
358 839
358 854
360 374
360 742
360 919
361 394
361 421
361 429
361 654
362 439
362 510
362 571
362 701
362 768
362 878
363 378
363 392
363 452
363 510
364 738
364 968
365 517
365 932
366 455
366 707
366 847
366 924
367 438
367 637
367 983
368 776
368 798
369 422
369 519
369 622
369 826
369 954
370 661
370 749
371 571
371 855
372 920
372 926
372 980
373 604
373 678
373 721
373 803
374 393
374 480
374 545
374 748
375 425
375 454
375 582
376 651
376 934
376 979
377 478
377 610
377 898
377 938
377 939
377 943
377 996
378 384
378 510
378 573
378 768
379 889
380 635
380 682
381 608
381 678
381 748
381 936
382 434
382 600
382 670
382 710
382 920
382 960
382 968
383 441
383 492
383 634
383 683
383 715
383 833
383 922
384 756
384 901
384 929
385 448
385 576
387 534
387 806
387 819
388 404
388 662
388 771
388 842
388 887
389 485
389 550
389 843
389 925
389 999
390 433
390 533
391 429
391 644
391 661
391 817
392 508
392 689
392 743
392 753
392 925
393 441
393 448
393 487
393 712
393 754
394 759
394 949
395 397
395 501
395 528
395 585
395 597
395 659
395 747
396 663
396 762
396 894
396 927
397 560
397 573
397 628
397 865
398 466
398 764
398 765
398 880
399 432
399 472
399 592
400 499
400 692
400 847
400 903
401 671
401 684
401 854
401 963
402 952
403 845
404 453
404 524
404 602
404 629
404 809
405 458
405 539
405 655
405 848
405 967
406 836
407 597
407 678
407 858
407 997
408 467
408 595
408 880
408 942
409 544
409 727
409 741
409 932
409 940
410 775
410 835
411 447
411 573
411 678
412 438
412 825
413 458
413 459
413 496
413 533
413 692
414 424
414 695
414 974
414 986
415 460
415 761
415 769
415 795
415 817
415 851
416 572
416 650
416 688
417 787
419 437
419 671
419 831
419 907
420 476
420 509
420 584
420 681
420 701
421 474
421 799
422 485
422 557
422 965
423 630
423 702
423 905
424 495
424 564
424 772
424 778
426 459
426 942
427 845
428 442
428 457
428 575
428 609
429 445
429 469
429 615
429 801
429 918
429 953
430 556
430 566
430 889
431 469
431 576
432 442
432 653
432 994
433 602
434 447
435 444
435 471
435 647
435 697
435 886
436 587
436 592
436 637
436 805
438 467
438 922
439 542
439 572
439 772
439 852
440 504
440 522
440 934
441 452
441 459
441 594
441 837
442 490
442 786
442 895
442 918
442 950
442 968
443 597
443 665
443 777
443 819
443 896
446 447
446 481
446 638
446 891
447 631
447 755
447 770
448 491
448 573
448 862
449 521
449 547
449 941
450 767
450 961
451 516
451 758
451 958
451 964
452 612
453 762
454 462
454 586
454 807
454 946
454 994
455 464
455 717
455 767
455 802
456 472
456 506
456 542
456 658
456 721
457 799
457 881
458 616
459 469
460 464
460 727
460 806
460 907
461 754
462 520
462 531
462 945
463 602
463 932
465 635
465 742
465 795
465 832
465 835
465 905
466 708
467 714
467 851
468 475
468 532
469 693
469 852
469 874
469 919
469 976
470 625
470 629
470 675
470 702
470 848
470 910
470 982
471 473
471 495
471 550
471 553
471 874
471 951
472 580
472 717
472 984
473 642
474 500
474 588
474 735
474 942
475 699
476 870
477 701
477 763
477 789
477 834
477 850
479 507
479 633
479 645
479 727
479 745
479 821
480 705
481 918
482 564
482 755
482 995
483 888
483 924
484 618
484 658
484 708
484 725
484 751
485 510
485 539
485 649
485 835
485 906
485 918
485 945
486 530
486 587
486 854
487 661
487 722
487 876
488 577
488 620
488 643
488 833
488 834
489 580
491 678
491 684
491 879
491 996
492 586
492 931
493 672
493 743
493 846
493 857
493 943
494 715
494 915
494 922
494 930
494 965
495 539
495 681
495 909
496 518
496 888
497 926
497 967
498 690
499 682
501 656
501 835
502 568
502 662
502 713
502 761
502 805
502 820
503 666
503 752
503 840
503 994
504 610
504 684
504 792
504 801
504 892
504 997
505 586
505 809
506 538
506 667
506 669
506 683
506 908
506 918
507 512
507 545
507 686
507 765
507 808
508 617
508 823
508 938
509 542
510 961
510 967
511 567
511 644
511 729
513 576
513 619
513 955
514 559
514 665
514 702
514 736
515 613
515 813
515 848
516 705
518 646
519 543
519 635
519 671
519 702
519 941
520 915
520 954
520 958
521 914
523 639
523 981
526 695
526 839
527 533
527 685
528 951
529 676
529 765
529 839
529 848
530 721
530 749
530 961
530 970
531 706
531 812
531 828
531 838
531 973
532 536
532 710
533 640
533 692
533 842
534 765
535 666
535 858
535 945
536 720
537 806
537 970
538 625
538 722
538 760
539 588
539 890
539 896
540 592
540 643
540 709
540 864
540 875
540 897
540 994
541 569
541 642
542 552
542 621
542 831
542 987
543 556
543 643
543 790
543 887
544 652
544 775
544 867
544 947
544 977
544 985
545 627
545 909
546 720
547 586
547 681
547 715
547 765
547 935
547 972
547 973
548 949
548 989
549 980
550 560
551 659
551 759
551 991
552 650
553 768
553 840
553 889
554 608
554 712
554 849
555 734
555 777
555 786
555 864
555 877
555 883
555 888
556 589
556 839
556 851
558 571
558 593
558 694
558 836
559 912
559 917
559 995
560 807
561 712
561 884
562 570
562 582
562 908
563 630
563 870
564 684
564 697
564 711
564 863
564 927
564 935
566 735
566 790
566 825
567 714
567 918
568 667
568 676
569 575
569 899
570 701
570 780
570 888
570 935
571 964
572 736
572 766
572 930
573 656
573 719
573 750
573 902
573 919
574 766
574 816
575 598
575 740
576 801
577 701
577 812
578 622
578 659
578 759
579 805
579 969
580 596
580 717
580 998
581 634
581 777
581 978
582 589
582 607
582 976
583 627
583 856
583 962
584 681
584 684
584 686
584 781
584 850
584 943
585 590
585 916
586 701
586 743
586 991
587 779
588 773
588 850
588 894
588 915
589 612
589 630
590 674
590 821
590 918
593 682
593 836
593 886
594 600
594 663
594 725
594 984
595 606
595 664
595 924
595 938
596 660
596 769
597 752
599 743
599 850
600 642
600 862
601 890
601 906
601 927
601 934
601 957
602 974
603 678
603 711
603 748
603 932
604 737
604 908
605 799
605 843
605 955
606 648
606 696
606 901
606 915
607 620
607 880
608 805
608 995
611 695
612 714
612 762
612 896
613 742
613 796
613 903
615 647
615 742
615 811
615 880
615 960
616 626
616 900
617 660
617 730
617 737
617 898
618 966
619 626
619 682
619 754
619 933
621 657
621 764
621 842
621 964
621 974
622 995
623 788
623 849
623 906
624 804
624 870
624 872
624 875
625 998
627 740
627 856
628 814
628 901
629 640
629 659
629 759
629 795
629 820
631 713
632 636
632 817
633 728
633 767
633 770
633 804
635 913
636 795
636 799
636 833
637 672
637 708
637 755
638 816
638 914
639 689
639 860
639 875
640 684
640 759
640 813
640 888
640 958
641 856
643 722
643 737
643 999
644 660
644 891
645 673
645 698
645 827
645 988
646 771
647 904
648 677
648 694
648 734
648 867
648 936
648 974
649 867
649 932
649 936
650 664
650 793
650 813
650 980
651 775
651 945
652 810
653 921
653 982
654 967
655 673
655 734
656 716
657 869
658 758
658 910
658 928
658 955
659 771
660 826
661 713
661 889
662 782
662 927
663 720
663 745
663 974
664 845
664 921
665 774
666 726
666 746
666 909
667 785
667 810
667 827
667 859
668 700
668 740
668 823
668 900
668 993
669 696
669 820
669 899
670 780
670 874
670 982
671 756
672 731
672 789
673 808
674 790
674 945
674 964
675 685
675 803
675 810
675 839
676 701
676 931
678 696
678 801
678 840
678 843
678 991
679 694
679 821
679 883
679 928
680 711
680 936
681 768
681 776
681 975
681 993
681 994
684 712
684 740
684 918
685 692
685 701
685 981
686 971
687 688
687 981
689 842
689 957
690 899
691 807
692 887
692 893
693 810
693 956
694 698
694 963
695 797
695 859
695 883
695 941
696 708
696 844
696 962
697 892
698 720
698 888
699 795
699 890
701 917
702 706
702 870
702 891
703 789
703 943
704 792
704 965
705 950
706 812
706 823
707 724
707 783
707 938
708 855
708 900
708 920
709 760
709 938
709 959
711 975
712 838
712 866
712 946
713 742
713 844
713 952
714 747
714 885
715 793
715 851
715 867
715 929
715 936
716 989
717 830
717 864
717 876
717 971
719 935
719 937
719 949
719 978
719 983
720 842
721 753
722 740
722 994
723 795
726 997
727 853
727 907
728 975
729 813
729 881
729 936
733 761
733 926
734 929
736 849
737 749
737 873
738 926
738 940
739 853
740 873
740 979
740 987
741 796
743 767
743 878
743 981
744 766
744 896
746 784
749 800
749 970
750 791
750 956
751 807
751 970
751 983
751 990
752 973
752 986
754 818
754 938
755 801
755 937
756 963
757 804
757 835
758 873
758 940
758 947
759 815
761 952
761 972
762 853
763 832
763 946
763 953
764 863
765 914
765 935
766 820
766 826
766 833
767 827
767 880
768 778
770 875
772 967
773 796
774 884
774 992
775 853
776 831
776 845
778 993
779 830
779 871
780 795
781 860
781 901
781 975
781 998
784 875
784 936
785 864
786 910
787 819
787 995
789 986
790 826
790 834
790 986
791 878
791 913
791 941
792 845
792 987
794 838
794 942
795 985
796 978
797 828
797 921
798 855
798 882
798 916
800 939
802 832
803 804
804 974
805 931
809 850
809 983
810 852
810 870
811 991
812 995
813 935
815 867
815 932
816 923
817 889
817 989
818 831
818 893
818 921
819 906
819 932
820 884
820 896
820 909
821 969
823 948
824 906
825 837
825 897
826 864
827 919
828 834
828 884
829 901
829 948
830 957
831 878
831 943
832 989
833 906
833 965
835 892
836 916
836 976
837 839
837 947
838 968
842 937
843 985
846 930
847 952
848 868
848 906
848 960
848 978
849 881
851 936
852 922
853 926
853 951
854 999
855 897
855 913
856 868
856 896
856 957
856 966
857 934
858 960
860 985
861 998
863 986
866 916
868 885
869 878
870 940
873 932
873 969
875 945
879 943
879 952
881 944
881 975
882 889
883 918
885 952
886 923
886 934
886 973
886 997
887 890
888 935
890 917
891 935
892 988
893 948
895 958
896 966
900 939
905 934
906 993
907 913
909 971
910 963
912 940
912 949
913 970
913 991
917 946
917 958
917 989
918 940
919 925
919 977
924 984
928 982
929 957
930 979
932 971
939 962
945 957
945 962
946 988
948 994
952 971
958 992
960 997
961 966
962 991
963 982
973 989
976 978
981 984
0
10 999
