1000	2950	 1
0 153
0 439
0 524
0 639
0 683
0 866
1 436
1 576
1 623
1 918
2 11
2 484
2 921
3 169
3 368
3 587
3 650
3 729
3 805
4 162
4 240
4 341
4 407
4 608
4 627
5 237
5 257
5 594
5 752
5 868
6 24
6 31
6 133
6 296
6 462
6 571
6 978
7 121
7 227
7 523
7 563
7 582
7 735
7 746
7 752
7 793
7 841
7 851
7 914
8 314
8 413
8 514
8 747
8 916
9 384
9 464
9 819
9 899
10 358
10 407
10 504
10 559
10 585
11 114
11 198
11 288
11 811
12 14
12 269
12 313
12 630
13 14
13 23
13 27
13 114
13 183
13 214
13 334
14 44
14 194
14 270
14 358
14 475
15 33
15 510
15 721
15 725
15 856
15 877
15 984
16 41
16 336
16 436
16 453
16 520
16 640
16 655
16 701
16 928
17 55
17 421
17 712
18 255
18 264
18 323
18 389
18 584
18 600
18 748
18 958
18 975
19 426
19 510
19 708
19 940
20 80
20 879
21 206
21 340
21 726
21 836
22 72
22 160
22 400
22 444
22 447
22 654
22 790
22 963
23 155
23 204
23 456
23 480
23 538
23 854
24 101
24 643
24 719
24 926
24 980
25 81
25 268
25 383
25 596
25 689
25 731
25 846
25 891
25 999
26 75
26 122
26 179
26 222
26 227
26 404
26 515
26 686
26 698
26 787
27 202
27 281
27 306
27 361
27 386
27 782
27 913
28 33
28 84
28 166
28 169
28 420
28 574
28 738
28 986
29 107
29 515
29 776
29 790
29 903
30 187
30 211
30 267
30 553
30 640
30 772
30 975
31 37
31 317
31 365
31 460
31 578
31 705
32 142
32 563
33 404
33 639
34 304
34 406
34 487
34 638
35 109
35 233
35 424
35 425
35 445
35 502
35 825
35 866
36 311
36 936
37 221
37 295
37 553
37 634
38 79
38 250
38 364
38 552
38 701
38 786
39 354
39 356
39 577
39 730
39 825
39 857
39 869
40 547
40 771
40 816
40 841
41 248
41 306
41 312
41 506
41 690
41 713
42 225
42 333
42 546
42 784
43 180
43 269
43 382
43 695
43 766
44 104
44 107
44 288
44 496
44 706
44 809
44 986
45 122
45 126
45 262
45 416
45 570
45 632
45 655
45 972
46 118
46 136
46 152
46 271
46 556
46 558
46 722
47 240
47 289
47 409
47 729
47 760
47 910
48 437
48 675
48 841
48 984
49 80
49 234
49 264
49 322
49 614
49 919
49 973
50 109
50 772
50 928
51 727
51 924
51 960
52 122
52 633
52 929
53 726
53 828
53 864
53 901
53 995
54 75
54 164
54 184
54 291
54 313
54 708
54 772
54 783
54 811
55 122
55 379
55 799
55 859
55 945
55 952
56 126
56 275
56 339
56 479
56 825
56 827
57 401
57 527
57 632
57 758
57 877
58 71
58 197
58 287
58 660
59 109
59 267
59 279
59 704
59 712
59 787
59 895
60 99
60 416
60 801
60 815
60 872
60 995
61 637
61 742
61 852
62 203
62 240
62 467
62 794
63 136
63 532
63 604
63 651
63 755
63 918
64 266
64 329
64 361
64 878
64 888
65 76
65 263
65 333
65 420
65 431
66 71
66 136
66 147
66 306
66 353
66 397
66 678
67 161
67 402
67 461
67 659
67 760
67 781
68 321
68 604
68 715
68 763
68 828
68 940
68 976
69 168
69 312
69 468
69 709
69 978
70 215
70 528
70 596
70 716
70 767
71 258
71 278
71 429
71 597
71 986
72 99
72 269
72 798
72 810
72 894
73 89
73 144
73 219
73 315
73 455
73 867
73 932
74 114
74 410
74 487
74 610
74 861
75 378
75 831
75 918
76 229
76 281
76 456
76 641
76 674
76 751
77 171
77 530
77 924
78 141
78 244
78 411
78 740
78 742
78 834
79 105
79 380
79 432
79 467
79 500
79 996
80 92
80 105
80 155
80 614
80 855
81 632
81 720
81 935
82 237
82 620
82 958
83 88
83 149
83 173
83 335
83 354
83 395
83 418
83 675
83 701
83 992
84 443
84 511
84 574
84 772
85 433
85 589
85 614
85 629
85 640
86 185
86 418
86 727
86 995
87 364
87 883
87 908
88 311
88 448
88 520
88 532
88 547
88 813
89 242
89 272
89 287
89 533
90 253
90 257
90 346
90 537
90 557
90 578
90 975
91 271
91 344
91 427
91 546
91 770
91 973
92 686
92 863
93 100
93 105
93 309
93 471
93 511
93 521
93 532
93 647
93 817
93 890
93 910
94 236
94 412
94 493
94 550
94 958
95 288
95 291
95 294
95 325
95 456
95 532
95 653
95 678
95 886
95 890
95 916
96 137
96 358
96 365
96 547
96 562
96 729
96 872
97 221
97 372
97 437
97 440
97 629
97 778
97 900
98 168
98 262
98 603
98 773
98 818
98 845
99 271
99 293
99 321
99 378
99 527
100 115
100 144
100 276
100 314
100 358
100 560
100 561
100 660
100 681
101 114
101 128
101 174
101 280
101 478
101 526
101 544
102 416
102 735
102 748
103 278
103 318
103 405
103 540
103 817
103 965
104 145
104 234
104 329
104 547
104 642
104 847
105 420
105 598
105 674
106 162
106 288
106 519
106 521
106 550
106 596
106 684
106 832
106 988
107 113
107 380
107 498
107 616
108 263
108 350
108 385
108 485
108 489
108 551
108 705
108 997
109 379
109 675
109 706
109 781
109 873
109 967
109 997
110 158
110 393
110 435
110 452
110 601
110 858
111 274
111 558
111 720
111 810
112 338
112 354
113 263
113 409
113 610
113 814
114 152
114 228
114 301
114 380
114 664
114 898
115 177
115 435
115 759
115 984
116 124
116 594
116 889
116 938
117 281
117 327
117 599
117 630
117 658
117 822
117 965
118 124
118 268
118 608
118 991
119 281
119 730
119 770
119 892
120 121
120 142
120 177
120 181
120 205
120 510
120 651
120 844
120 964
121 199
121 591
121 741
121 838
121 869
121 989
122 206
122 245
122 260
122 294
122 312
122 410
122 710
122 837
123 212
123 244
123 270
123 328
123 758
123 782
123 893
124 185
124 220
124 454
124 536
124 797
124 831
124 878
124 905
124 973
125 211
125 681
126 603
126 686
126 948
127 237
127 287
127 438
127 636
128 233
128 557
128 812
128 870
129 241
129 432
129 456
129 528
129 619
129 887
129 981
130 690
130 760
131 202
131 247
131 932
132 304
132 417
132 485
132 627
132 633
132 693
132 769
133 221
133 314
133 407
133 457
133 659
133 815
133 930
134 395
134 508
134 550
134 751
134 852
134 873
135 905
135 908
135 974
135 987
136 601
136 832
137 260
137 289
138 157
138 183
138 229
138 433
138 802
139 549
139 989
140 159
140 304
140 502
140 547
140 637
140 810
140 937
140 955
141 207
141 322
141 843
142 251
142 483
142 529
142 633
142 902
143 146
143 512
143 570
143 577
143 592
143 941
143 985
144 318
144 579
144 595
144 798
144 964
144 991
145 149
145 287
145 449
145 585
146 173
146 217
146 408
146 450
146 645
146 737
147 150
147 157
147 225
147 312
147 699
147 708
147 875
148 261
148 269
148 452
148 499
148 663
148 674
148 913
150 186
150 203
150 465
150 473
150 491
150 642
150 683
150 737
150 813
150 843
150 851
150 901
150 988
151 481
151 863
151 880
152 328
152 470
152 494
152 830
152 850
152 869
152 917
153 670
153 940
154 524
154 873
155 477
155 601
155 779
155 916
156 444
156 702
156 749
156 910
156 934
157 440
157 702
157 983
158 374
158 552
158 582
158 730
158 771
158 776
159 518
159 524
159 794
159 831
160 239
160 487
160 766
160 834
160 919
161 195
161 423
161 445
161 449
161 709
162 405
162 426
162 525
162 673
162 715
162 926
162 947
162 960
163 172
163 299
163 586
163 635
164 522
164 572
164 791
164 930
165 385
165 546
165 564
165 710
165 724
165 856
165 915
166 228
166 422
166 695
166 899
167 286
167 430
167 673
168 172
168 177
168 754
168 807
169 303
169 383
169 475
169 626
169 969
170 461
170 606
170 740
170 920
171 185
171 305
171 408
171 469
171 565
171 598
171 952
172 228
172 345
172 368
172 551
172 607
172 873
173 414
173 526
173 607
173 688
173 773
173 866
174 203
174 542
174 560
174 680
174 921
175 199
175 267
175 434
175 548
175 643
175 690
176 231
176 232
176 358
176 444
176 541
176 698
176 841
176 982
177 237
177 391
177 749
177 804
178 198
178 294
178 448
178 516
178 580
179 350
179 420
179 752
179 834
179 876
179 909
180 477
180 498
180 716
180 802
180 830
180 861
180 951
181 288
181 325
181 546
181 772
182 448
182 747
182 903
182 927
183 341
183 554
183 704
183 817
184 249
184 370
184 511
184 622
184 945
185 567
185 981
186 242
186 330
186 423
186 538
187 278
187 287
187 309
187 718
187 721
187 729
187 793
188 398
188 490
188 647
188 781
188 861
188 909
189 208
189 216
189 401
189 426
189 461
189 702
190 520
190 594
190 765
190 992
191 830
192 372
192 730
192 826
193 345
193 416
193 434
193 481
193 856
193 952
194 220
194 338
194 443
194 538
194 676
194 695
194 697
194 916
195 252
195 299
195 425
195 667
195 756
196 248
196 867
196 903
197 329
197 423
197 454
197 595
197 673
197 755
197 775
198 216
198 474
198 524
198 809
198 859
199 392
199 418
199 806
199 832
200 278
200 704
200 763
201 321
201 790
201 989
202 261
202 518
202 721
202 758
203 240
203 290
203 931
204 220
204 330
204 522
204 608
204 630
205 223
205 374
205 520
205 970
206 340
206 544
206 699
207 321
207 989
208 226
208 297
208 358
208 373
208 504
208 544
208 603
208 706
208 821
208 851
209 379
209 526
209 533
209 786
209 812
209 858
209 914
210 660
210 748
210 817
210 987
211 611
211 717
212 500
212 630
212 650
212 759
213 283
213 567
213 865
213 936
214 291
214 404
214 505
214 642
214 748
216 515
216 975
217 312
217 615
217 651
218 284
218 366
218 595
218 761
218 777
218 813
218 820
218 932
219 351
219 354
219 434
219 491
219 596
219 664
219 668
219 968
220 381
221 351
221 590
221 611
221 627
221 747
221 891
222 299
222 493
222 527
222 538
222 542
222 609
222 617
222 797
222 867
222 871
223 277
223 605
223 688
223 820
223 859
223 939
224 337
224 529
224 535
224 730
225 248
225 368
225 549
225 783
225 819
225 929
226 337
226 428
226 811
226 996
227 275
227 782
227 923
227 929
228 244
229 235
229 239
229 387
229 390
229 410
229 556
229 560
229 562
229 967
230 250
230 264
230 392
230 418
230 662
230 840
231 596
231 691
231 824
231 835
232 675
232 739
233 376
233 553
233 797
233 817
234 360
234 362
234 786
235 910
235 958
236 643
237 616
237 936
238 421
238 467
238 468
238 528
238 718
239 657
239 916
240 504
240 509
240 517
240 532
240 586
241 334
241 404
241 569
241 934
242 296
242 458
242 497
242 553
242 560
242 758
242 827
242 942
243 409
243 425
243 520
243 806
243 914
243 971
244 726
244 793
244 801
244 970
245 420
245 579
245 667
245 776
245 991
246 453
246 652
246 672
247 357
247 495
247 610
247 682
247 760
248 263
248 626
248 709
248 787
248 800
248 936
249 301
249 329
249 644
249 843
249 850
250 287
250 299
250 548
250 620
250 776
251 434
251 512
251 600
252 325
252 488
252 593
252 617
252 702
253 381
253 390
253 441
253 579
253 842
253 916
254 499
254 586
254 712
254 786
254 827
254 960
255 280
255 330
255 713
255 793
255 906
256 291
256 379
256 394
256 595
256 827
256 904
256 935
257 271
257 434
257 622
257 624
257 648
257 882
258 489
258 572
258 676
258 684
258 766
259 263
259 377
259 489
259 762
259 854
260 336
260 621
260 654
260 672
260 679
260 682
261 291
261 441
261 520
261 821
262 434
262 645
262 803
263 311
263 470
263 504
263 564
263 788
263 789
263 871
264 347
264 472
265 313
265 444
265 483
265 563
265 575
265 593
266 309
266 681
266 888
266 967
267 450
267 712
267 860
267 951
268 291
268 686
268 799
268 800
268 813
268 830
268 973
269 589
269 804
269 816
270 309
270 345
270 440
270 691
270 837
271 348
271 354
271 447
271 948
272 454
272 655
272 950
273 299
273 324
273 340
273 808
273 870
273 913
274 438
274 499
274 684
274 869
275 922
276 447
276 526
276 822
277 511
277 693
278 424
278 896
278 930
278 975
279 390
279 441
279 600
279 812
279 856
280 749
280 812
281 467
281 587
281 717
281 940
281 953
281 964
281 965
282 679
282 962
283 363
283 370
283 515
283 690
283 838
283 853
283 871
283 944
284 387
284 905
285 374
285 495
285 811
285 959
286 350
286 809
287 743
287 803
288 440
288 475
288 682
288 974
289 294
289 636
289 762
289 965
290 618
290 628
290 819
291 348
291 580
291 990
291 993
292 475
292 665
292 741
292 882
292 991
293 319
293 444
293 501
293 546
293 579
293 594
293 973
294 451
294 794
295 909
296 397
296 463
296 788
296 824
297 474
297 516
297 873
297 904
298 342
298 507
298 570
298 590
298 705
298 954
299 338
299 453
299 599
299 760
299 837
299 890
300 424
300 759
300 878
300 956
300 986
301 638
301 641
301 861
302 325
302 356
302 519
302 634
302 710
302 958
303 307
303 387
303 411
303 566
303 580
303 871
303 997
304 347
304 353
304 507
304 555
304 821
304 847
304 912
304 984
305 657
305 714
306 553
306 612
306 856
307 565
307 703
307 840
307 882
308 614
308 775
308 880
308 919
308 953
309 310
309 604
309 834
310 439
310 537
310 540
310 582
310 789
310 795
310 979
311 431
311 515
311 612
311 726
311 947
312 636
312 752
312 774
313 320
313 968
314 420
314 626
314 798
315 480
315 731
315 799
316 409
316 775
316 804
317 612
317 634
318 673
318 689
318 695
318 726
318 980
319 331
319 417
319 708
319 713
319 908
320 545
320 562
320 642
320 767
320 782
321 416
321 418
321 482
321 613
321 661
321 740
321 823
322 345
322 484
323 503
323 677
323 740
323 925
324 365
324 400
324 442
324 567
324 876
325 334
325 338
325 417
326 369
326 493
326 505
326 938
327 334
327 618
327 770
328 569
328 606
328 737
328 952
329 593
329 640
329 932
330 897
331 444
331 721
331 988
332 438
332 682
332 752
332 762
332 811
332 839
333 465
333 639
333 833
334 369
334 600
334 836
334 973
335 359
335 472
335 478
335 576
335 724
335 812
335 916
336 414
336 417
336 512
336 738
336 803
336 837
336 909
337 407
337 532
337 927
337 958
338 697
338 749
338 834
339 866
339 914
340 501
340 607
340 612
341 471
341 577
341 718
341 964
342 372
342 601
342 609
342 979
342 980
343 864
344 447
344 804
344 872
344 978
345 560
345 602
345 633
345 734
345 998
346 480
346 816
346 997
347 415
347 420
347 543
347 774
347 926
347 958
348 566
348 755
349 358
349 462
349 504
349 642
349 721
349 854
349 907
349 998
350 622
350 850
350 891
350 981
351 470
351 473
351 474
351 867
351 887
352 373
352 515
352 723
352 886
352 917
353 487
353 558
354 392
354 893
355 375
355 423
355 628
356 482
356 549
356 620
356 735
357 706
357 882
358 428
358 680
359 719
359 732
359 850
359 868
360 416
360 465
360 814
361 400
361 469
361 587
361 705
361 831
362 468
362 470
362 534
362 585
362 846
363 541
363 711
363 734
363 824
363 848
364 684
365 622
365 798
366 368
366 593
366 619
366 786
366 925
366 954
367 406
367 408
367 500
367 874
368 615
368 989
369 400
369 647
370 661
370 779
371 685
371 793
371 983
372 615
372 867
373 570
373 615
373 752
373 838
373 975
374 925
375 598
375 633
375 920
376 549
376 791
376 946
377 579
377 799
377 877
378 706
379 380
379 565
379 732
379 785
379 916
380 407
380 528
380 956
381 472
381 531
381 768
381 974
382 404
382 575
382 702
382 801
383 389
383 807
383 830
383 835
383 883
384 444
384 473
385 485
385 532
385 728
385 740
385 908
386 471
386 526
386 775
386 998
387 876
387 900
388 468
388 703
388 736
388 897
388 910
389 403
389 649
390 797
390 861
391 436
391 820
391 821
391 831
392 749
392 908
393 395
393 419
393 861
393 904
393 961
394 534
394 637
394 885
394 932
395 658
395 950
396 543
396 662
396 873
396 874
397 591
397 665
397 961
398 443
398 484
398 570
398 781
399 449
399 734
399 817
399 829
399 860
399 863
399 979
400 509
400 575
400 687
400 736
400 759
401 584
401 674
401 716
402 482
402 765
402 972
403 445
404 478
404 491
405 451
405 546
405 627
405 755
406 500
406 639
407 457
407 638
408 441
408 557
408 881
409 428
409 448
409 711
410 432
410 818
410 859
411 617
411 674
411 948
411 970
412 576
412 637
412 787
413 513
413 563
413 592
413 792
413 922
414 467
414 494
414 853
415 611
415 764
415 803
417 813
417 959
417 972
418 460
418 462
418 492
418 938
419 511
419 594
419 748
421 649
421 699
421 712
421 755
422 908
423 828
423 849
423 918
423 962
424 454
424 654
424 701
424 745
425 540
425 746
425 750
426 503
426 709
427 578
427 807
427 918
427 940
427 969
428 792
429 438
429 531
429 692
429 751
429 837
430 650
430 933
430 968
430 985
431 736
431 777
431 781
431 826
431 966
431 976
432 608
432 751
432 852
432 865
432 960
433 633
433 689
433 692
433 861
433 995
434 445
434 558
434 777
435 542
435 849
435 860
436 749
436 890
437 731
438 505
438 724
438 905
438 937
438 938
439 462
439 484
439 531
439 640
440 501
440 502
440 611
440 757
440 851
440 928
441 627
441 772
442 601
442 674
443 717
443 800
444 504
444 713
445 660
446 453
446 602
446 662
446 776
446 787
446 800
446 989
447 592
447 650
447 697
447 776
447 845
448 510
448 625
448 681
448 757
448 956
449 611
449 664
449 753
449 792
449 793
449 840
449 887
449 903
449 989
450 708
451 454
451 633
451 678
451 694
451 900
452 556
452 621
452 723
452 943
452 947
453 476
453 584
453 615
454 588
454 663
454 743
454 875
454 973
455 600
455 864
456 547
456 989
457 551
457 706
457 758
457 868
457 909
458 469
458 492
458 559
458 797
458 807
459 546
459 766
459 847
459 877
460 510
460 539
460 574
460 860
461 698
461 920
461 921
461 961
462 616
462 801
462 986
463 498
463 914
464 499
464 595
464 857
464 938
464 955
464 978
465 503
465 519
465 559
466 583
466 628
466 870
466 996
466 999
467 633
467 726
467 813
467 890
467 960
468 503
468 696
469 600
470 893
470 970
471 727
471 919
471 946
471 981
472 894
472 983
473 914
473 940
474 674
475 501
475 904
476 592
476 651
476 678
476 737
476 771
476 781
477 482
477 578
477 953
477 977
477 983
479 489
479 650
479 906
479 909
479 952
480 646
480 648
480 839
480 910
480 925
481 499
481 669
481 778
481 799
482 508
482 586
482 723
482 768
482 893
483 546
483 720
483 725
483 771
483 774
483 816
483 843
483 926
484 511
484 775
484 871
484 980
485 724
485 884
486 689
486 780
486 854
486 988
487 503
488 601
488 986
489 923
490 540
490 575
490 716
490 772
490 838
491 552
491 618
491 758
491 813
491 852
492 600
492 634
492 673
492 784
492 809
493 769
494 535
494 567
494 739
494 743
495 526
495 957
496 617
496 995
496 996
497 838
497 849
498 506
498 513
498 612
498 663
498 957
499 723
499 942
500 542
500 615
500 665
500 966
501 942
502 740
502 931
503 565
503 865
503 909
503 932
504 894
504 924
505 581
505 962
505 998
506 668
506 889
506 900
506 995
507 766
508 795
508 911
508 967
509 528
509 550
509 941
510 713
510 792
510 818
511 611
511 715
512 562
512 591
512 830
512 930
513 578
513 738
513 783
513 947
514 527
514 618
514 808
514 942
514 970
515 748
515 933
516 637
516 756
516 783
517 985
518 671
519 783
519 789
519 835
519 969
520 687
520 972
521 750
521 758
521 867
521 895
522 776
522 786
523 588
523 899
523 982
524 561
524 586
524 606
524 743
524 920
525 552
525 689
525 759
525 899
526 648
526 668
527 533
527 780
527 782
528 589
528 601
528 660
528 671
529 974
530 666
530 670
530 706
531 577
531 874
531 914
531 964
532 555
533 647
534 619
535 539
535 914
535 958
536 537
536 538
536 554
536 588
536 701
536 753
536 978
537 604
537 910
537 997
538 630
538 734
538 787
538 840
538 881
538 943
539 664
539 720
540 560
540 628
540 783
540 809
540 859
541 907
542 814
543 770
543 883
543 900
544 672
545 593
545 851
545 964
546 567
546 646
546 660
546 668
546 687
546 824
547 559
548 951
549 714
550 831
550 860
551 645
551 657
551 658
551 908
551 961
552 735
552 839
552 849
553 632
553 708
554 580
554 975
555 715
555 845
555 945
555 976
556 744
556 757
557 669
557 696
557 823
557 849
557 943
557 979
558 716
558 771
559 595
559 677
559 724
559 807
559 821
559 979
560 877
560 953
561 885
561 981
562 855
562 964
563 881
563 916
565 656
565 862
566 617
566 629
566 653
566 674
566 689
566 755
566 823
566 998
568 575
568 578
569 586
569 740
569 917
569 932
570 636
570 641
570 654
570 668
570 833
570 866
570 888
570 997
571 724
571 816
571 906
571 950
571 993
572 780
573 600
573 679
573 695
573 710
573 754
573 886
575 707
577 696
578 743
578 770
578 814
578 828
578 991
579 611
579 738
579 786
579 942
580 694
580 781
582 647
583 914
584 822
584 942
585 658
585 721
585 943
585 948
586 723
588 615
588 799
588 939
590 714
590 773
590 982
591 615
591 763
591 820
591 913
592 639
592 672
592 686
592 727
592 765
592 951
593 606
593 642
594 754
595 805
597 983
598 690
598 801
598 820
599 602
599 632
599 665
599 730
600 769
600 778
600 927
601 734
601 863
601 870
601 892
602 715
602 733
602 812
602 897
602 999
603 818
604 626
604 683
605 654
606 657
606 896
607 646
607 700
607 747
607 774
608 625
608 752
609 707
610 741
610 782
610 833
610 867
610 892
611 740
612 864
613 866
613 998
614 800
614 865
615 698
615 720
615 789
615 931
616 882
617 726
618 685
618 724
618 825
618 999
619 913
620 791
620 905
621 732
621 984
622 702
622 799
622 905
622 911
623 906
623 996
624 681
624 753
624 931
625 954
625 973
626 818
626 887
627 671
627 771
628 659
628 937
628 989
629 674
629 700
629 807
629 846
629 909
630 804
630 876
630 907
630 911
630 969
630 974
631 801
631 817
631 843
632 855
632 919
632 966
633 801
633 806
633 995
634 884
635 908
636 696
636 959
637 747
637 942
637 948
639 673
640 655
640 745
641 644
641 676
641 703
641 720
642 707
642 785
642 936
642 975
643 888
644 924
644 964
645 653
645 686
645 805
646 909
647 672
647 786
647 903
649 674
649 678
649 763
649 764
649 955
649 959
650 891
650 956
651 854
651 903
651 961
652 927
653 981
653 992
655 701
655 746
655 965
656 801
656 809
657 891
658 743
659 778
659 924
660 827
660 877
660 878
660 899
660 901
661 667
661 725
661 818
662 762
663 810
663 959
664 876
666 736
666 939
669 785
669 931
670 726
670 738
671 738
672 972
672 999
673 811
674 759
675 734
675 735
675 819
676 764
677 711
677 751
677 814
678 687
678 757
678 793
680 812
681 799
681 946
684 693
684 873
685 849
686 812
687 904
688 696
688 711
688 726
688 827
688 918
689 866
690 851
690 898
690 929
691 722
691 801
691 816
693 710
693 763
693 923
693 977
694 736
695 999
696 920
698 918
698 982
699 722
699 877
701 752
701 784
702 798
702 922
702 949
703 721
703 726
703 887
704 847
704 873
705 750
705 763
705 937
705 972
706 764
706 823
707 727
708 728
709 856
710 936
713 933
713 951
714 739
714 833
714 912
715 760
717 763
717 921
718 743
718 830
718 874
718 987
719 890
719 920
719 961
719 974
720 869
721 882
722 848
722 937
724 869
724 874
725 792
726 739
728 901
728 972
729 761
729 947
730 762
730 779
730 962
730 965
730 968
731 755
731 926
731 982
732 898
733 734
733 747
733 852
733 915
734 931
736 752
737 886
737 903
738 942
739 836
739 839
739 953
741 818
742 780
742 814
743 892
744 814
744 919
744 962
745 792
745 857
746 799
746 852
747 918
748 867
748 984
749 843
749 902
750 894
750 906
751 853
751 915
752 969
753 761
755 776
755 803
755 955
756 927
759 848
759 940
761 865
761 946
762 949
763 841
764 835
764 950
766 989
767 816
767 881
768 811
769 969
770 862
771 901
771 909
771 916
771 965
771 992
773 826
774 876
775 776
775 827
775 872
776 900
777 831
778 977
780 979
781 813
781 860
781 875
783 809
783 951
784 846
787 960
788 791
788 803
788 877
790 923
792 876
793 856
793 956
794 859
795 987
796 943
797 898
797 974
797 981
798 841
798 946
800 862
800 964
801 847
801 849
803 813
804 857
804 947
804 949
805 819
805 992
806 879
806 924
807 867
811 906
812 851
814 995
815 824
815 829
816 829
818 883
819 923
820 918
821 879
821 882
821 889
821 931
822 832
822 866
822 885
823 886
824 949
825 828
825 833
826 870
826 948
827 977
828 903
829 933
830 918
830 974
834 893
834 899
834 920
836 923
838 978
840 847
840 868
840 877
841 986
842 901
842 928
842 958
843 885
843 900
844 905
844 910
844 917
845 846
846 982
848 906
848 945
849 957
851 878
853 857
855 932
856 943
857 888
858 966
860 944
860 958
861 888
865 877
865 910
866 929
871 873
871 934
875 997
878 881
880 970
880 983
882 929
884 945
885 900
890 903
892 970
892 987
894 980
896 958
901 951
904 918
905 916
907 975
912 917
912 920
912 927
912 994
913 934
914 991
916 917
918 922
918 965
919 957
922 939
922 999
925 931
927 933
927 935
927 949
931 935
935 962
937 978
942 953
946 980
951 984
955 985
960 981
961 978
962 987
966 996
969 978
975 980
980 983
980 992
983 989
989 994
0
10 999
