1000	2947	 1
0 159
0 700
0 751
0 792
0 837
0 893
1 56
1 58
1 64
1 129
1 300
1 331
1 475
1 615
1 689
1 714
1 915
2 367
2 437
2 790
2 949
3 54
3 392
3 737
3 815
4 96
4 385
4 452
4 471
4 676
4 794
4 853
5 10
5 397
5 419
5 882
6 290
6 334
6 760
6 827
6 930
7 199
7 273
7 303
7 407
7 449
7 508
7 789
8 79
8 131
8 320
8 322
8 651
8 670
8 750
8 756
8 779
8 869
9 14
9 44
9 103
9 597
9 620
9 649
9 782
10 73
10 167
10 304
10 651
10 833
11 366
11 511
11 981
12 359
12 710
13 95
13 409
13 502
14 69
14 207
14 322
14 479
14 783
14 836
15 306
15 351
15 828
15 931
16 32
16 178
16 382
16 398
16 504
17 362
17 625
17 649
17 719
17 741
18 80
18 146
18 194
18 378
18 406
18 775
18 786
18 941
18 981
19 210
19 284
19 494
19 505
19 891
20 78
20 86
20 305
20 631
20 742
20 762
20 862
20 995
21 94
21 347
21 491
21 577
21 765
21 836
21 876
22 101
22 111
22 331
22 421
22 431
22 456
22 682
22 779
22 797
22 879
22 882
23 30
23 839
23 868
24 301
24 608
24 643
24 909
25 80
25 296
25 301
25 336
25 844
26 72
26 108
26 313
26 430
26 957
27 49
27 112
27 382
27 467
27 646
27 708
27 992
28 63
28 153
28 442
28 636
28 729
28 742
29 306
29 335
29 363
29 365
29 463
29 572
29 727
29 753
29 963
30 332
30 502
30 631
30 672
30 796
30 874
30 917
30 962
31 80
31 121
31 141
31 163
31 684
31 731
31 916
32 346
32 385
32 653
33 79
33 157
33 180
33 215
33 444
33 522
33 640
34 203
34 382
34 457
34 575
34 840
34 993
35 541
35 737
35 789
35 995
36 155
36 306
36 625
36 665
36 706
36 855
36 920
37 47
37 336
37 352
37 437
37 464
37 534
37 586
37 587
37 733
37 831
38 517
38 539
38 658
38 928
38 949
39 164
39 194
39 263
39 484
39 635
39 793
39 947
39 999
40 176
40 179
40 409
40 431
40 457
40 612
40 689
40 734
40 932
41 156
41 217
41 569
41 680
41 792
41 921
41 979
42 59
42 141
42 257
42 273
42 699
42 889
42 892
43 175
43 298
43 581
43 723
44 461
44 739
44 886
45 302
45 388
45 548
45 708
45 836
46 300
46 398
46 409
46 757
46 976
47 211
47 281
47 451
47 480
47 492
47 754
48 78
48 225
48 245
48 287
48 443
48 580
49 352
49 440
49 451
49 505
49 606
49 781
49 936
50 137
50 451
50 584
50 706
50 731
50 831
50 852
51 161
51 250
51 299
51 417
51 479
51 504
51 570
51 591
51 639
52 258
53 57
53 459
53 476
53 529
53 543
53 682
53 729
53 733
53 812
54 139
54 147
54 183
54 892
55 203
55 207
55 335
55 377
55 450
55 480
55 483
55 890
56 77
56 112
56 175
56 198
56 472
56 530
56 532
56 750
57 202
57 327
57 397
57 709
57 765
57 858
58 160
58 241
58 529
58 588
58 717
58 752
59 223
59 365
59 436
59 639
59 649
60 258
60 280
60 409
60 721
60 754
61 86
61 153
61 348
61 415
61 537
62 357
62 521
62 534
62 622
62 661
62 758
62 795
62 894
63 183
63 245
63 344
63 428
63 446
63 452
63 514
63 738
63 748
63 750
63 999
64 122
64 125
64 130
64 514
65 235
65 671
65 786
66 680
66 744
66 863
67 304
67 637
67 817
67 870
68 155
68 621
68 747
69 121
69 216
69 502
69 515
69 583
69 748
69 772
70 111
70 162
70 288
70 384
70 545
71 661
71 724
71 865
71 978
72 133
72 215
72 398
72 599
72 706
72 711
72 889
73 354
73 421
73 541
73 698
73 835
73 887
74 79
74 222
74 341
74 714
74 913
75 285
75 374
75 474
75 485
76 439
76 741
76 977
77 271
77 520
77 705
77 964
78 345
78 364
78 384
78 515
78 686
78 922
79 781
79 962
80 579
80 587
80 611
80 770
80 785
80 804
81 279
81 296
81 371
81 950
82 234
82 644
82 656
82 780
82 807
82 831
82 851
82 881
83 263
83 443
83 457
83 463
83 464
83 683
83 933
84 221
84 360
84 965
85 714
85 729
86 367
86 451
86 768
86 929
87 184
87 301
87 942
88 228
88 232
88 328
88 374
88 546
88 814
89 546
89 753
90 184
90 411
90 474
90 536
90 575
90 655
90 885
91 191
91 308
91 701
91 819
91 919
92 150
92 164
92 421
92 554
93 178
93 426
93 548
94 166
94 834
95 135
95 167
95 203
95 214
96 142
96 822
97 116
97 350
97 361
97 386
97 544
97 720
97 952
98 142
98 407
98 884
98 900
99 253
99 431
99 544
99 566
99 618
99 853
99 959
100 127
100 145
100 601
100 638
100 785
100 881
101 117
101 478
101 512
101 773
101 881
101 961
102 171
102 562
102 752
102 839
102 846
102 983
103 166
103 222
103 311
103 528
103 716
103 873
104 139
104 190
104 339
104 709
104 958
105 194
105 277
105 480
105 654
106 118
106 261
106 359
106 365
107 169
107 174
107 317
107 377
107 574
107 622
108 309
108 618
108 817
109 744
109 785
109 851
109 948
109 983
110 119
110 412
110 427
110 722
110 813
111 422
111 565
111 815
112 396
112 585
112 626
112 722
112 966
113 206
113 248
113 350
113 407
113 473
113 606
113 686
113 828
113 950
114 143
114 684
114 856
114 895
114 996
115 294
115 346
115 488
115 794
115 795
116 151
116 351
116 474
116 511
116 545
116 561
116 691
116 707
116 895
117 337
117 366
117 823
117 850
118 219
118 428
118 841
118 867
118 879
118 964
118 978
118 993
119 208
119 589
119 616
119 638
119 655
119 822
119 967
120 664
120 673
120 786
120 793
120 996
121 129
121 244
121 318
121 388
121 637
121 730
122 143
122 205
122 249
122 371
122 644
123 459
123 653
123 690
124 453
124 599
124 665
124 673
124 840
124 878
125 168
125 241
125 334
125 524
125 609
125 806
125 998
126 263
126 539
126 589
126 599
126 669
126 749
126 759
126 761
126 807
126 861
126 890
127 193
127 579
127 580
127 847
127 856
127 975
128 223
128 271
128 315
128 337
128 667
128 674
128 840
128 867
128 965
129 259
129 275
129 551
129 671
129 703
129 748
129 796
129 852
129 901
130 188
130 301
130 496
130 572
130 713
131 184
131 297
131 719
131 823
132 192
132 461
132 521
133 380
133 401
133 466
133 884
134 144
134 168
134 201
134 215
134 512
134 793
134 924
135 222
135 252
135 606
135 692
135 868
136 294
136 463
136 700
136 919
137 283
137 393
137 437
137 617
137 696
137 706
137 971
138 272
138 446
138 577
138 687
138 894
139 473
139 550
139 639
139 698
139 867
139 869
140 219
140 493
140 516
140 565
140 893
141 425
141 640
141 715
141 802
142 352
142 802
143 226
143 867
143 871
144 158
144 301
144 525
144 610
144 897
144 961
145 333
145 546
145 700
146 151
146 155
146 333
146 573
146 812
146 874
146 998
147 485
148 316
148 452
148 536
148 917
148 960
149 223
149 685
149 830
150 191
150 941
151 262
151 321
151 606
151 937
152 176
152 412
153 182
153 188
153 473
153 814
153 826
154 193
154 319
154 464
154 992
155 629
155 648
155 751
155 843
155 845
155 897
156 296
156 377
156 420
156 449
156 453
156 505
156 642
157 526
157 569
157 605
157 756
157 984
158 280
158 349
158 458
158 732
158 763
158 878
159 167
159 417
159 806
160 236
160 452
160 718
160 790
160 803
160 885
160 892
160 948
161 346
161 668
161 692
161 874
161 912
162 424
162 644
162 688
162 966
162 973
163 528
163 559
163 910
163 960
164 212
164 320
164 331
164 618
164 906
165 296
165 578
165 702
165 730
166 183
166 369
166 434
166 540
166 824
167 528
167 655
167 858
167 947
167 949
168 702
168 704
168 861
169 189
169 202
169 247
169 377
169 926
169 963
170 228
170 732
170 819
170 993
171 204
171 486
171 672
172 662
172 718
172 969
173 813
173 972
174 392
174 617
174 720
174 865
174 973
175 287
175 522
175 682
175 715
175 752
176 446
176 824
176 901
176 903
176 955
177 209
177 426
177 455
177 819
178 234
178 286
178 403
178 502
178 560
178 632
178 887
178 950
178 977
178 992
179 345
179 410
179 422
180 272
180 770
180 837
181 295
181 315
181 353
181 581
181 728
181 742
182 339
182 429
182 530
182 588
182 633
182 681
183 229
183 231
183 432
183 506
183 509
183 811
184 209
184 393
184 579
184 704
184 760
184 876
185 415
185 583
185 875
185 879
185 892
186 277
186 307
186 399
186 948
187 340
187 419
187 832
187 838
187 981
188 221
188 542
188 563
188 646
188 683
189 195
189 435
189 548
189 730
189 952
190 319
190 674
191 343
191 374
191 480
191 596
191 910
192 410
192 652
192 866
192 940
192 972
192 992
193 263
193 369
193 477
193 493
193 640
193 674
193 703
194 212
194 238
194 567
194 665
194 854
194 976
195 386
195 501
195 507
195 519
195 647
195 867
195 946
195 957
196 198
196 355
196 441
196 459
196 462
196 576
196 973
197 337
197 338
197 962
197 979
198 991
199 320
199 731
199 745
199 761
200 393
200 467
200 525
200 640
200 808
201 297
201 347
201 498
201 819
202 268
202 310
202 560
202 859
203 231
203 275
203 300
203 704
203 736
204 410
204 538
205 211
205 223
205 556
205 739
205 866
206 268
206 288
206 544
207 436
207 522
207 783
207 918
209 254
209 321
209 414
209 477
209 758
209 788
209 978
210 280
210 301
210 772
210 801
211 554
211 709
211 840
211 841
211 865
212 394
212 441
212 460
212 534
212 743
212 830
212 836
213 259
213 395
213 538
214 344
214 504
214 571
214 907
214 940
215 775
216 655
216 747
217 246
217 344
217 521
217 748
217 763
217 775
218 361
218 660
218 715
218 724
218 960
219 258
219 456
219 635
219 808
220 278
220 380
220 459
220 689
220 710
221 269
221 752
221 808
221 821
222 777
222 787
222 901
223 529
223 746
224 389
224 527
224 767
224 836
224 908
224 962
224 983
225 704
226 515
226 518
226 739
226 771
227 518
227 552
227 947
228 452
228 608
228 627
228 660
228 665
228 682
229 530
229 773
229 964
230 617
230 737
230 824
230 942
230 957
230 971
231 503
231 599
231 885
232 285
232 572
232 739
233 240
233 290
233 497
233 660
233 788
233 924
234 500
235 373
235 628
235 780
235 820
235 935
236 335
236 975
237 552
237 824
237 944
238 395
238 479
238 480
238 703
238 782
239 548
239 697
239 725
240 370
240 483
240 485
240 842
240 852
240 890
240 933
241 268
241 560
241 795
241 798
241 874
242 263
242 387
242 474
242 564
242 588
243 384
243 424
243 579
243 985
244 669
244 699
245 353
245 411
245 431
245 578
245 670
245 939
246 505
246 762
247 407
247 656
247 734
247 887
248 595
248 615
248 641
248 770
249 283
249 663
249 709
249 954
250 488
250 650
250 734
250 930
251 324
251 361
251 730
251 755
251 853
251 971
252 321
252 556
252 569
252 660
252 736
252 937
253 855
253 870
254 291
254 404
254 435
255 397
255 447
255 490
255 586
255 695
255 786
255 900
256 276
256 396
256 903
256 977
257 446
257 513
257 807
258 303
258 758
258 843
258 877
258 917
259 272
259 295
259 407
259 848
259 891
259 931
259 971
260 285
260 549
260 639
260 650
261 351
261 480
261 795
262 422
262 663
262 751
262 823
263 659
263 660
263 893
263 896
263 941
263 985
264 344
264 660
264 798
264 828
264 941
265 332
265 388
265 481
265 610
266 544
267 293
267 319
267 931
268 572
269 749
270 551
270 827
270 918
270 919
270 923
271 462
271 466
271 519
271 596
271 647
271 673
271 918
272 274
272 722
272 740
273 524
273 633
273 784
273 823
273 825
273 861
274 363
274 401
274 425
274 624
274 657
274 687
275 320
275 484
275 564
275 944
276 436
276 477
276 585
276 614
276 679
276 701
276 743
276 885
277 372
277 410
277 479
277 721
277 737
277 784
277 951
277 987
278 298
278 484
278 529
278 634
278 678
278 952
279 641
279 890
279 908
280 546
280 583
280 669
281 648
281 720
281 831
282 381
282 432
282 434
282 639
283 309
283 434
283 677
283 689
283 827
284 397
285 389
285 636
285 808
286 439
286 449
286 498
286 727
286 786
286 851
286 909
287 399
287 491
287 537
287 876
287 921
288 315
288 583
289 736
289 767
289 941
289 948
289 971
290 807
291 335
291 984
292 632
292 695
292 938
292 956
293 729
293 797
293 834
293 926
293 941
294 417
294 490
295 328
295 462
295 590
295 715
295 883
296 432
296 542
296 623
297 350
297 383
297 431
297 479
297 590
297 749
297 864
297 953
297 972
298 538
298 730
298 878
300 337
300 369
300 390
300 760
300 939
301 389
301 521
302 522
302 640
302 944
302 966
303 497
303 624
303 633
304 555
304 570
304 615
304 850
304 948
304 964
305 514
305 708
306 434
306 646
306 752
307 308
307 795
307 858
307 875
307 900
307 913
307 945
308 310
308 503
308 552
308 930
308 941
309 315
309 470
309 666
310 314
310 753
310 904
311 337
311 669
311 874
311 940
312 331
312 533
313 325
313 368
313 954
314 381
314 413
314 549
314 776
314 843
315 433
315 462
315 964
316 449
316 468
316 498
316 665
316 788
316 827
317 416
317 516
317 628
317 744
317 945
317 989
318 530
318 576
318 586
318 638
318 672
318 824
318 838
318 920
319 413
319 690
319 697
319 757
319 926
320 379
320 497
320 531
320 578
320 580
320 790
320 855
321 371
321 423
321 894
322 570
323 335
323 640
323 694
323 862
323 888
324 582
324 715
324 875
324 921
324 991
325 382
325 693
325 754
326 342
326 546
326 783
326 893
327 367
327 441
327 515
327 777
327 838
327 839
327 972
327 994
328 647
329 420
329 617
329 717
329 781
329 818
329 861
329 916
330 404
330 449
330 452
330 502
330 507
330 817
331 417
331 470
331 535
332 350
332 498
332 597
332 680
332 738
332 932
332 975
332 990
333 534
333 650
334 459
334 555
334 714
334 874
334 930
335 348
335 427
336 481
336 807
337 383
337 717
337 983
337 991
338 747
338 759
338 985
339 399
339 713
339 957
340 370
340 594
340 601
341 377
341 399
341 684
341 714
341 789
342 435
342 511
342 522
342 601
342 811
342 844
342 873
343 633
343 666
344 477
344 850
345 357
345 585
345 688
345 971
347 540
347 578
348 546
348 550
348 631
348 844
348 922
349 494
349 637
349 691
349 743
350 367
350 523
350 685
350 692
350 945
351 413
351 436
351 612
352 620
352 622
352 638
352 681
352 955
352 965
353 626
353 833
353 957
353 982
353 985
354 370
354 656
354 658
354 730
354 764
355 851
356 420
356 606
356 671
356 720
356 848
356 963
356 998
357 419
357 472
357 494
357 671
358 491
358 508
358 540
358 897
358 936
359 398
359 793
359 810
359 820
359 990
360 414
360 440
360 495
360 497
360 719
361 449
361 502
361 726
361 787
361 880
361 953
361 961
362 383
362 542
362 662
362 870
363 629
363 691
363 743
364 653
364 787
364 808
364 900
365 834
365 899
366 415
366 587
366 942
367 552
367 890
368 443
368 490
368 878
369 828
371 476
371 655
371 866
372 393
372 612
372 873
372 896
372 988
373 551
373 670
373 898
373 942
373 950
374 424
374 692
374 726
374 777
374 789
374 829
374 856
375 481
375 637
375 871
376 455
377 453
377 627
377 989
378 457
378 578
378 643
378 756
378 759
379 711
380 652
380 659
380 730
380 743
380 868
380 880
381 463
381 902
381 958
382 436
382 739
383 389
383 483
383 546
383 641
383 814
383 819
383 940
384 542
384 864
384 945
385 548
385 909
385 994
386 395
386 641
386 754
386 860
386 873
387 439
387 528
387 618
388 416
388 463
388 696
388 900
388 908
389 437
389 590
389 736
389 762
389 797
389 926
390 414
391 754
392 688
392 709
392 788
393 643
394 696
394 877
394 912
395 478
395 754
395 866
395 876
396 448
396 622
396 687
396 754
396 804
396 832
396 948
396 999
397 553
398 463
398 511
398 734
399 403
399 492
399 999
400 438
400 604
400 667
401 643
401 649
401 702
401 718
401 792
401 942
401 959
402 537
402 641
403 582
404 446
404 534
404 560
404 611
404 623
404 841
404 864
404 991
405 497
405 772
405 784
405 945
406 474
406 538
406 649
406 654
406 656
406 661
406 775
406 786
406 956
407 446
407 683
407 793
408 426
408 607
408 610
409 877
410 602
411 664
411 728
411 775
411 863
412 620
412 738
412 968
413 474
413 716
414 534
414 670
414 916
415 487
415 513
415 544
415 579
415 684
415 787
416 476
416 794
417 799
417 974
418 502
418 545
418 592
418 787
418 827
418 938
418 987
419 535
419 562
419 646
419 821
419 861
419 905
419 912
420 485
420 585
420 924
421 735
421 894
422 759
422 924
423 442
423 469
423 994
424 432
424 516
424 640
424 846
424 869
424 924
424 991
425 650
425 722
425 773
425 864
425 889
425 935
425 984
426 590
426 603
426 656
426 727
426 811
427 520
427 531
427 573
427 774
428 627
428 718
428 892
429 684
429 698
429 813
429 823
429 985
430 491
430 704
430 813
431 464
431 472
431 640
431 713
431 717
431 899
432 837
433 564
433 650
433 835
433 971
434 470
434 520
434 619
434 950
435 580
435 635
435 647
435 920
435 972
436 502
436 570
436 714
436 731
436 822
437 575
437 662
437 800
437 919
437 935
438 478
438 702
438 784
438 846
438 887
439 444
439 483
439 632
439 713
439 797
439 845
439 855
439 885
440 442
440 536
440 610
440 756
441 720
441 797
441 833
441 891
441 957
442 454
442 585
442 636
442 841
442 864
442 921
443 461
444 521
444 969
445 689
445 714
445 784
445 838
445 916
445 949
447 541
447 558
447 603
448 647
448 673
448 711
448 729
448 904
448 976
449 827
449 847
449 862
449 951
449 955
450 632
450 647
450 720
450 733
450 845
450 920
451 878
452 864
453 477
453 487
453 544
453 596
454 475
454 603
455 561
455 683
455 687
455 702
455 949
455 973
456 648
456 681
456 903
456 934
457 494
457 534
457 664
457 672
457 724
458 678
459 664
459 681
459 731
459 778
459 837
460 832
461 496
461 687
462 837
462 860
462 968
463 916
463 984
464 598
464 979
465 672
465 705
465 711
465 868
466 691
466 762
466 765
466 818
466 850
466 986
466 999
467 523
467 832
468 716
468 774
468 818
469 502
469 548
469 750
470 563
470 592
470 732
470 820
471 600
471 616
472 775
472 964
473 712
474 978
475 540
475 683
475 848
476 686
476 734
476 812
476 948
477 793
477 867
477 888
478 970
480 709
480 750
480 856
480 864
481 518
481 644
481 672
481 835
481 995
482 560
482 793
482 876
483 638
483 865
484 494
484 904
484 993
485 518
485 678
485 886
486 600
486 645
486 793
486 868
487 495
487 635
488 688
488 772
488 921
488 958
489 519
489 808
490 566
490 587
490 926
491 935
491 970
492 607
492 933
492 950
493 495
493 555
494 550
494 569
494 633
494 658
494 848
494 943
494 964
495 816
495 822
495 929
496 673
496 857
496 959
497 679
497 785
497 871
498 521
498 554
498 742
498 828
499 524
499 971
500 660
500 666
500 880
501 693
502 518
502 583
502 719
502 815
502 831
503 506
503 542
503 608
503 676
503 696
504 946
504 983
505 822
506 728
506 752
507 545
507 742
507 778
507 952
508 516
508 550
508 759
510 723
510 805
510 851
511 836
511 980
512 986
513 640
513 828
514 560
514 613
514 742
514 936
515 671
515 985
515 991
516 672
516 752
516 927
516 939
517 606
517 675
517 821
517 890
518 561
518 906
518 979
519 536
520 529
520 553
520 721
520 815
521 574
521 631
521 641
521 706
521 715
522 699
522 703
522 704
523 718
523 761
523 926
523 960
524 536
524 645
525 598
525 688
525 690
525 785
525 803
526 581
526 797
526 825
526 876
526 928
527 555
527 675
527 834
527 837
527 961
528 640
528 861
529 547
529 656
529 744
529 933
530 685
530 723
530 918
530 923
530 931
531 677
531 974
532 766
532 947
532 990
533 683
534 846
535 690
535 744
536 833
536 880
536 900
537 565
537 668
537 750
538 727
538 732
538 771
538 778
538 886
538 914
539 553
539 580
539 816
539 872
539 975
540 554
540 562
540 708
540 942
541 665
541 780
541 846
542 813
542 991
543 575
543 816
544 963
545 609
545 697
545 976
546 636
546 725
546 906
547 616
547 716
547 839
547 852
548 974
549 948
550 791
550 849
550 861
551 603
551 651
551 771
552 989
553 822
553 857
553 928
553 967
554 576
555 621
555 640
555 685
555 975
556 602
556 939
556 961
557 569
557 626
557 983
558 752
558 866
558 905
558 988
560 567
560 593
560 823
560 825
560 828
560 961
560 980
561 568
561 954
562 564
562 824
562 838
562 899
563 757
563 787
563 937
564 892
565 634
565 671
565 829
566 753
566 814
566 900
567 603
567 814
567 880
568 790
568 836
569 815
569 839
569 960
569 977
570 733
571 573
571 710
571 754
571 952
572 605
572 643
572 744
572 834
572 854
572 856
573 648
573 740
573 806
573 810
573 880
573 904
574 677
575 702
575 822
575 941
576 644
577 586
577 609
577 780
577 908
577 955
578 726
578 934
579 590
579 788
579 845
579 848
580 605
580 636
580 686
580 936
580 999
581 781
581 870
581 896
581 964
582 750
582 861
582 957
583 588
583 806
583 937
585 956
586 771
586 973
587 735
587 912
588 675
588 732
589 638
589 810
590 878
591 704
591 734
592 900
593 717
593 827
593 832
593 979
594 887
595 598
595 888
595 942
596 601
596 683
596 821
597 816
597 901
597 907
599 832
599 870
599 972
599 997
600 631
600 658
600 680
600 681
600 701
600 870
601 603
601 646
601 655
602 694
602 902
602 917
603 823
603 979
604 736
604 766
604 873
605 946
606 699
606 851
606 913
607 609
607 741
607 834
607 880
607 903
608 865
609 654
610 801
610 907
610 979
611 714
611 804
612 785
612 816
613 957
614 685
614 693
615 769
615 812
615 928
616 635
619 805
619 854
620 881
623 814
623 978
624 825
625 707
625 732
626 683
626 730
626 882
627 694
627 716
627 825
627 843
627 887
627 902
628 685
628 976
629 787
629 892
629 956
630 851
630 863
630 953
631 643
631 688
631 886
632 684
632 779
633 737
633 778
634 794
635 753
635 882
636 791
636 827
637 660
637 690
637 811
637 823
637 910
638 775
638 787
638 915
638 959
639 689
639 795
640 789
640 929
641 681
641 682
641 824
641 999
642 829
642 951
643 677
643 801
645 927
646 729
646 783
646 956
646 979
647 796
648 683
648 898
648 928
649 969
650 655
650 764
650 781
650 862
650 877
650 913
650 973
652 660
652 755
653 934
655 693
655 776
655 805
657 890
657 968
657 979
658 678
658 729
658 734
658 913
659 762
659 857
659 962
659 964
660 829
660 992
660 998
661 886
662 758
662 759
662 856
663 781
663 887
665 740
665 769
665 962
666 796
666 805
666 813
668 690
668 769
668 832
670 753
670 760
670 851
670 956
670 967
671 701
671 787
672 810
673 735
673 739
673 818
673 819
673 900
673 998
674 857
676 857
676 870
677 815
678 812
678 978
679 922
679 941
680 684
680 819
681 868
681 951
682 768
682 792
682 904
683 957
685 687
685 713
685 822
686 750
686 752
687 713
687 931
688 961
689 791
689 961
690 805
690 924
691 794
691 802
691 811
691 845
691 899
691 981
693 953
694 814
694 845
694 871
695 813
695 892
696 861
696 886
696 909
697 796
698 715
698 867
698 937
699 714
699 725
701 710
702 763
702 850
703 719
703 787
704 827
704 960
705 944
708 725
708 793
708 963
709 860
710 915
711 839
711 906
711 981
712 729
712 781
712 811
712 909
712 920
713 716
713 766
713 800
714 888
716 819
717 734
717 991
718 917
718 987
719 833
720 743
720 774
720 789
722 938
724 777
724 803
725 910
726 760
726 818
726 883
726 932
727 944
728 820
729 899
730 775
730 965
730 985
731 888
733 879
733 998
734 786
735 834
736 867
739 789
742 991
743 785
743 864
743 985
745 879
746 959
746 973
747 946
752 784
752 885
753 756
753 831
753 905
753 927
754 842
754 869
754 949
755 930
756 803
756 808
757 946
758 775
760 954
761 844
762 978
766 816
766 858
769 964
770 989
771 857
772 776
772 845
772 881
772 898
773 841
774 986
775 846
776 888
778 783
778 807
778 841
779 809
780 807
780 826
780 886
783 890
783 980
784 891
786 922
786 965
786 992
787 860
788 799
788 817
788 885
788 899
788 947
791 852
791 862
792 991
793 957
794 955
797 836
798 825
798 999
799 891
801 960
802 828
802 854
802 874
803 884
803 920
804 810
804 834
807 813
807 884
808 921
808 941
809 920
809 923
811 862
811 900
813 895
813 973
815 995
816 940
816 987
817 999
818 911
821 942
824 838
824 851
825 933
828 958
830 849
830 961
830 970
831 921
832 872
832 881
832 910
833 853
833 941
835 977
836 843
836 870
836 892
836 946
837 960
837 962
838 860
838 931
839 920
840 891
840 894
840 925
842 980
843 911
843 922
844 877
846 876
846 910
849 856
849 876
851 942
853 967
855 861
856 858
857 875
857 959
858 873
858 921
859 879
859 977
860 894
864 972
866 909
866 953
866 997
867 894
868 876
868 897
869 973
870 939
870 944
870 945
873 903
876 962
877 958
878 945
880 997
881 944
881 966
882 888
882 891
882 912
883 999
885 887
885 993
886 979
889 942
891 973
892 983
893 919
907 925
913 949
914 953
916 934
916 953
917 929
917 956
917 988
921 938
921 981
923 947
924 930
925 974
925 986
926 937
927 936
927 986
938 953
947 981
959 978
961 976
962 999
965 982
967 974
970 988
972 989
979 986
0
10 999
