250	270	 1
0 26
0 228
1 64
1 70
1 241
1 248
2 29
3 70
3 189
3 212
3 218
3 226
4 107
4 126
4 204
4 213
5 22
5 60
5 65
5 92
6 220
7 97
7 108
7 146
7 192
7 204
8 29
9 169
10 22
11 139
12 51
13 158
14 63
14 156
15 219
16 113
16 205
17 123
18 110
18 173
19 125
19 165
19 201
19 245
20 241
21 90
21 172
22 150
23 87
24 140
24 142
24 209
24 245
25 59
27 132
27 144
27 186
27 190
28 45
28 103
28 148
28 196
29 115
29 244
30 46
30 91
30 135
30 146
30 224
30 231
31 39
32 211
33 108
33 168
34 98
34 220
35 89
35 119
35 172
35 228
36 74
36 151
37 73
37 145
38 88
38 111
39 106
40 124
40 183
41 54
41 200
41 222
41 226
42 126
43 63
43 95
43 119
43 127
44 123
45 201
46 75
46 114
46 122
46 219
47 127
48 115
48 240
49 126
50 99
50 230
51 197
51 241
52 82
52 109
52 159
52 181
53 73
53 205
54 151
54 158
55 105
56 88
56 164
57 210
58 75
58 83
58 133
59 137
60 153
60 225
61 170
62 192
62 195
62 228
63 101
66 99
67 84
67 141
68 126
68 167
68 201
69 135
70 178
71 248
72 206
73 86
75 116
75 179
76 100
76 170
76 214
76 233
77 221
78 153
79 155
80 85
80 147
81 97
81 154
81 194
82 85
84 105
84 149
86 193
87 143
87 188
87 206
88 140
88 166
89 231
91 239
93 164
94 139
94 173
96 248
97 185
98 187
99 184
99 211
102 199
102 206
102 217
102 235
103 219
104 177
104 234
105 147
106 113
106 185
107 125
108 137
111 196
112 117
112 157
112 196
112 209
115 193
115 249
116 148
118 218
119 239
120 154
120 172
121 129
123 217
124 145
128 141
128 232
129 180
130 210
131 199
131 244
134 153
134 215
135 171
136 143
136 149
137 169
137 180
138 180
140 208
142 157
142 181
144 145
144 238
145 164
149 202
150 176
150 187
152 153
152 166
152 233
153 181
153 196
154 179
154 243
155 227
155 245
160 246
161 223
162 218
163 178
163 198
165 237
166 191
171 218
173 220
174 199
175 245
177 245
181 223
182 218
183 194
184 237
185 216
187 203
187 223
190 218
192 221
198 210
198 238
204 230
204 244
207 231
220 237
229 244
235 246
236 240
237 242
245 247
0
8 249
