250	276	 1
0 201
1 2
1 95
1 109
2 115
2 136
3 125
3 163
3 239
4 215
5 46
5 82
6 72
6 122
7 78
7 104
7 200
8 27
8 74
9 221
9 242
10 135
11 126
12 48
13 178
14 29
14 107
14 235
15 95
15 193
16 144
16 201
17 77
17 111
17 149
17 244
17 248
18 78
19 114
19 222
20 112
20 195
20 235
21 106
22 98
23 232
24 160
24 242
25 170
25 244
26 90
26 112
26 128
26 187
27 96
27 155
27 179
27 197
28 120
30 115
31 98
31 110
32 111
33 246
34 48
34 174
35 109
36 135
36 180
37 228
38 125
38 247
39 53
39 59
39 208
40 157
41 75
41 96
41 129
42 167
43 64
44 223
45 53
45 108
47 54
47 126
47 245
48 125
48 189
48 243
49 87
49 222
50 134
51 111
51 171
52 65
52 248
53 74
54 71
54 166
55 77
56 105
57 81
57 124
58 151
58 172
60 124
60 191
61 74
61 233
61 238
62 85
63 90
63 107
63 215
64 128
65 135
65 150
65 237
66 161
66 236
67 71
68 168
69 229
70 144
71 202
72 142
73 107
73 206
74 117
75 199
75 236
76 112
76 168
77 120
78 126
78 128
79 91
80 97
80 129
81 125
82 100
82 121
82 221
83 127
83 155
84 235
85 147
85 243
86 117
86 185
88 94
88 215
89 92
89 103
89 132
89 153
89 177
90 144
90 152
90 228
90 233
91 129
92 143
92 194
93 191
94 114
95 230
96 196
97 160
98 134
98 139
99 211
100 218
101 144
102 231
103 142
104 105
106 204
106 210
107 158
107 223
107 243
108 202
109 144
110 146
111 113
111 148
113 219
116 118
117 152
117 176
117 228
117 240
118 142
118 179
118 181
118 211
119 128
119 213
123 159
124 174
125 149
125 232
126 162
127 159
127 173
127 229
129 138
130 227
131 155
131 241
133 191
133 244
134 192
135 189
136 183
136 198
136 224
136 232
137 157
137 201
138 156
139 221
140 147
141 216
142 188
143 163
143 209
144 172
144 212
145 155
145 163
145 164
151 169
151 202
154 199
155 214
155 226
155 229
155 240
156 205
157 176
160 169
161 223
165 173
167 172
167 202
168 193
173 190
175 199
176 180
176 203
176 217
176 219
177 184
178 232
178 242
180 197
182 234
184 202
186 204
186 220
187 199
192 223
199 231
201 227
202 234
207 221
211 225
214 238
215 246
216 217
220 244
222 249
232 245
0
8 249
