250	282	 1
0 26
0 112
0 169
1 180
2 184
2 230
3 73
3 76
3 104
4 94
4 136
5 41
5 181
6 137
6 226
7 32
7 36
7 59
7 110
7 157
7 167
8 42
8 79
8 161
9 11
9 29
9 107
10 96
10 100
10 168
11 58
11 64
12 56
12 154
12 170
12 218
12 232
13 41
13 201
14 100
15 54
15 81
15 219
16 105
16 239
17 123
17 195
18 148
19 43
19 70
19 90
19 93
19 167
20 115
21 46
21 96
21 177
21 198
22 100
23 37
23 226
23 236
24 66
24 137
25 93
26 47
26 117
26 204
26 222
27 80
27 161
27 176
27 216
28 204
28 232
29 38
29 40
30 184
31 90
32 150
32 240
33 63
33 151
33 236
34 134
34 236
35 137
36 124
37 112
37 166
39 160
40 199
42 228
43 51
44 81
44 107
44 147
45 104
45 188
45 248
47 75
48 79
48 104
49 57
50 207
50 243
51 65
52 67
53 111
54 95
54 219
55 243
57 178
57 197
57 216
58 173
59 196
59 204
60 127
61 74
61 148
62 118
64 202
66 149
67 117
68 196
69 82
69 116
70 161
71 225
72 140
72 225
72 232
73 126
75 97
75 115
77 129
77 135
77 207
78 221
80 159
81 103
81 142
81 234
82 154
83 232
84 101
84 125
84 133
84 148
85 172
86 120
86 175
87 140
88 129
89 152
91 152
92 237
93 148
93 205
94 120
94 131
94 211
96 197
97 132
97 194
98 104
98 147
98 163
98 187
99 173
99 198
99 231
100 137
100 152
101 182
102 150
103 211
104 146
105 138
105 192
106 108
106 246
107 241
108 164
108 193
108 195
108 224
109 231
111 165
111 198
111 207
113 173
114 196
115 208
115 224
115 236
116 175
118 247
119 152
119 210
119 235
119 246
120 184
121 152
121 202
121 220
122 171
122 180
122 183
124 162
125 227
125 246
126 213
126 241
127 199
128 147
128 166
129 227
130 131
130 140
130 167
131 200
135 186
138 155
138 209
138 215
139 186
140 189
140 192
140 245
141 196
143 159
143 177
144 152
144 225
145 195
145 215
146 223
147 185
150 161
150 249
153 181
153 212
153 218
153 245
154 171
155 184
156 229
158 194
160 167
162 225
166 174
166 219
166 224
167 202
172 190
173 214
175 218
176 200
176 233
179 217
184 242
185 228
185 238
189 208
189 229
189 240
190 222
191 198
203 231
205 237
206 228
206 239
209 247
210 221
217 247
223 239
231 241
232 241
235 244
241 245
0
8 249
