250	279	 1
0 108
1 213
2 46
2 57
2 114
2 122
3 211
3 226
4 11
4 93
4 212
5 15
5 173
5 176
6 90
6 142
6 187
6 195
6 196
6 207
7 67
7 150
8 51
8 137
9 97
9 173
10 104
10 110
12 117
12 162
12 248
13 113
13 121
13 190
14 36
14 239
16 66
16 138
17 28
17 40
17 142
18 67
18 88
18 189
19 103
19 190
19 191
20 63
20 199
21 155
21 174
21 213
22 67
23 145
23 159
23 160
24 69
24 78
24 96
24 176
25 104
25 138
26 177
27 91
27 158
28 120
29 58
29 83
29 105
29 180
30 66
30 150
31 61
32 79
32 172
33 92
34 108
35 86
35 136
36 103
37 41
37 60
37 149
37 171
37 225
38 164
39 79
39 140
40 171
41 55
42 136
42 208
43 146
43 191
44 177
45 114
45 242
47 120
48 86
48 109
49 209
50 90
51 83
52 196
53 142
53 168
54 78
54 179
54 217
54 226
55 146
56 61
56 212
58 107
58 130
59 61
59 226
59 242
62 119
62 192
62 237
63 181
64 139
64 161
64 192
65 243
66 76
68 125
69 141
69 203
69 243
70 72
71 148
72 224
73 112
73 123
73 219
74 98
74 111
75 231
77 102
77 106
77 238
78 147
80 124
80 197
81 201
82 88
83 96
84 114
84 237
85 126
85 170
85 240
86 200
86 226
87 105
88 136
89 92
89 103
89 104
89 195
89 210
89 223
90 115
92 156
93 220
94 109
94 157
95 150
95 178
96 188
97 237
99 158
100 152
100 228
101 126
101 245
102 124
102 234
105 111
108 159
108 236
110 140
110 214
111 153
112 181
114 194
114 213
115 154
115 212
116 174
117 211
118 167
120 175
121 157
124 214
125 169
125 171
126 130
127 152
127 189
128 173
129 131
129 135
129 206
129 243
130 138
130 157
130 247
132 173
132 177
132 193
133 134
133 150
134 157
136 167
137 157
137 221
138 244
140 211
140 248
141 169
143 186
144 176
145 182
145 216
145 217
146 193
146 246
148 149
148 204
148 205
150 175
150 206
151 200
152 194
156 164
156 166
158 162
158 219
159 230
161 186
161 191
163 181
163 201
165 198
165 235
167 203
168 222
171 244
173 228
177 178
177 198
178 241
181 183
182 187
183 224
184 202
185 189
185 229
188 196
192 211
194 209
197 202
202 231
204 226
206 232
207 233
211 215
211 227
213 218
213 240
214 243
219 249
228 232
228 243
231 247
241 242
0
8 249
