250	298	 1
0 97
0 109
1 109
2 102
3 180
3 193
4 40
4 133
4 136
4 203
5 144
6 139
6 163
7 241
8 57
8 173
8 232
9 65
10 53
10 59
10 210
11 207
12 175
13 113
14 119
14 130
14 229
15 40
15 246
16 198
17 120
17 213
18 118
18 132
18 218
18 244
19 44
19 218
20 114
20 180
21 67
21 185
22 173
23 60
23 128
23 217
24 32
24 35
24 116
25 58
25 247
26 98
26 235
27 48
27 102
27 241
28 111
28 116
29 205
30 134
30 201
31 55
32 45
32 81
32 141
33 193
34 138
34 166
35 61
35 111
35 214
36 243
37 138
38 162
38 212
39 42
40 167
41 48
41 113
42 78
42 152
42 154
42 165
42 179
43 221
44 55
44 92
44 98
44 158
45 99
45 117
45 131
45 148
45 209
46 96
46 100
46 159
46 172
47 187
47 199
48 130
49 123
50 177
50 191
50 207
51 132
52 202
53 113
53 145
53 192
54 79
54 98
54 172
55 173
55 194
55 221
56 94
56 96
57 237
58 122
58 162
58 195
58 197
59 184
60 207
61 167
62 133
63 67
63 130
64 94
64 139
64 180
65 77
65 110
66 199
67 146
68 83
69 87
69 147
70 147
71 117
71 142
71 149
72 195
73 130
74 103
74 170
75 95
75 249
76 234
77 129
77 219
78 84
78 86
78 170
78 186
79 95
79 154
80 233
80 244
81 231
81 238
82 204
82 240
83 215
85 94
85 112
85 137
85 183
85 189
85 196
86 125
86 145
87 89
87 230
88 145
88 198
88 208
89 127
89 161
89 220
89 245
90 202
90 224
91 130
92 190
93 104
94 214
95 128
95 143
95 206
96 135
96 215
97 218
99 193
101 190
101 215
102 118
102 138
102 200
103 138
104 114
105 134
105 144
106 126
107 200
108 143
108 162
108 172
109 150
110 196
111 168
112 222
113 160
113 227
114 168
114 175
114 225
114 242
115 128
117 119
117 249
118 194
119 157
119 175
120 196
121 153
121 174
121 193
122 123
122 154
123 158
124 130
126 142
126 152
127 183
129 231
131 239
132 163
134 204
136 238
136 239
137 161
137 212
138 227
139 147
140 218
142 155
144 161
144 203
147 150
147 248
148 176
150 168
151 213
156 231
159 163
159 205
160 165
162 163
164 166
164 221
165 181
168 173
168 175
169 176
171 223
171 226
177 223
178 228
179 191
180 243
182 216
183 234
184 237
184 247
185 191
185 201
187 194
188 209
188 229
191 199
191 230
192 222
193 228
194 211
195 242
197 224
202 224
203 216
208 219
209 216
213 240
214 245
220 223
224 248
229 236
229 248
0
8 249
