250	276	 1
0 233
1 9
1 90
1 156
2 4
2 32
3 88
3 192
4 171
4 185
4 214
5 20
5 113
5 242
6 35
6 46
6 93
6 153
6 187
7 42
7 220
7 227
8 25
9 210
10 128
10 248
11 39
11 149
11 162
11 220
12 163
13 45
14 46
14 128
15 189
15 223
16 104
16 232
17 100
18 27
18 140
19 34
19 185
20 173
21 36
21 69
22 86
22 105
23 34
24 184
24 224
25 233
26 45
26 160
27 43
28 61
28 180
28 211
29 36
29 68
29 161
29 189
29 226
30 227
31 147
31 173
31 203
32 104
32 166
33 116
34 82
36 204
37 71
37 89
37 231
38 66
38 201
38 218
40 189
41 85
43 114
43 203
44 85
44 111
44 247
45 65
45 95
45 119
47 237
47 248
48 151
48 217
49 211
50 75
50 99
50 134
50 211
51 167
51 182
51 193
51 231
52 124
52 213
53 98
54 138
55 75
55 191
56 97
56 214
57 107
57 130
58 159
58 168
59 183
59 212
60 184
60 199
61 97
62 122
62 200
63 224
63 246
64 148
64 235
64 236
65 158
67 106
67 166
69 115
69 135
69 159
70 122
70 216
71 167
71 221
72 107
72 172
72 215
73 76
73 83
73 103
73 114
73 138
74 176
74 211
77 145
77 173
77 228
78 100
79 88
79 243
80 157
81 213
84 95
84 234
85 90
85 241
86 112
87 183
90 123
91 101
91 139
91 223
92 117
94 105
94 234
95 238
96 152
96 220
98 174
98 235
100 154
100 203
102 126
102 175
105 148
105 218
106 108
108 212
109 249
110 116
110 240
111 165
111 178
112 239
113 132
113 138
114 247
115 146
115 155
116 197
116 248
117 167
117 202
117 214
117 233
118 231
120 197
121 219
122 124
122 160
122 248
125 171
125 175
125 194
127 204
129 150
129 194
131 222
133 208
135 163
135 174
136 229
137 226
137 243
138 183
139 219
140 165
141 174
141 198
142 217
143 164
144 178
145 152
146 201
147 224
153 237
154 163
155 208
155 238
156 235
156 241
157 198
157 222
159 181
160 190
162 231
164 174
165 170
167 200
168 178
169 188
171 186
171 242
172 218
174 183
174 249
175 208
176 193
177 191
179 204
179 207
180 191
180 246
187 208
187 217
188 202
193 245
194 195
194 197
196 216
196 226
198 205
201 206
203 229
204 239
206 207
209 213
209 218
214 244
215 249
225 240
226 230
227 232
233 243
234 236
0
8 249
