250	287	 1
0 225
0 243
1 88
1 100
2 81
3 6
3 127
4 215
5 63
5 118
5 216
5 234
5 248
6 10
6 77
6 171
7 8
7 15
7 25
8 107
8 144
9 90
9 115
9 127
9 128
9 151
9 222
9 249
11 22
11 89
11 233
12 87
13 82
14 189
15 98
15 192
16 176
17 96
17 139
18 59
18 101
19 43
20 42
20 193
21 231
22 156
23 170
24 180
24 209
24 218
25 107
26 45
26 81
26 102
26 107
26 133
27 137
27 183
28 34
28 237
29 55
29 149
29 213
30 46
30 231
31 83
31 101
31 117
31 247
32 79
32 103
32 184
32 210
33 74
33 154
33 195
34 175
34 195
35 92
35 133
36 69
36 105
36 145
36 180
37 44
37 215
37 226
38 134
38 211
39 46
39 108
39 203
39 208
40 130
40 153
40 172
40 197
41 209
42 60
42 89
43 70
43 179
43 182
44 126
47 50
47 144
47 164
47 212
47 234
48 242
49 60
50 61
50 73
50 237
51 194
52 104
53 121
53 192
54 213
54 237
56 97
56 209
57 95
58 120
59 246
61 131
61 196
62 173
64 157
64 184
65 201
65 217
66 174
66 176
67 119
67 129
68 69
68 204
69 190
69 247
70 117
70 158
70 239
71 96
72 200
73 75
73 96
76 108
76 173
76 203
77 122
77 133
77 148
77 167
77 215
77 228
78 199
80 242
82 86
82 143
82 160
83 129
84 145
85 202
87 120
87 158
88 178
88 181
88 219
89 183
89 200
89 216
89 217
90 141
91 104
91 242
92 159
93 116
93 191
94 176
94 210
95 164
96 104
99 231
101 225
103 135
103 140
103 152
104 244
105 183
106 145
107 160
107 224
108 122
108 174
109 137
109 161
109 229
110 222
111 114
111 158
111 221
112 116
112 169
113 143
113 144
114 129
114 159
115 180
116 162
119 217
120 230
123 135
124 151
125 169
126 136
127 196
129 219
129 231
131 214
132 163
132 208
132 236
133 229
134 141
135 242
135 247
136 187
136 227
138 211
138 231
140 176
141 212
142 229
142 246
143 166
145 245
146 244
147 229
148 180
149 234
150 234
151 211
152 187
152 198
153 201
153 206
155 197
156 205
159 167
160 197
162 163
162 186
165 222
168 239
168 242
170 229
172 209
172 220
174 202
174 232
175 177
177 216
180 181
182 186
185 240
188 220
188 244
189 192
189 233
190 247
194 229
195 248
196 242
197 247
199 217
202 215
205 217
207 230
211 249
217 223
223 241
229 238
230 240
230 249
231 248
235 240
0
8 249
