250	293	 1
0 174
1 50
1 77
1 205
1 216
2 133
3 76
3 85
3 191
4 101
5 72
5 149
6 97
6 192
7 147
8 227
8 246
9 20
9 102
9 183
9 186
10 18
10 27
10 84
11 15
11 173
12 195
13 238
13 240
13 249
14 235
16 38
16 100
16 117
16 248
17 36
17 247
18 25
18 30
19 145
21 56
21 98
22 73
23 56
23 61
23 112
23 169
23 180
24 70
24 139
24 246
25 189
26 40
26 172
26 221
27 198
28 161
28 183
28 200
29 131
29 168
30 132
31 36
31 115
32 133
32 200
32 209
33 51
33 219
34 55
34 218
35 216
36 69
36 163
36 182
36 234
37 42
37 191
38 172
38 215
39 88
39 162
39 217
40 53
40 128
40 188
40 225
41 93
41 167
42 55
42 139
42 171
43 87
43 132
44 107
44 187
44 230
45 150
45 230
46 92
46 232
47 137
48 64
48 153
48 162
49 167
49 173
49 231
50 65
50 122
50 233
51 64
52 103
53 71
53 88
54 133
54 154
56 183
57 68
57 135
58 125
58 235
59 160
59 232
59 243
60 110
60 175
60 219
61 106
62 179
63 131
63 196
65 208
66 109
67 72
67 80
68 70
68 201
69 74
69 144
69 165
69 222
69 223
70 191
70 209
73 190
74 99
75 118
75 173
76 90
77 230
77 239
78 101
78 209
79 167
79 178
79 243
80 136
81 107
81 146
81 234
82 113
82 233
83 220
84 229
85 134
86 200
87 103
87 122
88 148
88 176
88 243
89 125
89 181
90 179
91 162
92 211
93 230
94 190
95 99
95 127
96 190
96 220
97 122
98 121
98 130
98 185
99 171
102 129
102 138
103 134
104 119
105 193
106 220
107 161
107 177
108 171
109 122
110 124
111 113
111 171
114 166
114 207
115 213
115 245
116 136
116 138
116 194
118 217
119 157
120 189
120 211
121 190
121 197
122 152
123 144
123 214
124 175
124 195
125 239
125 240
126 186
126 190
127 143
127 167
128 179
129 223
130 207
131 132
135 171
136 239
136 248
137 146
138 150
138 223
139 141
139 189
139 208
140 230
142 237
143 148
145 209
145 227
146 242
147 216
148 164
149 212
151 154
151 236
153 186
154 247
155 211
156 228
157 189
158 184
158 221
159 165
165 193
166 174
166 183
168 204
169 214
169 230
170 224
172 186
173 175
173 229
173 241
176 238
178 203
178 241
179 204
182 210
183 238
185 241
186 218
190 198
192 231
194 196
195 238
199 212
199 233
199 246
200 244
202 221
204 222
204 237
205 226
206 219
220 225
224 243
224 245
228 247
0
8 249
