250	270	 1
0 209
0 235
1 25
2 109
3 101
3 199
3 216
4 145
4 147
4 158
5 18
6 79
6 83
6 157
6 172
6 203
7 48
7 151
8 190
9 13
9 175
9 177
9 244
10 220
11 41
11 110
12 33
12 58
14 62
14 164
14 168
15 22
15 37
15 153
16 19
17 211
18 136
18 147
18 197
19 40
19 57
19 128
19 232
20 21
21 206
22 183
23 186
24 77
24 235
25 120
26 113
27 200
28 168
28 170
28 227
29 38
30 139
30 235
31 71
31 154
32 73
33 239
34 84
34 106
35 75
36 92
36 101
36 181
37 142
38 97
38 176
38 242
39 94
40 87
41 183
42 90
43 99
43 215
44 64
44 218
45 148
46 156
47 222
48 184
49 98
49 185
49 210
50 93
50 215
51 56
51 191
52 155
52 156
53 56
53 185
54 173
55 104
55 134
55 155
55 198
56 161
57 229
57 246
59 114
60 88
60 169
61 77
61 150
61 245
63 118
63 167
64 130
64 240
65 108
66 129
66 174
67 175
67 182
68 186
69 148
69 237
70 222
70 245
72 158
73 236
73 240
74 190
74 230
75 187
76 152
76 210
78 129
78 138
78 208
78 217
79 142
80 185
81 115
81 143
81 201
82 85
83 127
83 184
83 234
84 121
85 173
86 135
88 91
88 166
88 244
89 123
89 209
89 227
89 247
90 96
90 123
90 210
90 216
91 146
91 155
94 119
94 126
94 245
95 196
97 115
97 181
98 133
98 245
100 155
102 167
103 135
104 154
104 193
105 148
106 151
107 140
107 154
107 187
107 195
108 125
109 111
109 216
111 213
112 127
113 211
114 183
116 170
117 203
118 180
119 176
120 161
120 212
121 205
121 239
122 172
123 167
124 129
124 176
124 214
125 197
126 161
127 139
131 190
132 238
134 157
134 245
135 192
135 219
135 220
136 197
137 186
137 228
138 221
139 225
141 175
142 243
144 243
145 226
147 162
147 244
148 177
149 198
149 228
149 248
152 240
153 171
158 200
158 220
159 209
160 237
161 238
162 190
163 172
163 207
164 189
165 188
165 196
166 232
168 194
173 239
174 225
174 241
178 181
179 190
179 224
182 223
184 192
186 244
188 224
189 233
190 192
191 230
192 196
192 215
194 236
200 238
201 234
202 242
204 223
205 230
206 245
210 249
211 249
219 249
221 229
226 233
231 248
239 244
239 249
241 242
0
8 249
