250	277	 1
0 57
0 93
0 129
0 219
1 6
1 182
2 160
2 229
3 228
4 67
4 96
5 24
5 148
6 24
6 114
6 225
7 228
7 240
8 10
9 111
9 227
9 243
10 96
11 70
12 17
12 34
12 213
13 44
13 149
14 93
14 165
15 75
15 219
16 54
16 95
16 132
16 220
17 73
17 137
17 175
18 105
19 86
20 201
21 68
21 207
22 69
22 118
22 241
23 90
24 56
24 208
25 33
25 101
26 65
27 52
27 73
27 124
27 194
27 240
28 220
29 78
30 168
30 204
31 53
31 96
32 97
32 126
33 92
33 229
33 246
34 179
35 175
36 246
37 139
37 205
38 103
39 79
39 80
39 119
39 171
40 191
41 86
42 128
42 137
42 169
42 236
43 120
43 237
44 139
44 244
45 60
45 103
45 139
45 150
45 160
46 156
46 180
46 214
47 112
47 139
48 55
48 135
49 72
50 211
50 219
50 229
51 96
51 108
52 176
52 198
52 207
53 96
55 235
58 119
58 141
59 87
61 180
61 218
62 188
63 121
63 188
64 238
65 186
66 68
66 70
66 153
66 166
69 106
69 107
71 172
71 233
72 87
72 233
72 243
74 176
74 249
75 101
75 105
75 168
76 96
76 111
77 109
78 184
79 134
79 193
79 200
81 120
81 161
82 130
83 153
84 110
84 238
85 136
85 174
85 207
86 148
86 164
86 185
86 246
88 208
88 219
89 212
90 175
90 207
91 186
91 204
93 187
94 162
94 235
95 210
98 145
98 146
98 151
99 108
100 220
101 234
102 154
102 191
104 176
105 136
105 180
106 118
108 124
109 112
110 140
111 135
111 190
111 194
111 247
113 161
114 199
114 203
115 203
116 147
116 164
117 202
118 216
119 178
120 122
121 138
122 173
123 128
125 227
126 249
127 192
127 236
130 177
131 192
131 227
132 232
133 222
136 202
137 158
138 167
138 216
138 248
140 237
141 164
142 203
143 230
144 166
145 202
146 187
146 215
152 199
154 180
155 226
157 180
158 172
158 210
158 227
159 191
159 223
159 247
162 201
163 174
164 166
167 204
168 193
168 235
169 191
170 198
170 218
171 220
172 232
174 222
177 184
177 215
178 229
180 207
180 208
181 239
181 246
183 187
183 202
184 238
185 224
186 226
186 237
189 227
193 195
194 205
194 212
195 196
197 202
199 206
200 230
201 228
204 209
205 220
212 230
217 221
219 242
219 245
221 236
231 242
232 240
0
8 249
