250	277	 1
0 169
1 141
1 203
1 242
2 10
3 109
3 184
4 179
5 31
5 150
5 198
5 206
6 159
6 203
6 232
7 142
8 60
8 171
9 180
10 29
10 98
10 199
10 202
11 241
12 223
13 238
14 22
14 180
14 219
15 63
15 81
16 55
16 131
16 231
16 239
17 96
18 60
18 93
18 99
18 203
18 235
19 91
19 227
20 170
20 224
21 91
21 112
21 173
22 82
23 158
24 87
24 90
24 226
24 233
25 61
25 161
26 88
26 144
26 238
27 177
27 244
28 46
28 84
28 135
28 240
29 48
29 124
30 209
32 85
32 198
33 236
34 187
34 224
35 133
36 154
36 177
37 50
37 146
37 207
38 107
38 136
39 172
40 87
41 158
41 193
41 212
42 107
42 124
42 187
42 221
43 178
44 159
44 189
45 211
45 231
46 80
46 130
47 106
48 76
49 91
49 132
49 218
50 201
50 232
51 73
51 214
52 60
52 215
53 133
54 161
55 112
56 207
57 111
57 220
58 226
59 78
59 93
60 172
61 130
62 89
62 143
62 145
62 246
63 166
64 110
64 243
65 103
65 188
66 140
66 153
67 163
68 169
68 200
69 147
69 245
70 142
70 196
70 240
71 180
71 216
72 117
72 125
72 126
72 242
73 111
73 195
74 124
75 163
75 248
77 145
77 227
78 81
78 163
79 235
80 214
81 161
82 154
82 179
83 97
86 92
88 134
88 180
88 234
89 134
90 178
90 186
90 191
92 112
92 156
93 102
94 172
94 175
94 217
94 222
94 245
95 205
96 162
97 98
97 138
99 225
100 223
101 113
101 122
102 141
104 216
105 130
105 228
106 117
106 232
108 204
108 217
109 111
112 147
112 230
114 166
115 197
115 232
115 245
116 138
116 180
117 151
118 166
118 174
119 231
120 171
120 182
121 160
122 219
123 213
124 154
124 194
126 147
127 233
128 246
129 219
130 178
130 181
133 168
134 156
137 164
138 142
139 207
140 163
142 147
142 176
144 184
146 233
146 246
147 155
148 199
149 235
149 247
150 158
150 163
150 168
152 242
155 189
155 249
156 187
157 212
158 162
158 164
158 210
160 172
161 165
161 180
161 219
163 189
164 237
165 232
167 188
168 207
169 188
169 241
174 213
175 195
175 236
177 205
178 243
180 190
180 223
183 206
185 200
185 248
187 206
188 245
190 198
192 206
192 209
192 210
196 208
201 218
208 209
216 230
224 234
225 235
229 238
0
8 249
