250	284	 1
0 7
0 37
0 233
1 162
2 42
2 123
2 196
2 214
2 236
3 103
3 147
4 54
4 106
4 116
4 224
5 65
5 221
6 131
6 209
7 71
7 89
7 91
7 175
7 221
8 117
8 118
8 161
9 21
10 46
10 51
10 74
10 158
11 40
12 56
13 70
14 49
14 99
14 149
15 119
16 126
16 159
16 166
17 243
18 108
19 29
19 89
19 153
19 208
20 24
20 117
20 149
21 28
21 109
21 155
21 173
21 213
22 94
22 124
22 142
22 146
22 234
23 25
23 135
23 192
24 82
24 201
24 249
25 46
25 89
25 227
26 31
26 85
26 222
27 61
27 109
27 130
27 193
28 87
30 108
30 193
30 244
31 153
32 41
32 220
33 63
34 91
35 103
36 89
37 70
37 121
37 182
38 77
38 175
38 185
39 124
40 217
41 137
41 227
43 62
43 242
44 194
45 62
45 114
46 92
46 108
46 156
46 225
47 128
48 62
48 125
48 228
48 244
50 63
50 115
51 63
51 121
52 115
52 219
53 208
54 205
55 77
55 123
56 69
56 160
57 101
57 217
57 244
58 152
59 175
60 80
62 107
63 134
63 178
63 236
64 71
64 81
64 107
64 175
65 210
66 115
66 116
66 131
67 111
67 242
68 148
70 100
70 115
70 240
72 91
73 179
74 185
75 204
75 248
76 154
76 174
77 129
77 217
78 103
79 153
80 230
81 144
82 120
83 110
83 180
83 198
84 103
85 96
86 169
86 201
87 168
88 128
88 186
90 220
91 203
92 129
92 136
92 141
93 172
95 242
96 116
97 207
97 224
98 226
99 100
101 207
102 113
102 152
103 185
103 235
104 197
105 201
107 198
108 237
111 170
112 163
113 221
113 243
115 184
116 176
116 206
117 143
117 163
119 131
120 164
122 140
124 212
124 226
124 228
124 229
124 231
125 177
127 187
127 212
128 145
128 192
129 223
130 214
130 228
132 163
132 214
133 135
133 241
136 194
136 237
138 150
138 204
139 168
140 142
141 200
141 246
142 202
145 189
145 238
146 219
148 188
150 236
151 236
152 165
152 225
157 249
158 161
159 216
160 219
161 186
161 204
162 189
162 190
162 218
164 197
166 236
167 197
167 198
167 205
168 175
171 179
172 189
172 232
173 174
174 189
174 215
176 183
179 230
179 244
181 194
181 206
188 219
190 216
191 219
194 247
195 222
197 245
199 211
203 241
203 248
207 242
211 224
215 230
217 227
222 239
228 241
240 247
242 247
243 246
245 246
0
8 249
