250	279	 1
0 133
1 24
1 109
2 84
2 148
3 41
3 102
3 230
4 37
4 159
4 186
5 62
5 87
5 199
6 151
7 178
7 204
7 226
8 29
8 198
9 52
10 124
10 177
10 236
11 87
11 141
11 197
12 73
12 118
13 19
13 73
13 75
14 102
14 222
14 241
15 52
15 144
15 234
16 68
17 21
17 65
18 99
18 128
19 135
19 139
19 142
19 196
20 79
20 113
20 134
21 57
22 44
23 25
23 107
23 133
23 239
24 100
25 95
25 175
26 148
27 188
28 152
29 66
30 54
30 62
30 212
31 221
32 149
32 236
33 63
33 117
34 125
35 41
35 146
36 78
36 232
38 173
38 238
39 115
40 83
40 140
40 144
41 101
41 189
42 70
43 148
43 182
43 192
44 94
44 138
44 161
44 213
45 129
45 145
46 191
46 214
47 207
47 238
48 126
49 101
49 126
50 59
50 151
50 192
50 193
50 227
51 124
52 226
53 247
55 69
55 214
55 218
56 137
57 187
58 121
58 192
60 236
61 150
62 98
62 119
62 123
64 144
65 113
67 217
68 137
68 201
68 232
69 72
69 145
70 151
71 147
71 190
72 106
72 111
72 165
73 154
74 76
74 81
74 170
77 102
78 166
79 100
79 116
80 237
82 159
84 170
85 117
85 125
85 212
86 166
87 127
88 95
88 233
89 203
90 200
91 147
91 164
91 175
92 241
93 216
94 119
94 145
95 169
96 141
96 158
97 241
97 247
98 223
99 105
99 131
99 138
99 240
102 139
102 183
103 145
103 227
104 114
104 232
104 235
105 132
106 171
107 160
108 153
108 204
109 165
109 224
110 127
112 141
112 179
114 188
115 239
116 227
116 233
117 175
117 214
118 215
119 130
119 237
120 173
122 145
122 194
123 246
125 131
125 159
125 229
126 248
127 160
127 192
132 136
132 192
135 197
137 213
137 245
140 178
140 200
140 243
141 205
143 168
143 248
144 198
144 238
147 174
149 223
150 161
150 249
151 169
152 218
155 172
155 198
156 225
156 226
157 210
159 243
160 210
162 212
163 206
166 203
166 211
166 244
167 210
168 172
168 220
169 208
171 196
171 238
174 230
175 176
175 205
176 231
177 228
179 215
180 184
181 243
184 190
184 222
184 246
185 232
188 192
188 202
188 215
189 213
192 201
195 239
196 198
200 215
200 216
200 239
200 241
201 237
204 243
206 213
208 242
209 238
215 227
217 233
219 237
220 249
221 241
228 247
0
8 249
