250	272	 1
0 67
0 189
0 245
1 5
1 41
1 86
1 94
1 118
2 138
2 153
2 209
3 43
4 39
4 124
4 164
4 196
5 237
6 32
7 88
8 216
9 139
9 210
10 193
11 172
12 16
12 202
13 82
13 103
13 163
14 117
14 175
14 216
14 228
15 247
16 113
16 177
17 152
18 221
19 72
19 108
19 109
20 53
20 67
20 134
21 45
22 222
22 232
23 156
23 229
24 105
25 120
26 156
26 176
26 186
27 44
28 162
28 201
29 60
29 172
30 127
30 138
31 144
31 181
32 87
32 107
33 221
34 40
34 197
35 75
36 96
37 129
37 166
38 129
38 210
38 215
39 110
40 71
41 104
41 129
42 174
43 70
44 201
45 111
46 237
47 51
47 188
47 211
48 98
49 90
49 125
49 130
50 232
50 241
51 201
52 114
53 196
53 203
54 77
54 80
54 93
55 226
55 232
56 154
56 168
56 220
57 123
57 241
58 94
58 239
59 100
59 126
59 199
59 227
60 80
60 158
61 231
62 232
62 242
63 119
63 194
64 164
65 214
66 87
66 133
66 248
67 131
67 146
67 172
67 247
68 95
69 95
70 71
70 188
71 117
73 184
74 190
75 122
75 218
76 79
76 84
77 92
77 209
78 103
78 224
79 89
79 115
81 119
81 150
81 246
82 221
83 107
84 86
84 206
84 249
85 181
85 218
86 210
87 193
88 96
88 101
88 152
88 215
90 180
90 184
90 223
90 231
91 174
91 188
92 142
92 169
94 203
95 143
95 186
96 169
97 147
97 178
98 161
98 246
99 133
99 213
100 179
100 201
100 227
100 234
102 195
102 232
103 146
105 120
106 135
106 188
107 134
108 195
109 155
109 168
110 183
110 243
111 128
111 169
112 158
113 198
113 239
114 121
115 156
115 183
116 229
118 234
120 184
120 197
121 137
122 147
122 184
124 140
124 190
125 200
126 162
127 177
128 145
130 141
130 170
132 221
133 148
136 149
137 142
142 159
142 214
142 216
145 219
147 164
149 167
151 159
153 186
154 165
154 186
154 190
156 171
157 175
159 242
160 209
161 224
162 213
164 239
165 185
165 243
166 175
166 233
167 169
167 229
168 197
168 204
173 243
174 193
176 240
179 183
182 210
186 191
187 239
190 192
193 194
195 230
199 217
201 236
205 209
205 235
207 214
208 241
212 230
212 235
215 238
218 237
220 233
225 244
227 244
0
8 249
