250	274	 1
0 136
1 123
1 192
2 104
3 11
3 37
3 76
3 92
4 77
4 196
4 217
5 36
5 128
5 146
5 156
5 191
5 203
5 219
5 244
6 126
7 21
7 230
8 114
8 120
8 139
8 176
9 165
10 40
10 71
10 117
10 122
11 80
11 91
12 178
13 38
13 212
14 65
14 136
14 137
14 171
15 212
16 147
16 218
16 249
17 147
18 26
18 106
19 196
20 61
20 90
21 67
21 120
21 174
21 195
21 222
22 152
22 174
23 179
23 223
24 116
25 64
25 149
26 118
26 143
27 39
27 86
27 155
27 207
28 34
28 198
29 87
29 190
30 34
31 114
32 51
32 193
33 73
34 80
34 211
35 205
37 46
37 106
37 168
37 175
38 81
38 84
39 70
39 223
39 225
40 63
40 75
40 239
41 229
41 231
42 199
42 246
43 136
43 211
44 164
45 88
46 170
46 189
47 217
48 202
49 53
50 159
50 190
51 101
51 163
52 53
53 56
53 166
53 234
54 98
55 103
55 162
56 151
57 135
57 225
58 178
59 157
60 75
60 178
61 74
61 141
62 76
62 80
62 134
64 75
66 206
67 177
68 132
69 166
70 215
70 216
71 208
72 95
72 180
72 183
73 220
74 128
75 134
75 164
75 186
75 226
77 139
77 201
78 96
79 136
79 162
79 243
80 121
80 183
81 116
81 239
82 183
82 190
83 202
83 224
85 144
85 158
86 124
88 136
88 163
89 209
90 219
91 216
93 156
93 181
93 194
94 220
96 97
96 113
96 167
98 127
98 200
99 185
99 247
100 179
101 123
101 185
102 222
103 242
104 105
104 122
104 173
105 112
106 187
107 136
108 200
109 119
110 136
111 127
112 125
112 172
113 182
114 210
115 138
118 134
119 204
123 242
124 185
125 150
125 212
125 236
126 149
127 234
129 218
130 239
131 144
131 155
131 174
132 138
133 182
138 163
139 161
140 210
141 147
141 189
142 220
143 204
145 249
146 232
148 186
150 154
152 169
152 182
153 240
154 227
155 209
157 224
157 233
159 246
160 248
162 221
165 228
167 213
170 242
171 209
171 234
174 184
174 185
174 204
174 209
175 214
177 183
178 233
179 211
182 209
183 220
184 190
184 192
184 248
188 234
192 245
193 203
194 217
197 207
197 241
198 236
200 238
201 247
202 246
205 222
205 246
206 224
209 236
211 219
218 228
221 228
222 237
222 240
231 236
235 246
0
8 249
