250	275	 1
0 83
0 110
0 241
1 111
2 160
3 39
3 60
3 100
3 150
4 67
4 141
4 193
4 207
5 67
5 244
6 117
7 118
8 85
8 128
8 140
9 91
10 61
10 210
11 66
12 37
12 184
13 47
13 90
14 58
14 238
15 106
15 120
16 158
16 233
17 163
17 170
18 77
18 223
19 158
19 209
20 43
20 53
20 59
21 49
22 136
22 213
23 135
23 161
24 139
24 168
24 204
25 109
25 127
25 208
26 176
27 135
28 97
28 223
29 66
29 148
30 188
31 68
31 199
32 112
32 176
32 207
32 220
33 104
33 125
33 151
33 168
34 109
35 209
36 247
37 198
38 180
39 234
39 245
40 41
40 81
41 174
41 199
42 76
42 157
42 248
43 105
43 143
43 203
43 229
44 70
44 139
44 213
45 171
46 201
47 181
48 118
49 191
49 201
50 164
51 210
51 233
52 80
52 84
52 108
52 110
52 175
53 119
54 202
55 89
55 192
55 221
56 64
57 170
57 197
57 232
58 210
59 138
59 216
59 248
60 77
60 79
60 247
62 86
62 171
63 131
63 147
64 135
64 159
64 174
65 88
66 137
67 83
69 95
70 147
70 210
70 215
71 181
72 84
73 206
74 121
75 90
75 236
76 215
76 242
77 129
77 231
78 188
78 194
78 237
79 159
79 173
80 102
82 144
82 233
83 167
83 197
85 112
85 236
87 118
87 182
88 95
88 211
91 104
92 139
93 233
94 158
96 161
97 180
97 246
98 242
99 144
99 217
101 203
103 204
104 106
105 234
107 108
107 154
107 179
108 186
108 224
109 112
110 233
111 135
113 120
114 149
115 189
115 219
116 181
117 182
117 206
118 158
118 232
120 231
121 122
122 220
123 140
123 148
123 181
124 233
125 169
126 180
127 249
128 205
130 200
130 240
131 158
131 164
132 171
133 194
134 146
134 187
134 239
135 156
136 144
137 170
137 178
139 155
139 188
139 191
139 199
140 241
141 220
142 232
143 166
143 176
145 218
146 150
149 212
149 218
150 175
152 170
153 186
158 210
158 221
159 192
160 174
160 198
162 226
162 245
164 207
165 195
166 207
167 230
170 178
171 236
172 214
172 221
175 245
177 186
180 233
182 186
182 196
183 224
185 211
187 188
187 234
188 221
190 193
190 212
191 216
191 236
193 225
195 199
199 222
200 220
202 237
203 228
211 238
218 243
219 227
219 247
227 235
231 246
239 244
0
8 249
