250	272	 1
0 43
0 75
0 174
1 16
2 132
3 92
4 128
4 218
4 224
5 136
6 137
7 12
8 103
9 175
10 72
11 65
11 87
12 158
13 84
13 122
14 96
15 54
15 93
15 124
16 24
16 50
16 70
16 92
17 156
17 222
18 108
18 111
18 192
18 204
18 246
19 40
19 53
19 60
19 91
20 77
20 114
20 137
20 205
21 52
22 173
22 217
23 158
23 211
24 207
25 108
26 55
26 190
26 216
27 94
27 122
27 199
28 29
28 38
28 87
28 134
28 168
28 249
29 174
30 42
30 55
30 127
31 201
31 244
32 79
32 96
33 74
33 140
33 213
33 215
34 247
35 109
35 210
35 218
36 90
36 116
36 165
36 166
36 170
37 153
37 172
37 221
38 218
38 240
39 59
39 112
39 117
39 208
39 219
40 81
41 48
41 117
41 209
41 220
42 146
42 200
42 237
43 63
43 157
44 117
45 142
46 63
46 131
46 208
47 86
49 128
50 107
50 136
50 147
50 194
51 141
52 96
53 69
53 144
53 157
53 164
54 176
54 232
56 83
56 168
56 185
56 226
57 98
57 231
57 242
58 63
59 225
60 105
61 189
61 229
62 125
62 144
62 160
63 67
63 212
64 129
64 171
66 113
67 90
67 163
68 85
68 180
70 206
71 90
72 96
72 142
73 117
73 222
74 139
74 162
74 238
75 195
76 90
77 103
77 148
78 120
80 117
82 176
82 187
83 88
83 223
84 95
84 154
85 156
86 155
86 203
87 142
88 110
89 230
90 216
91 198
92 105
92 214
94 145
95 109
95 116
96 242
97 215
98 126
99 105
100 213
100 247
101 132
102 231
103 142
103 158
103 244
104 219
105 222
106 149
107 225
109 243
113 135
114 227
115 186
115 196
116 152
118 165
118 179
119 227
120 150
120 159
121 184
123 195
124 227
125 234
127 152
130 161
130 171
131 231
132 143
132 168
132 184
133 233
133 238
134 178
134 181
135 191
136 179
138 148
140 184
141 179
142 188
143 197
144 167
144 199
144 248
145 221
147 182
147 238
149 200
150 239
151 154
151 158
151 175
151 235
153 161
154 189
155 193
155 247
156 159
157 167
158 246
159 176
159 186
160 217
161 183
162 170
169 183
169 219
170 191
173 202
173 249
175 177
185 212
185 233
193 194
199 201
200 211
201 215
203 236
213 227
226 227
228 233
230 242
233 244
241 242
241 245
0
8 249
