50 100
0 6
0 17
0 34
1 15
1 27
1 46
2 19
2 38
1 3
3 23
3 36
3 40
3 48
4 47
5 11
5 17
5 20
5 25
5 45
5 49
8 20
8 24
8 35
9 12
9 18
9 39
10 29
1 11
11 16
11 34
2 13
11 14
15 20
16 20
16 45
4 17
9 17
17 45
18 19
19 38
19 48
0 20
2 20
20 36
20 48
9 22
22 32
22 33
22 42
13 23
23 44
4 24
13 24
14 24
24 29
24 42
24 47
25 30
25 47
16 26
26 47
3 27
27 29
22 30
28 30
0 31
10 31
29 31
31 35
2 33
33 36
7 35
23 35
7 36
18 36
36 39
37 44
0 39
5 41
8 41
15 41
22 41
26 41
31 41
41 43
41 48
10 43
18 43
7 44
35 44
41 44
6 45
35 45
37 45
19 46
21 46
45 46
4 48
34 48
37 48
