160 240 1
0 16
0 25
0 43
0 81
0 99
0 115
0 128
0 135
0 136
1 25
1 102
1 107
2 96
2 135
3 71
3 152
4 78
4 116
5 14
5 80
6 14
6 74
6 92
7 37
7 44
7 84
7 86
7 95
8 73
9 51
9 132
10 128
11 22
11 105
11 140
12 19
12 45
12 70
12 84
13 55
13 88
14 58
14 61
14 76
14 89
14 150
15 84
15 133
16 20
16 21
16 78
16 108
16 122
16 144
16 148
17 80
18 55
18 93
19 82
19 90
19 101
19 105
20 82
20 85
22 43
22 53
22 75
22 107
22 116
23 25
24 25
24 37
25 44
25 59
25 88
25 157
26 108
26 128
27 63
27 139
28 117
28 136
29 158
30 36
30 39
30 72
30 81
30 114
30 121
31 81
31 159
32 39
32 76
32 119
33 62
33 71
33 83
33 134
33 153
33 156
33 158
34 44
34 85
34 108
35 42
35 99
36 89
37 139
37 144
38 87
38 149
39 64
40 74
41 50
42 59
42 73
42 121
43 51
43 55
43 65
43 83
43 129
43 132
43 135
44 90
45 139
46 81
46 95
46 115
46 120
47 66
47 82
47 98
47 128
47 146
48 54
48 117
49 149
50 136
52 115
52 128
52 141
53 57
53 144
54 141
54 152
55 98
55 100
56 85
56 116
56 131
57 115
57 118
57 136
58 67
58 72
58 136
58 154
59 125
60 111
62 79
62 109
63 142
63 158
64 100
66 130
67 95
67 133
68 136
69 125
70 105
71 128
73 98
73 119
73 125
74 79
74 84
74 85
74 98
74 131
74 137
75 156
77 135
78 124
78 148
78 150
79 80
79 91
81 101
81 104
81 112
81 126
83 115
84 94
84 97
84 102
85 98
86 111
87 157
88 89
89 113
89 116
89 150
91 138
92 96
92 117
97 101
97 121
100 154
101 143
101 145
102 129
103 146
105 122
106 119
106 133
106 158
108 139
109 129
109 142
109 147
110 149
110 154
111 124
111 159
112 143
117 136
117 137
120 146
123 127
123 150
127 146
132 149
134 140
134 154
136 155
139 149
141 146
141 150
151 154
0
8 159
