160 240 1
0 43
0 59
0 63
0 75
0 83
0 84
0 94
0 119
0 148
0 151
1 17
1 42
1 53
1 59
1 77
1 136
2 10
2 29
2 33
2 38
3 101
4 88
4 90
4 109
4 119
5 11
5 42
5 156
6 20
6 32
6 75
7 69
8 70
9 31
10 127
11 49
11 50
11 68
12 142
13 118
13 139
14 17
14 113
15 22
15 54
16 39
16 101
17 36
17 52
17 130
18 66
18 88
18 93
18 100
19 25
19 45
19 142
19 144
20 62
20 81
21 56
21 71
21 151
21 153
22 89
22 117
23 103
24 46
25 57
26 33
26 57
26 75
27 57
27 146
28 103
28 111
29 68
30 134
31 133
32 62
32 86
32 132
33 51
33 61
33 69
33 114
33 124
33 143
34 35
34 90
34 114
34 124
34 146
35 64
35 81
35 127
36 43
36 54
36 112
36 155
37 103
37 147
38 102
38 130
39 59
39 62
39 134
40 52
40 100
41 50
41 94
42 155
43 56
43 66
43 102
43 116
43 120
44 46
44 59
44 67
44 101
44 103
44 123
45 55
45 102
46 60
46 122
46 139
46 149
47 158
48 114
50 103
50 145
51 98
52 99
54 82
56 130
57 99
57 101
57 119
57 147
58 69
58 83
58 146
59 62
59 90
59 114
60 99
60 130
60 152
61 110
61 137
62 85
62 115
63 97
64 96
64 150
64 152
65 99
65 149
66 106
66 158
67 104
67 130
67 140
69 70
69 98
69 108
71 72
71 76
72 98
72 105
73 92
73 95
73 112
73 126
74 103
75 99
76 132
77 123
78 87
79 110
79 122
80 106
80 107
82 111
83 98
84 91
84 131
84 158
85 159
86 108
86 121
87 96
87 100
87 115
91 97
91 117
91 130
93 146
94 95
95 128
95 147
96 123
96 129
99 132
99 133
99 149
99 151
101 105
101 131
101 141
102 138
102 148
103 118
104 115
105 127
106 132
107 136
112 116
112 123
114 127
115 125
116 140
117 146
119 154
120 136
121 136
123 139
124 125
129 157
131 157
132 134
135 153
136 143
136 157
138 151
143 156
144 155
147 157
0
8 159
