160 240 1
0 10
0 45
0 79
0 94
0 137
0 147
1 19
1 49
1 97
2 35
2 45
2 105
2 107
2 133
2 148
3 70
3 90
4 52
4 79
4 149
5 63
6 59
6 147
7 10
7 42
8 113
9 86
9 105
9 125
10 51
10 87
10 98
11 56
11 64
11 154
12 26
12 143
13 26
13 130
14 21
14 58
14 91
15 91
15 133
15 149
16 111
16 139
17 69
17 122
17 141
18 40
18 83
18 146
19 77
19 95
20 40
20 148
21 46
21 58
21 103
22 105
22 128
22 152
23 25
23 29
23 53
23 94
23 104
23 112
23 129
24 92
24 129
25 125
26 28
26 38
26 93
26 129
27 139
27 150
28 97
29 45
29 62
29 78
30 83
30 122
31 45
31 156
31 157
32 39
32 43
32 129
33 48
33 63
33 123
33 155
34 135
34 148
35 89
35 148
36 86
36 134
37 89
37 133
38 44
38 93
38 94
38 106
40 88
41 127
42 43
42 44
43 78
43 148
44 115
44 129
45 105
45 125
46 58
46 95
47 61
47 141
47 156
48 73
48 129
48 150
49 59
50 92
50 104
50 158
51 77
51 142
53 71
53 139
53 143
54 79
54 116
55 139
56 91
57 153
58 105
59 86
59 141
60 143
61 64
61 121
62 78
62 127
63 129
63 145
64 104
65 144
66 76
66 91
66 108
67 84
68 137
70 125
70 139
70 144
71 95
71 153
72 157
73 96
73 100
73 153
74 108
74 131
74 150
75 77
75 119
76 84
76 99
76 129
78 158
79 146
80 84
80 111
80 128
81 86
81 140
82 94
82 123
83 109
83 157
84 91
84 94
85 101
85 114
86 109
87 115
87 150
88 100
88 117
89 104
91 156
93 119
94 99
97 145
98 111
99 126
101 139
102 114
103 159
104 136
105 114
105 126
106 121
107 144
108 140
108 151
109 139
109 141
110 159
111 142
111 154
112 149
113 148
114 117
115 147
117 153
118 147
120 150
122 128
124 134
124 139
125 130
125 142
125 149
125 159
127 152
128 152
128 157
130 155
131 136
132 143
135 140
136 146
138 156
141 157
141 159
0
8 159
