160 240 1
0 60
0 61
0 63
0 68
0 119
0 153
1 11
1 31
1 59
2 19
3 26
3 140
3 147
4 20
4 28
4 39
4 121
5 86
5 131
6 16
7 34
7 38
7 46
7 77
7 144
8 38
8 117
8 149
9 69
9 90
9 137
9 151
10 128
10 141
11 30
11 34
11 134
12 108
13 19
13 62
14 45
14 143
15 140
15 141
16 50
16 141
16 152
17 70
17 100
18 79
18 136
19 30
19 120
20 33
20 34
20 82
20 90
20 102
20 103
20 135
20 153
21 36
21 62
21 93
21 101
21 131
22 112
23 113
23 114
24 49
25 85
25 158
26 156
27 74
27 141
28 33
29 108
30 76
30 79
30 153
31 35
31 62
31 67
31 83
31 133
32 67
32 80
33 34
33 127
34 72
34 107
34 115
34 151
35 37
35 75
35 146
35 153
36 107
36 159
37 62
39 62
39 66
40 103
40 115
41 63
41 96
41 144
42 46
42 49
42 97
42 133
43 134
43 156
43 157
44 133
45 66
45 114
47 105
47 115
48 70
48 153
49 102
49 113
50 68
50 70
51 98
52 71
52 124
53 63
53 99
54 131
54 136
54 140
55 117
55 128
56 121
57 84
58 75
58 109
59 114
60 105
61 91
61 131
62 112
62 117
62 149
62 151
62 159
63 114
63 122
64 126
64 153
65 103
66 88
67 76
69 106
70 153
71 98
72 75
72 84
72 88
73 85
74 76
76 85
76 95
76 126
77 93
78 80
78 110
78 138
79 124
80 87
80 123
81 101
82 99
82 108
82 116
82 119
83 97
83 111
83 126
83 141
85 103
86 119
86 159
87 114
87 144
88 140
89 126
92 125
93 99
93 103
93 142
94 127
97 120
97 127
97 136
98 104
98 141
100 159
101 117
101 130
101 148
102 118
102 157
103 123
103 140
105 108
105 120
109 114
109 150
109 154
110 157
111 143
112 132
112 151
113 115
115 148
116 141
116 143
116 150
116 153
117 126
119 159
120 138
121 137
122 150
123 129
125 145
128 137
129 134
131 147
131 154
135 136
138 139
138 146
144 159
145 151
150 152
155 157
0
8 159
