500	2493	 1
0 1
0 53
0 149
0 155
0 204
0 307
1 19
1 29
1 38
1 46
1 242
1 270
1 299
1 349
1 388
1 397
1 423
2 100
2 145
2 212
2 219
2 224
2 371
2 406
2 421
2 459
2 481
3 33
3 81
3 155
3 174
3 232
3 302
3 341
3 493
4 13
4 154
4 178
4 184
4 187
4 188
4 218
4 243
4 277
4 369
4 388
4 391
4 432
4 438
5 32
5 50
5 71
5 122
5 173
5 178
5 186
5 232
5 281
5 289
5 357
5 385
5 478
6 27
6 106
6 196
6 199
6 253
6 337
6 342
6 344
7 44
7 108
7 114
7 235
7 259
7 275
7 286
7 296
7 298
7 402
7 411
7 470
8 19
8 76
8 100
8 185
8 259
8 421
8 479
8 483
9 38
9 40
9 119
9 204
9 207
9 243
9 305
9 469
10 21
10 58
10 89
10 206
10 295
10 361
10 437
11 70
11 126
11 139
11 193
11 206
11 214
11 271
11 288
11 316
11 392
11 417
11 473
11 481
12 54
12 72
12 77
12 96
12 124
12 180
12 198
12 212
12 213
12 242
12 400
12 417
12 424
13 22
13 28
13 41
13 57
13 75
13 133
13 249
13 275
13 386
13 447
13 474
14 44
14 130
14 160
14 180
14 245
14 308
14 338
14 379
14 419
14 432
14 470
14 477
14 496
15 48
15 204
15 238
15 240
15 243
15 302
15 407
15 436
15 477
15 484
16 26
16 34
16 73
16 91
16 93
16 100
16 110
16 124
16 184
16 276
16 333
16 349
16 354
16 425
17 46
17 286
17 309
17 330
17 377
17 392
17 461
18 72
18 124
18 253
18 267
18 273
18 277
18 341
18 398
18 468
19 83
19 97
19 109
19 118
19 285
19 328
19 398
19 451
20 74
20 151
20 214
20 254
20 349
20 392
20 422
20 477
21 23
21 39
21 45
21 61
21 156
21 260
21 304
22 59
22 87
22 175
22 190
22 235
22 268
22 287
22 304
22 419
22 443
23 96
23 130
23 177
23 181
23 199
23 273
23 282
23 291
23 311
23 375
23 406
23 444
24 32
24 42
24 71
24 93
24 109
24 135
24 201
24 277
24 341
24 384
24 385
24 388
24 409
24 416
24 476
25 27
25 33
25 232
25 262
25 273
25 317
25 345
25 372
25 403
25 471
26 103
26 104
26 158
26 231
26 306
26 323
26 342
26 346
26 385
26 499
27 132
27 169
27 182
27 192
27 195
27 227
27 317
27 329
27 436
27 446
27 447
27 449
27 458
27 498
28 89
28 95
28 107
28 131
28 157
28 182
28 231
28 240
28 241
28 280
28 452
28 476
29 56
29 59
29 158
29 250
29 362
29 369
29 370
29 423
29 478
29 484
29 489
30 56
30 86
30 148
30 256
30 316
30 323
30 350
30 369
30 417
30 449
30 459
31 33
31 69
31 119
31 154
31 155
31 248
31 285
31 481
32 79
32 121
32 132
32 155
32 169
32 195
32 225
32 328
32 339
32 378
32 402
32 465
33 143
33 164
33 166
33 228
33 241
33 273
33 297
33 356
33 468
34 42
34 73
34 76
34 120
34 122
34 166
34 201
34 273
34 298
34 347
34 417
34 446
35 66
35 79
35 101
35 120
35 145
35 146
35 182
35 184
35 220
35 223
35 231
35 269
35 334
35 347
35 353
35 358
35 384
35 415
35 428
35 483
35 498
36 93
36 128
36 270
36 357
36 366
36 395
37 129
37 202
37 249
37 275
38 45
38 81
38 200
38 210
38 216
38 305
38 323
38 363
38 412
39 92
39 211
39 245
39 247
39 362
39 400
39 408
39 477
39 484
39 485
40 89
40 113
40 221
40 237
40 289
40 349
40 482
41 109
41 134
41 238
41 387
41 408
41 450
42 105
42 122
42 234
42 489
42 491
42 494
43 68
43 82
43 116
43 165
43 226
43 253
43 274
43 345
43 353
43 389
43 422
44 167
44 230
44 238
44 254
44 342
45 72
45 134
45 169
45 201
45 248
45 256
45 334
45 337
45 372
45 400
46 188
46 194
46 347
46 393
46 397
46 459
46 480
46 499
47 80
47 83
47 110
47 114
47 213
47 231
47 307
47 324
47 335
47 350
47 444
47 477
48 72
48 110
48 176
48 252
48 259
48 272
48 320
48 329
48 348
48 387
48 403
48 422
48 492
49 63
49 79
49 140
49 142
49 244
49 457
49 464
50 216
50 258
50 283
50 323
50 371
50 378
50 406
51 99
51 139
51 142
51 198
51 203
51 221
51 228
51 229
51 238
51 259
51 339
51 441
52 66
52 97
52 172
52 187
52 267
52 309
52 326
52 386
52 409
52 446
53 157
53 162
53 215
53 256
53 262
53 276
53 387
53 407
53 497
54 59
54 194
54 196
54 249
54 261
54 326
54 389
54 464
55 84
55 90
55 128
55 223
55 235
55 324
55 362
55 384
55 456
56 103
56 199
56 219
56 242
56 265
56 282
56 340
56 430
57 232
57 235
57 238
57 403
58 59
58 73
58 84
58 131
58 166
58 174
58 274
58 283
58 293
58 411
58 473
59 70
59 181
59 276
59 329
59 339
59 373
59 396
59 410
59 473
59 479
59 485
60 67
60 74
60 144
60 157
60 245
60 312
60 339
60 425
60 489
61 85
61 93
61 169
61 240
61 259
61 263
61 296
61 489
62 128
62 279
62 328
62 337
62 347
62 373
62 389
62 423
63 245
63 250
63 255
63 276
63 303
64 141
64 227
64 280
64 324
64 340
64 483
64 493
65 147
65 326
65 455
66 117
66 156
66 225
66 295
66 337
66 366
66 417
66 496
67 177
67 207
67 243
67 301
67 343
67 349
67 434
67 444
67 451
67 458
67 489
68 187
68 278
68 299
68 305
68 319
68 366
68 380
68 384
68 418
68 487
69 168
69 229
69 245
69 284
69 315
69 367
69 442
69 470
69 494
70 135
70 208
70 214
70 285
70 358
70 368
70 434
70 465
71 94
71 244
71 310
71 339
71 377
71 393
71 415
71 461
72 77
72 130
72 225
72 272
72 326
72 449
73 85
73 103
73 173
73 175
73 308
73 324
73 495
74 165
74 204
74 333
74 409
74 436
74 447
75 130
75 195
75 388
75 432
75 463
75 469
76 81
76 89
76 142
76 161
76 266
77 92
77 122
77 123
77 222
77 258
77 274
77 329
77 400
77 425
77 475
78 90
78 181
78 291
78 309
78 345
78 436
78 478
79 106
79 111
79 192
79 289
79 395
79 451
79 465
80 194
81 87
81 184
81 218
81 288
81 326
81 333
81 335
81 345
81 436
81 452
82 90
82 123
82 155
82 223
82 247
82 289
82 304
82 443
83 155
83 237
83 399
84 133
84 260
84 385
84 457
85 232
85 270
85 380
85 384
85 403
85 463
86 99
86 117
86 177
86 206
86 243
86 267
86 384
86 467
86 499
87 97
87 146
87 175
87 176
87 206
87 255
87 326
87 417
87 453
87 467
88 113
88 176
88 177
88 181
88 212
88 254
88 398
88 407
88 414
88 429
88 437
88 473
89 96
89 232
89 304
89 347
89 378
89 479
90 224
90 264
90 312
90 322
90 384
90 478
91 122
91 186
91 191
91 192
91 286
91 415
91 420
91 427
92 128
92 251
92 281
92 343
92 361
92 377
92 386
92 391
92 461
92 469
93 121
93 138
93 193
93 295
93 402
94 137
94 138
94 172
94 230
94 322
95 136
95 327
95 473
95 487
95 495
96 241
96 278
96 283
96 344
96 374
96 384
97 161
97 177
97 219
97 239
97 303
97 447
97 483
97 494
98 151
98 211
98 226
98 381
98 392
98 397
98 409
98 444
99 133
99 193
99 216
99 303
99 315
99 358
99 391
99 463
100 209
100 278
100 298
100 308
100 349
100 391
100 415
100 459
101 130
101 169
101 244
101 298
101 331
101 383
101 436
101 448
101 490
102 141
102 147
102 260
102 273
102 364
102 374
102 457
102 483
103 169
103 318
103 350
103 359
103 373
104 130
104 325
104 474
105 120
105 258
105 282
105 294
105 366
105 387
105 441
106 138
106 159
106 221
106 246
106 266
106 286
106 353
106 378
106 452
106 471
107 172
107 215
107 290
107 348
107 435
107 459
107 469
108 135
108 170
108 199
108 235
108 290
108 337
108 411
108 486
109 111
109 202
109 234
109 324
109 368
109 389
109 431
109 451
109 495
109 497
110 122
110 188
110 212
110 233
110 299
110 302
110 337
110 440
111 149
111 161
111 180
111 192
111 288
111 457
111 478
111 488
112 263
112 277
112 309
112 330
112 364
112 378
112 394
112 399
112 417
112 477
113 138
113 155
113 158
113 175
113 180
113 196
113 270
113 305
113 341
113 371
113 377
113 447
113 489
114 239
114 278
114 279
114 292
114 324
114 335
114 463
114 487
115 134
115 187
115 208
115 255
115 298
115 374
115 378
115 432
115 473
116 174
116 200
116 281
116 379
116 485
116 497
117 222
117 273
117 302
117 417
117 478
117 494
118 136
118 193
118 205
118 208
118 250
118 261
118 481
118 497
119 278
119 334
119 394
119 405
120 143
120 249
120 297
120 306
120 326
120 365
120 412
120 435
120 450
121 169
121 184
121 194
121 208
121 286
121 298
121 330
121 365
121 456
122 158
122 288
122 304
122 312
122 354
122 432
122 471
123 136
123 138
123 174
123 216
123 248
123 323
123 393
123 444
124 152
124 172
124 210
124 335
124 466
124 479
124 488
125 150
125 198
125 241
125 405
125 420
125 460
126 177
126 239
126 276
126 292
126 294
126 329
126 387
126 397
126 418
126 466
127 129
127 185
127 375
127 411
127 423
127 451
128 151
128 249
128 280
128 408
128 481
129 209
129 217
129 271
129 305
129 402
129 480
130 211
130 282
130 304
130 305
130 363
130 364
130 410
130 490
131 188
131 212
131 357
131 473
132 166
132 244
132 248
132 262
132 296
132 360
132 370
132 419
132 486
133 197
133 240
133 251
133 300
133 313
133 317
133 321
133 350
133 407
133 450
133 460
133 497
134 139
134 261
134 302
134 353
134 436
134 475
134 484
134 497
135 198
135 220
135 355
135 399
136 142
136 188
136 191
136 215
136 225
136 388
136 403
137 189
137 208
137 255
137 381
137 440
138 153
138 176
138 261
138 280
138 320
138 323
138 434
139 147
139 198
139 223
139 253
139 277
139 310
139 433
140 241
140 278
140 286
140 304
140 328
140 408
140 413
140 446
140 464
140 470
141 260
141 353
141 383
141 390
141 405
141 485
142 207
142 269
142 306
142 321
142 398
143 215
143 281
143 416
144 428
144 432
144 493
144 496
144 499
145 210
145 237
145 288
145 313
145 319
145 384
145 458
145 465
146 190
146 239
146 327
146 356
146 394
146 402
146 438
146 484
147 184
147 210
147 226
147 233
147 293
147 324
147 352
148 177
148 178
148 182
148 192
148 198
148 264
148 315
148 323
148 468
148 480
149 182
149 224
149 344
149 374
149 377
149 477
149 497
150 165
150 179
150 296
150 359
150 393
150 429
150 460
151 156
151 171
151 316
151 366
151 498
152 239
152 242
152 264
152 333
152 336
152 406
152 473
152 488
153 167
153 227
153 274
153 277
153 282
153 297
153 356
153 446
154 185
154 237
154 244
154 268
154 302
154 323
155 201
155 297
155 303
155 336
155 352
155 372
155 401
155 436
156 212
156 220
156 282
156 348
156 355
156 364
156 379
156 429
156 483
156 490
157 332
157 375
157 424
158 163
158 174
158 181
158 183
158 200
158 252
158 257
158 267
158 298
158 392
158 452
158 460
159 214
159 312
159 318
159 446
159 453
160 239
160 302
160 379
160 412
160 414
161 201
161 216
161 308
161 335
161 342
161 379
161 429
161 446
161 493
161 494
162 179
162 255
162 271
162 278
162 417
162 421
162 425
162 461
163 182
163 264
163 291
163 293
163 389
163 460
164 226
164 228
164 248
164 402
164 407
164 434
164 477
164 498
165 220
165 273
165 303
165 310
165 315
165 322
165 376
165 380
165 480
166 331
166 342
166 399
166 490
167 187
167 191
167 292
167 315
167 320
167 331
167 368
167 431
167 433
167 468
167 471
168 213
168 252
168 258
168 263
168 326
168 328
168 368
168 413
169 182
169 191
169 307
169 413
169 476
170 173
170 210
170 221
170 278
170 357
170 411
170 443
170 495
171 179
171 259
171 378
171 390
171 437
172 180
172 184
172 203
172 253
172 264
172 290
172 363
172 409
172 425
172 449
172 484
173 177
173 230
173 447
173 476
174 256
174 386
174 395
174 477
175 192
175 234
175 269
175 339
175 379
175 398
175 450
176 180
176 240
176 267
176 417
176 464
177 191
177 220
177 229
177 240
177 298
177 352
177 363
177 425
178 189
178 226
178 239
178 247
178 313
178 342
178 351
178 438
178 441
178 496
179 247
179 255
179 337
179 420
179 425
179 428
180 187
180 195
180 234
180 255
180 308
180 322
180 355
180 388
180 451
180 476
180 486
180 499
181 191
181 276
181 284
181 305
181 347
181 409
181 479
182 208
182 318
182 323
182 391
182 438
182 450
182 488
183 196
183 243
183 348
183 456
183 483
184 294
184 382
184 451
185 199
185 263
185 359
185 435
185 440
186 212
186 268
186 400
187 347
187 348
187 370
187 372
187 382
188 212
188 231
188 242
188 323
188 341
188 355
188 374
188 418
188 479
189 228
189 288
189 356
189 425
189 442
190 253
190 255
190 300
190 383
190 389
190 404
190 423
191 316
191 334
191 400
191 433
191 445
191 495
192 216
192 243
192 247
192 356
192 388
192 395
192 420
192 441
193 224
193 261
193 269
193 287
193 298
193 336
193 358
193 422
193 452
193 458
194 221
194 224
194 236
194 240
194 275
194 299
194 462
194 486
195 202
195 249
195 283
195 308
195 368
195 394
195 429
195 436
195 464
196 199
196 218
196 266
196 320
196 337
196 361
196 449
196 499
197 280
197 297
197 304
197 316
197 328
197 369
197 387
198 205
198 216
198 235
198 299
198 336
198 431
198 472
199 399
199 438
199 451
199 479
200 292
200 353
200 384
201 226
201 307
201 426
202 234
202 327
202 366
203 319
203 344
203 397
203 439
203 443
203 457
204 241
204 255
204 350
204 354
204 367
204 448
205 225
205 272
205 284
205 302
205 312
205 320
205 335
205 343
205 366
205 381
205 411
205 439
205 455
205 486
206 209
206 211
206 222
206 248
206 286
206 321
206 368
206 400
206 423
207 209
207 303
207 310
207 315
207 351
207 357
208 216
208 253
208 291
208 328
208 383
208 444
208 450
208 480
208 485
209 284
209 316
209 363
209 451
210 213
210 286
210 307
210 403
210 409
210 434
210 463
210 490
211 217
211 272
211 305
211 325
211 424
211 433
212 249
212 345
212 358
212 452
212 467
212 474
212 495
213 235
213 303
213 315
213 400
213 452
213 470
214 217
214 266
214 322
214 348
214 450
214 468
215 231
215 234
215 246
215 277
215 349
215 361
215 367
215 475
216 217
216 258
216 293
216 305
216 338
216 395
216 469
216 491
217 237
217 280
217 367
217 465
217 466
217 478
218 284
218 331
218 345
218 379
218 435
218 436
218 449
219 242
219 282
219 332
219 359
219 461
220 230
220 271
220 300
220 346
220 433
220 497
221 300
221 304
221 324
221 362
221 379
221 462
222 252
222 263
222 264
222 272
222 321
222 349
222 421
222 429
222 447
222 478
223 248
223 386
223 444
223 495
224 230
224 370
224 380
224 439
224 487
225 263
225 290
225 349
225 375
225 454
226 310
226 381
226 410
226 448
226 458
226 474
227 248
227 253
227 293
227 372
227 394
227 472
227 481
228 432
228 455
229 258
229 350
229 425
230 301
230 422
230 441
230 471
230 492
231 290
231 292
231 304
231 305
231 313
231 339
231 371
231 405
231 415
231 417
231 421
231 458
232 243
232 288
232 442
232 477
232 487
232 499
233 311
233 314
233 486
234 298
234 378
234 438
234 479
234 496
235 307
235 367
235 376
235 422
235 424
235 428
235 457
236 377
236 430
236 445
236 458
237 241
237 258
237 323
237 385
237 399
237 471
237 493
238 239
238 245
238 365
238 372
238 471
239 270
240 370
240 372
240 446
240 450
240 458
241 261
241 278
241 280
241 288
241 466
241 469
242 252
242 314
242 321
242 404
243 279
243 346
243 371
243 402
243 481
244 267
244 273
244 284
244 286
244 340
244 350
244 392
244 406
244 443
245 247
245 300
245 355
245 380
245 426
245 461
245 465
246 365
246 421
247 283
247 349
247 360
247 369
247 414
247 451
247 461
247 477
248 251
248 259
248 284
248 323
248 333
248 361
249 278
249 289
249 393
249 413
249 422
250 283
250 299
250 332
250 350
250 405
250 418
250 445
250 487
251 334
251 355
251 437
251 463
251 477
252 466
253 258
253 329
253 361
253 384
253 404
253 416
253 436
253 439
253 454
253 491
254 381
254 416
254 434
254 476
255 340
255 402
255 461
256 306
256 415
257 282
257 288
257 332
257 340
257 492
258 288
258 326
258 369
258 407
258 429
258 434
258 446
258 455
259 301
259 306
259 337
259 372
259 429
260 303
260 307
260 368
260 418
260 447
260 476
261 275
261 286
261 360
261 378
261 494
262 397
262 416
262 495
263 270
263 411
263 446
263 456
263 488
264 361
264 403
265 302
265 305
265 307
265 336
265 357
265 360
265 478
265 496
266 287
266 412
266 482
267 347
267 365
267 415
267 490
268 271
268 334
268 451
268 465
268 466
268 484
268 493
269 317
269 330
269 349
270 272
270 393
270 409
271 350
271 481
271 485
272 316
272 327
272 426
272 437
272 447
273 283
273 405
273 423
274 294
274 333
274 442
274 443
274 448
275 309
275 326
275 331
275 388
275 402
276 412
276 446
278 310
278 367
278 401
278 440
279 353
279 424
279 496
280 294
280 300
280 326
280 337
280 363
280 454
280 493
281 328
281 339
281 361
281 418
282 301
282 329
282 339
282 346
282 351
282 378
282 495
283 319
283 345
283 425
283 448
284 422
284 442
284 443
285 293
285 313
285 390
285 419
285 463
286 289
286 340
286 348
286 400
286 434
286 444
286 446
286 493
287 313
287 341
287 347
287 364
287 402
287 460
288 301
288 306
288 314
288 321
288 460
288 463
289 328
289 351
289 451
290 293
290 296
290 334
290 357
290 410
290 485
291 293
291 317
291 340
291 381
291 415
291 456
292 332
292 415
292 453
292 480
293 335
293 340
293 345
294 300
294 368
294 424
294 441
294 446
294 487
295 328
295 340
295 396
295 411
295 465
295 498
296 342
296 465
296 495
297 338
297 346
297 380
297 455
298 334
298 455
299 339
299 357
299 452
300 351
300 358
300 448
300 462
300 499
301 370
301 374
301 420
302 342
302 359
302 371
302 408
302 476
302 479
303 337
303 417
303 462
304 323
304 406
304 459
304 468
304 496
305 439
305 480
306 361
306 393
306 429
306 462
306 465
306 496
307 311
307 360
307 362
308 318
308 392
309 334
310 328
310 361
310 456
311 345
311 388
311 461
312 382
312 473
313 383
313 466
314 331
314 342
314 378
314 432
314 456
314 477
314 488
315 347
315 356
315 364
316 398
316 472
317 337
317 419
317 427
317 462
317 478
317 487
317 495
318 330
318 447
318 496
319 333
319 435
320 333
320 361
320 431
322 431
322 442
322 474
322 484
323 347
323 389
323 431
324 332
324 372
324 397
325 332
325 335
325 340
325 388
325 496
326 427
327 385
327 419
327 469
327 476
327 495
328 401
328 426
328 450
329 332
329 339
329 364
329 365
329 386
329 463
329 469
330 357
330 458
331 388
331 478
331 483
332 333
332 349
332 401
333 377
333 394
333 477
334 372
334 396
335 408
335 414
336 350
336 361
336 435
336 470
337 364
337 439
337 488
338 364
338 432
338 490
339 392
339 452
339 460
340 424
340 427
341 344
341 366
342 379
342 459
343 430
343 452
343 465
343 466
343 496
344 459
344 476
345 457
345 472
346 382
346 390
346 475
347 431
348 394
348 459
348 464
349 454
349 473
350 356
350 450
350 454
350 487
351 391
351 467
352 488
353 365
353 406
353 449
353 499
354 393
354 456
354 480
354 482
354 491
355 379
355 408
355 446
355 454
355 475
356 435
356 467
356 468
358 383
358 394
358 441
358 448
358 475
358 491
359 398
359 471
359 493
360 435
360 458
362 372
362 398
362 481
363 366
363 432
363 450
363 458
363 462
364 393
364 400
364 422
364 455
364 472
364 485
365 432
365 442
367 372
367 432
367 467
368 372
368 444
368 449
370 470
371 496
372 387
372 389
372 413
373 419
373 435
373 484
374 479
374 486
375 446
375 467
376 399
376 404
376 483
376 491
377 451
377 476
379 419
380 414
380 474
380 492
381 385
381 419
381 454
382 384
383 402
383 443
383 448
383 453
384 396
384 400
384 429
386 422
386 474
386 477
386 486
387 454
387 462
389 407
389 426
389 433
390 395
391 415
391 427
391 461
391 489
392 460
393 410
393 455
393 469
394 397
394 402
394 468
395 428
395 441
395 463
395 498
396 400
396 457
397 464
398 436
398 443
398 478
398 485
398 489
399 428
399 490
400 460
400 494
401 428
402 436
402 485
402 489
403 430
404 405
405 422
405 460
406 497
407 474
407 483
407 485
408 448
408 460
409 417
410 438
410 479
411 427
411 435
411 450
412 451
412 464
412 481
413 415
413 421
413 470
415 483
416 429
416 470
416 492
417 439
417 452
418 499
419 459
419 486
420 421
421 450
421 484
421 489
421 491
423 440
423 483
424 494
425 431
425 438
426 427
426 435
426 473
426 496
428 484
429 453
430 434
431 487
432 462
432 479
432 490
434 462
434 489
435 453
436 457
436 479
440 443
440 454
441 488
442 452
444 471
447 453
447 465
447 491
447 492
448 494
449 465
449 481
451 487
454 493
455 470
455 498
457 486
458 473
459 488
461 468
461 476
461 480
465 467
465 472
466 495
468 486
473 491
474 481
474 485
476 488
482 486
483 492
485 493
486 494
487 489
488 497
0
9 499
