500	2482	 1
0 124
0 147
0 188
0 206
0 237
0 256
0 257
0 487
1 41
1 68
1 152
1 256
1 291
1 360
1 361
1 367
1 371
1 383
2 36
2 52
2 179
2 215
2 285
2 319
2 341
2 375
2 376
2 483
3 63
3 74
3 78
3 92
3 190
3 202
3 206
3 236
3 255
3 455
3 486
3 494
4 16
4 63
4 72
4 98
4 174
4 215
4 436
4 450
4 479
5 6
5 35
5 55
5 132
5 160
5 220
5 229
5 449
5 462
5 471
6 13
6 85
6 129
6 157
6 199
6 289
6 338
6 381
6 406
6 436
7 42
7 52
7 91
7 101
7 245
7 298
7 365
8 57
8 114
8 198
8 199
8 200
8 220
8 407
8 423
8 483
9 66
9 78
9 149
9 189
9 303
9 436
9 440
9 471
10 16
10 96
10 112
10 126
10 136
10 137
10 315
10 410
10 476
10 483
11 50
11 126
11 149
11 327
11 334
11 354
12 100
12 180
12 211
12 234
12 269
12 347
12 381
12 461
12 488
12 492
13 27
13 126
13 175
13 182
13 211
13 293
13 373
13 419
13 433
13 442
14 43
14 143
14 202
14 279
14 307
14 317
14 378
14 396
14 413
14 418
15 26
15 36
15 47
15 52
15 74
15 123
15 125
15 227
15 238
15 263
15 297
15 360
15 367
15 389
15 474
16 17
16 47
16 86
16 96
16 121
16 130
16 131
16 191
16 212
16 218
16 274
16 310
16 315
16 359
16 466
16 469
16 495
17 27
17 46
17 94
17 149
17 324
17 337
17 389
17 475
18 124
18 173
18 181
18 239
18 329
18 469
19 32
19 297
19 415
19 438
20 24
20 37
20 102
20 119
20 171
20 378
20 405
21 66
21 194
21 328
21 361
22 61
22 78
22 85
22 219
22 275
22 296
22 345
22 353
22 479
22 496
23 66
23 122
23 155
23 171
23 283
23 301
23 418
23 455
23 468
24 31
24 53
24 120
24 131
24 151
24 239
24 266
24 297
24 298
24 409
24 431
25 41
25 120
25 205
25 210
25 261
25 314
25 317
25 337
25 351
25 357
25 370
25 403
25 418
25 442
25 495
26 46
26 92
26 123
26 142
26 155
26 213
26 224
26 225
26 242
26 263
26 410
27 197
27 199
27 239
27 288
27 341
27 387
27 397
27 431
27 470
27 487
28 29
28 64
28 75
28 92
28 153
28 162
28 170
28 221
28 240
28 248
28 298
28 336
28 365
28 478
29 144
29 199
29 236
29 237
29 335
29 410
29 470
29 496
30 52
30 127
30 138
30 206
30 213
30 249
30 267
30 270
30 290
30 304
30 312
30 406
31 196
31 247
31 297
31 310
31 311
31 451
31 470
31 475
32 37
32 89
32 109
32 151
32 170
32 212
32 235
32 243
32 296
32 299
32 358
32 395
32 457
33 121
33 125
33 176
33 253
33 362
33 443
33 457
34 45
34 66
34 71
34 78
34 124
34 138
34 217
34 227
34 474
35 56
35 104
35 161
35 185
35 250
35 280
35 345
35 425
36 37
36 63
36 104
36 173
36 176
36 178
36 187
36 246
36 263
36 292
36 315
36 373
36 433
36 470
37 81
37 85
37 103
37 158
37 174
37 192
37 221
37 265
37 272
37 304
37 349
37 385
37 394
37 474
38 110
38 218
38 452
38 466
39 63
39 82
39 118
39 140
39 143
39 170
39 251
39 324
39 363
39 434
40 53
40 56
40 186
40 235
40 259
40 481
41 70
41 144
41 291
41 292
41 347
41 367
41 380
41 382
41 427
41 484
42 43
42 116
42 194
42 349
42 380
42 414
42 467
43 98
43 122
43 123
43 154
43 159
43 435
43 439
43 450
44 155
44 160
44 359
44 401
44 408
44 418
44 437
45 49
45 120
45 124
45 125
45 175
45 246
45 265
45 312
45 433
45 495
45 496
46 56
46 161
46 292
46 357
46 382
46 440
46 448
46 482
46 486
47 74
47 75
47 101
47 134
47 161
47 253
47 346
47 403
47 412
47 438
47 476
48 128
48 188
48 373
48 491
49 73
49 104
49 111
49 126
49 133
49 194
49 254
49 282
49 310
49 370
49 394
49 398
49 424
50 169
50 263
50 307
50 428
50 498
51 52
51 111
51 174
51 190
51 218
51 278
51 298
51 339
51 413
51 431
51 456
51 478
51 487
52 88
52 89
52 113
52 123
52 127
52 156
52 201
52 217
52 245
52 255
52 322
52 330
52 341
52 349
52 365
52 416
52 441
52 489
52 490
53 130
53 152
53 250
53 306
53 356
53 414
53 418
53 474
54 92
54 269
54 304
54 421
54 441
54 464
54 481
54 494
55 80
55 132
55 138
55 162
55 190
55 241
55 263
55 426
55 463
55 470
56 69
56 147
56 207
56 232
56 287
56 380
56 463
57 131
57 217
57 236
57 407
57 438
57 456
58 92
58 154
58 161
58 185
58 232
58 235
58 328
58 333
58 341
58 347
58 359
58 434
58 462
58 469
59 68
59 93
59 124
59 145
59 183
59 240
59 359
59 454
59 465
59 495
60 129
60 299
60 301
60 384
60 426
60 454
61 62
61 68
61 81
61 90
61 113
61 143
61 272
61 294
61 303
61 308
61 332
62 85
62 109
62 126
62 137
62 160
62 176
62 288
62 301
62 340
62 342
62 405
62 409
62 424
62 469
62 480
63 171
63 222
63 373
63 389
63 424
64 139
64 156
64 191
64 203
64 212
64 241
64 246
64 261
64 342
64 386
64 446
65 83
65 137
65 156
65 166
65 186
65 206
65 311
65 323
65 343
65 344
65 394
65 422
66 93
66 127
66 201
66 298
66 369
66 412
66 463
67 68
67 131
67 136
67 174
67 186
67 212
67 239
67 363
67 390
67 445
67 468
68 115
68 128
68 168
68 254
68 306
68 310
68 312
68 340
68 361
68 484
69 103
69 343
69 389
69 446
69 453
69 473
70 80
70 103
70 114
70 132
70 139
70 209
70 327
70 330
70 389
70 405
70 454
70 474
70 487
70 497
71 98
71 111
71 123
71 185
71 187
71 261
71 281
71 284
71 306
71 379
71 383
71 423
71 441
71 459
71 471
72 199
72 296
72 307
72 339
72 434
73 94
73 123
73 135
73 189
73 228
73 264
73 286
73 361
73 374
73 386
73 482
73 484
74 105
74 114
74 184
74 216
74 303
74 331
74 418
74 452
74 483
75 104
75 126
75 206
75 215
75 265
75 272
75 277
75 292
75 316
75 377
75 451
75 487
75 499
76 143
76 161
76 327
76 332
76 333
76 339
76 419
76 437
76 452
76 482
76 496
77 86
77 121
77 129
77 133
77 180
77 213
77 217
77 329
77 372
77 381
78 93
78 94
78 122
78 224
78 228
78 326
78 383
78 404
78 432
78 469
79 218
79 270
79 306
79 346
79 358
79 414
79 453
79 486
80 94
80 108
80 134
80 207
80 250
80 293
80 381
80 491
81 107
81 145
81 162
81 217
81 318
81 319
81 330
81 372
81 380
81 438
81 465
82 129
82 280
82 298
82 302
82 307
82 308
82 322
82 362
82 440
82 493
83 112
83 129
83 136
83 161
83 180
83 227
83 272
83 339
83 475
84 206
84 230
84 231
84 315
84 432
84 460
85 141
85 146
85 151
85 196
85 234
85 288
86 110
86 261
86 328
86 397
86 412
86 443
86 459
87 147
87 219
87 251
87 285
87 291
87 311
87 377
87 399
87 401
87 403
87 415
87 420
87 464
87 488
88 115
88 148
88 234
88 274
88 376
88 380
88 490
88 495
89 106
89 185
89 186
89 261
89 284
89 291
89 463
89 490
90 270
90 297
90 312
90 317
90 327
90 372
91 151
91 269
91 272
91 275
91 289
92 99
92 183
92 206
92 290
92 298
92 488
93 118
93 151
93 258
93 261
93 297
93 301
93 311
93 413
93 421
93 452
93 473
94 279
94 394
94 420
94 437
95 153
95 204
95 287
95 318
95 333
95 352
95 395
95 473
96 166
96 275
96 340
96 362
96 379
96 426
96 473
97 151
97 204
97 394
97 444
97 451
98 107
98 124
98 133
98 192
98 208
98 210
98 281
98 296
98 313
98 330
98 355
98 484
99 114
99 140
99 143
99 164
99 175
99 218
99 239
99 292
99 340
99 377
99 479
99 481
100 117
100 136
100 194
100 257
100 277
100 282
100 339
100 344
100 364
100 390
100 403
100 414
100 464
101 151
101 236
101 276
101 290
101 333
101 369
101 372
101 388
101 394
101 411
101 446
102 127
102 168
102 212
102 230
102 261
102 362
102 415
102 416
103 215
103 229
103 243
103 270
103 287
103 316
103 335
103 389
103 473
104 149
104 184
104 313
104 357
104 447
104 456
104 486
105 109
105 135
105 150
105 151
105 177
105 190
105 308
105 326
105 328
105 346
105 363
105 442
106 148
106 171
106 183
106 295
106 347
106 360
106 470
106 486
106 488
107 194
107 199
107 215
107 250
107 254
107 259
107 268
107 271
107 275
107 280
107 302
107 357
108 131
108 189
108 202
108 238
108 343
108 381
109 129
109 217
109 239
109 301
109 328
109 365
109 420
109 447
110 120
110 170
110 230
110 280
110 399
110 442
110 496
111 126
111 151
111 231
111 308
111 353
111 366
111 369
111 408
111 413
111 462
112 125
112 163
112 175
112 194
112 252
112 299
113 182
113 219
113 242
113 303
113 437
114 221
114 248
114 320
114 367
114 450
115 180
115 229
115 233
115 243
115 464
116 200
116 205
116 354
116 372
116 380
116 389
116 400
116 423
116 433
116 482
117 132
117 148
117 149
117 171
117 196
117 214
117 350
118 399
118 430
118 469
119 236
119 238
119 253
119 359
119 454
119 456
119 469
120 129
120 149
120 192
120 294
120 302
120 343
120 348
120 418
120 460
121 139
121 151
121 171
121 203
121 208
121 213
121 287
121 453
122 201
122 309
122 316
122 332
122 406
123 133
123 186
123 213
123 271
123 306
123 314
123 331
123 395
123 492
124 158
124 242
124 266
124 390
124 422
124 432
125 240
125 260
125 341
125 428
125 455
125 459
126 248
126 272
126 311
126 409
127 220
127 227
127 271
127 382
127 408
128 183
128 232
128 254
128 309
128 310
128 469
128 479
128 497
129 185
129 195
129 221
129 255
129 325
129 431
129 481
129 483
130 211
130 404
130 432
130 456
130 475
131 195
131 295
131 407
131 439
131 448
132 163
132 193
132 211
132 243
132 252
132 370
132 422
132 465
133 235
133 301
133 376
134 167
134 250
134 253
134 280
134 286
134 306
134 366
134 406
134 443
135 211
135 232
135 300
135 311
135 328
135 383
135 392
135 439
136 227
136 244
136 256
136 279
136 293
136 298
136 487
137 184
137 195
137 223
137 257
137 258
137 273
137 301
137 336
137 356
137 417
137 486
137 499
138 230
138 348
138 382
138 424
138 458
138 459
139 204
139 291
139 343
140 158
140 178
140 191
140 222
141 220
141 233
141 250
141 264
141 439
141 493
142 215
142 243
142 256
142 259
142 272
142 383
142 398
143 228
143 243
143 351
143 361
143 460
144 174
144 202
144 262
144 347
144 450
145 317
145 372
145 485
146 159
146 185
146 266
146 269
146 300
146 355
146 365
146 396
146 412
146 435
146 475
146 484
146 495
147 186
147 269
147 278
147 435
147 462
147 492
147 498
148 196
148 235
148 309
148 324
148 410
149 170
149 192
149 342
149 367
149 384
149 433
149 452
150 166
150 176
150 265
150 364
150 384
150 430
150 439
150 459
151 179
151 214
151 256
151 398
151 464
152 198
152 242
152 246
152 294
152 333
152 347
152 363
152 387
153 156
153 243
153 272
153 377
154 398
154 473
154 488
155 224
155 310
155 327
155 463
155 480
156 232
156 242
156 245
156 262
156 384
156 480
157 160
157 241
157 256
157 314
157 358
157 427
158 190
158 264
158 267
158 335
158 401
158 420
159 176
159 178
159 195
159 201
159 218
159 361
159 465
160 224
160 257
160 283
160 307
160 452
160 492
161 237
161 246
161 387
161 414
161 433
162 192
162 196
162 197
162 263
162 327
162 452
163 176
163 205
163 294
163 386
164 172
164 198
164 248
164 270
164 310
164 372
164 404
164 414
164 462
164 474
165 272
165 377
165 387
165 488
166 199
166 238
166 317
166 452
166 455
166 483
167 187
167 203
167 269
167 303
167 368
167 374
167 377
167 422
167 457
167 490
168 233
168 248
168 266
168 337
168 371
168 416
168 417
168 424
168 448
168 466
168 485
168 491
169 227
169 377
169 379
169 389
169 456
169 483
169 493
170 334
170 402
170 461
171 229
171 404
172 256
172 274
172 286
172 290
172 329
172 451
172 491
173 232
173 239
173 337
173 341
173 349
173 398
174 181
174 278
174 329
174 376
174 448
174 484
175 192
175 276
175 426
175 491
176 182
176 189
176 275
176 314
176 383
176 391
176 428
177 311
177 338
177 352
177 396
177 486
178 197
178 317
178 333
178 361
178 377
178 394
178 413
178 419
178 420
179 206
179 214
179 222
179 315
179 361
179 368
179 370
179 390
179 422
179 431
179 459
179 476
180 210
180 240
180 254
180 265
180 271
180 298
180 308
180 394
180 467
180 481
181 187
181 231
181 248
181 266
181 340
181 390
181 393
181 433
182 250
182 258
182 281
182 289
182 382
182 408
183 194
183 208
183 378
183 403
183 425
184 236
184 299
184 328
184 356
184 421
184 498
185 230
185 234
185 257
185 263
185 393
185 456
186 310
186 379
186 422
187 317
187 349
187 393
188 246
188 269
188 298
188 361
188 368
188 403
188 450
188 481
189 236
189 248
189 259
189 318
189 347
189 355
189 395
189 438
189 489
190 214
190 327
190 333
190 381
190 416
190 493
191 272
191 285
191 334
191 375
191 467
191 472
191 476
192 281
192 288
192 329
193 271
193 436
193 449
193 478
193 491
195 198
195 207
195 215
195 276
195 322
195 343
195 351
195 353
195 364
195 429
196 206
196 312
196 401
196 426
196 459
196 482
197 198
197 242
197 253
197 274
197 329
197 359
197 361
197 372
197 380
197 437
198 225
198 355
198 393
198 434
198 494
199 305
199 311
199 352
199 393
199 395
199 458
199 481
200 217
200 341
200 378
200 441
200 443
201 203
201 259
201 300
201 316
201 366
201 368
201 414
201 466
202 424
203 320
203 489
204 206
204 234
204 264
204 302
204 340
204 353
204 388
204 413
204 452
205 289
205 362
205 363
205 392
205 393
205 421
205 492
206 208
206 352
206 401
206 449
206 454
206 495
207 230
207 237
207 283
207 298
207 354
207 394
207 438
207 469
208 252
208 271
208 296
208 309
208 337
208 377
208 407
208 420
209 210
209 302
209 312
209 393
209 411
209 416
210 231
210 299
210 307
210 320
210 326
210 339
210 396
210 422
211 225
211 337
211 407
211 432
211 445
211 490
212 233
212 256
212 310
212 382
213 334
213 347
213 397
213 403
213 457
214 270
214 453
214 459
215 216
215 228
215 275
215 395
215 482
216 222
216 289
216 303
216 311
216 369
217 266
217 303
217 307
217 416
217 447
217 481
218 240
218 280
218 294
218 413
218 448
219 379
219 387
219 455
219 476
220 233
220 246
220 308
220 362
220 390
220 463
221 238
221 281
221 321
221 371
221 471
222 247
222 283
222 286
222 312
222 369
222 370
222 487
223 229
223 246
223 261
223 280
223 330
223 398
223 487
224 239
224 245
224 253
224 257
224 318
224 348
225 449
225 476
225 483
226 398
226 479
226 493
227 274
227 275
227 285
227 419
227 448
227 498
228 338
228 433
228 448
229 357
229 382
229 395
229 404
229 430
230 288
230 325
230 329
230 387
230 401
230 473
230 487
231 238
231 288
231 363
231 388
231 393
231 413
232 367
232 381
232 410
232 429
233 242
233 273
233 310
233 323
233 342
233 353
233 379
233 447
233 493
234 239
234 272
234 300
234 423
234 489
235 289
235 320
235 331
235 406
235 429
235 443
236 293
236 307
236 311
236 328
236 429
236 435
237 244
237 384
237 473
238 251
238 279
238 341
238 361
238 362
238 433
238 459
239 324
239 437
240 258
240 312
240 322
240 451
240 462
241 339
241 341
241 343
241 491
242 259
242 261
242 384
242 411
242 483
243 299
243 325
243 344
243 400
243 414
243 428
243 454
244 246
244 248
244 301
244 323
244 356
244 432
244 477
244 489
245 278
245 325
245 351
246 253
246 276
246 348
247 293
247 436
247 449
248 307
248 340
248 367
248 386
248 392
249 293
249 308
249 316
249 350
249 405
250 317
250 318
250 380
250 423
250 431
250 458
250 476
251 281
251 430
251 482
252 273
252 302
252 306
252 361
252 380
252 408
252 417
252 429
252 475
253 460
253 475
254 339
254 342
254 349
255 283
255 348
255 415
255 445
256 272
256 292
256 329
256 345
256 394
256 417
257 298
257 380
257 414
257 479
257 491
258 410
258 414
258 425
258 442
259 332
259 402
259 460
260 273
260 275
260 300
260 381
260 415
260 434
261 311
261 343
261 379
261 391
261 395
261 420
262 331
262 412
262 465
262 486
263 346
263 370
263 458
264 304
264 318
264 352
264 375
264 389
264 390
264 394
264 421
264 489
265 329
265 357
265 365
265 401
265 421
265 441
265 462
265 497
266 405
267 403
267 417
267 430
267 493
268 295
268 310
268 343
268 385
268 445
268 452
269 318
269 346
269 356
269 370
269 494
270 350
270 353
270 363
270 454
270 489
271 296
271 307
271 347
271 348
271 406
271 422
271 426
272 298
272 392
272 434
272 446
272 496
273 274
273 403
273 417
273 423
273 431
273 440
273 447
273 460
273 464
274 440
274 488
275 303
275 310
275 318
275 382
275 410
275 421
275 498
276 310
276 331
276 367
276 375
276 395
276 400
276 463
276 466
277 366
277 376
277 383
277 420
278 329
278 382
279 316
279 328
279 442
279 460
280 317
280 355
280 385
280 423
281 329
281 353
281 357
281 480
282 347
282 405
282 410
282 416
283 294
283 318
283 335
283 406
284 392
284 490
285 288
285 310
285 355
285 458
286 318
286 407
286 485
287 292
287 390
287 492
288 296
288 382
289 383
289 391
289 487
290 301
290 374
290 426
290 497
291 314
291 332
291 362
291 393
292 297
292 379
292 392
292 408
292 421
292 437
292 486
293 365
293 385
293 404
294 315
294 331
294 347
294 356
294 394
294 454
295 320
295 390
295 418
295 437
295 484
296 406
297 338
297 405
297 417
297 419
298 337
298 379
298 406
298 444
299 317
299 320
299 396
300 423
301 304
301 337
301 353
301 357
301 362
301 398
301 444
301 474
302 354
302 394
302 442
302 486
303 316
303 372
303 380
303 409
303 488
304 311
304 315
304 353
304 450
304 470
304 474
305 368
305 424
305 466
306 374
306 389
308 315
308 320
308 323
308 359
308 380
308 470
308 486
309 480
310 338
310 415
311 363
311 431
311 487
312 321
312 337
312 344
312 364
312 379
312 412
312 441
313 324
313 332
313 386
313 387
313 401
314 353
314 382
315 316
315 356
315 390
315 461
316 368
317 358
317 403
317 410
317 495
318 383
318 413
318 430
319 346
319 370
319 391
319 426
319 472
320 329
320 372
320 479
320 491
321 431
322 489
323 373
323 394
323 404
323 416
323 433
323 448
324 351
324 388
324 478
324 494
325 387
326 346
326 357
326 366
326 391
326 401
326 472
326 493
327 402
327 403
327 416
327 460
328 334
328 362
328 476
328 491
328 497
329 349
329 376
329 397
329 436
329 466
330 444
330 480
331 365
331 449
332 339
332 364
332 427
332 488
333 336
333 349
333 378
334 338
334 375
334 398
334 478
334 484
335 389
335 414
335 424
335 430
335 467
335 494
336 362
336 448
336 449
336 450
336 481
337 392
337 409
337 419
339 360
339 499
340 351
340 376
340 434
341 388
341 413
342 361
342 377
342 451
343 415
344 406
344 455
344 471
345 465
345 494
345 499
346 385
346 437
347 375
347 469
347 483
347 493
348 392
348 428
348 462
348 496
349 445
349 495
350 379
350 466
350 469
350 476
350 487
351 434
352 410
352 496
353 358
353 367
354 433
354 483
354 492
355 376
355 451
356 369
356 490
356 491
356 495
357 384
357 423
357 424
358 367
359 376
359 415
359 467
359 482
359 492
360 367
360 380
360 417
361 414
361 422
361 452
361 468
362 465
363 367
363 383
363 400
363 450
363 455
363 466
364 389
364 465
365 394
365 397
365 433
366 407
366 451
366 497
367 472
368 376
368 394
368 415
368 447
368 457
368 460
369 377
369 384
369 404
370 453
372 432
372 436
372 450
373 403
373 414
373 446
373 472
373 474
374 465
376 401
377 456
377 465
377 471
377 482
378 439
378 450
378 477
378 496
379 409
380 432
380 467
382 384
384 417
384 485
384 489
385 448
385 452
386 398
386 401
386 415
387 412
387 426
388 422
388 454
389 481
390 481
392 464
393 457
394 409
394 457
394 488
394 492
395 434
395 497
396 405
397 418
398 417
399 408
399 491
400 410
400 488
403 412
403 425
403 475
404 477
405 452
405 481
407 477
408 445
408 478
408 496
409 424
409 469
409 498
410 418
410 446
410 466
410 475
410 476
411 453
411 474
412 414
413 447
414 434
415 417
415 424
415 478
415 499
416 448
416 455
416 458
416 484
417 429
417 458
418 420
418 440
418 455
418 491
419 451
419 452
421 430
422 436
422 438
423 438
423 451
423 491
424 466
425 453
425 458
425 465
425 481
426 431
426 444
426 484
428 468
429 444
430 458
430 470
431 449
432 433
432 495
433 466
434 447
437 477
439 449
439 456
440 456
440 462
440 465
440 472
440 478
443 445
444 452
444 468
445 475
446 455
447 448
447 471
447 480
449 455
449 472
449 488
449 499
450 453
453 479
456 470
457 478
457 491
459 475
461 471
463 491
463 497
464 487
464 489
465 485
467 496
472 483
475 478
477 488
478 490
480 491
481 482
481 485
482 496
483 486
488 495
0
9 499
