500	2494	 1
0 39
0 95
0 177
0 205
0 234
0 239
0 297
0 301
1 6
1 9
1 54
1 70
1 178
1 179
1 282
1 349
1 445
2 13
2 54
2 95
2 163
2 165
2 175
2 188
2 413
2 416
2 429
2 453
3 61
3 126
3 140
3 191
3 204
3 226
3 230
3 267
3 313
3 318
3 354
3 372
3 412
3 421
4 69
4 106
4 118
4 189
4 225
4 229
4 269
4 317
4 357
5 19
5 25
5 36
5 118
5 127
5 132
5 142
5 165
5 175
5 283
5 300
5 371
5 418
6 104
6 189
6 256
6 313
6 362
6 410
7 9
7 29
7 51
7 82
7 169
7 181
7 206
7 266
7 300
7 494
7 499
8 40
8 81
8 107
8 207
8 221
8 282
8 283
8 290
8 314
9 43
9 93
9 105
9 113
9 126
9 158
9 350
9 396
9 401
9 491
10 53
10 78
10 117
10 169
10 195
10 225
10 309
10 395
11 103
11 137
11 141
11 176
11 186
11 214
11 232
11 287
11 368
11 396
11 403
11 411
11 417
11 457
11 491
12 21
12 149
12 237
12 257
12 294
12 399
12 475
12 483
13 74
13 173
13 181
13 318
13 328
13 381
13 396
13 399
13 469
13 483
13 484
13 490
14 62
14 165
14 166
14 178
14 226
14 303
14 317
14 451
14 499
15 83
15 151
15 160
15 205
15 237
15 270
15 332
15 393
15 398
15 402
15 415
15 435
15 447
16 100
16 109
16 150
16 195
16 203
16 269
16 286
16 292
16 297
16 352
16 410
16 415
16 470
16 480
17 46
17 80
17 103
17 166
17 227
17 229
17 311
17 324
17 397
17 454
17 459
17 469
17 477
18 50
18 90
18 148
18 236
18 243
18 305
18 375
18 379
18 391
18 429
18 441
18 485
18 491
18 498
19 81
19 147
19 308
19 322
19 335
19 382
19 406
19 491
20 36
20 43
20 122
20 133
20 136
20 145
20 159
20 204
20 226
20 301
20 352
20 368
20 404
20 460
21 137
21 235
21 272
21 346
21 404
21 409
21 451
21 460
22 29
22 41
22 52
22 74
22 161
22 179
22 268
22 410
22 417
22 420
22 461
22 482
23 26
23 57
23 101
23 122
23 238
23 242
23 318
23 363
23 451
23 475
23 483
24 47
24 119
24 175
24 216
24 421
25 63
25 96
25 115
25 187
25 319
25 325
25 403
25 443
26 100
26 131
26 153
26 222
26 256
26 258
26 286
26 288
26 300
26 318
26 412
26 431
26 490
26 496
27 62
27 85
27 106
27 211
27 270
27 372
27 444
27 461
27 488
28 117
28 209
28 235
28 248
28 299
28 302
28 389
28 445
28 451
29 171
29 215
29 281
29 303
29 318
29 324
29 370
30 42
30 69
30 76
30 112
30 147
30 305
30 311
30 436
30 484
31 32
31 131
31 169
31 252
31 322
31 421
31 423
31 456
31 496
32 92
32 262
32 325
32 390
32 493
33 92
33 174
33 198
33 216
33 227
33 373
33 379
33 418
33 488
34 70
34 88
34 117
34 136
34 155
34 194
34 218
34 231
34 248
34 311
34 354
34 454
34 473
35 56
35 65
35 66
35 94
35 112
35 115
35 311
35 338
35 381
36 63
36 93
36 136
36 138
36 150
36 174
36 265
36 279
36 350
36 351
36 385
36 498
37 196
37 319
37 430
38 70
38 169
38 186
38 202
38 368
38 383
38 485
38 499
39 110
39 246
39 297
39 309
39 442
39 454
39 466
40 103
40 169
40 193
40 219
40 224
40 322
40 336
40 374
41 61
41 120
41 147
41 164
41 173
41 282
41 323
41 396
41 491
41 495
42 113
42 141
42 187
42 229
42 231
42 253
42 271
42 312
42 348
42 377
42 425
42 436
43 55
43 56
43 112
43 171
43 302
43 345
43 353
43 378
43 401
43 428
43 455
43 487
44 78
44 97
44 103
44 107
44 131
44 173
44 211
44 276
44 413
44 420
44 432
44 461
44 467
45 105
45 124
45 131
45 150
45 276
45 309
45 368
45 396
45 477
45 494
46 62
46 232
46 243
46 253
46 305
46 338
46 415
47 132
47 193
47 217
48 54
48 154
48 306
48 330
48 342
48 344
48 361
48 400
48 472
48 478
48 498
49 127
49 131
49 145
49 193
49 211
49 377
49 421
50 87
50 148
50 158
50 196
50 259
50 346
50 367
50 374
50 399
50 402
50 448
50 453
50 479
51 56
51 91
51 100
51 245
51 249
51 391
51 393
51 402
51 422
52 66
52 205
52 217
52 294
52 386
52 429
53 58
53 79
53 214
53 228
53 280
53 376
53 432
53 454
53 494
54 80
54 83
54 86
54 96
54 136
54 151
54 272
54 293
54 418
54 459
54 466
55 85
55 98
55 173
55 179
55 259
55 316
55 350
56 71
56 72
56 99
56 249
56 286
56 291
56 303
56 313
56 320
56 326
56 475
56 483
57 120
57 130
57 180
57 247
57 322
57 411
58 65
58 70
58 87
58 135
58 138
58 167
58 204
58 214
58 305
58 312
58 327
58 482
59 85
59 88
59 119
59 156
59 163
59 174
59 175
59 216
59 242
60 87
60 92
60 262
60 266
60 272
60 302
60 333
60 343
60 401
60 407
60 448
60 475
61 67
61 126
61 210
61 366
62 159
62 285
62 294
62 296
62 323
62 366
62 368
62 491
63 86
63 193
63 213
63 224
63 236
63 284
63 396
63 468
63 492
64 101
64 207
64 241
64 279
64 343
64 430
64 460
64 474
65 148
65 164
65 180
65 226
65 272
65 320
65 337
65 434
65 496
66 103
66 181
66 235
66 240
66 267
66 295
67 116
67 131
67 140
67 180
67 199
67 225
67 337
67 411
67 422
68 75
68 87
68 89
68 127
68 167
68 251
68 296
68 361
68 385
68 487
69 142
69 311
69 357
69 410
69 415
69 432
69 461
70 181
70 192
70 244
70 271
70 272
70 289
70 332
70 373
70 450
71 116
71 306
71 339
71 416
71 426
72 183
72 355
72 392
72 453
72 467
72 481
72 484
73 74
73 79
73 123
73 129
73 162
73 177
73 200
73 319
73 381
73 401
73 485
74 79
74 104
74 138
74 142
74 156
74 183
74 188
74 197
74 279
74 328
74 336
74 346
74 380
74 427
74 473
74 484
74 498
75 215
75 269
75 290
75 372
75 388
75 442
76 223
76 255
76 304
76 309
76 313
76 357
76 369
76 381
76 421
76 429
77 140
77 189
77 322
77 452
77 493
78 108
78 134
78 154
78 193
78 214
78 235
78 249
78 270
78 293
78 298
78 370
78 398
79 123
79 323
79 401
79 404
79 440
80 107
80 253
80 293
80 299
80 360
80 379
80 425
80 495
81 85
81 115
81 150
81 176
81 183
81 199
81 354
81 452
82 89
82 158
82 258
82 262
82 269
82 452
82 466
83 107
83 269
83 367
83 420
83 444
83 493
84 95
84 215
84 220
84 239
84 255
84 287
84 355
84 432
85 113
85 244
85 257
85 289
85 299
85 385
85 474
86 124
86 180
86 292
86 321
86 366
86 404
86 441
86 470
87 91
87 126
87 219
87 258
87 340
87 387
87 421
87 470
87 490
88 141
88 178
88 223
88 226
88 310
88 375
88 399
88 417
88 428
88 462
89 197
89 212
89 289
89 433
90 106
90 256
90 307
90 325
90 335
90 342
90 345
90 387
90 482
91 300
91 387
91 440
92 94
92 128
92 162
92 209
92 279
92 295
92 328
92 333
92 423
93 183
93 273
93 344
93 360
93 369
94 112
94 116
94 134
94 206
94 231
94 265
94 281
94 320
94 343
94 360
94 431
94 432
94 459
94 475
95 96
95 119
95 168
95 180
95 212
95 246
95 260
95 353
95 462
95 481
95 491
96 138
96 190
96 214
96 285
96 359
96 360
96 367
96 370
96 410
96 480
97 101
97 147
97 168
97 258
97 267
97 274
97 297
97 341
97 386
97 411
97 449
97 494
98 168
98 247
98 485
99 147
99 191
99 218
99 359
99 361
99 442
99 484
100 102
100 126
100 146
100 155
100 176
100 177
100 196
100 301
100 303
100 324
100 340
100 437
100 447
101 231
101 260
101 265
101 268
101 315
101 332
101 343
101 349
101 359
101 368
101 390
101 484
102 148
102 162
102 229
102 270
102 372
103 117
103 213
103 220
103 270
103 291
103 354
103 478
103 499
104 113
104 137
104 191
104 251
104 441
104 492
104 498
105 125
105 146
105 245
105 249
105 275
105 332
105 367
106 151
106 192
106 225
106 312
106 376
106 495
107 153
107 163
107 215
107 235
107 251
107 281
107 403
107 437
107 465
108 112
108 178
108 211
108 220
108 301
108 305
108 369
108 486
109 181
109 282
109 319
109 327
109 382
109 390
109 398
109 403
109 421
109 493
110 134
110 162
110 200
110 278
110 381
110 384
110 406
111 275
111 350
111 408
111 466
111 495
112 125
112 156
112 160
112 249
112 328
113 166
113 189
113 275
113 285
113 307
113 340
113 394
113 403
113 444
114 123
114 182
114 279
114 331
114 352
114 386
114 453
115 154
115 224
115 259
115 298
115 303
115 390
115 407
115 468
115 479
116 117
116 118
116 128
116 140
116 208
116 242
116 248
116 264
116 303
116 304
116 428
117 139
117 406
117 462
117 476
117 487
118 132
118 396
118 479
119 126
119 240
119 283
119 305
119 368
119 375
119 428
119 439
119 492
120 188
121 252
121 295
121 330
121 374
121 428
121 440
122 138
122 143
122 202
122 255
122 278
122 312
122 313
122 366
122 391
122 418
122 461
122 491
123 212
123 239
123 325
123 329
123 335
123 428
123 483
124 158
124 214
124 252
124 286
124 330
124 349
124 407
124 447
124 477
125 203
125 249
125 258
125 300
125 365
125 371
125 388
125 498
126 142
126 198
126 290
126 352
126 366
126 436
126 464
127 138
127 218
127 307
127 340
127 362
127 418
127 443
127 477
128 129
128 162
128 191
128 212
128 283
128 414
128 421
128 486
129 233
129 341
129 346
129 375
129 415
129 492
130 139
130 160
130 182
130 202
130 251
130 393
130 471
131 187
131 214
131 252
131 257
131 357
131 385
131 387
131 415
131 445
132 145
132 153
132 180
132 216
132 252
132 256
132 313
132 369
132 384
133 169
133 182
133 227
133 251
133 255
133 257
133 263
133 374
133 468
133 481
134 144
134 152
134 182
134 262
134 366
134 391
135 203
135 388
135 429
135 455
135 470
136 198
136 201
136 236
136 242
136 243
136 275
136 347
136 362
136 439
136 445
136 479
136 488
137 315
137 326
137 457
138 155
138 193
138 265
138 270
138 277
138 299
138 337
138 348
138 444
138 475
139 166
139 227
139 336
139 369
139 411
139 489
140 186
140 233
140 391
141 181
141 238
141 264
141 345
141 349
141 354
141 368
141 388
141 447
141 480
141 495
142 350
142 429
142 438
143 275
143 387
143 437
143 442
144 164
144 199
144 208
144 209
144 259
144 263
144 295
144 323
144 428
144 432
145 171
145 190
145 235
145 238
145 306
145 363
145 436
145 438
145 439
145 462
146 265
146 297
146 302
146 350
146 365
146 389
146 472
146 473
146 474
147 156
147 177
147 194
147 218
147 314
147 329
147 346
147 378
147 410
147 412
147 432
147 453
147 455
147 476
147 491
148 218
148 247
148 287
148 430
148 434
148 439
148 498
149 194
149 332
149 341
149 370
149 459
150 196
150 366
150 430
150 440
150 471
150 473
151 226
151 227
151 248
151 276
151 305
151 325
151 406
151 417
151 459
152 192
152 215
152 244
152 275
152 321
152 392
152 450
152 459
153 181
153 209
153 218
153 260
154 198
154 220
154 291
154 331
154 431
155 188
155 209
155 257
155 266
155 321
155 322
155 455
155 475
155 493
156 203
156 213
156 278
156 298
156 319
156 468
157 217
157 255
157 302
157 382
157 384
157 406
157 420
157 465
157 496
158 219
158 257
158 276
158 319
158 326
158 369
158 448
158 471
158 499
159 395
160 251
160 495
160 496
160 497
161 214
161 219
161 315
161 323
161 406
162 193
162 293
162 344
162 403
162 474
162 479
163 253
163 261
163 305
163 311
164 166
164 197
164 205
164 277
164 350
164 395
164 494
165 208
165 218
165 225
165 261
165 272
165 306
165 341
165 350
165 378
165 416
165 444
165 461
166 210
166 264
166 401
167 200
167 267
167 268
167 275
168 176
168 185
168 246
168 248
168 252
168 271
168 289
168 328
168 403
169 176
169 179
169 186
169 251
169 261
169 345
170 195
170 211
170 230
170 318
170 351
170 367
170 417
170 431
171 203
171 240
171 284
171 300
171 329
171 403
171 454
171 497
172 210
172 238
172 332
172 394
173 427
174 303
174 338
174 361
174 473
175 215
175 218
175 256
175 312
175 345
175 381
175 403
175 475
176 193
176 263
176 302
176 303
176 327
176 425
177 302
177 323
177 379
177 464
177 497
178 244
178 305
178 357
178 372
178 442
178 485
179 228
179 245
179 265
179 285
179 411
179 439
179 455
179 468
180 200
180 209
180 270
180 296
180 312
180 379
180 442
180 463
180 467
180 477
180 494
181 201
181 237
181 245
181 263
181 318
181 319
181 445
182 287
182 411
182 412
182 470
183 244
183 320
183 344
183 452
184 248
184 317
184 465
185 226
185 401
185 414
185 423
185 437
186 209
186 234
186 266
186 270
186 365
186 394
186 422
186 438
186 453
186 471
186 481
186 482
187 210
187 287
188 194
188 203
188 255
188 280
188 300
188 315
188 342
188 468
189 273
189 294
189 338
189 339
189 362
189 373
189 402
189 470
190 204
190 215
190 254
190 296
190 326
190 330
190 344
190 358
190 363
190 438
191 442
191 480
192 239
192 272
192 323
193 271
193 281
193 283
193 309
193 315
193 385
193 481
193 486
193 488
194 197
194 198
194 238
194 273
194 351
194 382
195 231
195 257
195 336
195 338
195 345
195 365
195 379
195 382
195 449
196 227
196 296
196 299
196 311
196 335
196 458
196 487
196 492
197 210
197 214
197 225
197 290
197 295
198 254
198 279
198 289
198 392
199 311
199 358
199 365
199 372
199 442
199 459
200 209
200 302
200 425
200 438
200 481
201 205
201 234
201 258
201 337
201 349
201 372
201 405
201 411
201 455
201 477
201 487
202 387
203 211
203 278
203 296
203 383
203 390
203 408
203 449
203 459
203 467
204 297
204 330
204 388
204 406
204 423
204 456
204 484
205 216
205 262
205 303
205 353
205 365
205 418
205 427
205 442
205 474
206 238
206 365
206 380
206 381
206 413
206 424
206 432
207 253
207 388
207 432
208 210
208 270
209 221
209 233
209 277
209 292
209 328
209 403
209 469
210 314
210 322
210 353
210 363
210 374
210 424
210 447
210 448
211 245
211 271
211 278
211 295
211 349
211 429
211 451
211 483
212 334
212 461
212 488
213 376
213 379
213 418
213 450
213 472
214 237
214 249
214 272
214 329
214 353
214 362
214 383
214 419
214 472
215 223
215 234
215 248
215 394
215 448
216 223
216 249
216 313
216 379
216 449
216 464
216 486
216 492
217 263
217 339
217 342
217 423
217 438
217 443
218 239
218 278
218 287
218 303
218 345
218 353
218 496
219 379
219 387
219 398
219 420
219 470
220 255
220 256
220 308
220 309
220 358
220 377
220 411
220 445
220 469
221 286
221 353
222 278
222 330
222 355
222 396
222 412
222 425
222 491
222 493
223 455
224 286
224 295
224 364
224 466
224 487
225 264
225 366
225 379
225 380
225 413
225 420
225 468
226 231
226 265
226 285
226 314
226 334
226 336
226 343
226 416
226 497
227 246
227 288
227 307
227 338
227 380
227 397
228 235
228 267
228 279
228 284
228 286
228 366
228 368
228 391
228 451
229 252
229 281
229 318
229 494
230 294
230 349
230 394
230 423
230 446
231 244
231 353
231 379
231 427
231 431
231 460
232 278
232 288
232 413
233 234
233 414
233 459
233 494
234 238
234 317
234 349
234 467
234 470
234 478
235 296
235 338
235 340
235 358
235 409
235 487
236 251
236 292
236 294
236 377
236 453
236 459
236 498
237 249
237 271
237 306
237 326
237 338
237 409
237 447
237 492
237 493
238 334
238 458
238 459
238 499
239 348
239 362
239 420
240 283
240 311
240 336
241 350
241 385
241 430
241 445
242 259
242 313
242 370
242 377
242 381
242 400
242 444
242 449
242 474
243 307
243 418
244 276
244 381
244 396
245 301
245 303
245 311
245 315
245 333
245 364
245 387
245 395
246 258
246 294
246 467
247 322
247 324
247 418
247 424
247 440
248 441
249 250
249 279
249 286
249 330
249 361
249 401
249 497
250 379
250 411
250 434
250 439
251 285
251 363
251 388
251 401
251 437
251 448
251 482
252 290
252 300
252 304
252 346
252 359
252 465
252 491
253 271
253 399
253 427
253 494
254 310
254 345
254 399
254 439
254 449
254 467
254 472
254 478
254 490
255 288
255 307
255 314
255 394
255 423
255 475
255 481
256 259
256 288
256 390
256 457
257 259
257 271
257 274
257 347
257 381
257 460
257 479
257 495
257 498
258 264
258 300
258 330
258 372
258 397
258 410
258 489
259 321
259 388
260 337
260 355
260 398
260 428
260 476
261 316
261 317
261 321
261 343
261 395
261 417
262 276
262 328
262 373
262 460
263 468
263 495
264 266
264 278
264 280
264 365
264 414
264 427
265 277
265 281
265 291
265 379
265 396
265 453
266 354
266 476
266 489
267 330
267 430
268 282
268 291
268 339
268 431
268 450
268 479
269 348
269 378
269 406
269 440
270 321
270 378
270 490
271 298
271 326
271 373
271 425
271 438
271 486
271 493
272 356
272 385
272 411
272 422
273 318
273 454
274 457
274 479
275 312
275 350
275 355
275 413
275 431
275 479
275 490
276 284
276 421
276 433
277 284
277 310
277 323
277 438
277 467
277 487
278 283
278 298
278 329
278 339
278 348
278 364
278 373
278 399
278 418
278 459
278 465
279 315
279 339
279 351
279 445
280 312
280 314
280 316
280 329
280 345
280 360
280 363
280 413
280 466
281 302
282 294
282 328
282 355
282 369
282 421
282 442
282 444
283 469
284 299
284 415
284 481
285 424
286 347
286 371
286 426
286 450
286 482
287 381
287 405
288 289
288 374
288 425
288 451
288 452
288 472
289 407
289 410
289 421
289 490
290 353
290 391
290 430
290 460
290 468
290 484
290 498
291 310
291 334
291 386
291 458
292 317
293 310
294 306
294 383
294 470
294 479
295 310
295 388
295 407
295 418
295 422
295 479
295 481
296 359
296 401
296 418
296 424
296 437
296 493
297 311
297 369
297 388
297 499
298 304
298 335
298 410
299 356
299 389
299 495
300 318
300 341
300 385
300 428
300 470
301 302
301 307
301 340
302 328
302 365
302 370
302 418
302 463
303 305
303 324
303 350
303 361
303 380
303 471
304 328
304 480
305 320
306 310
306 331
306 410
306 417
306 490
307 397
307 426
307 490
308 333
308 340
308 359
308 386
308 411
308 459
308 484
309 338
309 438
310 393
311 362
311 391
311 468
312 327
312 366
312 396
312 420
312 466
313 351
313 493
314 354
315 323
315 472
316 369
316 373
316 383
316 474
317 403
317 418
317 435
317 476
318 343
318 363
318 411
318 428
319 382
319 386
319 468
319 469
319 494
319 496
320 341
320 435
320 486
321 325
321 365
321 368
321 383
321 400
321 461
321 475
322 330
322 364
322 465
323 353
323 364
323 369
323 387
323 446
323 460
324 373
324 392
324 416
324 418
324 494
325 356
325 400
325 471
325 487
326 371
326 409
326 430
326 432
326 466
326 473
326 481
327 328
327 350
327 386
327 408
327 429
327 473
328 443
330 427
330 491
331 465
332 334
332 336
332 496
333 446
334 420
334 427
335 337
335 348
335 405
335 444
335 482
335 491
336 415
336 431
336 443
336 484
336 489
336 491
337 349
337 350
337 407
337 439
338 365
338 401
338 426
339 387
339 404
339 413
340 371
340 436
340 445
340 454
340 470
340 493
341 366
342 360
342 443
342 455
343 387
343 437
343 465
343 474
343 495
344 379
344 456
344 484
344 498
345 346
345 400
346 352
347 377
347 418
347 451
348 369
348 382
349 375
349 398
349 400
350 445
350 471
351 399
351 443
351 481
352 412
353 393
353 455
354 357
354 426
354 477
355 357
357 364
357 445
357 462
358 417
358 447
358 451
358 487
359 400
359 476
359 482
360 384
360 394
360 398
360 419
360 439
362 389
363 387
363 415
363 419
363 454
364 384
364 467
365 371
365 469
366 371
366 376
366 458
367 425
367 442
367 462
368 386
368 395
368 433
368 439
369 398
369 461
370 376
371 466
372 492
373 402
373 406
373 492
374 398
374 412
374 466
375 419
375 440
375 446
376 428
376 444
377 441
377 490
378 388
378 389
378 439
379 476
379 480
380 383
380 415
381 493
381 497
384 431
384 446
384 460
385 422
385 467
385 469
386 391
386 444
386 455
388 401
388 414
388 417
389 435
389 445
390 470
390 491
392 446
392 452
392 499
393 416
393 427
393 470
394 439
394 445
394 473
394 490
395 439
395 442
396 455
396 463
396 494
396 498
397 499
398 405
398 420
398 470
399 418
399 430
399 435
399 457
400 468
400 496
401 496
402 425
403 408
405 426
405 428
405 444
405 476
406 429
406 486
407 483
408 473
409 444
410 433
411 427
411 437
412 488
413 414
413 496
414 478
414 487
416 451
417 480
418 452
418 485
419 473
421 486
422 486
422 492
422 499
423 448
424 448
425 457
425 496
426 490
427 441
427 455
427 461
427 474
428 447
428 481
429 464
429 490
430 446
431 466
431 475
432 461
432 494
434 498
435 492
436 456
437 452
438 460
438 498
439 446
441 460
442 459
443 470
444 451
445 449
445 486
446 469
447 466
447 469
448 496
449 471
449 489
449 497
450 463
450 491
452 471
453 459
454 458
454 468
457 476
457 494
458 477
458 491
460 479
461 472
462 465
463 476
464 478
466 474
466 475
468 476
471 489
476 491
477 496
479 497
485 493
0
9 499
