500	2516	 1
0 26
0 130
0 212
0 246
0 252
0 266
0 272
0 296
0 315
0 342
0 406
0 445
1 30
1 97
1 112
1 124
1 178
1 194
1 216
1 230
1 264
1 324
1 353
1 388
1 392
1 395
1 433
2 45
2 47
2 57
2 62
2 74
2 134
2 282
2 293
2 298
2 322
2 362
2 363
2 404
2 479
3 32
3 48
3 75
3 80
3 86
3 112
3 114
3 271
3 310
4 9
4 33
4 77
4 109
4 229
4 247
4 310
4 426
4 452
4 496
5 111
5 143
5 147
5 215
5 288
5 309
5 382
6 184
6 204
6 294
6 329
6 471
7 13
7 40
7 92
7 106
7 168
7 184
7 209
7 282
7 317
7 343
7 399
7 447
7 488
7 499
8 27
8 55
8 117
8 210
8 258
8 262
8 267
8 271
8 375
8 440
8 476
8 484
8 489
9 13
9 42
9 195
9 238
9 348
9 360
9 378
9 407
10 25
10 32
10 134
10 308
10 387
10 425
10 466
10 481
11 27
11 30
11 33
11 100
11 107
11 117
11 148
11 169
11 242
11 249
11 251
11 277
11 299
11 314
11 332
11 367
11 385
11 447
12 21
12 41
12 110
12 130
12 188
12 191
12 245
12 340
12 346
12 381
12 484
13 69
13 87
13 257
13 295
13 322
13 349
13 400
13 442
13 452
14 53
14 68
14 133
14 195
14 236
14 305
14 346
14 496
15 22
15 32
15 187
15 250
15 255
15 357
15 371
15 458
16 31
16 59
16 142
16 204
16 242
16 243
16 262
16 316
16 377
16 431
16 458
16 467
16 490
17 29
17 174
17 228
17 353
17 389
17 478
17 483
18 28
18 99
18 389
18 412
18 432
18 435
18 453
18 489
19 20
19 41
19 94
19 111
19 142
19 149
19 183
19 218
19 245
19 278
19 323
19 340
19 343
19 409
19 442
20 103
20 179
20 202
20 264
20 274
20 279
20 294
20 369
21 240
21 250
21 258
21 273
21 291
21 307
21 311
21 317
21 328
21 392
21 485
22 104
22 186
22 292
22 310
22 322
22 328
22 378
22 486
23 74
23 275
23 388
23 461
23 462
23 471
23 477
24 103
24 121
24 127
24 189
24 224
24 348
24 354
24 370
24 398
25 55
25 63
25 148
25 183
25 187
25 196
25 362
25 430
26 38
26 40
26 70
26 85
26 139
26 151
26 159
26 386
26 414
26 469
27 40
27 85
27 92
27 286
27 318
27 326
27 361
27 371
28 112
28 124
28 202
28 222
28 248
28 262
28 272
28 286
28 328
28 361
28 369
28 381
28 401
28 445
29 61
29 83
29 213
29 222
29 260
29 317
29 337
29 401
29 471
29 486
29 492
30 51
30 115
30 181
30 198
30 209
30 218
30 230
30 271
30 291
30 316
30 328
30 338
30 405
30 410
30 423
30 486
31 32
31 61
31 158
31 168
31 198
31 208
31 237
31 242
31 329
31 419
31 494
32 183
32 205
32 210
32 242
32 251
32 255
32 293
32 340
33 52
33 140
33 239
33 288
33 325
33 385
33 475
33 498
34 42
34 116
34 129
34 135
34 160
34 170
34 175
34 176
34 179
34 316
35 44
35 47
35 49
35 60
35 63
35 138
35 142
35 164
35 183
35 224
35 340
35 400
35 402
35 420
35 428
35 467
36 50
36 117
36 159
36 163
36 200
36 230
36 306
36 313
36 316
36 421
36 437
36 462
37 106
37 140
37 201
37 299
37 312
37 337
37 447
37 455
37 482
38 59
38 82
38 361
38 413
38 443
38 484
39 256
39 355
39 405
40 48
40 89
40 162
40 168
40 183
40 217
40 226
40 346
40 382
40 417
40 439
40 452
41 55
41 87
41 139
41 182
41 194
41 295
41 397
41 473
42 91
42 92
42 139
42 220
42 303
42 359
43 62
43 150
43 169
43 220
43 226
43 254
43 374
43 409
43 452
43 475
44 71
44 125
44 155
44 190
44 205
44 263
44 271
44 301
44 383
44 423
44 427
44 457
45 79
45 186
45 223
45 251
45 293
45 296
45 318
45 398
45 412
45 446
45 464
45 482
46 47
46 49
46 57
46 64
46 70
46 73
46 179
46 263
46 270
46 325
46 431
46 434
46 488
47 98
47 168
47 172
47 263
47 357
47 371
47 372
47 398
47 437
47 446
48 181
48 233
48 246
48 396
48 399
48 404
49 71
49 74
49 89
49 139
49 220
49 291
49 325
49 439
49 494
50 60
50 96
50 141
50 185
50 211
50 409
50 419
51 78
51 157
51 340
51 350
51 405
51 456
52 66
52 68
52 269
52 284
52 310
52 329
52 360
52 370
52 401
52 461
52 475
52 482
53 89
53 158
53 198
53 245
53 370
53 406
53 416
53 446
54 184
54 214
54 217
54 286
54 405
54 490
55 63
55 94
55 174
55 205
55 253
55 322
55 329
55 400
55 484
56 64
56 151
56 265
56 310
56 334
56 359
56 451
56 467
56 495
57 105
57 148
57 158
57 205
57 269
57 324
57 340
57 376
57 403
57 410
57 413
58 100
58 154
58 156
58 174
58 333
58 487
58 499
59 81
59 122
59 160
59 170
59 190
59 325
59 352
59 383
59 470
60 63
60 74
60 120
60 133
60 467
60 487
60 496
60 498
61 120
61 146
61 147
61 207
61 291
61 360
61 364
61 377
61 410
61 411
62 109
62 145
62 275
62 305
62 433
62 441
62 451
63 74
63 75
63 229
63 284
63 325
63 345
63 378
63 432
63 435
63 494
64 106
64 214
64 236
64 308
64 333
64 428
65 91
65 118
65 283
65 369
65 407
65 423
65 429
66 75
66 141
66 149
66 262
66 388
66 420
66 444
66 452
66 460
67 168
67 273
67 369
67 375
67 416
67 457
68 125
68 139
68 156
68 183
68 273
68 280
68 326
68 331
68 398
68 411
68 419
68 479
69 115
69 149
69 154
69 250
69 271
69 275
69 348
69 357
69 373
69 495
70 92
70 96
70 107
70 132
70 177
70 246
70 346
70 432
70 457
70 490
71 125
71 139
71 158
71 283
71 386
71 394
71 429
71 454
72 84
72 120
72 159
72 201
72 227
72 241
72 321
72 415
73 95
73 113
73 134
73 176
73 184
73 356
73 415
73 452
73 458
73 494
74 81
74 102
74 110
74 129
74 199
74 200
74 263
74 268
74 269
74 280
74 348
75 96
75 183
75 211
75 297
75 317
75 397
75 418
75 495
76 88
76 131
76 140
76 295
76 370
76 387
77 125
77 215
77 222
77 301
77 495
78 84
78 105
78 153
78 193
78 276
78 329
78 413
79 116
79 120
79 141
79 211
79 264
79 317
79 390
79 392
79 472
80 88
80 142
80 163
80 338
80 366
80 416
80 468
81 137
81 164
81 313
81 431
81 460
82 163
82 247
82 328
82 435
82 437
83 91
83 163
83 169
83 202
83 248
83 257
83 271
83 293
83 295
83 358
83 449
84 113
84 133
84 216
84 339
84 440
84 472
85 115
85 147
85 189
85 241
85 279
85 340
85 362
85 381
86 92
86 103
86 199
86 223
86 247
86 294
86 308
86 342
86 416
87 116
87 141
87 163
87 164
87 270
87 394
87 400
88 135
88 136
88 184
88 196
88 236
88 270
88 314
88 339
88 429
88 439
89 177
89 220
89 386
90 105
90 245
90 283
90 403
90 489
91 131
91 139
91 200
91 227
91 255
91 307
91 326
91 354
91 361
91 412
91 418
91 427
91 444
91 468
91 486
92 111
92 152
92 178
92 283
92 398
92 459
93 132
93 160
93 332
93 350
93 483
93 492
94 116
94 129
94 139
94 145
94 311
94 319
94 445
94 454
95 168
95 261
95 298
95 305
96 170
96 286
96 350
96 367
96 377
97 118
97 123
97 132
97 139
97 204
97 387
97 400
97 419
98 187
98 219
98 223
98 257
98 281
98 464
99 131
99 178
99 224
99 241
99 255
99 269
99 298
99 371
99 489
100 194
100 223
100 298
100 419
100 420
100 467
100 469
100 470
101 254
101 316
101 326
101 372
101 438
101 472
102 152
102 164
102 186
102 233
102 261
102 335
102 338
102 352
102 397
102 400
102 420
102 422
103 116
103 133
103 164
103 180
103 185
103 207
103 263
103 334
103 407
103 408
103 443
103 487
103 492
104 152
104 267
104 349
104 359
104 494
105 209
105 324
105 325
105 423
105 467
106 174
106 315
106 395
106 449
107 182
107 211
107 271
107 286
107 291
107 418
108 206
108 315
108 479
109 127
109 185
109 237
109 300
109 309
109 310
109 327
109 346
109 371
110 187
110 199
110 415
110 421
110 422
110 444
110 472
110 493
111 112
111 115
111 177
111 182
111 184
111 219
111 232
111 253
111 379
112 124
112 172
112 193
112 231
112 265
112 361
112 369
112 441
113 263
113 386
113 447
113 461
113 492
113 499
114 224
114 228
114 245
114 263
114 330
114 334
114 414
114 448
115 132
115 151
115 175
115 180
115 316
115 412
115 440
115 446
115 470
116 228
116 372
117 127
117 197
117 200
117 409
117 437
117 476
118 214
118 225
118 241
118 294
118 336
118 405
118 450
119 197
119 203
119 207
119 245
119 287
119 327
119 402
119 499
120 148
120 157
120 237
120 261
120 262
120 290
120 321
120 345
120 376
120 390
120 432
120 465
121 253
121 319
121 323
121 345
121 346
121 436
121 450
121 471
122 123
122 210
122 225
122 246
123 127
123 170
123 185
123 226
123 229
123 273
123 367
123 399
123 435
123 457
123 470
124 253
124 254
124 262
124 279
124 401
125 140
125 151
125 156
125 176
125 272
125 298
125 317
125 377
125 399
125 460
126 178
126 446
127 153
127 163
127 200
127 235
127 251
127 291
127 305
127 410
127 426
127 457
127 479
128 150
128 226
128 262
128 267
128 273
128 320
129 146
129 235
129 319
129 400
129 434
130 137
130 168
130 177
130 194
130 212
130 263
130 266
130 366
130 491
131 173
131 295
131 411
131 447
131 456
131 490
132 135
132 149
132 176
132 177
132 190
132 210
132 259
132 288
132 401
132 468
132 482
132 485
132 491
133 144
133 166
133 185
133 252
133 259
133 275
133 311
133 321
133 392
133 437
133 447
133 475
134 184
134 264
134 329
134 331
134 336
134 433
134 457
134 466
134 475
135 210
135 281
135 341
135 425
135 461
136 152
136 187
136 200
136 203
136 305
136 311
136 357
137 166
137 175
137 205
137 210
137 253
137 291
137 324
137 332
137 476
138 179
138 241
138 273
138 275
138 295
138 321
138 339
138 392
138 395
138 424
139 190
139 232
139 240
139 257
139 316
139 343
139 419
140 199
140 205
140 220
140 227
140 314
140 347
140 416
140 420
140 451
140 457
141 224
141 263
141 387
141 409
141 449
142 190
142 225
142 391
142 420
142 425
142 484
143 173
143 237
143 246
143 256
143 330
143 345
143 358
143 466
144 215
144 222
144 227
144 250
144 337
144 394
144 493
145 210
145 400
146 194
146 219
146 252
146 356
146 359
146 453
146 487
147 194
147 215
147 351
147 484
148 208
148 224
148 231
148 252
148 335
148 364
148 376
148 498
149 150
149 159
149 234
149 290
149 322
149 370
149 407
150 153
150 168
150 439
150 441
150 465
151 254
151 346
151 440
151 441
151 451
151 453
151 457
151 484
152 155
152 175
152 310
153 165
153 177
153 240
153 257
153 301
153 369
153 408
153 426
153 453
154 179
154 242
154 310
154 317
154 368
154 377
154 403
155 239
155 245
155 255
155 319
155 350
155 356
155 391
155 402
155 463
155 475
156 165
156 229
156 272
156 280
156 307
156 330
156 398
157 163
157 187
157 227
157 358
157 477
158 180
158 230
158 232
158 233
158 244
158 327
158 329
158 346
158 405
158 418
158 459
158 475
159 162
159 192
159 196
159 235
159 275
159 354
159 413
159 454
159 467
160 283
160 368
160 429
160 444
161 223
161 319
161 324
161 360
161 380
161 409
161 429
161 441
161 456
161 487
162 219
162 283
162 313
162 428
162 455
162 456
162 491
162 495
163 233
163 304
163 350
163 381
163 445
163 458
164 187
164 362
164 394
164 431
164 457
164 470
164 485
165 305
165 339
165 378
165 384
165 390
166 208
166 213
166 255
166 342
166 411
166 477
167 279
167 299
167 305
167 312
167 330
167 332
167 339
167 341
167 364
167 426
167 462
167 484
168 173
168 197
168 202
168 214
168 417
168 468
169 291
169 301
169 333
169 369
169 454
170 185
170 208
170 319
170 324
170 354
170 372
170 381
171 216
171 230
171 259
171 291
171 312
171 340
171 355
171 364
171 420
171 498
172 205
172 220
172 226
172 274
172 337
172 366
172 371
172 411
172 443
172 494
173 179
173 239
173 246
173 342
173 345
173 361
173 421
174 196
174 344
174 351
174 369
174 372
174 445
174 455
174 465
175 182
175 250
175 264
175 312
175 359
175 444
175 458
175 485
176 182
176 349
176 414
176 441
176 469
177 235
177 339
177 369
177 388
177 446
177 471
178 307
178 350
178 423
178 434
179 252
179 279
179 289
179 302
179 344
179 345
179 426
179 480
179 496
180 210
180 270
180 284
180 302
180 316
180 393
181 212
181 245
181 427
181 447
182 185
182 261
182 281
182 402
182 427
182 445
183 240
183 290
183 301
183 342
183 344
183 353
183 381
183 393
183 417
183 469
184 190
184 339
184 455
185 198
185 219
185 350
185 394
185 411
185 437
186 233
186 262
186 313
186 389
187 190
187 201
187 264
187 293
187 350
187 367
187 405
187 440
187 464
187 466
187 471
187 491
188 189
188 206
188 209
188 218
188 313
188 315
188 473
189 201
189 239
189 243
189 404
189 431
190 195
190 216
190 243
190 292
190 391
190 398
190 408
190 440
191 262
191 333
191 418
191 440
191 482
192 352
192 403
192 435
192 484
193 232
193 262
193 264
193 271
193 286
193 384
193 417
193 438
193 443
194 203
194 208
194 211
194 289
194 304
194 332
194 370
194 416
194 432
194 498
195 239
195 257
195 314
195 355
195 423
196 215
196 312
196 313
196 317
196 385
196 440
196 491
197 339
197 445
197 452
197 488
198 339
198 361
198 391
198 406
198 449
198 477
199 209
199 218
199 235
199 246
199 403
199 454
200 345
200 434
200 478
200 492
201 397
201 414
202 228
202 266
202 312
202 321
202 374
203 206
203 219
203 223
203 224
203 339
203 342
203 459
203 487
204 231
204 305
204 311
204 357
204 366
204 377
204 400
204 435
204 465
205 273
205 277
205 335
205 395
205 433
205 462
205 482
206 264
206 301
206 348
206 377
207 309
207 346
207 357
207 398
207 422
207 437
207 446
207 457
207 472
207 490
208 227
208 249
208 268
208 329
208 396
208 398
208 468
208 484
208 496
209 255
209 302
209 304
209 338
209 377
209 417
210 216
210 264
210 351
210 374
210 406
211 281
211 332
211 346
211 361
211 364
211 456
212 220
212 228
212 296
212 344
212 412
212 468
213 236
213 256
213 309
213 313
213 351
213 362
213 383
213 386
213 409
214 266
214 317
215 222
215 352
215 411
215 476
216 235
216 241
216 258
216 337
216 340
216 391
217 312
217 381
217 448
217 494
218 262
218 266
218 300
218 343
218 398
218 478
218 498
219 250
219 258
219 259
219 328
219 347
219 374
219 421
219 424
219 437
219 452
220 305
220 311
220 331
220 480
221 259
221 263
221 282
221 338
221 343
221 382
221 465
221 471
222 248
222 250
222 263
222 293
222 326
222 332
222 477
223 229
223 258
223 288
223 334
223 360
223 384
223 395
224 237
224 268
224 280
224 414
224 445
224 459
225 269
225 278
225 354
226 318
226 345
226 406
227 260
227 305
227 340
228 255
228 256
228 401
228 403
228 417
228 424
228 485
229 267
229 275
229 302
229 329
229 333
229 427
229 497
230 289
230 329
230 361
230 403
230 408
230 433
230 436
231 246
231 252
231 400
231 457
232 284
232 349
232 387
233 365
234 327
234 329
234 373
234 379
234 386
234 432
234 460
234 498
235 239
235 321
235 363
235 469
236 287
236 346
236 348
236 363
236 416
236 498
237 400
237 401
238 306
238 429
238 439
238 472
239 340
239 399
240 322
240 380
240 418
240 430
240 435
240 439
240 485
241 298
241 300
241 385
241 423
241 442
242 299
242 406
242 428
242 471
243 273
243 349
243 479
243 491
244 258
244 268
244 287
244 312
244 332
244 362
244 377
244 391
244 439
244 478
245 272
245 285
245 302
245 332
245 424
245 429
246 284
246 383
246 401
247 355
247 381
247 384
247 427
247 438
248 250
248 387
248 391
248 419
248 430
249 280
249 337
249 375
249 454
249 494
250 284
250 295
250 333
250 426
250 444
251 269
251 291
251 325
251 330
251 433
251 482
252 262
252 326
252 463
253 263
253 285
253 344
253 468
254 292
254 322
254 325
254 350
254 352
254 356
254 419
255 294
255 301
255 386
255 446
256 308
256 446
256 453
256 474
256 493
257 297
257 301
257 373
257 376
257 377
257 415
257 499
258 288
258 307
258 322
258 330
258 334
258 376
258 385
258 392
259 310
259 335
260 300
260 318
260 365
260 377
260 403
260 418
260 419
260 436
260 449
260 484
261 323
261 357
261 396
261 445
261 458
262 392
262 456
263 482
263 486
264 266
264 405
264 459
264 487
265 337
265 344
265 373
265 402
266 295
266 387
266 398
266 429
266 457
267 284
267 444
267 446
267 467
267 499
268 358
268 414
268 453
268 476
268 487
268 498
269 399
269 402
269 418
269 432
269 489
270 292
270 372
270 431
270 447
271 303
271 426
272 317
272 347
272 408
272 420
272 444
272 448
272 465
273 329
273 356
273 426
273 467
273 499
274 322
274 365
274 408
274 419
275 339
275 347
275 355
275 356
275 366
275 479
276 344
277 289
277 371
277 401
277 409
277 496
278 316
278 327
278 347
278 370
278 445
278 446
279 369
279 403
279 404
280 360
280 427
280 459
280 474
280 479
281 451
282 309
282 324
282 351
282 457
283 429
283 494
284 324
284 342
284 371
284 416
284 417
285 329
285 435
285 445
286 351
286 361
286 390
286 404
286 453
287 367
287 455
288 301
288 316
288 329
288 333
288 446
288 463
288 493
289 312
289 337
289 340
289 392
290 308
290 313
290 393
290 425
290 483
291 297
291 304
291 384
292 304
292 371
292 445
292 495
293 327
294 357
294 452
295 445
295 499
296 326
297 312
297 320
297 325
297 350
297 494
298 376
298 396
298 453
299 338
299 391
299 440
299 443
299 469
300 379
300 403
300 449
300 479
301 325
301 364
302 368
302 452
303 378
303 384
303 457
303 471
303 487
304 334
304 356
304 357
304 381
305 321
305 358
305 387
305 476
306 330
306 376
306 391
306 476
307 319
307 382
307 409
307 469
308 325
308 464
308 488
309 321
309 418
309 458
310 312
310 358
310 394
310 417
310 428
310 439
311 378
311 409
312 335
312 468
313 437
313 464
314 349
314 377
314 393
314 405
314 484
315 375
316 412
316 433
316 472
317 346
317 377
318 319
318 363
318 452
319 338
319 349
319 436
320 384
320 388
321 367
321 402
321 435
322 328
322 359
322 365
322 375
322 383
322 406
323 403
323 455
324 371
324 434
324 436
324 497
325 383
325 415
325 487
326 395
326 452
326 478
326 490
327 354
327 405
327 427
328 334
328 393
328 399
329 428
330 355
330 387
330 394
330 463
331 335
331 352
331 356
331 488
332 350
332 453
332 462
334 345
334 355
334 440
334 491
335 339
335 426
335 437
335 468
336 423
337 346
337 390
337 481
337 484
338 352
338 377
338 432
338 433
338 444
338 468
338 475
339 401
340 388
340 389
341 404
341 413
341 469
341 488
342 346
342 347
342 396
342 436
343 351
343 364
343 401
343 402
343 413
343 421
343 487
344 434
344 473
344 480
344 481
344 485
345 352
346 347
346 400
346 417
346 460
347 475
348 411
348 415
348 417
348 457
349 359
349 380
349 385
349 389
349 495
350 395
350 441
351 386
351 475
352 370
352 431
352 458
353 373
353 377
353 380
353 451
353 475
353 486
353 498
354 380
354 418
354 436
354 438
355 470
356 386
357 366
357 434
358 471
358 483
359 367
359 372
359 395
359 415
359 416
359 418
360 393
360 399
360 444
360 480
361 400
361 426
362 406
362 431
362 494
363 432
364 397
364 451
364 474
364 492
365 397
365 412
365 439
365 488
365 490
365 494
366 484
366 487
366 488
367 392
367 399
367 408
367 428
367 479
367 496
368 391
368 406
368 410
368 414
368 448
369 380
369 395
369 444
369 497
370 451
371 458
371 485
371 492
372 405
372 495
373 441
374 417
374 454
374 456
374 482
375 377
376 395
376 488
377 395
377 412
377 454
377 491
378 424
378 445
378 496
379 391
379 396
380 388
380 417
380 424
380 467
380 469
380 471
381 430
381 434
381 438
381 456
381 465
381 470
381 490
382 474
382 497
383 394
383 463
383 479
384 405
384 435
385 404
386 487
387 479
388 475
389 396
389 421
389 438
389 439
389 468
390 438
390 474
390 482
391 395
391 433
391 440
391 450
391 497
392 456
392 496
393 430
394 465
394 499
395 401
396 413
396 438
397 465
399 425
399 476
400 432
400 438
400 470
400 480
401 422
401 434
402 484
403 442
403 489
404 486
404 499
405 437
405 453
405 474
406 409
406 485
407 428
407 464
408 437
408 444
408 455
408 464
408 482
408 489
409 452
410 463
410 468
410 496
412 422
412 489
413 427
413 431
413 458
413 470
413 478
413 495
414 422
414 446
414 451
414 482
416 454
416 470
417 451
418 425
418 454
418 455
419 420
419 431
419 481
420 427
420 447
420 462
421 458
421 462
421 480
422 427
422 461
422 491
423 451
423 485
424 433
426 439
426 496
427 439
427 443
427 444
427 483
429 454
429 477
430 443
430 486
432 445
434 488
435 454
435 468
435 482
435 491
436 442
436 491
437 442
437 446
437 494
439 449
441 445
441 449
441 474
442 475
442 495
444 491
445 466
445 485
445 499
446 449
447 455
450 495
452 459
454 482
455 457
455 472
455 475
455 478
455 493
455 495
456 472
458 465
458 483
459 480
459 495
461 472
462 468
464 499
469 489
469 494
470 496
472 490
478 480
480 489
485 489
486 489
488 498
0
9 499
