500	2454	 1
0 12
0 150
0 233
0 376
0 386
0 419
0 491
1 62
1 258
1 333
1 334
1 349
1 358
1 492
2 13
2 191
2 248
2 253
2 281
2 283
2 376
2 478
2 493
3 41
3 52
3 158
3 178
3 277
3 301
3 310
3 323
3 371
4 164
4 193
4 251
4 264
4 270
4 376
4 382
4 411
4 446
5 13
5 58
5 69
5 278
5 327
5 344
5 365
5 386
5 401
5 483
6 71
6 127
6 142
6 219
6 245
6 338
6 406
7 27
7 68
7 96
7 146
7 149
7 186
7 318
7 407
7 456
7 471
7 494
8 58
8 206
8 283
8 364
8 412
8 419
8 442
8 469
8 470
8 476
9 106
9 166
9 219
9 283
9 290
9 365
9 419
9 440
9 480
10 33
10 179
10 208
10 264
10 268
10 359
10 377
10 477
10 488
11 45
11 59
11 125
11 164
11 197
11 211
11 221
11 250
11 310
11 327
11 440
12 61
12 100
12 301
12 337
12 387
12 437
12 455
13 27
13 81
13 103
13 161
13 221
13 282
13 305
13 309
13 322
13 330
13 418
13 420
13 421
13 426
13 432
13 437
13 481
13 491
14 21
14 100
14 114
14 203
14 213
14 214
14 219
14 297
14 370
14 470
15 39
15 43
15 69
15 112
15 175
15 202
15 220
15 440
15 467
15 494
16 37
16 53
16 87
16 135
16 232
16 343
16 456
16 479
16 493
16 494
17 126
17 374
17 441
17 474
17 488
18 31
18 35
18 55
18 271
18 296
18 301
18 323
18 426
18 464
19 26
19 29
19 59
19 233
19 355
19 392
19 409
19 460
19 497
20 22
20 50
20 236
20 384
20 448
21 163
21 181
21 271
21 298
21 305
21 338
21 361
21 389
21 472
21 487
22 70
22 190
22 208
22 240
22 260
22 267
22 314
22 347
22 380
22 386
23 126
23 165
23 226
23 227
23 233
23 237
23 248
23 290
23 386
23 457
23 477
23 492
24 36
24 128
24 176
24 177
24 206
24 306
25 26
25 75
25 86
25 112
25 139
25 208
25 234
25 240
25 263
25 297
25 350
25 464
26 96
26 155
26 168
26 258
26 295
26 315
27 63
27 124
27 128
27 130
27 152
27 259
27 295
27 391
27 398
27 426
28 61
28 144
28 212
28 217
28 255
28 279
28 299
28 372
28 443
28 456
28 472
29 114
29 135
29 177
29 341
29 367
29 396
29 409
30 83
30 97
30 364
30 367
30 419
30 447
31 62
31 107
31 127
31 278
31 286
31 358
31 388
31 495
32 92
32 147
32 156
32 210
32 247
32 305
32 327
32 460
33 83
33 113
33 134
33 147
33 166
33 185
33 247
33 255
33 289
33 295
33 344
33 387
33 422
33 437
33 481
34 88
34 170
34 214
34 294
34 353
34 390
35 37
35 177
35 217
35 306
35 308
35 311
35 332
35 357
35 390
35 440
35 455
36 72
36 121
36 216
36 234
36 250
36 274
36 294
36 296
36 314
36 322
36 332
36 415
36 446
36 480
36 491
37 52
37 89
37 93
37 110
37 127
37 169
37 302
37 316
37 328
37 379
37 497
38 83
38 86
38 152
38 189
38 204
38 252
38 286
38 299
38 311
38 385
38 388
39 60
39 93
39 169
39 244
39 245
39 319
39 382
39 436
40 52
40 76
40 85
40 175
40 181
40 252
40 292
40 297
40 322
40 368
40 389
40 393
40 409
41 46
41 76
41 122
41 298
41 302
41 350
41 353
41 379
41 385
41 490
42 46
42 65
42 105
42 106
42 345
43 57
43 106
43 152
43 153
43 162
43 179
43 192
43 195
43 310
43 359
43 380
44 48
44 87
44 315
44 336
44 339
44 440
44 449
44 493
45 102
45 108
45 126
45 138
45 142
45 158
45 160
45 179
45 232
45 240
45 261
45 334
45 343
45 491
46 158
46 230
46 302
46 328
46 340
46 385
46 393
46 400
46 458
46 473
47 116
47 123
47 174
47 181
47 201
47 313
47 317
47 393
47 480
48 53
48 116
48 145
48 254
48 342
48 410
48 473
48 491
49 87
49 120
49 152
49 156
49 172
49 178
49 198
49 216
49 238
49 267
49 285
49 300
49 381
50 86
50 148
50 164
50 236
50 283
50 329
50 415
50 441
50 482
51 65
51 100
51 117
51 120
51 153
51 184
51 203
51 225
51 286
51 289
51 330
51 378
51 462
52 157
52 261
52 309
52 334
52 378
52 383
52 389
52 438
52 452
53 107
53 165
53 183
53 222
53 279
53 314
53 343
53 358
53 400
53 401
53 458
53 467
53 468
53 486
54 75
54 135
54 142
54 179
54 199
54 256
54 274
54 289
54 291
54 368
54 371
54 394
54 420
54 479
55 66
55 182
55 288
55 343
55 477
56 118
56 196
56 339
56 365
56 370
56 378
57 123
57 153
57 211
57 304
57 394
57 436
58 77
58 135
58 149
58 299
58 311
58 369
58 390
58 392
59 75
59 155
59 229
59 243
59 285
59 316
59 398
59 408
59 457
60 63
60 65
60 118
60 175
60 211
60 221
60 237
60 281
60 398
60 453
61 104
61 367
61 436
61 448
62 208
62 253
62 342
62 363
62 381
62 428
62 447
63 101
63 111
63 127
63 211
63 229
63 234
63 305
63 429
63 444
63 485
64 149
64 221
64 288
64 312
64 336
64 350
64 366
64 429
64 450
64 456
64 484
65 78
65 169
65 301
65 424
65 466
65 481
66 141
66 254
66 334
66 400
67 184
67 225
67 260
67 263
67 391
67 393
67 397
67 477
68 94
68 124
68 216
68 224
68 256
68 261
68 354
68 386
68 412
68 416
68 423
68 443
68 459
69 72
69 105
69 225
69 272
69 296
69 313
69 346
69 376
69 381
69 471
69 484
70 112
70 215
70 243
70 248
70 252
70 320
70 416
70 448
70 452
71 148
71 174
71 254
71 333
72 115
72 168
72 188
72 260
72 440
72 486
72 495
73 80
73 87
73 99
73 100
73 107
73 113
73 121
73 200
73 313
73 452
73 460
73 488
74 85
74 137
74 259
74 346
74 354
74 377
75 259
75 262
75 293
75 315
75 338
75 451
75 487
76 81
76 106
76 158
76 236
76 288
76 325
76 336
76 400
76 425
76 480
76 485
76 492
77 157
77 221
77 227
77 238
77 267
77 289
77 299
77 346
77 364
77 415
77 420
77 455
78 100
78 101
78 170
78 226
78 290
78 318
78 348
78 379
78 393
78 427
79 98
79 178
79 189
79 303
79 382
79 430
79 442
80 175
80 200
80 253
80 287
80 382
80 428
80 442
80 448
80 464
80 470
81 108
81 135
81 213
81 232
81 256
81 454
81 485
82 91
82 220
82 231
82 286
82 297
82 313
82 335
82 414
82 426
83 97
83 124
83 126
83 162
83 244
83 245
83 303
83 328
84 101
84 109
84 285
84 322
84 380
84 450
85 100
85 198
85 312
85 333
85 337
85 384
85 447
85 477
86 109
86 203
86 271
86 481
87 375
87 392
87 488
88 93
88 146
88 153
88 177
88 182
88 202
88 244
88 319
88 352
88 400
88 415
88 454
89 153
89 189
89 195
89 204
89 206
89 208
89 236
89 260
89 338
89 343
89 345
89 354
89 402
89 417
89 466
89 477
90 98
90 108
90 129
90 149
90 233
90 264
90 323
90 384
90 408
90 468
91 114
91 171
91 204
91 273
91 298
91 299
91 332
91 340
91 425
91 469
92 116
92 152
92 210
92 215
92 217
92 295
92 357
92 410
92 420
92 474
93 125
93 214
93 289
93 386
93 390
93 436
94 103
94 220
94 239
94 378
95 137
95 152
95 183
95 231
95 293
95 341
95 401
95 469
96 136
96 216
96 361
96 398
96 402
96 425
96 474
97 120
97 297
97 298
97 308
97 325
97 416
97 482
98 104
98 191
98 441
99 123
99 237
99 263
99 365
99 386
99 434
99 455
100 168
100 364
101 210
101 228
101 234
101 272
101 277
101 307
101 353
101 356
101 392
101 401
101 418
101 499
102 114
102 154
102 155
102 158
102 347
102 464
103 160
103 218
103 227
103 232
103 273
103 404
103 422
103 425
103 466
104 190
104 204
104 206
104 219
104 272
104 283
104 314
104 354
104 491
105 120
105 140
105 199
105 313
105 335
105 360
105 384
105 408
105 445
105 461
106 260
106 373
106 395
106 435
106 480
107 123
107 135
107 197
107 275
107 342
107 403
107 406
107 418
107 461
107 476
107 489
108 117
108 126
108 194
108 242
108 451
108 456
109 148
109 149
109 246
109 293
109 318
109 320
109 454
109 457
110 225
110 388
111 116
111 130
111 196
111 441
112 133
112 195
112 198
112 245
112 280
112 304
112 446
112 491
113 141
113 166
113 224
113 230
113 291
113 463
114 162
114 178
114 343
114 357
114 369
114 489
114 491
115 129
115 137
115 211
115 293
115 419
116 142
116 172
116 182
116 216
116 285
116 342
116 436
117 161
117 271
117 343
117 391
117 464
118 154
118 217
118 321
118 332
118 352
118 378
119 132
119 333
119 363
119 387
119 469
120 130
120 137
120 140
120 152
120 178
120 277
120 317
120 382
120 400
120 423
121 198
121 202
121 209
121 244
121 263
121 342
121 418
122 156
122 186
122 286
122 445
122 460
123 230
123 303
123 311
123 320
123 350
123 361
123 403
123 405
123 472
124 172
124 198
124 259
124 312
124 320
124 328
124 343
124 355
124 361
124 375
124 416
124 427
124 461
124 467
125 140
125 143
125 199
125 214
125 281
125 327
126 215
126 375
126 422
126 447
126 465
127 490
128 179
128 196
128 251
128 311
128 339
128 477
128 490
129 231
129 234
129 261
129 262
129 278
129 303
129 380
129 393
129 460
129 482
129 483
130 174
130 175
130 177
130 213
130 276
130 358
130 401
130 416
130 461
130 466
131 196
131 260
131 327
131 368
131 374
131 451
131 453
132 154
132 293
132 321
132 474
133 190
133 273
133 279
133 356
133 371
133 406
133 479
133 496
134 165
134 304
134 413
134 441
135 293
135 318
135 375
135 384
135 406
135 423
135 476
136 225
136 267
136 273
136 276
136 373
136 380
136 385
136 422
136 483
136 489
137 197
137 317
137 325
137 418
138 186
138 255
138 315
138 435
138 489
139 144
139 159
139 197
139 412
140 166
140 274
140 363
140 429
141 162
141 208
141 235
141 257
141 277
141 350
141 351
141 403
141 457
141 466
142 177
142 197
142 211
142 302
142 338
143 144
143 145
143 159
143 452
143 473
143 480
143 486
144 160
144 181
144 197
144 249
146 200
146 223
146 241
146 294
146 319
146 320
146 422
147 188
147 214
147 243
147 246
147 281
147 287
147 299
147 310
147 357
147 462
147 482
148 293
148 326
148 375
148 390
148 484
149 154
149 197
149 205
149 226
149 286
149 328
149 341
149 407
149 489
150 190
150 223
150 322
150 327
150 363
150 405
150 443
150 452
150 464
151 201
151 243
151 283
151 286
151 293
151 300
151 308
151 355
151 444
151 461
152 165
152 172
152 188
152 201
152 405
152 445
153 158
153 169
153 191
153 240
153 244
153 288
153 393
153 433
153 471
154 161
154 196
154 323
154 339
154 402
154 462
154 499
155 224
155 227
155 285
155 334
155 431
155 436
156 189
156 192
156 204
156 306
156 426
156 477
156 485
157 187
157 190
157 410
157 477
158 189
158 217
158 251
158 278
158 400
158 427
158 433
159 229
159 329
159 338
159 343
159 396
159 427
160 206
160 375
160 413
160 428
160 442
160 492
161 201
161 275
161 286
161 325
161 357
161 359
161 361
162 200
162 215
162 248
162 303
162 393
162 429
162 461
163 250
163 381
163 407
164 230
164 275
164 352
164 358
164 395
164 406
164 450
165 192
165 193
165 240
165 275
165 342
165 433
166 243
166 259
166 293
166 331
166 350
166 405
166 435
166 462
166 470
167 168
167 292
167 338
167 341
167 463
167 489
168 226
168 234
168 264
168 291
168 315
168 353
168 416
168 490
169 186
169 216
169 246
169 258
169 330
169 334
169 369
169 406
169 462
170 288
170 429
170 442
170 447
170 453
171 235
171 260
171 268
171 339
171 349
171 370
171 375
171 399
171 407
171 447
171 456
172 173
172 201
172 212
172 215
172 274
172 478
173 199
173 477
174 356
174 374
174 405
175 211
175 217
175 352
175 480
176 218
176 291
176 321
176 326
176 355
176 395
176 406
176 419
176 426
176 456
176 495
177 186
177 217
177 225
177 380
177 389
177 405
177 442
178 224
178 342
178 357
178 379
179 195
179 205
179 352
179 424
179 499
180 272
180 317
180 348
180 366
180 412
180 425
180 434
180 436
180 472
180 473
180 476
180 491
181 262
181 300
181 312
181 326
181 379
181 397
181 409
181 417
181 482
182 187
182 190
182 212
182 218
182 253
182 278
182 293
182 429
182 469
183 200
183 243
183 321
183 450
184 220
184 317
184 370
184 380
184 418
185 266
185 268
185 360
186 265
186 402
186 434
187 251
187 257
187 327
187 427
187 476
188 200
188 205
188 269
188 287
188 392
189 428
190 248
190 297
190 449
190 458
191 205
191 218
191 231
191 304
191 363
191 462
191 482
191 498
192 287
192 316
192 317
192 331
192 336
192 347
192 361
192 367
192 383
193 259
193 288
193 314
193 354
194 236
194 290
194 338
194 390
194 428
194 492
195 230
195 233
195 247
195 266
195 282
195 451
196 263
196 333
196 351
196 353
196 443
196 475
196 497
197 205
197 224
197 299
197 331
197 399
197 462
198 232
198 233
198 253
198 300
198 325
198 444
198 470
199 239
199 269
199 341
199 344
199 367
199 430
199 433
199 437
200 256
200 259
200 260
200 285
200 299
200 301
200 412
200 425
200 433
201 212
201 263
201 315
201 357
202 244
202 264
202 319
202 400
202 450
202 495
202 496
203 222
203 260
203 413
204 209
204 385
204 453
204 464
204 466
205 220
205 260
205 275
205 320
205 392
205 394
205 466
205 499
206 236
206 248
206 254
206 258
206 313
206 379
206 390
206 462
207 304
207 366
207 402
207 409
207 416
207 456
207 465
208 218
208 233
208 323
208 368
208 421
208 464
208 474
209 225
209 257
209 263
209 284
209 298
209 416
209 487
210 231
210 269
210 300
210 348
210 397
210 488
210 493
211 297
211 367
211 378
211 392
212 233
212 341
212 342
212 357
212 406
213 318
213 339
213 385
213 419
213 430
213 471
214 231
214 360
214 416
214 420
214 435
214 449
214 477
215 226
215 227
215 244
215 248
215 256
215 357
215 370
215 401
215 444
215 448
215 467
216 252
216 327
216 335
216 339
216 420
216 448
216 449
217 222
217 338
217 398
217 415
218 281
218 315
218 359
218 388
218 408
218 468
219 287
219 316
219 341
219 355
219 424
220 238
220 276
220 285
220 374
220 385
221 235
221 298
221 303
221 369
221 399
221 492
222 261
222 280
222 283
222 309
222 396
223 233
223 279
223 291
223 340
223 345
223 355
223 376
223 432
223 439
223 440
223 449
223 491
224 273
224 282
224 384
224 389
224 451
224 478
224 485
225 261
225 278
225 285
225 302
225 453
226 348
226 364
226 379
226 474
227 353
227 421
228 261
228 267
228 276
229 241
229 245
229 288
229 323
229 374
229 388
229 404
229 469
230 291
230 309
230 348
230 389
230 420
230 472
230 475
230 494
230 499
231 354
231 365
231 411
231 464
232 235
232 256
232 300
232 355
232 427
232 437
232 467
232 475
232 483
233 297
233 473
234 262
234 312
234 353
234 378
234 436
234 463
235 251
235 274
235 313
235 326
235 330
236 259
236 467
236 483
236 496
237 276
237 325
237 385
237 464
237 476
238 308
238 413
238 416
238 490
239 308
239 345
239 400
239 420
239 425
239 454
240 331
240 445
240 470
241 352
241 427
241 445
241 492
241 497
242 308
242 349
243 361
243 435
244 253
244 323
244 375
245 387
245 391
245 435
246 268
246 277
246 320
246 482
246 491
247 320
247 358
247 374
247 475
247 497
248 303
248 463
248 469
249 448
249 456
250 274
250 478
250 479
251 277
251 304
251 420
252 393
253 267
253 315
253 320
253 474
254 411
255 442
256 291
256 307
256 339
257 259
257 273
257 285
257 296
257 381
257 400
258 375
259 265
259 372
259 381
259 451
260 262
260 263
260 268
260 295
260 308
260 397
260 427
260 428
260 493
261 278
261 353
261 395
261 400
261 494
262 372
262 408
262 437
262 461
263 329
263 380
263 423
263 436
263 477
264 284
264 330
265 266
265 286
265 434
265 460
266 282
266 331
266 349
266 372
266 378
266 430
266 436
266 458
267 270
267 292
267 435
267 479
268 394
268 396
269 414
269 418
269 425
269 498
270 288
270 340
270 360
270 398
270 420
270 449
271 334
271 351
271 416
271 449
271 475
271 481
272 336
272 405
272 428
272 485
273 281
273 339
273 356
273 380
273 439
273 462
274 321
274 347
274 351
274 357
274 472
275 281
275 301
275 360
275 490
276 298
276 364
276 395
276 453
276 481
277 294
277 384
277 452
278 312
278 349
278 475
279 311
279 342
279 360
279 376
279 416
279 431
279 451
279 483
280 282
280 351
281 286
281 394
281 489
282 471
282 476
282 480
283 294
283 313
283 321
283 378
283 412
283 414
283 442
283 444
283 494
284 300
284 305
284 415
284 487
285 335
285 370
285 398
285 434
286 289
286 305
286 318
286 343
286 348
286 356
286 373
286 378
286 394
286 399
286 472
286 484
287 372
287 418
287 441
288 381
288 445
288 462
289 293
289 353
289 446
289 468
289 498
290 351
290 407
290 411
290 465
291 325
291 338
291 383
291 481
292 324
292 327
293 330
293 351
293 382
293 412
293 415
293 466
294 324
294 381
294 435
295 307
295 318
295 372
295 406
295 408
296 348
296 383
296 389
296 466
297 329
297 333
297 359
297 405
297 412
297 414
297 437
297 497
298 371
298 381
299 349
299 373
299 393
299 434
299 464
300 337
300 366
300 392
300 481
301 309
301 322
301 349
301 381
301 396
301 426
302 319
302 335
302 349
302 399
303 336
303 399
304 379
304 398
304 406
304 413
304 464
304 471
305 319
305 433
305 461
305 468
305 482
305 487
306 309
306 429
306 431
307 333
307 388
308 327
308 386
308 392
308 436
308 498
309 335
309 358
309 438
309 459
309 460
310 327
310 331
310 477
310 486
311 324
311 348
311 465
312 348
312 395
312 466
312 469
313 339
313 489
314 361
314 457
314 484
314 490
315 352
315 368
315 374
315 390
316 343
316 347
316 405
316 427
317 349
317 360
317 381
317 406
317 416
317 459
318 328
318 416
318 435
318 442
319 331
319 344
319 376
319 377
319 417
319 434
319 456
319 461
320 347
320 351
320 368
320 403
320 474
321 395
321 403
321 418
321 423
322 349
323 383
323 459
324 336
324 471
325 332
325 358
325 469
325 491
326 353
326 379
326 440
326 498
327 380
327 446
327 455
327 492
327 495
328 381
328 432
328 433
328 458
328 469
328 487
329 362
329 371
329 409
329 415
329 426
329 430
330 386
330 444
330 481
331 362
331 382
331 422
331 427
332 352
332 378
333 380
333 389
334 342
334 407
334 488
335 422
336 482
337 372
337 376
337 407
337 452
338 357
338 390
339 400
339 411
339 488
341 356
341 392
341 423
341 444
341 483
341 494
342 357
342 386
342 393
343 380
343 406
343 429
343 458
343 496
344 369
344 387
344 496
345 449
346 363
346 442
346 467
347 432
347 496
348 351
348 427
348 445
348 446
348 449
348 452
348 459
349 357
349 482
350 351
350 391
351 383
351 487
352 371
352 429
352 437
352 462
353 380
353 415
353 416
353 428
353 454
354 359
354 397
354 415
354 445
354 463
355 365
356 381
356 460
357 363
357 441
357 466
357 482
358 364
358 433
358 480
359 408
359 410
359 412
359 474
359 475
359 477
359 494
360 400
360 406
360 412
361 449
361 471
363 365
363 435
363 439
364 402
364 413
364 427
364 441
365 374
365 459
365 479
367 397
367 422
367 437
367 456
367 463
368 389
369 413
369 417
369 422
369 454
369 466
369 469
370 442
371 389
371 428
372 374
372 382
372 419
372 499
373 415
373 426
373 484
374 380
374 478
375 379
375 407
375 416
376 404
376 433
377 456
378 416
379 399
379 402
380 412
380 418
381 442
382 487
383 440
384 491
385 388
385 456
386 416
386 430
386 451
386 487
387 401
387 408
387 414
387 435
387 436
388 429
389 390
389 447
390 398
390 441
390 456
390 475
390 486
391 488
392 430
393 457
394 411
394 416
394 420
394 422
394 438
394 463
394 488
395 425
395 467
396 425
396 431
397 406
397 479
399 495
400 451
400 467
401 403
401 407
401 484
402 498
403 430
403 469
403 475
403 495
404 462
405 432
405 499
406 418
407 415
407 440
408 414
408 475
408 482
409 416
409 427
409 436
409 451
409 493
410 451
410 465
410 476
411 457
411 472
412 451
412 468
412 478
412 498
413 479
414 445
414 470
415 425
416 460
416 476
417 464
417 483
418 437
420 454
420 498
421 461
422 472
422 488
423 474
424 459
424 468
427 496
428 450
428 473
429 430
429 456
431 444
431 488
432 454
433 442
433 460
433 493
434 435
434 447
434 463
434 469
435 454
435 497
436 441
436 453
436 466
437 459
438 446
438 452
438 473
438 481
438 486
439 442
439 474
440 451
440 481
441 486
442 466
442 496
443 472
443 494
444 452
444 498
446 468
446 471
446 487
447 454
448 466
448 468
448 476
448 477
449 454
449 498
454 464
454 482
455 485
457 490
457 497
459 475
464 480
465 497
468 481
469 472
469 498
471 493
472 474
479 484
479 492
484 487
484 491
485 497
486 499
487 499
0
9 499
