500	2525	 1
0 46
0 288
0 306
0 400
0 421
1 72
1 127
1 158
1 176
1 261
1 269
1 304
1 329
1 385
2 160
2 293
2 407
2 469
2 471
2 488
3 25
3 43
3 99
3 143
3 253
3 391
3 453
3 464
4 98
4 125
4 189
4 190
4 238
4 252
4 408
4 436
4 472
5 29
5 108
5 160
5 161
5 178
5 311
5 324
5 383
5 388
5 470
6 86
6 137
6 199
6 240
6 252
6 346
6 439
7 31
7 108
7 148
7 163
7 230
7 261
7 317
7 444
7 457
8 118
8 131
8 172
8 259
8 356
8 413
8 429
8 483
9 66
9 68
9 200
9 213
9 271
9 294
9 408
9 476
9 488
10 62
10 63
10 265
10 316
10 326
10 347
10 360
10 473
11 94
11 161
11 168
11 266
11 287
11 298
11 382
12 23
12 69
12 113
12 291
12 337
12 355
12 364
12 477
13 46
13 59
13 72
13 103
13 109
13 125
13 191
13 299
13 382
13 468
13 489
13 493
14 31
14 101
14 165
14 199
14 211
14 219
14 365
14 397
14 417
14 423
14 441
15 29
15 63
15 83
15 102
15 245
15 262
15 263
15 371
15 395
15 420
15 471
16 42
16 70
16 121
16 193
16 261
16 275
16 337
16 368
16 453
17 24
17 66
17 151
17 156
17 233
17 235
17 317
17 333
17 406
17 407
17 453
17 461
17 465
17 486
18 67
18 150
18 227
18 247
18 263
18 276
18 281
18 306
18 323
18 441
19 74
19 159
19 247
19 316
19 378
19 479
20 64
20 110
20 161
20 196
20 278
20 292
20 356
20 357
20 472
21 37
21 70
21 263
21 322
21 330
21 375
21 434
21 453
21 463
21 468
21 492
22 466
22 479
22 492
23 30
23 93
23 183
23 221
23 231
23 325
23 403
23 449
23 457
24 29
24 121
24 155
24 156
24 184
24 186
24 408
25 31
25 95
25 122
25 190
25 231
25 232
25 243
25 253
25 268
26 95
26 180
26 209
26 219
26 269
26 320
26 358
26 381
26 493
27 122
27 124
27 168
27 191
27 219
27 225
27 234
27 287
27 289
27 294
27 295
27 311
27 316
27 326
27 357
27 378
27 432
28 103
28 219
28 292
28 306
28 372
29 136
29 184
29 193
29 241
29 394
29 458
29 473
30 80
30 150
30 369
30 448
30 452
30 455
30 477
31 46
31 154
31 241
31 249
31 306
31 336
31 346
31 431
31 435
31 453
31 476
32 196
32 198
32 239
32 255
32 263
32 265
32 343
32 419
32 451
32 486
33 48
33 72
33 86
33 165
33 183
33 244
33 283
33 295
33 322
33 345
33 471
33 494
34 107
34 147
34 177
34 205
34 228
34 231
34 238
34 247
34 362
34 465
34 470
34 483
35 48
35 135
35 207
35 215
35 281
35 299
35 376
35 400
35 442
35 496
36 58
36 74
36 97
36 129
36 215
36 248
36 253
36 313
36 332
36 439
36 460
36 471
36 497
37 180
37 234
37 268
37 289
37 312
37 327
37 382
37 432
38 40
38 75
38 81
38 121
38 125
38 195
38 221
38 229
38 270
38 306
38 327
38 409
38 439
38 442
39 81
39 133
39 197
39 250
39 278
39 310
39 416
39 454
40 72
40 119
40 159
40 192
40 208
40 224
40 373
40 404
40 409
41 127
41 156
41 178
41 317
41 329
41 338
41 442
41 454
41 477
42 48
42 63
42 112
42 169
42 223
42 269
42 275
42 287
42 289
42 292
42 309
42 329
42 331
42 339
42 365
42 371
42 414
42 435
42 440
42 452
43 77
43 90
43 123
43 190
43 239
43 257
43 260
43 282
43 291
43 299
43 329
43 380
43 459
43 464
43 493
44 63
44 176
44 221
44 232
44 269
44 296
44 446
44 474
45 46
45 184
45 241
45 254
45 452
45 461
46 269
46 353
46 358
46 435
46 471
46 484
47 77
47 152
47 157
47 224
47 265
47 267
47 288
47 320
47 397
47 417
48 96
48 146
48 156
48 167
48 408
48 415
48 448
49 51
49 106
49 114
49 177
49 248
49 385
49 389
49 411
49 444
49 456
49 474
49 485
49 497
50 113
50 155
50 165
50 222
50 223
50 228
50 247
50 263
50 319
50 431
51 54
51 146
51 197
51 306
51 360
51 367
51 450
52 98
52 106
52 135
52 164
52 226
52 323
52 460
52 462
53 77
53 92
53 299
53 317
53 452
54 138
54 183
54 251
54 255
54 267
54 308
54 319
54 379
54 449
54 477
54 489
55 64
55 88
55 173
55 184
55 194
55 199
55 267
55 272
55 293
55 356
55 439
55 440
56 158
56 252
56 389
56 409
56 418
57 100
57 115
57 126
57 156
57 198
57 291
57 450
57 452
58 85
58 121
58 124
58 193
58 308
58 310
58 416
58 428
58 468
59 102
59 162
59 211
59 214
59 227
59 381
59 395
59 427
60 71
60 97
60 130
60 198
60 218
60 223
60 252
60 295
60 397
60 454
61 105
61 197
61 210
61 211
61 212
61 225
61 231
61 232
61 248
61 321
61 330
61 368
61 398
61 401
61 429
61 466
61 477
61 481
62 102
62 124
62 167
62 245
62 291
62 304
62 498
63 72
63 119
63 173
63 183
63 203
63 282
63 474
63 480
64 106
64 110
64 113
64 121
64 163
64 246
64 264
64 293
64 324
64 331
64 427
64 438
64 480
65 76
65 98
65 100
65 113
65 250
65 346
65 465
66 77
66 89
66 124
66 382
66 415
66 436
66 462
66 468
66 479
67 111
67 151
67 215
67 239
67 240
67 270
67 281
67 299
67 317
67 397
67 410
67 435
67 456
67 493
68 99
68 112
68 123
68 216
68 257
68 262
68 303
68 309
68 346
68 397
68 416
68 438
68 443
69 173
69 180
69 188
69 191
69 302
69 322
69 339
69 350
69 371
69 373
69 389
69 436
69 458
69 462
69 464
69 466
69 469
69 489
69 496
70 137
70 185
70 222
70 233
70 248
70 408
70 487
71 119
71 159
71 160
71 170
71 171
71 203
71 394
72 108
72 131
72 318
72 336
72 396
72 463
72 464
73 279
73 343
73 344
73 345
74 150
74 176
74 180
74 187
74 214
74 222
74 268
74 371
74 387
74 486
75 137
75 347
75 394
75 420
76 93
76 197
76 247
76 279
76 342
76 411
76 421
76 481
77 84
77 97
77 156
77 332
77 354
77 412
77 413
77 494
78 79
78 104
78 138
78 168
78 214
78 330
78 332
78 383
78 471
78 484
79 81
79 254
79 291
79 444
80 165
80 198
80 203
80 306
80 327
80 351
80 412
80 416
80 430
81 89
81 99
81 221
81 336
81 408
81 420
82 114
82 141
82 236
82 261
82 267
82 424
82 469
83 128
83 177
83 243
83 258
83 337
83 372
83 373
84 105
84 120
84 178
84 260
84 296
84 324
84 413
84 465
84 475
85 109
85 130
85 132
85 144
85 150
85 174
85 294
85 309
85 350
85 356
86 104
86 181
86 223
86 280
86 342
86 347
86 408
87 151
87 214
87 265
87 318
87 322
87 351
87 431
87 455
87 464
88 95
88 116
88 123
88 149
88 195
88 336
88 353
88 421
88 433
88 441
88 468
89 114
89 165
89 200
89 246
89 252
89 256
89 302
89 316
89 318
89 324
89 444
90 122
90 138
90 165
90 197
90 212
90 310
90 313
90 452
90 486
91 127
91 129
91 212
91 230
91 233
91 253
91 266
91 278
91 282
91 391
91 423
92 132
92 150
92 285
92 295
93 157
93 160
93 235
93 247
93 317
93 335
93 345
93 350
93 391
93 442
93 472
93 498
94 163
94 171
94 356
94 368
94 391
95 99
95 135
95 139
95 184
95 205
95 425
95 429
95 452
95 498
96 114
96 160
96 308
96 313
96 330
96 335
96 339
96 393
96 398
96 418
96 456
96 458
96 474
96 479
97 150
97 226
97 241
97 244
97 379
97 390
97 414
98 102
98 133
98 263
98 295
98 297
98 312
98 322
98 426
98 430
98 478
99 138
99 248
99 260
99 274
99 408
99 469
99 487
100 152
100 200
100 234
100 287
100 312
100 323
100 341
100 391
101 109
101 150
101 211
101 248
101 301
101 418
102 109
102 171
102 189
102 280
102 296
102 302
102 341
102 351
102 359
102 449
102 493
103 147
103 152
103 192
103 222
103 228
103 229
103 254
103 306
103 307
103 360
104 133
104 142
104 342
104 359
104 366
104 367
104 389
104 470
104 486
105 190
105 234
105 332
105 408
105 466
105 481
106 117
106 222
106 334
106 427
106 447
106 456
106 490
107 211
107 241
107 245
107 278
108 119
108 155
108 195
108 238
108 289
108 311
108 404
108 410
108 484
109 135
109 166
109 168
109 246
109 310
109 460
109 471
109 490
110 170
110 191
110 244
110 395
111 138
111 166
111 204
111 211
111 298
111 473
112 218
112 234
112 388
112 406
112 417
112 425
112 427
112 476
113 166
113 194
113 233
113 319
113 343
113 353
114 151
114 166
114 312
114 358
114 381
115 271
115 360
115 397
116 129
116 133
116 158
116 203
116 233
116 245
116 260
116 272
116 279
116 328
116 402
116 440
116 470
117 167
117 192
117 217
117 260
117 274
117 276
117 344
117 391
117 437
117 456
117 464
118 119
118 126
118 155
118 164
118 219
118 234
118 247
118 250
118 344
118 412
118 486
119 137
119 188
119 313
119 399
119 421
119 426
119 470
120 135
120 141
120 211
120 259
120 264
120 280
120 298
121 148
121 292
121 326
121 398
121 433
122 201
122 229
122 248
122 261
122 263
122 285
122 286
122 382
122 433
122 460
122 467
122 468
123 239
123 336
123 343
123 352
123 413
123 441
124 156
124 328
124 330
124 366
125 134
125 212
125 231
125 254
125 283
125 314
125 401
125 404
125 449
125 482
125 492
125 493
126 192
126 203
126 229
126 277
126 284
126 301
126 335
126 382
126 408
127 165
127 218
127 229
127 379
127 431
127 436
127 439
127 471
128 150
128 258
128 326
128 386
129 247
129 286
129 388
129 407
130 181
130 202
130 265
130 282
130 302
130 341
130 492
131 158
131 168
131 184
131 231
131 304
131 307
131 324
131 365
131 381
131 383
131 455
132 139
132 157
132 168
132 194
132 238
132 266
133 165
133 217
133 278
133 285
133 317
133 397
133 421
133 433
133 452
133 486
134 151
134 182
134 187
134 231
134 253
134 272
134 324
134 342
134 411
134 413
134 418
135 140
135 161
135 170
135 217
135 220
135 241
135 266
135 350
135 351
135 376
135 399
135 421
136 162
136 242
136 270
136 301
136 327
136 353
136 364
136 459
136 477
136 482
137 166
137 226
137 237
137 297
137 346
137 359
138 152
138 159
138 198
138 244
138 245
138 287
138 399
138 457
138 465
139 140
139 195
139 282
139 404
139 440
139 446
139 489
139 498
140 141
140 153
140 155
140 189
140 282
140 308
140 402
140 410
140 495
141 251
141 254
141 263
141 400
141 417
141 480
142 147
142 151
142 169
142 213
142 268
142 298
142 310
142 323
142 408
142 498
143 163
143 182
143 282
143 333
143 417
143 428
143 444
143 465
144 189
144 206
144 245
144 250
144 365
144 370
144 479
144 489
145 261
145 338
145 357
145 362
145 403
145 490
146 198
146 276
146 329
146 396
146 414
146 423
147 151
147 166
147 177
147 266
147 278
147 326
147 367
147 390
147 419
147 438
147 497
148 180
148 211
148 241
148 281
148 286
148 311
148 323
148 331
148 358
148 374
148 375
148 474
149 185
149 394
149 435
149 453
150 170
150 249
150 329
150 360
150 390
150 424
151 248
151 335
151 340
151 478
152 223
152 238
152 247
152 281
152 293
152 296
152 333
152 375
152 426
152 491
153 231
153 393
153 398
153 424
153 474
154 212
154 250
154 257
154 445
154 464
154 473
155 157
155 189
155 334
155 335
155 352
155 390
155 447
155 450
156 228
156 283
156 307
156 338
156 355
156 375
156 468
157 332
157 463
158 214
158 259
158 273
158 293
158 388
158 420
158 470
158 488
158 496
159 237
159 256
159 322
159 402
159 409
159 444
159 462
159 489
160 216
160 253
160 294
160 308
160 323
160 368
160 431
160 480
160 487
161 208
161 440
161 464
162 282
162 285
162 298
162 346
162 496
163 175
163 199
163 208
163 278
163 283
163 292
163 313
163 328
163 329
163 392
164 233
164 252
164 265
164 273
164 279
164 440
164 457
165 248
165 337
165 356
165 398
165 421
165 498
166 191
166 212
166 218
167 288
167 306
167 340
167 367
167 382
167 412
167 483
168 204
168 210
168 212
168 248
168 277
168 315
168 340
168 357
168 373
168 421
169 238
169 353
169 354
169 366
169 367
169 384
169 425
169 428
169 469
170 183
170 199
170 209
170 240
170 314
170 327
170 391
170 411
170 434
170 489
171 233
171 261
171 343
171 482
172 206
172 238
172 277
172 320
172 329
172 349
172 356
172 361
172 376
172 392
172 421
172 437
173 256
173 396
174 211
174 252
174 286
174 340
175 214
175 262
175 282
176 290
176 428
177 203
177 255
177 416
178 223
178 341
178 435
178 489
179 212
179 217
179 288
179 375
179 486
180 208
180 249
180 349
181 211
181 225
181 254
181 315
181 404
182 250
182 356
182 359
182 431
182 443
182 444
183 201
183 422
183 453
183 468
183 479
184 217
184 220
184 288
184 356
185 210
185 216
185 242
185 343
185 356
185 393
185 435
185 478
186 240
186 390
186 402
186 463
187 249
187 250
187 294
187 368
187 370
188 234
188 252
188 286
188 310
188 402
188 412
188 463
189 196
189 359
189 377
189 394
189 449
189 497
190 309
190 438
190 443
191 202
191 261
191 422
191 443
192 223
192 241
192 306
192 321
192 322
192 390
192 413
192 465
193 223
193 225
193 283
193 317
193 345
193 346
193 348
193 356
193 426
193 429
193 435
193 448
193 464
193 469
193 489
194 229
194 251
194 306
194 326
194 368
194 410
195 236
195 237
195 301
195 368
195 377
195 442
196 200
196 240
196 440
196 481
197 278
197 323
197 362
197 363
197 376
197 377
197 394
197 411
197 479
198 224
198 259
198 297
199 257
199 270
199 276
199 386
199 424
199 445
199 452
200 240
200 256
200 290
200 316
200 340
200 378
200 434
200 471
200 482
200 487
201 204
201 209
201 224
201 293
201 430
201 454
201 494
202 245
202 271
202 384
202 437
202 455
203 283
203 288
203 300
203 484
203 492
204 206
204 221
204 267
204 306
204 365
204 396
204 470
204 483
204 484
205 210
205 337
205 393
206 236
206 261
206 271
206 403
206 414
206 428
206 450
206 493
207 350
207 379
207 397
207 446
207 467
207 498
208 262
208 283
208 295
208 317
208 331
208 404
208 414
208 440
209 322
209 332
209 449
209 457
209 480
210 242
210 281
210 328
210 330
210 394
210 436
210 460
210 470
211 332
211 412
211 489
212 239
212 245
212 390
212 411
212 460
213 240
213 245
213 280
213 298
213 349
213 353
213 361
213 397
213 404
214 237
214 266
214 376
214 412
214 417
214 453
215 243
215 353
215 394
215 427
215 494
216 234
216 258
216 352
216 439
216 465
216 466
217 266
217 382
217 401
217 435
217 458
217 475
217 485
218 293
218 340
218 354
218 436
219 225
219 309
219 348
219 358
219 416
219 438
220 257
220 269
220 282
220 317
220 370
220 426
220 428
220 442
220 455
220 481
221 262
221 450
221 454
221 463
221 469
221 483
222 225
222 271
222 447
222 480
223 367
223 397
223 453
223 470
223 490
224 238
224 279
224 335
224 340
224 354
224 384
224 449
225 261
225 333
225 347
225 352
225 353
225 385
225 395
225 475
226 276
226 286
226 328
226 339
226 401
226 411
226 423
226 468
227 231
227 269
227 309
227 466
228 245
228 282
228 288
228 306
228 346
228 392
228 408
228 442
228 499
229 239
229 274
229 330
229 358
229 362
229 447
229 464
230 338
230 420
231 298
231 318
231 365
231 377
231 432
231 434
231 448
231 493
231 499
232 299
232 321
232 341
232 345
232 347
233 269
233 326
233 414
233 494
234 294
234 377
234 413
234 474
235 325
235 355
235 439
236 293
236 329
236 403
236 417
236 431
236 467
237 263
237 272
237 310
237 370
237 376
237 386
237 420
237 483
237 489
238 302
239 251
239 328
239 340
239 460
240 244
240 270
240 295
240 333
240 413
240 441
240 460
240 476
240 482
240 483
241 278
241 311
241 321
241 342
241 369
241 423
242 293
242 310
242 421
242 435
242 459
243 297
243 325
243 331
243 481
243 483
243 491
244 316
244 331
244 349
244 357
244 402
244 443
244 460
245 284
245 322
245 334
245 394
245 422
245 471
246 253
246 281
246 311
246 343
246 392
246 455
246 464
247 249
247 278
247 394
247 399
247 420
247 482
248 339
248 340
248 365
248 389
248 401
248 464
249 291
249 303
249 349
250 347
250 420
250 436
250 488
251 275
251 278
251 347
251 488
252 267
252 300
252 319
252 380
252 448
253 274
253 383
253 475
253 485
253 499
254 333
254 352
255 361
255 419
255 432
255 442
255 457
256 357
256 378
256 397
256 421
256 493
257 282
257 340
257 423
257 445
258 304
258 462
259 317
259 365
259 406
260 448
260 478
261 337
261 392
261 421
261 444
261 466
261 468
262 278
262 369
262 488
263 279
263 280
263 465
264 298
264 426
265 279
265 302
265 407
265 423
265 425
265 447
266 347
266 360
266 443
267 304
267 318
267 355
267 371
267 385
268 323
268 324
268 377
268 476
269 318
269 387
269 498
270 334
270 355
270 358
270 359
270 361
270 406
270 415
270 477
271 289
271 320
271 335
271 368
271 451
271 470
271 475
271 494
272 379
272 383
272 398
272 470
272 473
273 342
273 483
274 328
274 461
274 475
275 407
275 410
275 446
275 449
275 461
276 316
276 321
276 344
276 376
276 386
276 412
277 310
277 410
277 472
278 369
278 377
278 490
279 303
279 405
279 479
280 294
280 390
280 422
280 433
280 469
281 284
281 316
281 379
281 422
281 489
281 499
282 315
282 444
282 471
283 352
283 475
284 343
284 371
284 409
284 415
285 339
285 355
285 391
285 437
285 446
286 287
286 312
286 408
286 452
287 446
287 485
288 315
288 378
289 290
289 363
289 463
289 468
290 360
290 387
290 397
290 401
290 414
290 471
291 314
291 359
291 369
292 415
292 498
293 332
294 307
294 369
294 447
294 469
295 298
295 387
295 399
295 467
295 499
296 302
296 307
296 329
296 334
296 347
297 336
297 339
297 412
297 443
297 451
297 494
298 300
298 303
298 387
298 412
298 447
299 348
299 360
299 463
299 484
299 491
300 333
300 414
300 415
300 440
300 448
300 472
300 491
301 314
301 372
301 430
301 464
302 408
302 454
302 474
303 343
303 364
303 400
303 450
303 461
304 321
304 433
304 449
305 359
305 410
305 457
306 405
306 453
307 426
308 355
308 455
308 457
309 320
309 474
309 484
309 498
310 383
310 425
310 448
311 359
311 388
311 398
311 416
311 471
311 477
312 430
313 326
313 410
314 415
314 426
314 442
315 363
315 401
315 423
316 317
316 335
316 392
316 395
317 348
317 377
317 379
317 404
317 467
318 331
318 405
319 381
319 424
320 393
320 402
320 447
320 476
321 490
322 334
322 348
322 354
322 399
322 453
322 480
322 482
322 492
323 337
323 415
323 420
323 433
324 389
324 397
325 333
325 391
326 330
326 431
326 466
326 487
327 398
327 467
327 482
328 348
328 352
328 402
328 414
328 424
328 431
329 343
329 365
329 367
329 418
329 439
330 339
330 378
330 403
330 419
330 486
330 498
331 376
332 422
332 439
332 461
333 349
333 353
333 389
333 393
333 397
333 431
333 449
333 494
334 337
334 409
335 337
335 350
336 359
336 400
336 418
336 420
336 422
337 391
337 427
337 433
337 434
337 456
338 358
338 363
338 453
338 457
339 365
339 399
339 480
339 485
340 367
340 410
341 422
341 433
341 472
342 372
342 378
342 462
342 470
342 491
343 362
343 414
343 478
344 360
344 383
344 397
344 401
344 432
345 377
345 393
346 359
346 385
346 413
346 488
347 396
347 407
347 462
347 480
348 380
348 421
348 427
348 440
348 483
349 360
349 422
349 450
349 453
349 471
349 493
350 366
350 422
350 445
350 454
351 387
351 463
351 499
352 461
352 472
352 473
353 383
353 457
353 475
354 373
354 403
354 420
354 447
354 471
354 476
354 493
355 384
355 457
356 382
356 397
356 422
356 462
356 473
357 478
358 370
358 402
358 453
358 465
359 399
359 437
360 442
361 395
361 418
361 420
361 459
361 497
362 390
362 439
363 381
363 388
363 441
364 464
365 430
366 400
366 442
366 479
366 497
367 371
367 375
367 412
367 430
367 460
367 462
368 420
368 477
369 499
370 408
370 451
371 408
371 415
371 486
374 376
374 397
374 419
374 461
374 496
375 472
375 493
376 474
376 488
377 382
377 391
377 393
378 379
378 425
378 436
378 460
378 493
379 421
379 475
379 483
381 400
381 440
382 431
382 446
382 473
383 423
383 474
384 387
384 468
385 397
385 450
385 459
387 474
387 479
388 392
388 440
388 480
388 498
389 433
389 437
390 396
390 419
390 447
390 451
390 491
392 399
392 404
392 453
393 474
394 453
395 446
395 454
395 457
396 426
396 428
396 455
396 457
396 490
397 446
398 435
399 427
400 404
400 421
401 469
402 466
402 481
403 456
403 482
404 405
405 406
405 448
405 464
405 484
406 420
406 481
406 499
407 409
407 420
408 490
409 417
409 482
409 492
410 416
410 469
410 484
411 436
412 415
412 446
413 418
413 423
414 429
414 482
414 497
415 482
416 497
417 433
417 436
417 437
419 438
419 493
420 436
420 452
420 488
421 462
423 436
423 474
424 453
424 476
426 446
426 456
427 449
427 458
427 489
428 446
428 496
429 453
430 447
430 494
431 456
432 456
432 492
433 464
434 436
434 490
435 448
436 438
437 444
437 474
437 479
438 466
440 449
441 464
442 481
445 497
446 471
446 476
447 470
448 469
449 474
449 475
449 482
450 474
451 476
452 470
457 479
457 487
459 464
461 492
462 466
462 473
463 464
463 497
465 482
466 491
467 481
467 498
468 484
469 495
472 479
473 490
474 476
474 492
475 489
481 498
482 484
0
9 499
