500	2487	 1
0 1
0 4
0 25
0 49
0 63
0 203
0 297
0 355
0 364
0 428
0 465
0 480
0 495
1 19
1 128
1 209
1 217
1 230
1 232
1 238
1 246
1 253
1 308
1 356
1 395
2 43
2 49
2 93
2 194
2 232
2 298
2 340
2 358
2 386
2 489
3 101
3 156
3 210
3 259
3 374
3 380
3 381
3 419
3 485
4 35
4 50
4 55
4 93
4 197
4 279
4 324
4 407
4 408
4 416
4 435
4 487
5 81
5 82
5 101
5 194
5 269
5 312
5 339
5 348
5 351
5 459
6 12
6 16
6 43
6 74
6 169
6 253
6 301
6 366
6 494
7 12
7 51
7 72
7 114
7 133
7 192
7 462
8 100
8 166
8 250
8 311
8 327
8 343
8 365
8 401
8 431
8 455
9 26
9 82
9 93
9 243
9 244
9 290
9 318
9 415
9 424
9 440
10 61
10 74
10 84
10 117
10 216
10 252
10 255
10 268
10 469
10 470
10 486
11 35
11 85
11 203
11 204
11 225
11 236
11 290
11 349
11 400
11 435
11 452
11 495
12 35
12 75
12 95
12 216
12 297
12 373
12 408
12 437
12 447
12 477
12 484
13 18
13 23
13 237
13 259
13 381
13 480
13 489
14 65
14 255
14 276
14 399
14 443
14 463
14 475
15 45
15 64
15 65
15 95
15 108
15 167
15 272
15 338
15 427
15 441
15 442
15 483
16 91
16 125
16 208
16 250
16 269
16 337
16 395
16 412
16 463
16 474
17 76
17 78
17 97
17 133
17 134
17 150
17 179
17 244
17 338
17 454
17 478
18 110
18 124
18 147
18 187
18 254
18 271
18 284
18 315
18 329
18 350
18 397
18 456
19 36
19 198
19 203
19 352
19 445
19 473
20 27
20 52
20 108
20 147
20 195
20 220
20 242
20 258
20 265
20 306
20 347
20 492
21 247
21 263
21 341
21 352
21 385
21 390
21 409
21 417
21 434
21 492
22 52
22 113
22 125
22 200
22 237
22 322
22 324
22 376
22 390
23 54
23 79
23 94
23 185
23 267
23 314
23 346
23 358
24 45
24 133
24 165
24 173
24 225
24 257
24 300
24 330
24 393
24 397
24 424
24 425
24 485
24 489
25 60
25 272
25 277
25 305
25 314
25 337
25 393
25 451
26 27
26 38
26 82
26 113
26 120
26 127
26 136
26 222
26 315
26 325
26 354
26 385
26 453
27 45
27 59
27 70
27 144
27 179
27 226
27 256
27 382
27 488
28 63
28 128
28 172
28 203
28 259
28 287
28 341
28 345
28 348
28 349
28 364
28 398
28 427
29 110
29 175
29 363
29 419
29 431
29 434
29 468
30 72
30 105
30 144
30 157
30 245
30 258
30 281
30 334
30 339
30 394
30 466
31 33
31 131
31 263
31 323
31 381
31 428
31 435
31 495
32 85
32 204
32 236
32 245
32 251
32 298
32 332
32 349
32 444
32 451
32 488
32 499
33 79
33 219
33 230
33 247
33 314
33 341
33 343
33 408
33 427
33 472
33 489
34 144
34 170
34 171
34 305
34 317
34 379
34 419
34 432
34 454
34 495
35 85
35 135
35 140
35 193
35 243
35 270
35 445
35 476
36 43
36 81
36 106
36 277
36 284
36 345
36 381
36 383
36 446
36 481
37 53
37 123
37 136
37 225
37 266
37 269
37 329
37 342
37 359
37 380
37 402
37 413
37 460
38 72
38 219
38 231
38 331
38 433
39 51
39 88
39 191
39 195
39 253
39 256
39 276
40 57
40 206
40 208
40 220
40 267
40 303
40 305
40 346
40 351
40 367
40 390
40 454
41 104
41 138
41 201
41 241
41 264
41 300
41 410
41 429
41 472
42 161
42 171
42 265
42 300
42 364
42 408
43 75
43 168
43 177
43 229
43 315
43 444
43 459
44 74
44 182
44 187
44 238
44 258
44 300
44 353
44 378
44 408
44 446
45 66
45 133
45 161
45 166
45 167
45 381
46 62
46 107
46 150
46 155
46 188
46 266
46 391
46 458
47 151
47 173
47 237
47 418
47 458
47 499
48 125
48 162
48 198
48 253
48 270
48 277
48 279
48 363
48 403
49 59
49 73
49 76
49 93
49 108
49 142
49 161
49 209
49 235
49 239
49 293
49 334
49 443
50 51
50 103
50 143
50 146
50 288
50 338
50 345
51 116
51 195
51 382
51 439
51 458
52 58
52 102
52 129
52 324
52 365
52 394
52 404
52 420
52 448
52 463
53 67
53 242
53 271
53 274
53 297
53 441
54 93
54 265
54 279
54 398
54 486
54 492
55 96
55 171
55 179
55 218
55 337
55 369
55 428
55 439
55 442
56 71
56 72
56 171
56 191
56 202
56 216
56 261
56 436
57 73
57 107
57 213
57 359
57 378
57 412
58 76
58 77
58 99
58 105
58 113
58 224
58 260
58 335
58 358
58 366
58 379
58 431
58 456
58 482
59 90
59 199
59 206
59 222
59 228
59 413
59 445
59 488
60 188
60 251
60 302
60 332
60 352
60 480
60 482
61 116
61 129
61 130
61 205
61 218
61 375
61 473
61 495
62 111
62 132
62 206
62 357
62 469
62 497
63 98
63 136
63 175
63 234
63 333
63 366
63 369
63 376
63 455
64 103
64 132
64 137
64 194
64 247
64 256
64 396
64 453
64 483
65 124
65 133
65 153
65 167
65 172
65 247
65 249
65 258
65 316
65 379
65 429
65 433
65 486
66 157
66 234
66 258
66 305
66 328
66 333
66 340
66 369
66 379
66 389
66 414
66 450
66 474
67 140
67 228
67 256
67 295
67 305
67 313
67 318
67 332
67 352
67 384
67 469
68 169
68 278
68 298
68 310
68 344
68 349
68 446
68 486
69 110
69 195
69 221
69 248
69 251
69 281
69 373
69 375
69 376
69 393
70 96
70 99
70 102
70 155
70 180
70 211
70 274
70 281
70 294
70 389
70 428
70 470
71 135
71 224
71 239
71 278
71 310
71 312
71 333
71 473
71 477
72 88
72 321
72 418
72 440
72 466
73 262
73 278
73 309
73 334
73 442
74 117
74 128
74 167
74 255
74 272
74 301
74 357
74 381
74 407
74 417
75 282
75 395
75 443
75 482
76 148
76 174
76 180
76 201
76 251
76 295
76 395
76 483
76 494
77 167
77 253
77 336
77 343
77 350
77 396
77 415
77 460
77 497
78 114
78 211
78 212
78 236
78 241
78 315
78 382
78 464
78 479
79 85
79 95
79 187
79 275
79 280
79 302
79 328
79 349
79 356
79 450
80 115
80 132
80 138
80 160
80 289
80 336
80 338
80 383
80 413
80 444
81 173
81 204
81 342
81 352
81 457
81 467
81 477
81 480
82 86
82 148
82 207
82 310
82 438
82 450
82 467
82 481
83 184
83 244
83 338
83 381
84 106
84 179
84 256
84 322
84 479
85 126
85 162
85 173
85 188
85 237
85 286
86 274
86 309
86 340
86 380
87 97
87 100
87 102
87 105
87 135
87 264
87 316
87 333
87 493
87 497
88 212
88 234
88 254
88 409
88 441
88 462
89 96
89 137
89 142
89 186
89 222
89 229
89 289
89 302
89 326
89 357
89 369
89 372
89 385
89 389
90 97
90 219
90 262
90 379
90 397
90 414
90 425
90 436
90 462
91 152
91 160
91 198
91 219
91 273
91 371
91 423
91 424
91 434
92 106
92 170
92 219
92 235
92 319
92 410
92 439
92 450
92 496
92 498
93 150
93 185
93 319
93 349
93 464
93 475
94 107
94 115
94 136
94 182
94 274
94 328
94 339
94 362
94 365
94 387
94 398
95 120
95 125
95 243
95 254
95 281
95 284
95 351
95 375
96 169
96 203
96 210
96 212
96 249
96 287
96 290
96 319
96 326
96 341
96 372
96 399
97 186
97 195
97 337
97 343
97 453
98 156
98 203
98 283
98 398
99 119
99 197
99 299
99 340
99 380
99 436
99 462
100 213
100 215
100 297
100 321
100 358
100 439
101 110
101 128
101 154
101 221
101 272
101 281
101 331
101 363
101 495
101 497
102 195
102 270
102 292
102 305
102 319
102 355
102 397
102 423
102 492
103 106
103 163
103 184
103 218
103 233
103 293
103 296
103 383
103 403
103 441
104 134
104 193
104 216
104 268
104 269
104 326
104 376
104 398
104 465
105 110
105 380
105 387
105 453
105 464
106 113
106 142
106 160
106 257
106 435
106 441
106 497
107 115
107 171
107 339
107 365
107 405
108 161
108 170
108 177
108 216
108 222
108 300
108 335
108 340
108 385
108 451
108 474
108 478
109 134
109 170
109 249
109 299
109 366
109 458
109 463
110 208
110 302
111 135
111 197
111 214
111 265
111 392
111 396
111 448
111 483
112 225
112 241
112 249
112 272
112 315
112 375
112 431
112 474
113 118
113 186
113 228
113 265
113 303
113 344
113 447
114 130
114 137
114 235
114 301
114 312
114 381
114 400
114 401
114 406
114 428
114 447
114 451
114 457
114 458
115 141
115 173
115 185
115 209
115 273
115 274
115 380
115 387
115 400
115 426
115 458
115 492
116 129
116 203
116 339
116 393
116 396
117 139
117 185
117 189
117 262
117 314
117 315
117 337
117 391
117 424
117 433
118 185
118 203
118 213
118 264
118 372
118 446
119 125
119 147
119 166
119 295
119 317
119 372
119 435
120 125
120 132
120 155
120 171
120 257
120 271
120 283
120 288
120 345
120 351
120 405
120 470
121 161
121 290
121 308
121 313
121 329
121 414
121 422
121 440
121 459
122 126
122 140
122 277
122 304
122 370
122 375
122 471
122 493
123 133
123 167
123 171
123 177
123 237
123 244
123 267
123 284
123 317
123 324
123 330
123 372
123 418
123 475
124 154
124 310
124 322
124 414
124 427
124 454
124 467
125 142
125 178
125 280
125 380
125 406
125 431
125 496
126 215
126 302
126 310
126 319
126 393
127 132
127 139
127 227
127 228
127 292
127 297
127 347
127 437
128 133
128 250
128 264
128 420
128 495
128 498
129 166
129 171
129 172
129 203
129 245
129 251
129 259
129 316
129 401
130 419
130 436
130 454
131 170
131 228
131 257
132 134
132 233
133 305
133 312
133 355
133 357
133 422
133 464
133 466
133 470
134 156
134 215
135 149
135 198
135 281
135 307
135 320
135 343
135 402
136 179
136 240
136 269
136 302
136 304
136 347
136 390
136 465
136 486
137 219
137 268
137 304
137 306
137 323
137 400
137 478
138 206
138 207
138 233
138 329
138 421
138 426
138 450
138 470
139 145
139 190
139 228
139 291
139 330
139 419
139 450
140 168
140 228
140 238
140 394
140 437
141 244
141 302
141 312
141 369
141 434
141 478
142 147
142 187
142 288
142 348
142 487
143 209
143 236
143 430
143 472
143 492
144 197
144 198
144 209
144 219
144 299
144 351
144 353
144 431
145 148
145 207
145 251
145 308
145 362
145 384
145 460
145 474
146 199
146 237
146 307
146 345
146 411
146 439
147 161
147 167
147 192
147 275
147 316
147 326
147 485
147 489
148 153
148 187
148 225
148 250
148 267
148 411
148 460
149 183
149 202
149 232
149 416
149 430
149 499
150 157
150 215
150 252
150 279
151 193
151 244
151 266
151 312
151 347
151 394
151 459
151 462
152 175
152 223
152 257
152 278
152 315
152 316
152 458
153 157
153 165
153 176
153 198
153 244
153 273
153 326
153 329
154 203
154 233
154 310
154 313
154 407
154 496
155 166
155 171
155 298
155 314
155 379
155 410
155 475
156 199
156 242
156 256
156 302
156 360
156 396
156 462
157 300
157 352
157 431
158 163
158 243
158 299
158 311
158 320
159 232
159 265
159 293
159 347
159 390
159 393
159 491
160 215
160 286
160 304
160 356
160 431
160 461
161 163
161 213
161 216
161 322
161 341
161 365
161 429
161 468
161 499
162 177
162 178
162 281
162 321
162 357
162 367
162 398
162 415
162 491
163 218
163 232
163 263
163 281
163 293
163 401
164 211
164 213
164 252
164 346
164 415
164 491
165 170
165 275
165 293
165 366
166 360
166 388
166 489
167 233
167 241
167 363
167 464
167 478
168 229
168 385
168 395
169 180
169 385
169 401
169 436
169 452
170 227
170 278
170 326
170 378
170 394
170 462
170 474
171 211
171 236
171 300
171 304
171 324
171 347
171 368
171 372
171 375
171 436
172 200
172 204
172 265
172 293
172 310
172 356
172 395
173 185
173 217
173 394
173 417
173 429
174 229
174 231
174 245
174 338
174 443
174 470
175 206
175 236
175 250
175 289
175 308
175 498
176 184
176 241
176 363
176 389
176 451
176 454
177 272
177 334
177 430
177 434
177 460
177 499
178 271
178 317
178 391
178 473
179 240
179 255
179 262
179 350
179 360
179 405
179 459
179 498
180 229
180 459
181 196
181 312
181 321
181 387
181 391
181 438
182 221
182 271
182 302
182 315
182 340
182 346
182 358
182 388
182 426
183 228
183 264
183 307
183 366
183 369
183 398
183 451
184 256
184 287
184 304
184 356
184 403
185 186
185 231
185 232
185 353
186 189
186 223
186 333
186 414
186 431
186 435
186 441
186 442
186 498
187 208
187 353
187 379
187 497
188 467
188 484
189 217
189 229
189 246
189 394
190 218
190 224
190 309
190 319
190 328
190 434
190 435
190 489
191 233
191 305
191 388
191 423
192 198
192 314
192 316
192 487
193 268
193 298
193 360
193 405
193 427
194 218
194 251
194 348
194 354
194 371
194 379
194 389
194 445
194 452
194 496
195 297
195 357
196 217
196 281
196 287
196 352
196 363
196 422
196 439
196 472
197 215
197 228
197 260
197 271
197 284
197 293
197 295
197 343
197 354
197 384
197 464
197 497
198 203
198 240
198 309
198 334
198 344
198 446
199 225
199 228
199 336
199 342
199 387
199 437
199 487
200 255
200 269
200 299
200 398
200 419
201 211
201 314
201 361
201 370
201 439
201 464
202 223
202 256
202 266
202 267
202 269
202 292
202 298
202 421
202 459
203 208
203 230
203 232
203 235
203 342
203 389
203 479
204 264
204 344
205 238
205 280
205 294
205 382
205 409
205 487
206 272
206 289
206 387
206 445
207 261
207 317
207 352
207 372
207 467
208 286
208 393
208 470
209 220
209 294
209 300
209 332
209 341
209 351
209 369
209 401
209 446
209 463
210 211
210 213
210 221
210 224
210 389
211 218
211 236
211 242
211 310
211 319
211 356
211 407
211 443
212 227
212 280
212 305
212 308
212 329
212 335
212 378
212 389
212 401
212 425
212 428
212 437
213 248
213 472
213 492
213 493
214 216
214 276
214 280
214 301
214 319
214 382
214 401
214 409
214 499
215 237
215 241
215 299
215 434
215 491
216 300
216 416
216 453
217 254
217 331
217 336
217 352
217 442
217 497
218 239
218 269
218 307
218 309
218 378
218 430
219 291
219 303
219 338
219 374
219 419
219 484
219 493
220 345
220 476
220 483
221 237
221 243
221 299
221 360
221 396
221 399
221 453
221 469
222 282
222 302
222 319
223 249
223 265
223 285
223 308
223 317
223 333
223 346
223 378
224 228
224 313
224 340
224 463
225 246
225 263
225 331
225 350
225 352
225 407
225 426
225 438
225 473
225 484
225 496
226 310
226 352
226 385
226 447
226 450
226 470
227 244
227 246
227 263
227 269
227 336
227 409
227 436
227 449
228 232
228 272
228 342
228 346
228 432
228 461
229 305
229 375
229 420
229 435
229 467
230 283
230 362
230 385
230 391
230 408
230 409
230 436
231 289
231 290
231 315
231 371
231 392
231 423
232 258
232 340
232 341
232 481
233 320
233 368
233 426
233 496
234 261
234 359
234 410
234 422
235 299
235 320
235 377
235 388
235 400
235 466
236 271
236 285
236 391
236 423
236 429
236 432
237 255
237 386
237 424
237 494
238 239
238 294
238 297
238 311
238 313
238 395
239 260
239 306
239 334
239 417
239 480
240 254
240 296
240 438
240 452
241 291
241 330
241 337
241 341
241 371
241 399
241 403
242 250
242 316
242 345
242 407
243 392
243 393
243 431
243 448
243 476
244 277
244 295
244 366
244 449
244 468
245 274
245 289
245 298
245 461
245 469
245 481
245 493
246 323
246 373
246 388
246 427
246 430
247 353
247 360
247 427
247 438
248 251
248 266
248 327
248 388
248 451
248 468
249 260
249 285
249 322
249 399
249 468
249 494
250 272
250 358
250 373
250 387
251 272
251 286
251 300
251 318
251 360
251 362
251 407
251 419
251 470
251 480
252 254
252 282
252 329
252 334
252 379
252 399
252 453
253 348
253 429
253 445
253 476
254 266
254 275
254 281
254 286
254 369
254 455
254 477
255 349
255 436
255 463
256 291
256 349
256 394
256 430
257 264
257 295
257 330
257 360
257 376
257 387
257 425
257 426
257 437
258 319
258 333
258 423
258 443
259 273
259 449
259 479
260 285
260 298
260 454
260 487
261 275
261 330
261 396
261 425
261 448
261 486
261 488
261 492
262 415
262 454
263 300
263 322
263 346
264 278
264 285
264 456
264 458
265 274
265 293
265 394
266 325
266 409
266 467
266 480
267 480
268 307
268 364
268 377
268 381
268 462
268 466
268 478
269 327
269 402
269 417
269 497
270 297
270 310
270 377
270 422
270 454
270 495
270 499
271 289
271 327
271 440
272 282
272 370
272 392
272 474
272 483
272 498
273 285
273 298
273 301
273 333
273 435
273 473
274 276
274 288
274 325
274 433
275 436
275 459
276 277
276 278
276 312
276 415
277 460
278 309
278 323
278 406
278 418
278 422
278 475
278 490
279 328
279 393
279 399
279 402
279 448
280 313
280 376
280 415
280 436
280 453
280 492
281 320
281 340
282 344
282 357
282 360
282 417
283 325
283 334
283 381
283 441
283 474
283 477
284 297
284 366
285 350
285 440
285 479
286 337
286 432
286 498
287 329
287 387
287 401
288 293
288 327
288 367
288 395
289 310
289 412
289 426
289 446
289 466
289 478
290 297
291 342
291 344
291 412
292 331
292 339
292 343
292 358
292 425
292 492
293 362
293 377
293 379
293 397
293 398
293 399
293 409
293 415
293 444
293 493
294 300
294 308
294 317
294 369
294 444
294 450
294 496
295 378
295 454
295 468
296 297
296 338
296 358
296 422
296 430
296 446
296 474
296 482
296 487
297 323
297 328
297 399
297 435
298 312
298 431
298 458
298 476
299 420
299 449
300 362
300 400
301 409
301 412
301 446
302 375
302 460
303 313
303 355
303 356
303 385
303 417
303 420
303 430
303 496
304 328
304 494
305 364
305 484
306 326
306 327
306 380
306 413
307 382
307 383
307 433
307 447
308 315
308 386
308 404
308 443
309 334
309 342
309 458
309 459
310 374
310 472
311 327
311 350
311 454
311 463
312 430
312 457
312 464
312 497
313 393
313 443
314 372
314 443
314 455
314 492
315 327
315 334
315 336
316 403
316 428
316 449
317 351
317 368
317 421
317 492
318 346
318 358
318 367
318 369
318 415
319 327
319 332
319 336
319 372
320 381
320 389
320 469
320 490
321 331
321 332
321 368
321 405
321 443
321 444
321 447
322 329
322 335
322 412
322 432
322 452
323 326
323 330
323 389
323 429
324 418
324 442
324 455
324 467
324 490
325 383
325 394
325 432
326 329
326 409
326 490
327 370
327 423
327 455
327 466
327 467
327 469
327 479
328 343
328 382
328 394
328 395
328 452
328 489
329 358
329 372
329 385
329 471
330 339
330 488
330 490
331 397
331 491
332 357
332 369
332 394
332 451
332 452
333 347
333 419
333 421
334 420
335 347
335 360
335 398
335 422
335 457
335 462
335 465
336 406
336 492
337 349
337 429
339 348
339 353
339 426
339 463
340 358
340 426
341 349
341 362
341 366
341 390
341 442
341 448
341 454
341 455
342 417
342 430
342 485
343 380
343 403
343 412
343 457
343 464
344 388
344 416
344 442
344 456
344 481
345 374
345 414
345 420
345 494
346 385
346 479
347 357
347 390
347 402
347 419
347 494
348 464
348 498
349 376
349 460
350 358
350 401
350 420
350 457
351 380
351 418
351 446
352 362
352 417
353 366
353 373
353 415
354 401
355 376
356 361
356 367
356 394
356 430
356 476
356 486
357 384
357 486
357 497
358 384
358 417
358 432
358 439
358 450
358 494
359 382
359 406
359 433
359 471
359 476
360 435
360 439
360 474
360 480
360 491
361 394
361 395
361 427
362 391
362 403
362 412
362 473
362 478
363 464
364 377
364 415
364 440
364 456
364 464
365 368
365 373
365 382
365 383
365 422
365 462
366 453
366 484
368 400
368 419
368 460
368 494
369 386
369 419
369 442
369 484
371 384
372 380
372 479
372 481
373 388
373 404
373 454
373 466
373 471
373 489
374 429
376 429
376 455
376 482
377 402
378 411
379 468
379 495
380 401
380 443
380 487
381 422
382 399
382 478
383 411
383 473
384 403
384 413
384 423
384 440
384 461
384 469
385 409
385 416
385 483
385 490
386 394
386 415
387 429
387 430
387 450
388 440
389 456
389 471
389 497
390 397
390 434
390 497
391 404
391 445
391 494
392 403
393 456
394 490
395 419
395 432
395 441
395 464
395 468
396 418
396 489
396 499
397 477
398 457
398 483
399 401
399 405
399 428
400 486
403 432
403 437
405 442
405 443
405 454
405 462
406 420
407 410
407 452
407 457
407 475
408 418
413 489
414 467
416 418
416 429
416 492
417 421
417 442
417 488
418 456
418 468
418 486
419 421
419 443
419 460
419 477
419 484
420 453
420 462
421 489
422 492
423 494
424 485
426 448
427 458
427 483
430 471
430 483
430 497
432 448
433 495
434 454
435 458
436 456
437 453
438 477
439 449
439 471
440 450
440 457
440 459
440 482
442 468
443 461
444 475
445 485
446 448
446 449
448 449
451 465
451 495
452 467
453 461
454 495
454 496
456 459
456 486
457 484
458 469
460 483
461 494
463 477
465 466
465 489
465 499
469 472
470 496
473 488
476 493
478 487
478 488
478 492
480 491
481 482
488 494
0
9 499
