500	2520	 1
0 41
0 110
0 139
0 165
0 185
0 205
0 206
0 252
0 263
0 266
0 322
0 378
0 396
0 426
0 477
0 487
1 32
1 85
1 138
1 167
1 219
1 293
1 344
1 390
2 31
2 41
2 135
2 189
2 197
2 200
2 201
2 263
2 283
2 309
2 332
2 345
2 396
2 466
3 41
3 138
3 145
3 156
3 217
3 232
3 267
3 316
3 327
3 470
4 16
4 143
4 222
4 255
4 260
4 379
4 397
4 418
4 463
4 482
4 491
4 492
5 8
5 129
5 140
5 176
5 192
5 223
5 269
5 325
5 338
5 430
5 484
6 109
6 147
6 165
6 207
6 241
6 339
6 372
6 389
6 403
6 404
6 452
7 112
7 137
7 197
7 396
8 103
8 282
8 374
8 375
8 432
8 435
9 119
9 159
9 202
9 227
9 308
9 392
9 485
10 98
10 341
10 374
10 448
11 19
11 56
11 63
11 109
11 114
11 124
11 181
11 279
11 284
11 467
12 89
12 134
12 165
12 179
12 264
12 286
12 467
12 476
13 134
13 176
13 213
13 261
13 318
14 42
14 45
14 53
14 59
14 65
14 74
14 88
14 103
14 145
14 179
14 242
14 270
14 314
14 332
15 147
15 197
15 257
15 317
15 384
15 432
15 447
15 494
16 44
16 84
16 96
16 155
16 170
16 171
16 209
16 237
16 242
16 247
16 288
16 305
16 457
17 99
17 127
17 177
17 200
17 209
17 236
17 341
17 362
17 390
17 449
17 487
18 134
18 199
18 297
18 303
18 317
18 324
18 401
18 445
18 451
18 488
18 498
19 33
19 44
19 56
19 86
19 93
19 117
19 144
19 205
19 229
19 239
19 265
19 326
19 385
19 430
20 151
20 185
20 186
20 196
20 222
20 227
20 345
20 370
20 409
21 30
21 116
21 253
21 264
21 335
21 457
21 482
22 25
22 154
22 220
22 310
22 411
22 420
22 438
22 470
23 47
23 162
23 206
23 251
23 301
23 309
23 372
23 445
23 496
24 48
24 59
24 140
24 184
24 325
24 359
25 29
25 41
25 122
25 141
25 148
25 151
25 188
25 208
25 219
25 380
25 413
25 415
25 489
26 54
26 80
26 220
26 226
26 245
26 279
26 318
26 336
26 381
26 401
27 154
27 299
27 315
27 355
27 385
27 416
27 478
28 44
28 215
28 217
28 221
28 231
28 279
28 301
28 418
28 429
28 486
29 101
29 164
29 187
29 232
29 234
29 282
29 316
29 356
29 423
29 433
29 470
29 492
30 48
30 136
30 147
30 169
30 189
30 256
30 289
30 365
30 497
31 108
31 121
31 149
31 301
31 311
31 330
31 332
31 414
32 48
32 87
32 96
32 154
32 274
32 280
32 343
32 353
33 48
33 132
33 188
33 237
33 289
33 294
33 307
33 409
33 457
34 68
34 76
34 121
34 296
34 302
34 385
34 399
35 38
35 93
35 98
35 109
35 210
35 234
35 274
35 295
36 38
36 93
36 128
36 155
36 275
36 312
36 345
36 416
37 71
37 188
37 227
37 228
37 344
37 469
37 489
38 43
38 89
38 94
38 114
38 161
38 179
38 285
38 458
39 165
39 188
39 238
39 255
39 301
39 326
39 422
39 477
39 498
40 46
40 65
40 89
40 140
40 181
40 192
40 232
40 287
40 292
40 336
40 365
40 370
40 379
40 383
40 409
40 448
41 71
41 89
41 156
41 194
41 201
41 283
41 421
41 423
41 484
42 73
42 91
42 99
42 130
42 133
42 286
42 322
42 362
42 499
43 135
43 174
43 236
43 280
43 289
43 293
43 297
43 302
43 312
43 402
44 86
44 96
44 108
44 181
44 206
44 225
44 250
44 295
44 456
44 480
45 216
45 224
45 247
45 273
45 286
45 390
45 420
45 432
45 470
45 480
46 167
46 183
46 221
46 335
46 423
46 455
47 110
47 186
47 218
47 222
47 238
47 260
47 334
47 337
47 341
47 356
47 369
47 382
47 391
47 416
47 435
48 62
48 221
48 283
48 292
48 295
48 352
48 393
48 418
48 469
49 78
49 112
49 139
49 171
49 208
49 231
49 283
49 322
49 391
49 402
49 443
49 451
50 97
50 111
50 120
50 184
50 245
50 329
50 336
50 393
50 399
50 424
50 498
51 105
51 137
51 145
51 148
51 249
51 320
51 337
51 368
51 454
51 462
51 477
51 478
52 63
52 97
52 105
52 116
52 121
52 146
52 185
52 202
52 379
52 404
52 457
53 84
53 177
53 192
53 273
53 348
53 356
53 397
53 486
53 489
54 106
54 113
54 130
54 139
54 159
54 185
54 206
54 253
54 256
54 327
54 396
54 402
54 462
55 143
55 194
55 211
55 216
55 227
55 229
55 230
55 256
55 314
55 350
55 405
55 459
55 490
56 61
56 109
56 213
56 218
56 276
56 345
56 348
56 355
56 399
56 416
57 70
57 77
57 131
57 214
57 218
57 236
57 355
57 398
57 401
57 405
57 437
58 66
58 72
58 117
58 228
58 280
58 376
58 417
59 104
59 120
59 196
59 226
59 228
59 272
59 274
59 285
59 342
59 357
59 371
59 395
59 429
59 451
59 488
60 137
60 217
60 235
60 274
60 300
60 341
60 350
60 436
60 483
61 62
61 86
61 174
61 217
61 235
61 266
61 328
61 445
61 457
62 111
62 176
62 277
62 312
62 351
62 379
62 409
62 412
62 468
63 116
63 173
63 214
63 245
63 316
63 352
63 374
63 391
64 76
64 105
64 199
64 200
64 277
64 278
64 315
64 417
64 436
64 471
65 116
65 138
65 243
65 399
65 444
65 494
66 116
66 146
66 163
66 253
67 92
67 188
67 192
67 299
67 321
67 459
67 473
67 475
67 494
68 89
68 172
68 179
68 280
68 417
69 217
69 226
69 355
69 475
70 133
70 175
70 246
70 276
70 281
70 334
70 336
70 361
70 366
70 446
70 459
70 495
71 116
71 117
71 169
71 224
71 244
71 261
71 307
71 320
71 379
71 430
71 472
72 85
72 144
72 177
72 245
72 321
72 457
73 76
73 89
73 201
73 427
73 433
73 453
74 128
74 162
74 245
74 257
74 307
74 367
75 112
75 122
75 136
75 230
75 246
75 258
75 403
75 411
75 439
75 472
75 473
76 135
76 138
76 162
76 206
76 223
76 240
76 277
76 290
76 295
76 329
76 411
76 424
76 438
76 470
77 158
77 235
77 254
77 276
77 372
78 81
78 94
78 139
78 143
78 217
78 259
78 283
78 344
78 382
78 481
79 94
79 238
79 280
79 289
79 394
79 417
79 467
79 483
80 97
80 111
80 140
80 154
80 157
80 184
80 299
80 413
81 106
81 143
81 228
81 254
81 267
81 423
81 435
81 452
81 467
82 206
82 232
82 294
82 302
82 338
82 351
82 399
82 414
82 463
82 470
83 87
83 110
83 120
83 203
83 213
83 350
83 426
83 445
83 477
84 172
84 177
84 247
84 248
84 297
84 366
84 388
84 414
84 444
85 88
85 144
85 268
85 289
85 315
85 383
86 98
86 111
86 163
86 362
86 399
86 409
86 424
86 441
86 489
87 96
87 125
87 175
87 176
87 220
87 269
87 323
87 347
87 394
87 419
87 436
87 481
88 95
88 165
88 179
88 270
88 274
88 310
88 466
88 499
89 107
89 213
89 216
89 223
89 254
89 255
89 257
89 281
89 409
89 490
90 208
90 225
90 301
90 304
90 330
90 342
90 366
90 489
91 101
91 135
91 145
91 168
91 200
91 254
91 298
91 306
91 455
92 96
92 106
92 171
92 176
92 377
93 190
93 234
93 244
93 274
93 311
93 341
93 347
93 381
93 442
94 221
94 261
94 296
94 321
94 354
94 490
95 148
95 218
95 221
95 286
95 338
95 392
95 440
95 452
96 157
96 251
96 316
96 421
96 440
96 449
97 116
97 168
97 176
97 253
97 255
97 315
97 335
97 422
97 470
98 127
98 256
98 296
98 308
98 309
98 379
98 400
98 418
98 422
98 456
98 461
99 106
99 185
99 252
99 272
99 370
99 377
100 198
100 201
100 216
100 442
100 453
100 474
100 478
100 482
101 115
101 195
101 221
101 257
101 382
101 403
101 412
102 171
102 183
102 237
102 295
102 347
102 416
102 424
102 451
102 492
103 151
103 364
103 375
103 383
103 390
103 453
104 180
104 191
104 250
104 265
104 285
104 314
104 393
104 413
105 172
105 198
105 209
105 288
105 290
105 420
105 450
105 468
106 148
106 150
106 238
106 300
106 333
106 386
106 470
107 155
107 171
107 199
107 210
107 212
107 221
107 257
107 266
107 322
107 342
107 370
107 433
108 132
108 173
108 189
108 398
109 137
109 179
109 347
109 384
110 134
110 152
110 159
110 332
110 417
110 482
110 487
111 136
111 159
111 261
111 321
111 477
112 207
112 270
112 273
112 398
112 421
112 442
112 475
113 114
113 139
113 166
113 174
113 181
113 242
113 252
113 301
113 453
113 458
114 140
114 219
114 225
114 296
114 309
114 386
114 401
114 433
114 465
115 153
115 240
115 326
115 426
115 450
115 470
115 486
116 119
116 266
116 290
116 355
116 435
117 158
117 194
117 220
117 260
117 316
117 395
117 398
117 419
118 174
118 210
118 257
118 263
118 276
118 310
118 398
118 433
118 462
119 120
119 135
119 169
119 191
119 238
119 273
119 328
119 335
119 373
120 192
120 220
120 272
120 343
120 355
120 403
120 449
121 122
121 153
121 199
121 401
121 441
121 481
121 492
122 126
122 149
122 217
122 218
122 283
122 329
122 361
122 387
122 394
122 457
122 485
122 488
123 174
123 244
123 264
123 335
123 404
124 186
124 221
124 320
124 359
124 448
124 490
125 127
125 132
125 209
125 266
125 267
125 307
125 316
125 331
125 356
125 369
125 455
126 138
126 167
126 172
126 200
126 215
126 218
126 270
126 377
126 384
126 441
126 442
127 141
127 167
127 281
127 290
127 325
127 389
127 463
128 147
128 194
128 198
128 221
128 275
128 294
128 315
128 326
128 329
128 332
128 349
128 454
129 153
129 233
129 288
129 381
129 444
129 450
129 456
129 485
130 163
130 259
130 265
130 287
130 347
130 397
130 401
130 408
131 226
131 381
131 447
132 135
132 150
132 159
132 167
132 228
132 393
132 404
133 163
133 238
133 240
133 297
133 310
133 315
133 342
133 380
134 138
134 176
134 208
134 308
134 358
134 389
134 428
134 487
134 495
135 140
135 445
135 452
136 143
136 350
136 374
136 429
136 455
136 457
137 143
137 201
137 207
137 319
137 426
137 446
137 481
137 485
139 317
139 367
139 428
139 466
139 486
140 398
140 401
140 456
141 187
141 218
141 255
141 271
141 304
141 325
141 391
141 476
141 479
142 163
142 261
142 264
142 277
142 308
142 350
143 175
143 193
143 208
143 222
143 267
143 279
143 341
143 436
144 179
144 254
144 273
144 296
144 321
144 488
145 161
145 167
145 172
145 300
145 308
145 420
145 438
145 479
146 271
147 224
147 229
147 242
147 331
147 358
147 376
147 409
147 473
147 474
147 497
147 498
148 313
148 322
148 339
148 430
148 446
149 170
149 191
149 200
149 282
149 316
149 339
149 410
149 473
149 491
150 154
150 194
150 256
150 260
150 343
150 350
150 376
150 471
151 203
151 250
151 294
151 400
151 477
152 255
152 274
152 295
152 310
152 327
152 356
152 434
153 185
153 219
153 257
153 319
153 326
153 334
153 353
153 357
153 388
153 409
153 429
153 448
153 451
154 163
154 201
154 282
154 358
154 417
154 499
155 377
155 384
155 405
156 199
156 243
156 296
156 303
156 304
156 366
156 384
156 409
156 481
157 238
157 258
157 304
157 319
157 356
157 401
158 165
158 253
158 255
158 280
158 289
158 390
159 183
159 206
159 248
159 265
159 315
159 401
159 445
159 452
159 487
160 178
160 202
160 238
160 391
160 483
161 163
161 289
161 295
161 335
161 356
161 381
161 410
161 464
162 225
162 233
162 365
162 421
162 429
163 240
163 263
163 297
163 430
163 463
163 473
163 484
164 182
164 255
164 298
164 341
164 403
165 173
165 293
165 303
165 415
165 424
166 267
166 330
166 384
166 425
166 447
166 458
166 492
167 284
167 295
167 331
167 349
167 355
167 379
167 390
167 436
167 488
168 172
168 182
168 184
168 241
168 282
168 369
168 448
168 499
169 223
169 293
169 329
169 331
169 338
169 363
169 366
169 398
169 458
169 466
169 489
170 184
170 218
170 293
170 320
170 348
170 369
170 410
170 467
170 470
171 176
171 318
171 385
171 430
171 492
172 177
172 184
172 188
172 218
172 294
172 317
172 322
172 333
172 428
172 487
173 179
173 206
173 232
173 254
173 338
173 442
173 446
173 484
174 215
174 217
174 218
174 361
174 413
174 474
175 199
175 201
175 210
175 276
175 279
175 303
175 357
175 395
175 466
175 483
176 190
176 325
176 354
176 358
176 388
176 470
177 420
177 447
178 249
178 337
178 364
178 380
178 443
178 466
179 187
179 321
179 331
179 341
179 345
179 375
179 403
179 439
180 187
180 234
180 292
180 369
180 452
180 456
181 209
181 374
181 386
181 396
181 435
182 190
182 372
182 477
183 195
183 263
183 300
183 333
183 351
183 352
183 369
183 383
184 459
184 490
185 198
185 302
185 319
185 359
185 430
186 234
186 247
186 262
186 266
186 345
186 353
186 379
186 391
186 472
187 189
187 371
187 425
187 491
187 498
188 214
188 263
188 285
188 312
188 316
188 452
189 227
189 258
189 296
189 300
189 374
189 380
189 450
189 479
189 487
190 228
190 268
190 354
190 375
190 432
190 480
190 491
191 282
191 324
191 355
191 423
192 260
192 270
192 301
192 460
193 299
193 314
193 352
194 227
194 259
194 261
194 399
194 402
194 428
195 219
195 235
195 285
195 345
195 386
195 393
195 435
195 440
196 197
196 236
196 332
196 340
196 428
197 213
197 274
197 350
197 425
197 448
198 203
198 207
198 291
198 360
198 391
198 392
198 408
198 427
198 440
198 451
199 233
199 253
199 272
199 277
199 460
200 203
200 251
200 309
200 356
200 364
200 367
200 390
200 419
201 228
201 236
201 257
201 336
201 401
201 447
202 234
202 286
202 301
202 359
202 403
202 440
203 209
203 253
203 298
203 361
203 400
203 401
204 209
204 303
204 358
204 399
204 460
204 465
205 326
205 419
205 439
206 217
206 304
206 356
206 359
206 409
206 451
207 290
207 350
207 353
207 458
208 215
208 286
208 302
208 371
208 381
209 210
209 212
209 231
209 249
209 268
209 335
209 340
209 424
209 436
209 455
210 248
210 249
210 304
210 343
210 413
210 427
210 453
211 224
211 231
211 256
211 303
211 329
211 342
211 365
211 498
212 255
212 271
212 288
212 332
212 346
212 383
212 407
212 457
213 282
213 448
213 453
213 459
213 470
213 494
214 299
214 348
214 414
214 468
214 469
215 228
215 250
215 261
215 271
215 313
215 458
216 219
216 234
216 286
216 421
216 462
217 236
217 245
217 374
217 386
217 390
217 407
218 283
218 341
218 347
218 394
218 455
218 488
219 275
219 289
219 292
219 316
219 439
219 476
220 308
220 343
220 353
220 375
220 440
220 441
220 463
221 229
221 249
221 257
221 443
221 451
222 252
222 257
222 263
222 293
222 322
222 338
222 369
222 475
222 492
223 333
223 432
223 497
223 499
224 232
224 305
224 310
224 383
224 434
224 491
224 498
225 289
225 451
225 462
226 227
226 230
226 296
226 319
226 340
226 342
226 400
226 449
227 266
227 327
227 347
227 443
227 469
227 471
228 232
228 255
228 272
228 369
228 420
228 429
228 493
229 333
229 345
229 458
229 474
229 481
229 496
230 234
230 269
230 286
230 361
230 362
230 475
231 258
231 261
231 264
231 340
231 362
231 409
232 235
232 239
232 265
232 316
232 336
232 390
232 403
232 473
233 253
233 262
233 293
233 318
233 370
233 405
233 412
233 431
233 450
233 453
234 287
234 345
234 420
234 431
234 452
235 273
235 324
235 333
235 352
235 409
236 249
236 357
236 368
236 377
236 416
236 432
237 466
238 322
239 253
239 266
239 290
239 309
239 310
239 361
239 371
239 381
239 399
239 405
239 425
239 487
239 494
240 251
240 367
240 396
240 423
240 465
240 471
240 499
241 282
241 297
241 381
241 438
241 455
241 460
241 483
242 255
242 267
242 290
242 473
243 251
243 479
244 269
244 274
244 330
244 421
244 451
244 483
245 311
245 395
245 415
245 427
245 450
245 461
245 484
246 309
246 431
246 448
247 341
247 350
247 389
247 399
247 402
247 433
248 308
248 310
248 335
248 349
248 430
248 466
249 350
249 392
249 416
249 450
249 461
249 480
250 308
250 329
250 440
250 454
250 480
251 262
251 308
251 487
252 312
252 353
253 281
253 394
253 458
254 463
254 465
254 468
254 481
255 257
255 262
255 310
255 317
255 325
255 336
255 383
255 396
255 402
256 259
256 340
257 303
257 306
257 370
257 445
258 330
258 357
258 393
258 394
258 431
258 448
259 295
259 302
259 306
259 353
259 413
259 423
259 433
259 494
260 271
260 351
260 462
260 493
261 290
261 332
261 349
261 385
262 407
262 447
262 489
263 307
263 375
263 381
263 402
263 461
264 286
264 291
264 375
264 415
264 432
264 442
265 270
265 273
265 317
265 360
265 405
265 419
265 473
265 481
266 278
266 312
266 369
266 372
266 380
266 398
266 405
266 482
266 496
267 274
267 352
267 394
267 395
267 418
267 429
267 447
267 450
267 473
268 290
268 321
268 357
268 413
269 288
269 342
269 376
269 390
269 407
269 421
269 427
269 457
269 476
270 311
270 320
270 362
270 392
270 455
270 478
271 398
271 446
271 499
272 284
272 295
272 298
272 320
272 335
272 349
273 332
273 414
273 492
273 499
274 334
274 369
275 314
275 356
275 415
276 422
277 291
277 408
277 437
277 462
278 321
278 338
278 454
279 367
279 392
279 492
280 378
280 382
280 404
281 462
282 283
282 393
282 443
282 498
283 322
283 386
283 407
283 421
283 427
283 475
283 477
284 294
284 301
284 351
284 358
284 421
284 451
285 342
285 343
285 383
285 412
286 494
287 318
287 355
287 384
288 289
288 307
288 313
288 323
288 344
288 385
288 419
288 498
289 364
289 380
289 382
289 413
290 320
290 336
290 405
290 483
291 315
291 317
291 356
291 377
291 383
291 468
292 352
292 389
292 471
292 494
293 329
294 388
294 398
294 432
294 475
294 478
295 365
295 367
295 375
295 383
295 433
295 476
295 481
296 333
296 353
296 389
296 417
296 446
296 461
296 494
297 309
297 311
297 341
297 343
297 384
297 411
297 426
297 428
297 436
297 451
298 303
298 377
298 441
299 383
299 429
299 462
301 305
301 369
301 372
301 409
301 422
302 415
302 445
303 389
303 476
303 492
304 318
304 326
304 368
305 318
305 406
305 496
306 354
306 375
306 457
306 475
307 333
307 450
307 466
308 378
309 460
310 406
310 408
310 426
311 315
311 323
311 346
311 431
311 451
311 459
311 474
311 494
312 355
312 386
313 361
313 411
314 453
314 469
314 470
314 487
315 384
315 451
315 468
315 478
316 332
316 359
316 362
316 373
316 383
316 470
316 475
317 351
317 447
318 471
318 476
319 347
319 356
319 380
320 400
320 475
320 488
321 330
321 344
322 463
322 466
323 328
323 450
323 462
323 477
324 337
324 440
325 341
325 387
325 435
325 482
326 336
326 373
326 402
326 403
326 495
327 349
327 377
327 453
328 392
329 355
329 440
329 492
330 331
330 350
330 352
330 376
330 446
330 485
330 491
331 385
331 405
331 408
331 413
331 431
331 452
332 394
332 400
332 423
332 433
332 448
333 438
334 436
335 336
335 365
335 384
335 418
336 411
337 356
337 396
337 408
338 356
338 377
338 402
338 496
339 348
339 349
339 427
339 466
340 353
341 414
341 417
342 343
342 361
342 378
342 380
342 406
342 421
342 454
342 485
343 366
343 423
343 463
344 368
344 386
345 398
346 390
346 420
346 457
347 465
347 467
348 387
348 421
348 427
348 432
348 480
349 369
349 411
350 359
351 357
351 369
351 376
351 382
351 449
352 356
352 414
353 424
353 453
354 361
354 419
354 439
355 364
355 377
355 418
356 379
356 398
356 450
357 375
357 429
357 471
357 487
358 375
358 418
358 421
358 481
359 394
359 451
359 457
359 491
361 413
361 478
362 388
362 403
362 485
363 428
363 453
363 455
363 490
364 376
364 382
364 401
364 421
364 499
366 437
367 372
367 490
368 447
368 464
368 465
368 473
368 483
369 375
369 398
369 475
369 483
370 424
370 441
371 376
371 408
371 424
372 382
372 384
372 385
372 413
372 464
372 465
372 474
373 410
373 417
373 428
373 482
373 486
374 442
374 493
375 382
375 449
376 441
376 446
376 492
376 497
377 383
377 394
377 398
377 427
378 403
378 452
378 459
378 462
379 463
379 475
379 481
380 384
380 452
380 457
381 499
382 475
384 432
384 448
384 468
384 476
384 480
385 423
385 435
386 401
386 460
386 477
386 495
387 391
387 467
388 396
388 440
390 443
390 459
390 498
391 449
391 499
392 453
392 461
392 462
393 413
393 466
394 433
394 491
394 497
395 396
395 447
396 472
396 495
397 435
397 444
397 449
398 448
398 476
399 426
399 484
399 494
400 453
401 439
402 480
403 405
404 441
404 457
405 442
406 408
406 434
406 454
407 480
408 430
408 493
411 440
411 450
411 469
411 479
412 488
413 489
414 416
414 442
414 483
415 468
417 422
417 452
419 437
419 464
419 483
420 486
421 429
421 454
422 476
423 442
424 439
425 456
425 477
426 435
426 442
426 457
426 483
427 474
428 473
429 453
430 463
432 487
433 444
433 490
434 485
434 499
437 480
438 465
438 468
439 447
440 461
440 467
440 494
441 475
444 452
444 463
445 446
446 457
447 453
447 494
447 499
449 461
449 494
450 493
451 459
453 464
457 489
457 497
459 491
460 462
460 464
460 476
462 471
463 479
464 489
465 486
467 472
471 483
473 497
474 495
475 487
476 495
477 492
479 487
480 483
481 482
482 489
485 491
486 496
0
9 499
