500	2565	 1
0 11
0 200
0 209
0 228
0 279
0 286
0 329
0 419
0 482
1 24
1 60
1 70
1 126
1 138
1 142
1 184
1 385
1 389
1 414
1 452
1 487
2 47
2 57
2 79
2 126
2 154
2 169
2 194
2 278
2 308
3 35
3 71
3 100
3 145
3 171
3 209
3 330
4 79
4 85
4 106
4 138
4 180
4 317
4 337
4 338
4 350
4 494
5 9
5 142
5 283
5 297
5 379
5 432
5 444
6 51
6 59
6 83
6 108
6 144
6 300
6 309
6 316
6 365
6 386
6 399
6 426
6 440
7 74
7 122
7 183
7 192
7 248
7 367
7 402
7 455
7 456
7 461
8 49
8 78
8 197
8 260
8 326
8 354
8 405
8 448
9 35
9 84
9 262
9 319
9 386
9 400
9 465
9 467
9 487
10 69
10 118
10 172
10 360
10 389
10 450
10 457
10 475
11 14
11 33
11 34
11 41
11 145
11 192
11 257
11 291
11 307
11 325
11 331
11 409
11 427
11 446
11 456
11 458
11 499
12 36
12 65
12 79
12 168
12 192
12 239
12 248
12 284
12 322
12 333
12 368
12 372
12 382
12 402
12 434
12 444
13 22
13 28
13 64
13 149
13 282
13 336
13 470
13 499
14 84
14 85
14 128
14 180
14 215
14 245
14 313
14 335
14 422
14 427
14 448
14 475
15 27
15 49
15 62
15 104
15 113
15 180
15 254
15 270
15 287
15 424
15 493
16 157
16 192
16 287
16 468
16 498
17 46
17 130
17 155
17 251
17 279
17 303
18 46
18 200
18 314
18 396
18 450
19 84
19 101
19 120
19 123
19 142
19 145
19 294
19 308
19 320
19 385
19 402
19 463
19 472
19 494
20 54
20 154
20 194
20 312
20 314
20 343
20 468
21 66
21 92
21 200
21 289
21 316
21 469
22 51
22 56
22 103
22 106
22 122
22 123
22 162
22 302
22 442
22 452
22 494
23 33
23 52
23 78
23 144
23 181
23 241
23 292
23 488
24 152
24 204
24 257
24 264
24 286
24 338
24 358
24 371
24 394
24 458
24 468
24 481
24 497
25 42
25 99
25 116
25 120
25 193
25 231
25 289
25 331
25 343
25 345
25 376
25 399
25 467
25 469
25 471
26 40
26 172
26 192
26 215
26 261
26 289
27 28
27 57
27 66
27 167
27 238
27 295
27 349
27 420
27 423
27 474
27 482
27 490
27 499
28 42
28 51
28 104
28 110
28 155
28 269
28 282
28 283
28 324
28 429
29 42
29 48
29 64
29 126
29 146
29 248
29 346
29 353
29 379
29 450
29 484
30 47
30 112
30 120
30 138
30 144
30 202
30 209
30 215
30 272
30 274
30 291
30 357
30 385
30 496
31 33
31 73
31 134
31 146
31 342
31 399
31 426
31 429
31 439
32 52
32 74
32 128
32 142
32 211
32 309
32 325
33 59
33 219
33 236
33 240
33 298
33 367
33 468
34 161
34 225
34 235
34 284
34 316
34 471
34 479
35 61
35 90
35 95
35 116
35 203
35 359
35 398
35 402
35 477
36 90
36 138
36 223
36 277
36 442
36 460
37 78
37 89
37 184
37 213
37 215
37 221
37 247
37 252
37 274
37 385
38 92
38 94
38 96
38 128
38 293
38 420
38 473
38 490
39 87
39 125
39 239
39 314
39 316
39 327
39 332
39 431
39 476
39 484
40 121
40 164
40 187
40 289
40 292
40 334
40 397
40 426
41 51
41 104
41 161
41 182
41 297
41 325
41 337
41 461
41 498
42 72
42 103
42 132
42 205
42 223
42 239
42 365
42 367
42 416
42 460
42 475
42 489
43 71
43 126
43 168
43 218
43 221
43 272
43 310
43 341
43 372
43 409
43 472
43 494
44 49
44 142
44 152
44 277
44 310
44 372
44 419
44 441
44 448
45 88
45 109
45 125
45 206
45 234
45 333
45 341
45 390
45 451
46 56
46 120
46 178
46 229
46 301
46 303
46 424
46 451
46 457
46 472
46 490
47 84
47 89
47 149
47 198
47 261
47 308
47 326
47 356
47 450
47 469
48 79
48 114
48 225
48 240
48 263
48 265
48 364
48 414
48 493
49 168
49 191
49 279
49 323
49 367
50 72
50 100
50 171
50 174
50 214
50 280
50 285
50 314
50 337
50 342
50 440
50 453
50 485
51 100
51 160
51 236
51 280
51 312
51 408
51 418
51 430
52 116
52 129
52 157
52 177
52 191
52 201
52 256
52 354
53 57
53 71
53 141
53 233
53 277
53 306
53 363
53 427
53 430
53 451
54 58
54 187
54 208
54 270
54 330
54 374
54 394
55 79
55 114
55 225
55 231
55 238
55 312
55 341
55 382
55 402
55 449
55 452
56 83
56 151
56 160
56 217
56 224
56 306
56 377
56 397
56 458
57 67
57 68
57 73
57 118
57 145
57 162
57 325
57 335
57 339
57 343
57 370
57 381
57 401
57 456
57 482
57 491
57 493
58 98
58 114
58 119
58 199
58 215
58 303
58 369
58 421
58 444
58 472
58 490
59 63
59 159
59 179
59 319
59 339
59 384
59 446
59 450
59 484
60 72
60 101
60 124
60 258
60 336
60 340
60 350
60 397
60 423
61 147
61 176
61 222
61 261
61 276
61 367
61 368
61 400
61 476
62 77
62 97
62 329
62 383
62 438
62 452
62 470
62 474
62 494
63 77
63 90
63 218
63 323
63 339
63 367
63 382
63 424
63 443
63 461
63 492
64 68
64 105
64 110
64 169
64 211
64 222
64 233
64 363
64 424
65 66
65 151
65 184
65 212
65 302
65 379
65 415
65 475
65 495
66 101
66 168
66 214
66 232
66 312
66 342
66 358
66 393
66 436
66 437
66 498
67 94
67 175
67 190
67 192
67 203
67 275
67 352
67 359
67 478
68 70
68 107
68 120
68 139
68 140
68 191
68 235
68 257
68 281
68 306
68 336
68 350
68 368
68 384
68 413
68 464
68 490
69 72
69 121
69 131
69 136
69 196
69 206
69 207
69 220
69 256
69 302
69 354
69 379
69 439
69 442
70 99
70 140
70 293
70 296
70 387
70 400
71 142
71 163
71 192
71 210
71 240
71 254
71 277
71 310
71 317
71 365
71 387
71 393
71 430
71 497
71 498
72 173
72 218
72 252
72 289
72 325
72 378
72 460
72 467
73 97
73 176
73 410
73 426
74 93
74 161
74 268
74 304
74 326
74 333
74 362
74 397
74 435
74 467
75 84
75 138
75 228
75 249
75 267
75 281
75 307
75 309
75 407
75 451
75 456
76 153
76 164
76 242
76 255
76 268
76 353
76 481
76 493
77 129
77 362
78 84
78 215
78 301
78 330
78 444
78 449
78 465
79 81
79 123
79 153
79 209
79 210
79 229
79 260
79 331
80 88
80 93
80 119
80 125
80 151
80 412
80 421
80 491
81 100
81 101
81 190
81 262
81 265
81 418
81 440
81 459
82 118
82 198
82 236
82 252
82 270
82 307
82 382
82 410
82 432
82 467
82 475
82 481
83 103
83 125
83 157
83 204
83 231
83 322
83 342
83 358
83 359
83 476
83 490
84 97
84 129
84 165
84 185
84 207
84 288
84 294
84 406
84 418
85 128
85 279
85 280
85 361
85 429
85 489
86 158
86 241
86 255
87 135
87 187
87 200
87 255
87 277
87 395
87 422
88 91
88 92
88 101
88 197
88 211
88 228
88 265
88 279
88 345
88 441
89 123
89 140
89 170
89 192
89 239
89 272
89 339
89 405
89 407
89 420
89 444
90 103
90 114
90 123
90 125
90 169
90 303
90 376
90 387
90 429
91 95
91 105
91 134
91 198
91 236
91 256
91 314
91 348
91 437
91 442
92 135
92 138
92 172
92 189
92 409
92 432
92 436
93 133
93 154
93 205
93 307
93 320
93 380
93 435
93 459
94 96
94 103
94 128
94 165
94 168
94 254
94 265
94 288
94 290
94 343
94 491
95 159
95 210
95 309
95 334
95 386
95 392
96 128
96 139
96 153
96 170
96 316
96 416
96 472
97 101
97 123
98 147
98 178
98 279
98 323
98 379
98 426
98 438
98 476
99 228
99 267
99 364
99 405
99 436
99 455
99 456
100 162
100 192
100 251
100 283
100 420
100 485
101 104
101 184
101 266
101 278
101 316
101 320
101 333
101 392
101 414
101 481
102 167
102 218
102 233
102 247
102 273
102 370
103 121
103 130
103 150
103 289
103 376
103 478
104 194
104 382
104 388
104 410
104 434
104 440
104 475
105 131
105 235
105 241
105 258
105 335
105 403
105 484
106 142
106 190
106 281
106 313
106 428
106 444
106 495
107 158
107 173
107 190
107 310
107 313
107 336
107 344
107 449
107 456
107 474
108 147
108 205
108 289
108 333
108 337
108 372
108 430
108 443
109 154
109 308
109 394
110 211
110 247
110 326
110 339
110 446
110 491
111 119
111 139
111 168
111 181
111 263
111 264
111 318
111 364
111 426
111 445
111 456
111 474
112 119
112 192
112 248
112 277
112 296
112 307
112 353
112 404
112 421
112 468
113 122
113 147
113 149
113 307
113 317
113 348
113 370
113 371
113 382
113 387
113 405
113 406
113 452
113 465
113 473
114 131
114 158
114 190
114 214
114 263
114 334
114 370
114 452
114 461
115 117
115 239
115 297
115 307
115 326
115 336
115 352
115 432
116 120
116 161
116 192
116 302
116 322
116 463
116 474
117 137
117 182
117 268
117 340
117 394
118 125
118 148
118 161
118 206
118 245
118 271
118 394
118 416
118 456
119 196
119 244
119 312
119 437
119 497
120 260
120 456
121 122
121 143
121 148
121 180
121 183
121 260
121 326
121 419
121 432
121 496
122 158
122 166
122 190
122 197
122 242
122 300
122 366
122 470
122 478
122 484
123 130
123 135
123 140
123 193
123 239
123 281
123 282
123 319
123 324
123 330
123 483
124 189
124 198
124 285
124 417
124 418
124 430
124 446
124 475
125 250
125 293
125 403
126 157
126 211
126 221
126 224
126 401
126 402
126 437
126 461
126 474
126 477
127 182
127 194
127 280
127 346
127 435
127 476
127 484
127 492
128 129
128 150
128 167
128 183
128 185
128 188
128 195
128 222
128 290
128 310
128 349
128 410
128 448
129 135
129 152
129 169
129 255
129 256
129 295
129 341
129 354
129 387
129 404
129 425
130 146
130 152
130 156
130 185
130 187
130 247
130 255
130 295
130 361
130 386
130 486
131 209
131 279
131 416
132 171
132 254
132 266
132 392
132 431
133 141
133 221
133 229
133 255
133 270
133 293
133 323
133 345
133 346
134 136
134 144
134 212
134 325
134 361
134 431
134 482
134 493
134 498
135 174
135 294
135 356
135 417
135 488
135 496
136 162
136 240
136 261
136 284
136 337
136 389
136 404
136 415
137 194
137 273
137 408
137 480
138 160
138 204
138 254
138 297
138 324
138 428
138 497
139 181
139 190
139 227
139 274
139 313
139 444
139 495
140 223
140 345
140 400
140 448
141 301
141 329
141 335
141 346
141 381
141 402
141 404
141 442
141 450
141 452
141 488
142 208
142 232
142 280
142 293
142 479
142 499
143 183
143 186
143 191
143 292
143 328
143 352
143 368
143 440
143 458
144 152
144 306
144 475
145 169
145 242
145 310
145 330
146 212
146 298
146 304
146 331
146 400
146 407
146 442
147 393
147 413
148 177
148 185
148 244
148 260
148 327
148 350
148 477
149 164
149 190
149 332
149 388
149 423
149 434
149 441
150 151
150 216
150 237
150 243
150 268
150 281
150 479
151 186
151 191
151 215
151 222
151 235
151 258
151 290
151 291
151 327
151 329
151 334
151 373
151 459
152 173
152 211
152 249
152 272
152 308
152 355
152 357
152 404
152 406
153 243
153 270
153 365
153 401
153 465
153 491
154 163
154 263
154 329
154 447
154 482
155 200
155 223
155 230
155 244
155 252
155 329
155 382
155 397
155 423
155 440
156 194
156 218
156 239
156 301
156 401
156 475
156 479
157 163
157 176
157 260
158 228
158 330
158 448
158 451
158 458
159 199
159 250
159 338
159 343
159 357
159 358
159 378
159 406
159 489
160 182
160 193
160 236
160 320
160 334
160 347
160 361
160 417
161 163
161 210
161 228
161 230
161 238
161 239
161 244
161 285
161 360
161 406
161 412
161 434
162 211
162 301
162 313
162 356
162 380
162 476
162 481
163 259
163 279
163 348
163 368
163 385
163 429
163 448
164 202
164 206
164 342
164 381
164 395
164 470
165 214
165 233
166 203
166 225
166 259
166 366
166 403
166 468
166 479
167 204
167 219
167 264
167 306
167 310
167 371
167 467
167 480
168 251
168 332
168 373
168 389
168 410
169 266
169 318
169 328
169 347
169 368
169 419
169 480
170 259
170 264
170 275
170 284
170 300
170 379
171 216
171 224
171 256
171 395
171 409
171 440
171 450
171 477
172 230
172 232
172 240
172 325
172 353
172 408
172 496
173 259
173 310
173 341
173 395
174 187
174 243
174 274
174 337
174 351
174 394
174 417
174 441
174 449
174 466
174 482
175 323
175 331
175 336
175 369
175 370
175 381
175 419
175 448
175 494
176 216
176 224
176 232
176 289
177 186
177 209
177 221
177 390
178 358
178 390
178 484
179 219
179 223
179 274
179 357
179 439
180 186
180 234
180 273
180 278
180 283
180 285
180 319
180 385
180 409
181 232
181 251
181 272
181 301
181 339
181 381
181 389
181 479
182 223
182 282
182 287
182 372
182 391
182 473
182 483
183 252
183 255
183 353
183 434
183 437
184 203
184 288
184 290
184 312
184 419
184 496
185 347
185 403
185 414
185 415
185 419
185 429
186 191
186 230
186 266
186 288
186 395
186 430
186 433
186 438
186 472
187 197
187 217
187 263
187 349
187 350
187 370
187 449
187 465
187 468
188 271
188 282
188 362
188 439
188 457
188 495
189 203
189 257
189 339
189 374
189 378
189 395
189 399
189 440
189 445
189 454
190 295
190 354
191 291
191 325
191 357
191 452
192 203
192 226
192 248
192 250
192 279
192 287
192 298
192 324
192 352
192 357
192 377
192 461
192 463
193 218
193 249
193 333
193 336
193 342
193 349
193 391
194 300
194 336
194 395
194 493
195 197
195 253
195 285
195 313
195 426
196 201
196 233
196 410
196 425
196 456
196 463
196 483
196 493
197 376
197 387
197 435
197 462
197 463
197 492
198 334
198 462
198 485
198 495
198 499
199 215
199 218
199 267
199 296
199 459
199 475
200 323
200 327
200 443
200 492
200 496
201 215
201 270
201 277
201 284
201 288
201 324
201 344
201 349
201 357
201 458
202 225
202 310
202 313
202 378
202 490
203 282
203 284
203 302
204 207
204 247
204 319
204 324
204 373
204 381
204 382
204 406
204 440
205 241
205 271
205 280
205 350
205 414
205 426
205 431
205 434
205 449
206 228
206 233
206 267
206 296
207 228
207 367
207 384
207 386
207 476
208 258
208 289
208 291
208 292
208 318
208 374
208 451
208 452
209 260
209 265
209 414
209 421
209 454
210 237
210 277
210 363
210 410
211 243
211 260
211 328
211 329
211 352
211 375
211 377
211 463
211 481
212 278
212 332
212 441
213 254
213 334
213 341
213 418
213 444
213 445
213 479
214 236
214 250
214 285
214 298
214 383
215 254
215 276
215 278
215 290
215 301
215 351
215 357
215 406
215 462
215 467
216 230
216 431
216 463
216 479
217 291
217 312
217 326
217 364
217 374
217 387
217 407
217 433
217 435
217 455
217 458
218 237
218 240
218 260
218 365
219 299
219 358
219 430
219 451
220 275
220 391
220 422
220 475
221 242
221 294
221 322
221 355
221 380
221 400
221 403
221 442
221 456
222 305
222 339
222 438
222 447
222 449
222 468
222 490
223 249
223 253
223 290
224 229
224 272
224 302
224 331
224 393
224 420
224 485
225 242
225 289
225 415
225 428
225 447
225 498
226 286
226 302
226 305
226 353
226 418
226 420
227 303
227 310
227 320
227 415
227 480
228 292
228 345
228 354
228 376
228 394
228 493
229 321
229 336
229 347
229 355
229 361
229 388
229 451
230 251
230 318
230 366
230 448
230 474
230 480
231 266
231 310
231 313
231 327
231 381
231 386
231 443
231 465
232 233
232 291
232 437
233 366
233 423
233 427
233 438
234 302
234 484
234 493
235 251
235 275
235 369
235 446
235 461
236 277
236 365
236 391
236 479
236 487
236 499
237 274
237 293
237 305
237 455
237 461
237 466
238 247
238 263
238 272
238 299
238 376
238 382
238 393
238 461
239 289
239 291
239 315
239 392
239 419
239 432
239 463
240 279
240 318
240 353
241 250
241 305
241 356
241 372
241 386
241 455
241 482
242 254
242 269
242 365
242 388
242 403
242 415
243 330
243 373
243 405
243 413
243 433
244 256
244 299
244 331
244 344
244 471
244 499
245 263
245 269
245 282
245 292
245 420
245 459
245 494
246 288
246 365
246 447
246 481
247 281
247 313
247 403
248 267
248 379
248 383
248 437
249 297
249 317
249 365
249 371
249 417
249 420
249 426
250 327
250 347
250 353
250 364
250 445
250 474
251 268
251 275
251 315
251 359
251 428
251 487
251 488
252 419
252 430
253 340
253 406
253 474
254 355
254 472
255 278
255 293
255 317
255 335
255 360
255 414
256 262
256 283
256 344
256 468
256 497
257 316
257 366
257 375
257 431
257 469
257 494
258 309
258 385
258 394
258 406
258 437
258 473
259 261
259 324
259 382
259 388
259 446
259 484
259 493
260 262
260 269
260 336
260 460
260 465
260 488
260 489
261 306
261 321
261 330
261 484
262 364
262 430
262 467
262 476
262 484
263 271
263 381
263 392
263 453
263 467
263 480
264 385
264 457
265 304
265 342
265 418
265 433
265 455
265 489
266 383
266 388
266 409
267 356
267 375
267 413
267 443
267 457
267 475
268 413
268 456
269 330
269 334
269 372
269 406
269 430
269 442
270 297
270 477
271 312
271 331
271 335
271 345
271 414
271 415
271 444
271 463
271 474
271 486
272 287
272 295
272 347
274 285
274 316
274 327
274 423
274 486
275 288
275 356
275 370
275 394
275 432
275 454
276 315
276 316
276 329
276 353
276 355
276 390
277 311
277 430
277 450
277 474
278 335
278 406
278 419
279 431
279 450
280 303
280 324
280 382
280 429
280 437
280 458
280 464
280 481
281 293
281 407
281 473
281 477
282 346
282 353
282 367
282 460
282 483
283 328
283 334
283 360
283 393
283 479
284 317
284 355
284 357
284 403
284 486
285 312
285 327
285 348
285 378
285 422
285 484
286 395
286 415
286 421
286 483
287 401
287 408
287 440
287 453
287 488
288 334
288 338
288 415
288 435
288 467
289 366
289 428
289 445
289 451
289 466
290 327
290 432
290 482
291 321
291 358
291 383
291 386
291 415
291 427
291 444
292 382
292 429
292 463
292 484
293 300
293 304
293 477
294 297
294 322
294 335
294 383
294 404
294 407
294 418
295 397
295 431
296 301
296 303
296 356
296 374
296 395
296 434
296 447
297 333
297 369
297 407
297 437
297 468
298 360
298 365
298 497
299 322
299 459
300 374
300 392
300 398
300 420
300 466
300 475
302 458
302 481
302 487
303 382
303 409
303 467
303 472
304 352
304 361
304 379
304 431
305 317
305 357
305 383
306 321
306 402
306 438
306 488
307 366
307 498
308 309
308 378
308 395
308 433
308 439
308 447
308 462
309 450
309 458
310 327
310 457
310 463
311 350
311 367
311 372
311 423
312 324
312 376
312 391
312 438
312 489
313 323
313 329
313 350
313 416
313 450
314 373
314 419
314 443
314 462
314 499
315 402
315 404
316 318
316 359
316 397
316 401
316 418
316 443
316 468
317 320
317 386
317 459
318 319
318 357
318 362
318 388
318 465
318 466
319 321
319 375
319 380
319 438
320 332
320 343
320 357
320 370
320 465
320 473
320 494
322 477
323 436
323 489
324 332
324 404
324 446
324 447
324 466
324 494
325 423
326 458
326 486
327 445
328 410
328 475
329 335
329 363
329 388
329 430
330 341
330 348
330 401
330 465
330 491
331 363
331 365
332 365
332 388
332 396
332 435
332 476
333 351
333 408
333 409
333 447
333 450
334 352
334 360
334 396
335 416
336 344
336 394
336 414
336 476
336 484
337 358
337 361
337 423
337 441
337 475
338 437
338 489
338 490
340 368
340 455
341 376
341 390
341 480
341 485
341 494
342 404
342 497
343 349
343 367
343 383
343 384
343 386
343 419
343 438
343 496
344 348
344 350
344 412
345 409
345 456
346 433
346 435
346 474
346 476
346 480
346 494
347 407
347 443
347 459
347 483
348 353
348 481
348 487
349 364
350 391
350 491
350 497
350 499
351 375
351 447
351 498
352 395
352 420
352 484
353 357
353 390
353 398
353 477
354 430
354 439
355 401
355 411
355 432
355 485
356 368
356 391
356 409
356 431
357 414
357 432
357 476
358 405
358 474
358 483
360 404
360 410
360 424
360 459
361 371
361 388
361 391
361 408
362 379
362 410
362 428
362 430
362 445
362 472
362 498
363 377
363 449
363 468
363 469
363 492
363 494
365 370
365 416
366 392
366 430
366 440
366 489
366 497
367 400
368 381
368 397
368 403
368 487
369 374
369 380
369 391
369 466
370 414
370 459
371 401
371 405
371 490
371 497
372 396
373 376
373 396
373 431
374 391
375 380
375 403
376 431
377 406
377 441
377 450
378 395
378 420
378 493
379 411
379 423
379 435
379 473
380 401
380 462
380 472
380 475
381 427
381 433
381 486
382 469
382 499
383 385
383 388
383 417
383 431
384 454
385 444
385 488
385 497
387 406
387 430
388 484
389 418
389 430
389 446
390 431
390 436
390 450
391 425
391 453
391 492
392 436
393 436
394 395
394 405
394 441
394 474
395 464
396 433
396 442
396 493
396 495
397 427
397 460
398 474
398 493
400 440
400 455
400 460
400 464
400 465
400 484
401 448
401 462
401 470
401 477
402 434
403 442
403 478
404 454
404 462
407 448
407 463
408 463
408 465
408 484
410 469
412 489
412 499
413 457
414 457
414 483
415 431
416 496
417 477
418 474
418 493
419 427
419 469
420 422
420 462
421 482
422 445
425 494
426 480
426 491
427 428
427 462
428 471
428 486
428 498
429 450
430 431
430 433
432 474
433 479
433 494
434 446
435 458
436 484
437 456
437 474
437 493
438 457
439 475
441 458
441 460
442 446
442 466
444 471
445 465
445 466
447 469
448 459
448 477
448 492
450 462
452 461
453 471
455 471
455 492
456 493
460 484
461 489
462 487
462 493
464 476
467 499
469 472
469 493
471 472
471 478
472 478
474 480
474 489
474 497
476 485
478 495
479 497
485 486
0
9 499
