500	2465	 1
0 71
0 84
0 135
0 176
0 209
0 275
0 347
0 368
0 451
0 468
0 473
1 7
1 29
1 33
1 40
1 63
1 228
1 252
1 290
1 307
1 329
1 370
1 475
1 481
2 47
2 62
2 77
2 121
2 277
2 292
2 364
2 400
3 28
3 67
3 83
3 103
3 112
3 120
3 125
3 179
3 213
3 233
3 254
3 257
3 309
3 361
4 25
4 133
4 173
4 235
4 272
4 299
4 320
4 353
4 363
5 126
5 170
5 266
5 272
5 283
5 330
5 345
5 361
5 414
5 439
6 18
6 29
6 94
6 95
6 135
6 168
6 295
6 338
6 350
6 395
6 448
6 464
6 474
7 14
7 28
7 37
7 62
7 64
7 139
7 169
7 262
7 294
7 361
7 426
7 440
7 454
7 464
7 472
8 39
8 59
8 120
8 194
8 214
8 259
8 353
8 360
8 479
8 487
8 496
9 24
9 97
9 215
9 222
9 228
9 264
9 308
9 411
9 468
10 62
10 256
10 266
10 303
10 338
10 378
10 453
11 21
11 27
11 69
11 132
11 221
11 303
11 358
11 411
11 459
11 463
11 483
12 32
12 104
12 143
12 153
12 221
12 228
12 249
12 257
12 329
12 375
12 467
13 66
13 107
13 195
13 213
13 274
13 314
13 380
13 444
14 35
14 99
14 112
14 217
14 261
14 280
14 315
14 397
14 417
14 449
15 33
15 67
15 170
15 181
15 190
15 203
15 221
15 239
15 408
16 62
16 122
16 145
16 147
16 174
16 190
16 227
16 229
16 251
16 290
16 390
16 453
16 476
16 479
16 480
17 79
17 243
17 296
17 308
17 318
17 330
17 378
17 402
17 480
17 481
18 27
18 197
18 272
18 321
18 364
18 460
19 60
19 96
19 136
19 189
19 355
19 374
19 478
19 494
20 74
20 78
20 133
20 162
20 167
20 191
20 231
20 275
20 354
20 358
20 408
20 485
21 43
21 152
21 220
21 253
21 347
21 349
21 407
21 409
21 414
21 443
21 455
22 50
22 76
22 86
22 87
22 141
22 163
22 288
22 315
22 317
22 446
22 484
23 129
23 147
23 163
23 181
23 190
23 226
23 267
23 268
23 318
23 353
23 393
23 479
24 77
24 79
24 202
24 239
24 280
24 314
24 336
24 382
25 100
25 193
25 212
25 275
25 305
25 485
26 28
26 82
26 105
26 144
26 223
26 309
26 356
26 389
26 397
26 493
27 50
27 122
27 318
27 355
27 411
27 482
28 112
28 132
28 155
28 228
28 268
28 333
28 382
28 455
29 48
29 97
29 100
29 208
29 337
29 399
29 436
30 110
30 123
30 131
30 165
30 305
30 318
30 323
30 381
30 439
30 463
31 47
31 80
31 236
31 336
31 377
31 388
31 427
31 442
31 474
32 98
32 109
32 165
32 191
32 265
32 339
32 457
32 499
33 246
33 296
33 408
34 106
34 113
34 163
34 219
34 320
34 357
34 384
34 430
35 67
35 185
35 190
35 373
35 458
35 482
36 83
36 101
36 160
36 162
36 177
36 198
36 219
36 278
36 298
36 321
36 347
36 386
36 401
36 417
36 497
37 62
37 68
37 236
37 248
37 344
37 352
37 416
37 438
38 73
38 81
38 122
38 151
38 187
38 189
38 213
38 219
38 244
38 257
38 363
38 366
38 470
39 76
39 89
39 102
39 145
39 167
39 168
39 177
39 315
39 326
39 355
39 481
40 358
40 377
40 397
40 466
41 62
41 119
41 120
41 133
41 145
41 158
41 183
41 234
41 251
41 257
41 296
42 92
42 168
42 307
42 335
42 430
43 55
43 109
43 115
43 215
43 234
43 235
43 244
43 328
43 359
43 396
43 428
43 478
44 47
44 84
44 94
44 122
44 158
44 258
44 319
44 397
44 408
44 489
45 80
45 152
45 380
45 396
45 417
46 89
46 121
46 136
46 159
46 161
46 219
46 227
46 260
46 271
46 301
46 421
47 59
47 121
47 141
47 155
47 210
47 219
47 278
47 332
47 465
48 69
48 81
48 216
48 236
48 283
48 301
48 488
49 69
49 86
49 131
49 236
49 275
49 304
49 373
49 432
49 459
49 486
50 53
50 54
50 99
50 178
50 247
50 281
50 343
50 354
50 482
51 116
51 384
51 472
52 56
52 142
52 188
52 289
52 318
52 368
52 380
52 392
53 76
53 251
53 268
53 282
53 289
53 291
53 359
53 412
53 487
54 65
54 69
54 94
54 102
54 246
54 256
54 262
54 292
54 432
55 62
55 112
55 163
55 353
55 364
55 365
55 434
55 443
55 464
55 475
55 492
56 130
56 137
56 180
56 218
56 227
56 252
56 265
56 433
56 468
57 68
57 83
57 179
57 310
57 386
57 496
58 140
58 160
58 241
58 314
58 341
58 358
58 365
58 372
58 385
58 400
58 421
59 70
59 175
59 198
59 249
59 274
59 336
59 399
59 455
59 469
60 195
60 196
60 286
60 330
60 332
60 349
60 377
61 170
61 179
61 248
61 423
61 429
61 489
62 175
62 250
62 265
62 327
62 329
62 355
62 369
62 398
62 410
62 455
63 105
63 161
63 246
63 259
63 280
63 289
63 379
63 406
63 435
63 439
63 452
63 476
64 133
64 350
64 384
64 393
64 452
64 469
65 99
65 108
65 117
65 151
65 160
65 219
65 234
65 357
65 452
65 466
65 479
65 482
65 488
65 497
66 114
66 135
66 149
66 215
66 315
66 428
67 71
67 101
67 106
67 124
67 126
67 216
67 230
67 294
67 350
67 443
68 212
68 308
68 409
68 499
69 81
69 167
69 243
69 273
69 356
69 407
70 99
70 103
70 125
70 259
70 471
71 113
71 152
71 216
71 224
71 299
71 339
71 355
72 75
72 99
72 112
72 138
72 179
72 205
72 213
72 339
72 345
72 373
72 481
72 489
73 108
73 126
73 189
73 254
73 406
74 129
74 171
74 190
74 291
74 315
74 439
74 440
75 111
75 175
75 177
75 227
75 264
75 271
75 303
75 345
75 395
76 116
76 255
76 323
76 338
76 354
76 363
76 489
77 230
77 253
77 264
77 286
77 310
77 311
77 317
77 341
77 357
78 102
78 143
78 183
78 187
78 235
78 361
79 260
79 269
79 284
79 288
79 339
79 443
79 466
80 106
80 251
80 274
80 306
80 398
80 415
81 97
81 199
81 213
81 274
81 307
81 331
81 357
81 429
81 478
81 482
82 105
82 201
82 211
82 221
82 228
82 346
82 435
82 455
83 124
83 274
83 343
83 348
83 399
83 425
83 444
84 149
84 158
84 215
84 216
84 321
84 443
84 467
84 472
85 97
85 165
85 235
85 295
85 352
85 353
85 398
85 418
85 439
86 164
86 168
86 235
86 255
86 257
86 260
86 372
86 383
86 413
86 431
86 433
87 136
87 153
87 246
87 265
87 341
87 411
88 98
88 127
88 263
88 270
88 320
88 396
88 451
88 474
88 497
89 133
89 173
89 188
89 239
89 277
89 357
89 368
89 373
89 455
89 464
89 487
90 95
90 121
90 196
90 229
90 286
90 304
90 315
90 415
90 468
91 123
91 225
91 272
91 355
91 478
92 111
92 210
92 259
92 260
92 263
92 396
92 400
92 445
92 473
93 115
93 179
93 270
93 276
93 320
93 379
93 432
93 473
94 116
94 149
94 169
94 284
94 312
94 316
94 484
94 495
95 101
95 142
95 274
95 305
95 340
95 352
95 425
95 448
96 112
96 167
96 168
96 181
96 263
96 387
97 289
97 321
97 332
97 352
97 426
97 429
97 494
98 105
98 183
98 235
98 292
98 374
98 380
98 427
98 441
98 497
99 103
99 137
99 231
99 252
99 253
99 281
99 376
99 420
100 182
100 238
100 296
100 416
100 481
101 113
101 171
101 234
101 274
101 399
101 429
101 471
102 166
102 257
102 275
102 313
102 330
102 397
102 476
102 499
103 105
103 113
103 116
103 117
103 134
103 140
103 167
103 364
103 460
104 107
104 109
104 166
104 222
104 262
104 267
104 272
104 310
104 368
104 430
104 495
105 144
105 263
105 264
105 295
105 363
105 406
106 153
106 181
106 186
106 211
106 420
106 425
106 480
107 140
107 272
107 350
107 416
108 188
108 297
108 407
108 419
108 422
108 431
109 135
109 146
109 254
109 360
109 378
109 435
110 156
110 197
110 297
110 320
110 345
110 405
110 434
110 476
111 231
111 388
111 391
111 411
111 413
111 449
111 473
112 134
112 179
112 180
112 214
112 280
112 288
112 349
112 398
112 463
113 338
113 394
113 395
113 444
113 456
114 163
114 200
114 232
114 250
114 287
114 288
114 298
114 352
114 369
114 404
115 136
115 149
115 279
115 285
115 303
115 315
115 322
115 351
115 371
115 382
115 424
116 239
116 263
116 355
116 420
117 200
117 300
117 307
117 337
117 407
117 411
117 444
117 453
118 136
118 139
118 185
118 244
118 304
118 317
118 331
118 346
118 394
118 398
118 417
118 419
118 428
118 493
119 123
119 376
119 378
119 429
119 437
119 492
120 211
120 317
120 328
120 336
120 391
120 424
121 216
121 232
121 262
121 370
121 499
122 176
122 279
122 347
122 443
123 138
123 232
123 247
123 284
123 361
123 410
124 130
124 244
124 259
124 410
124 437
124 446
124 469
124 491
124 497
125 287
125 319
125 353
125 376
125 390
125 405
125 485
125 490
126 156
126 207
126 265
126 266
126 297
126 364
126 376
126 432
126 433
127 279
127 330
127 493
128 141
128 155
128 171
128 186
128 204
128 231
128 255
128 274
128 339
128 361
128 463
129 214
129 230
129 275
129 285
129 419
129 440
129 485
130 284
130 336
130 426
130 479
131 219
131 230
131 251
131 383
131 487
132 144
132 166
132 171
132 188
132 224
132 226
132 233
132 337
132 412
132 432
132 439
132 456
133 145
133 152
133 347
134 329
134 334
134 377
134 413
134 434
135 158
135 183
135 189
135 240
135 288
135 369
135 403
135 407
135 411
136 178
136 250
136 279
136 284
136 299
136 388
136 391
136 400
136 478
137 216
137 253
137 265
137 274
137 290
137 318
137 343
137 364
137 419
138 143
138 199
138 202
138 232
138 262
138 269
138 273
138 290
138 401
138 442
138 448
138 468
138 469
139 151
139 335
139 338
139 376
139 492
140 208
140 244
140 280
140 366
140 373
140 396
141 142
141 178
141 182
141 238
141 284
141 298
141 347
141 396
141 460
142 180
142 188
142 204
142 319
142 321
142 416
142 421
143 175
143 184
143 318
143 326
143 387
144 187
144 255
144 292
144 338
144 373
144 378
144 388
144 411
145 237
145 251
145 253
145 276
145 319
145 344
145 357
145 360
145 493
146 160
146 203
146 238
146 240
146 241
146 278
146 286
146 345
146 453
146 474
147 160
147 194
147 198
147 294
147 344
147 405
147 425
148 187
148 266
148 288
148 310
148 379
148 464
149 249
149 299
149 465
149 475
150 177
150 194
150 200
150 354
150 369
150 375
150 398
150 481
150 491
151 218
151 261
151 317
151 338
151 349
151 367
151 370
152 296
152 364
152 367
152 382
152 393
152 472
152 486
152 497
152 499
153 239
153 286
153 293
153 379
153 390
153 426
153 445
153 473
153 489
153 496
153 498
154 209
154 226
154 237
154 298
154 433
154 472
155 233
155 278
155 293
155 351
155 359
155 435
155 458
155 463
156 157
156 165
156 199
156 279
156 285
156 297
157 208
157 351
157 406
157 426
157 482
157 499
158 200
158 216
158 217
158 246
158 424
158 435
158 436
158 466
159 212
159 244
159 295
159 327
159 380
159 389
159 433
159 445
159 449
159 472
159 495
160 197
160 215
160 227
160 231
160 338
160 376
160 406
160 472
160 490
161 177
161 178
161 180
161 185
161 195
161 199
161 229
161 287
161 323
161 325
161 408
161 428
161 446
161 499
162 229
162 267
162 271
162 309
162 416
162 490
163 189
163 218
163 235
163 277
163 350
163 476
163 497
164 185
164 221
164 223
164 383
165 189
165 198
165 250
165 310
165 334
165 340
165 367
165 373
165 374
165 401
165 462
165 475
166 172
166 193
166 273
166 381
167 190
167 281
167 291
167 332
167 421
168 171
168 269
168 285
168 493
169 173
169 306
169 336
170 229
170 257
170 270
170 342
170 376
170 389
170 452
171 239
171 257
171 397
171 431
171 492
172 239
172 249
172 302
172 318
172 343
172 448
173 186
173 218
173 251
173 277
173 289
173 348
173 391
173 432
173 493
174 267
174 318
174 394
174 418
174 428
174 481
174 484
175 187
175 249
175 345
175 379
175 441
175 454
176 281
176 289
176 290
176 352
176 428
177 193
177 209
177 400
177 442
177 484
177 486
178 220
178 255
178 274
178 374
178 435
178 440
179 202
179 205
179 272
179 281
179 305
179 318
179 348
179 350
179 373
179 432
179 453
180 205
180 214
180 290
180 295
180 301
180 306
180 321
180 435
181 209
181 257
181 301
181 317
181 334
181 450
181 463
181 465
182 245
182 285
182 297
182 387
183 258
183 264
183 322
183 399
183 405
184 186
184 238
184 245
184 247
184 368
184 376
184 412
184 456
185 224
185 245
185 317
185 346
185 438
185 455
186 192
186 216
186 239
186 299
186 494
187 200
187 235
187 497
188 201
188 384
188 411
188 455
189 232
189 288
189 289
189 298
189 306
189 308
189 333
189 423
189 439
189 455
190 199
190 256
190 393
190 459
190 480
191 242
191 255
191 297
191 317
191 340
191 426
192 247
192 266
192 273
192 283
192 328
192 388
192 404
193 226
193 234
193 247
194 225
194 245
194 276
194 303
194 304
195 352
195 394
195 406
196 264
196 288
196 313
196 359
196 392
196 417
196 451
197 204
197 221
197 231
197 257
197 379
198 209
198 233
198 260
198 292
198 308
198 370
199 418
200 221
200 233
200 331
200 354
200 364
200 378
200 408
200 415
200 425
200 447
200 449
201 241
201 272
201 278
201 313
201 320
201 414
201 474
202 227
202 235
202 250
202 277
202 345
202 487
203 310
203 380
203 407
203 433
204 218
204 243
204 327
204 331
204 342
204 375
204 395
204 406
204 440
205 401
205 412
205 451
205 456
206 264
206 435
206 475
206 494
207 279
207 289
207 309
207 470
208 350
208 408
208 418
208 444
208 461
209 254
209 262
209 318
209 355
209 358
209 448
209 468
210 220
210 291
210 316
210 377
210 385
210 387
210 389
211 301
211 334
211 339
211 420
212 226
212 253
212 291
212 292
212 330
212 342
212 354
212 400
212 486
213 315
213 412
213 453
213 498
214 216
214 294
214 355
214 400
214 436
215 235
215 236
215 238
215 264
215 288
215 303
215 467
216 243
216 248
216 353
216 375
216 402
217 242
217 252
217 262
217 303
217 322
217 360
217 378
217 489
218 246
219 260
219 279
219 393
219 430
220 250
220 295
220 320
220 336
220 349
220 412
221 228
221 250
221 255
221 258
221 289
221 433
222 280
222 297
222 352
222 381
222 397
222 471
222 498
223 312
223 323
223 331
223 372
223 404
223 410
224 269
224 311
224 322
224 331
224 400
225 358
225 382
225 402
225 441
226 234
226 260
226 391
226 418
227 268
227 308
227 357
227 375
227 468
227 476
228 233
228 255
228 275
228 283
228 323
228 345
228 477
229 320
229 376
229 434
229 469
230 250
230 262
230 313
231 272
231 317
231 366
231 377
231 390
231 478
232 384
232 440
232 484
233 271
233 335
233 336
233 397
233 417
233 434
233 465
233 467
234 253
234 254
234 337
234 456
235 280
235 327
235 416
235 498
236 318
236 342
236 362
236 400
236 430
236 441
236 479
237 258
237 276
237 326
237 336
237 337
237 359
237 404
237 434
237 463
238 290
238 292
238 309
238 377
238 403
239 308
239 322
239 379
239 459
240 330
240 358
240 368
241 355
241 394
241 425
241 428
241 436
242 281
242 402
243 354
243 361
243 397
243 417
243 428
243 431
243 464
243 482
244 351
244 425
245 345
245 396
245 410
245 426
245 475
246 276
246 319
246 334
246 339
246 376
246 397
246 407
246 424
246 447
246 465
246 483
247 295
247 314
247 386
247 410
247 438
247 450
247 460
247 483
248 291
248 349
248 362
248 364
248 396
248 429
248 498
248 499
249 273
249 316
249 322
249 328
249 442
249 477
250 494
250 498
251 255
251 272
251 289
251 294
251 303
251 365
251 478
251 491
252 282
252 289
252 297
252 309
252 351
252 372
252 378
252 444
253 255
253 320
253 342
253 394
254 289
254 327
254 351
254 484
255 295
255 313
255 486
256 274
256 280
256 295
256 438
257 276
257 316
257 345
257 483
257 493
258 272
258 463
259 367
259 452
259 471
260 295
260 327
260 339
260 359
261 271
261 316
261 434
262 344
262 430
262 441
263 351
264 375
264 469
265 279
265 337
265 348
266 308
266 372
266 422
266 423
266 491
267 302
267 392
268 419
269 323
269 378
269 386
269 490
270 350
270 366
270 392
270 430
270 444
271 456
271 465
272 279
272 303
272 371
272 429
272 498
273 369
273 370
273 399
274 313
274 396
274 417
274 490
275 340
275 384
275 387
275 440
276 286
276 346
276 415
276 459
276 465
277 287
277 297
277 368
277 371
277 424
277 438
277 440
277 481
278 286
278 335
278 349
278 357
279 290
279 302
279 345
279 381
279 401
279 450
279 459
280 290
280 377
280 434
281 308
281 355
281 378
281 380
281 437
281 438
281 446
281 450
281 462
282 284
282 345
282 422
282 467
282 488
283 340
283 411
283 442
283 451
283 476
283 499
284 356
284 372
284 449
284 461
285 293
285 323
285 462
285 491
286 336
286 358
286 385
286 415
286 451
287 302
287 362
287 431
287 492
288 324
288 330
288 380
288 408
288 433
288 492
289 454
289 476
290 304
290 323
290 327
290 359
290 384
290 440
291 298
291 476
292 369
292 384
292 390
292 432
292 457
292 486
293 349
293 381
293 389
293 395
293 459
294 305
294 362
294 468
294 487
294 495
295 342
295 422
296 384
296 403
296 461
296 482
296 484
297 304
297 312
297 439
297 475
297 477
298 415
298 464
299 301
299 376
300 318
300 412
300 486
300 492
300 494
301 470
301 496
302 319
302 406
302 430
302 450
302 486
303 316
303 359
303 378
303 437
303 448
303 483
304 355
304 442
304 449
304 450
305 393
305 435
305 499
306 319
306 332
306 338
306 421
306 484
307 444
307 456
307 498
308 392
308 424
308 447
309 358
309 361
309 366
310 330
310 407
310 419
310 477
310 479
310 497
311 364
311 385
311 388
311 439
311 481
311 494
312 313
312 330
312 470
313 340
313 466
313 483
314 326
314 349
314 360
314 441
314 442
314 484
315 335
315 370
315 413
315 479
315 499
316 337
317 320
317 329
317 380
317 437
318 339
318 477
318 494
319 372
319 383
319 412
319 482
319 491
320 359
320 433
320 481
321 406
321 419
322 405
322 421
322 444
322 475
323 394
323 399
323 414
323 420
323 436
323 441
323 475
324 385
324 487
324 494
325 400
325 409
325 465
326 426
327 345
327 353
327 369
327 391
327 413
327 415
327 429
327 445
327 490
328 339
328 388
328 418
328 449
328 492
329 421
329 469
330 451
330 494
330 496
331 355
332 376
332 478
333 386
333 405
333 412
333 483
333 489
334 340
334 398
334 441
335 337
335 352
335 358
335 417
335 448
336 358
336 397
336 408
336 457
336 465
337 348
337 438
337 462
338 339
338 448
338 474
339 403
339 460
340 403
340 406
340 419
340 477
340 494
341 422
341 429
342 358
342 366
342 422
342 427
342 493
343 390
343 406
343 497
344 358
344 380
344 423
345 348
345 354
346 461
347 383
347 404
347 431
347 458
348 349
348 377
348 381
349 359
349 360
349 413
349 423
349 454
351 389
351 390
352 410
352 422
352 440
353 372
353 396
353 432
353 448
353 475
353 480
354 364
354 437
355 388
355 457
356 407
356 426
356 485
357 399
357 439
357 456
358 367
358 409
358 421
359 362
359 484
360 427
360 472
360 499
361 447
362 410
362 464
363 372
363 415
363 442
364 367
364 381
364 420
364 441
364 453
365 368
365 416
366 429
366 443
366 494
367 391
367 493
368 416
368 493
369 390
369 412
369 418
369 477
370 395
370 422
370 437
370 463
371 431
371 435
371 469
372 467
372 470
372 487
373 376
373 397
374 431
375 398
375 416
375 425
375 441
376 392
376 400
376 494
378 425
378 444
379 388
379 418
379 444
379 481
379 487
380 419
380 474
380 475
381 475
382 417
382 482
383 422
383 438
383 461
383 474
384 400
384 488
385 464
385 472
385 491
386 452
387 474
388 425
388 450
390 394
390 435
391 433
391 451
391 498
392 405
392 458
392 478
393 414
393 423
394 459
395 426
395 462
395 497
396 433
396 443
396 457
396 460
397 416
397 489
398 432
398 445
399 499
400 465
401 414
401 429
401 464
402 423
403 479
404 428
405 408
406 411
406 415
406 463
407 431
407 444
407 446
407 463
407 499
408 446
408 460
408 481
409 463
409 493
410 499
411 438
413 418
413 429
413 477
413 481
413 493
414 425
414 449
415 423
415 437
415 465
416 442
417 420
417 473
417 483
417 492
418 420
418 491
419 438
419 492
420 429
420 471
420 491
421 497
422 429
422 489
423 480
423 489
424 426
424 485
425 428
425 443
426 459
427 476
427 483
429 487
430 438
430 467
430 496
432 478
433 459
435 466
437 440
437 466
437 499
440 450
440 483
442 478
442 485
442 486
443 461
443 465
443 487
445 446
445 462
447 477
447 495
449 453
450 477
450 493
451 452
451 460
456 478
457 494
460 477
460 492
460 496
461 469
461 492
462 486
462 497
465 474
468 474
472 485
473 479
474 497
475 485
477 481
481 493
484 498
485 486
489 497
491 495
495 498
0
9 499
