500	2459	 1
0 7
0 70
0 221
0 334
1 21
1 189
1 197
1 213
1 262
1 403
2 165
2 190
2 263
2 338
2 446
3 31
3 38
3 64
3 72
3 97
3 110
3 131
3 141
3 199
3 423
3 436
4 34
4 43
4 116
4 148
4 192
4 217
4 231
4 265
4 420
4 422
4 498
5 66
5 186
5 227
5 427
6 37
6 61
6 71
6 147
6 177
6 451
6 479
6 492
7 65
7 92
7 114
7 129
7 259
8 55
8 205
8 289
8 400
9 11
9 29
9 37
9 104
9 128
9 142
9 155
9 213
9 219
9 242
9 280
9 324
9 377
9 385
9 490
10 28
10 49
10 64
10 71
10 115
10 332
10 373
10 397
10 460
11 30
11 70
11 119
11 290
11 302
11 378
11 392
12 29
12 184
12 186
12 321
12 372
12 464
13 80
13 127
13 198
13 209
13 219
13 243
13 258
13 272
13 323
13 348
13 360
13 378
13 407
13 416
13 463
14 149
14 195
14 196
14 203
14 289
14 332
14 335
14 413
14 437
14 444
15 57
15 62
15 117
15 192
15 207
15 240
15 259
15 339
15 373
15 383
15 384
15 412
16 70
16 202
16 217
16 218
16 290
16 293
16 302
16 326
16 401
16 460
17 26
17 44
17 169
17 188
17 192
17 210
17 296
17 298
17 393
17 423
17 431
17 462
18 40
18 198
18 255
18 284
18 398
19 43
19 45
19 88
19 104
19 198
19 260
19 364
19 375
19 395
19 460
20 99
20 150
20 161
20 204
20 209
20 292
20 310
20 317
20 334
20 353
20 356
20 419
20 455
21 103
21 198
21 254
21 372
22 44
22 48
22 52
22 66
22 75
22 169
22 265
22 268
22 270
22 351
22 390
22 406
22 480
22 497
23 50
23 56
23 113
23 134
23 144
23 173
23 301
23 351
23 431
23 458
23 462
24 71
24 145
24 167
24 249
24 264
24 268
24 308
24 372
24 428
24 456
25 72
25 98
25 191
25 204
25 205
25 309
25 323
25 328
25 382
25 420
25 439
25 456
25 457
25 468
25 480
26 83
26 85
26 101
26 117
26 325
26 399
26 464
26 468
27 47
27 67
27 70
27 102
27 177
27 258
27 271
27 328
27 365
27 381
28 108
28 134
28 152
28 197
28 245
28 325
28 349
28 359
28 450
28 461
29 59
29 114
29 161
29 171
29 173
29 248
29 270
29 318
29 319
29 338
29 373
29 375
29 394
29 437
29 492
30 243
30 276
30 344
30 377
30 458
31 85
31 109
31 204
31 291
31 340
31 384
31 491
32 133
32 137
32 146
32 256
32 295
32 312
32 319
32 333
32 366
32 433
32 439
32 484
33 132
33 150
33 301
33 308
33 332
33 418
33 424
33 462
33 475
33 478
34 38
34 55
34 124
34 163
34 196
34 223
34 243
34 249
34 360
34 395
34 413
34 450
34 463
34 471
34 485
34 488
35 49
35 106
35 152
35 189
35 292
35 306
35 420
35 477
36 146
36 182
36 219
36 220
36 249
36 315
36 323
36 334
36 345
36 352
36 438
36 473
36 478
37 145
37 150
37 185
37 216
37 235
37 282
37 284
37 385
37 476
38 309
38 317
38 377
38 381
38 417
38 440
38 467
38 469
38 499
39 50
39 132
39 170
39 245
39 248
39 290
39 301
39 307
39 326
39 437
39 481
40 41
40 76
40 115
40 124
40 203
40 241
40 253
40 342
40 373
40 385
41 148
41 220
41 222
41 270
41 276
41 357
41 408
42 116
42 164
42 246
42 266
42 349
42 416
42 463
43 60
43 87
43 173
43 343
43 498
44 45
44 93
44 155
44 196
44 211
44 290
44 377
44 396
44 425
44 460
44 464
44 483
44 488
45 117
45 141
45 147
45 194
45 317
45 441
45 461
46 51
46 67
46 96
46 152
46 167
46 264
46 338
46 455
46 481
46 497
47 62
47 90
47 195
47 229
47 257
47 317
47 335
47 371
47 372
47 398
47 407
48 85
48 93
48 99
48 142
48 186
48 220
48 276
48 299
48 353
48 406
48 423
48 452
49 56
49 89
49 100
49 108
49 136
49 204
49 212
49 289
49 406
49 443
49 445
50 148
50 170
50 298
50 377
50 408
50 418
50 488
51 78
51 190
51 261
51 295
51 312
51 314
51 401
51 408
52 129
52 157
52 218
52 232
52 309
52 319
52 330
52 435
52 471
53 80
53 133
53 157
53 179
53 197
53 250
53 276
53 329
53 372
54 109
54 171
54 329
54 398
54 407
54 413
54 439
54 488
54 492
55 114
55 361
55 380
55 438
55 458
56 157
56 219
56 266
56 290
56 368
56 382
56 486
57 100
57 116
57 120
57 121
57 168
57 171
57 233
57 265
57 391
57 409
57 412
57 425
57 480
58 243
58 407
58 427
59 69
59 74
59 81
59 120
59 139
59 158
59 242
59 405
59 416
59 487
60 93
60 95
60 123
60 173
60 176
60 246
60 285
60 296
60 331
60 340
60 448
61 71
61 75
61 150
61 185
61 221
61 342
61 493
62 85
62 134
62 185
62 192
62 333
62 334
62 347
62 364
62 381
62 410
63 102
63 145
63 157
63 162
63 200
63 246
63 276
63 295
64 99
64 128
64 175
64 244
64 260
64 330
64 337
64 350
64 429
64 430
64 474
65 189
65 209
65 322
65 337
65 427
65 451
66 211
66 239
66 378
66 433
66 445
67 72
67 142
67 150
67 152
67 195
67 294
67 306
67 433
67 481
68 113
68 154
68 294
68 300
68 403
68 465
68 474
68 477
68 498
69 115
69 150
69 201
69 291
69 341
69 349
69 452
70 96
70 99
70 118
70 120
70 140
70 240
70 291
70 359
70 396
70 421
70 448
71 140
71 186
71 197
71 203
71 328
71 346
71 347
71 379
71 426
71 428
71 480
72 150
72 186
72 234
72 304
72 328
73 87
73 104
73 134
73 163
73 185
73 213
73 258
73 451
74 223
74 229
74 308
74 361
74 375
74 474
74 481
75 81
75 185
75 378
75 407
75 466
75 477
76 89
76 122
76 187
76 195
76 216
76 228
76 352
76 436
77 100
77 149
77 235
77 420
77 499
78 147
78 229
78 292
78 369
78 397
78 440
79 107
79 112
79 149
79 150
79 266
79 334
79 390
79 391
79 432
79 458
80 187
80 203
80 243
80 289
80 307
80 393
80 400
80 419
81 118
81 160
81 218
81 221
81 267
81 332
81 335
81 377
81 403
81 476
82 130
82 252
82 290
82 306
82 341
82 411
83 120
83 173
83 256
83 295
83 444
83 456
84 162
84 184
84 187
84 218
84 225
84 338
84 353
84 428
84 463
85 126
85 278
85 293
86 122
86 131
86 164
86 230
86 246
86 310
86 338
86 357
86 366
86 452
87 116
87 124
87 179
87 205
87 247
87 286
87 321
87 350
87 462
87 466
88 91
88 122
88 131
88 254
88 258
88 302
88 308
88 335
88 365
88 408
88 433
89 175
89 204
89 286
89 325
89 363
89 389
89 477
90 211
90 309
90 360
90 495
91 207
91 238
91 280
91 286
91 290
91 296
91 354
91 371
91 424
92 93
92 231
92 241
92 249
92 287
92 417
92 440
92 441
92 457
92 458
92 460
93 170
93 202
93 239
93 279
93 288
93 311
93 342
93 458
93 474
94 129
94 179
94 209
94 230
94 232
94 235
94 258
94 316
94 385
94 401
94 474
95 118
95 121
95 260
95 472
95 488
96 171
96 176
96 260
96 268
96 317
96 326
96 343
96 366
96 412
97 175
97 178
97 179
97 190
97 246
97 262
97 288
97 333
97 355
97 422
97 470
98 129
98 148
98 169
98 302
98 392
98 414
98 441
98 485
99 127
99 177
99 184
99 283
99 294
99 297
99 448
100 104
100 114
100 128
100 170
100 222
100 386
100 390
100 397
101 203
101 211
101 233
101 339
101 355
101 396
101 418
101 441
101 448
102 149
102 251
102 277
102 339
103 128
103 248
103 265
103 299
103 325
103 367
103 414
103 468
104 123
104 155
104 213
104 218
104 314
104 319
104 408
104 426
104 454
105 122
105 211
105 375
105 434
105 438
105 443
105 493
106 143
106 249
106 292
106 320
106 355
106 423
106 439
106 487
107 189
107 234
107 271
107 297
107 310
107 320
107 420
108 113
108 115
108 119
108 161
108 179
108 243
108 313
108 412
108 434
109 139
109 269
109 305
109 381
109 404
109 455
109 492
110 115
110 131
110 172
110 176
110 194
110 199
110 208
110 315
110 318
110 335
110 418
111 130
111 172
111 175
111 184
111 190
111 239
111 244
111 344
111 378
111 423
112 228
112 247
112 296
112 333
112 433
112 461
113 201
113 216
114 119
114 127
114 159
114 231
114 337
115 119
115 206
115 268
115 286
115 299
115 481
116 145
116 146
116 268
116 273
116 286
116 313
116 367
116 408
116 430
116 440
117 242
117 247
117 353
117 406
117 492
118 151
118 166
118 191
118 205
118 235
118 272
118 306
118 337
118 477
119 123
119 135
119 142
119 170
119 189
119 300
119 341
119 386
119 461
120 171
120 200
120 211
120 251
120 278
120 321
120 334
120 356
120 380
121 240
121 381
121 418
121 473
122 177
122 205
122 245
122 284
122 414
122 415
123 174
123 193
123 212
123 260
123 323
123 349
123 427
123 438
123 445
123 459
124 146
124 152
124 220
124 228
124 283
124 354
124 415
124 424
124 498
125 172
125 205
125 341
125 391
125 499
126 145
126 146
126 185
126 245
126 247
126 258
126 293
126 322
126 347
126 353
127 210
127 266
127 404
127 430
128 184
128 207
128 294
128 310
128 325
128 349
128 400
129 193
129 253
129 267
129 319
129 359
129 369
129 370
129 478
130 164
130 263
130 412
130 434
130 438
131 159
131 164
131 181
131 182
131 200
131 223
131 288
131 327
131 348
131 426
131 440
132 145
132 153
132 196
132 319
132 350
132 477
133 139
133 164
133 185
133 194
133 219
133 322
133 351
133 414
133 438
133 450
133 458
134 146
134 221
134 285
134 326
134 402
134 427
135 221
135 223
135 289
135 425
135 433
136 185
136 295
136 305
136 339
136 342
136 395
136 460
137 219
137 266
137 358
137 468
138 213
138 218
138 223
138 308
138 325
138 351
138 384
138 392
139 205
139 232
139 344
139 372
139 405
139 414
139 447
139 476
140 159
140 206
140 230
140 356
140 376
140 428
140 467
141 201
141 210
141 271
141 345
141 362
141 368
141 439
141 498
142 246
142 256
142 281
142 282
142 289
142 416
143 159
143 225
143 234
143 251
143 262
143 279
143 290
143 399
143 469
144 157
144 163
144 180
144 278
144 330
144 402
145 146
145 247
145 259
145 267
145 463
145 478
145 493
145 498
146 157
146 176
146 179
146 254
146 328
146 347
146 426
146 461
147 209
147 368
147 370
147 443
147 484
148 166
148 193
148 271
148 299
148 352
148 353
148 433
148 450
149 151
149 214
149 281
149 365
149 497
149 499
150 236
150 468
151 328
151 437
151 465
151 495
152 180
152 214
152 277
152 423
152 453
152 470
152 487
152 490
153 284
153 334
153 346
153 348
153 381
154 170
154 185
154 186
154 344
154 354
155 173
155 225
155 316
155 412
155 492
156 235
156 237
156 241
156 266
156 282
156 335
156 373
156 383
156 413
156 428
157 194
157 295
157 355
157 422
157 468
157 470
157 494
158 175
158 188
158 192
158 221
158 265
158 279
158 290
158 315
158 410
158 497
159 197
159 258
159 312
159 340
159 423
159 493
160 171
160 206
160 368
160 457
161 238
161 260
161 284
161 320
161 351
161 360
161 386
161 397
161 448
161 486
161 498
162 164
162 224
162 275
162 278
162 390
163 208
163 211
163 227
163 269
163 303
163 339
163 340
164 262
164 293
164 312
164 321
164 372
164 389
164 457
165 210
165 255
165 289
165 298
165 299
165 339
165 367
165 403
165 436
165 487
166 189
166 240
166 305
166 429
166 461
167 213
167 222
167 304
167 359
168 174
168 346
168 421
168 439
168 456
169 171
169 194
169 292
169 408
170 200
170 253
170 273
170 280
170 312
170 326
170 458
171 245
171 342
171 404
171 406
171 430
171 455
171 474
171 490
172 175
172 200
172 327
172 378
173 200
173 229
173 267
173 376
173 425
174 177
174 178
174 182
174 227
174 287
174 355
174 372
174 478
174 498
175 296
175 351
175 383
175 384
175 387
175 437
175 438
175 444
175 447
175 468
176 179
176 223
176 315
176 363
176 398
176 461
176 471
176 490
178 188
178 220
178 239
178 271
178 285
178 309
178 337
178 358
178 390
178 448
178 476
179 186
179 211
179 436
179 451
179 485
180 301
180 340
180 409
181 209
181 256
181 282
181 371
181 398
181 472
181 475
182 210
182 312
182 375
182 399
182 438
182 480
183 279
183 348
183 378
183 453
183 457
184 278
184 310
184 347
184 372
184 496
185 236
185 353
185 360
186 194
186 236
186 276
186 328
186 336
186 374
186 375
186 398
187 321
187 345
187 355
187 358
187 383
188 208
188 273
188 357
188 361
188 394
188 402
188 489
189 268
189 307
189 393
189 395
189 410
189 419
189 483
189 490
190 234
190 371
190 475
191 208
191 252
191 342
191 401
191 466
191 498
192 217
192 320
192 323
192 334
192 471
192 499
193 375
193 377
193 397
193 406
193 445
193 485
194 203
194 240
194 274
194 305
194 362
194 392
194 401
194 412
194 426
194 459
195 257
195 258
195 348
195 402
195 483
196 265
196 331
196 352
196 376
196 475
197 268
197 285
197 342
197 395
197 467
197 493
198 243
198 253
198 333
198 382
198 386
198 423
199 226
199 264
199 307
199 350
199 362
199 394
199 436
200 230
200 322
200 478
201 307
201 407
201 415
202 229
202 279
202 308
202 332
202 390
202 483
203 272
203 369
203 395
203 408
203 417
203 476
204 219
204 248
204 283
204 430
204 432
205 246
205 318
205 401
205 446
206 221
206 238
206 242
206 276
206 350
206 373
206 444
206 454
207 270
207 283
207 289
207 297
207 351
207 361
207 421
208 288
208 373
208 394
208 396
208 433
208 458
209 254
209 271
209 279
209 303
209 362
209 379
209 382
209 383
209 466
209 482
210 448
210 490
211 241
211 344
211 377
211 394
211 419
211 436
212 266
212 271
212 384
212 439
212 454
212 455
212 470
212 474
213 242
213 273
213 446
213 464
213 469
214 250
214 346
214 406
214 416
215 356
215 408
215 433
215 450
215 452
215 462
216 247
216 249
216 318
216 410
216 461
217 229
217 248
217 271
217 303
217 313
217 367
217 427
217 455
217 488
218 242
218 322
218 349
218 363
218 381
218 390
218 412
218 470
219 295
219 359
219 377
220 251
220 273
220 299
220 310
220 333
221 273
221 431
221 448
221 478
221 484
222 395
222 458
222 492
223 233
223 298
223 359
223 443
224 243
224 268
224 317
224 330
224 395
224 424
225 259
225 308
225 355
225 377
225 481
225 484
226 286
226 296
226 349
226 364
226 390
226 394
226 395
226 405
226 407
227 243
227 280
227 292
227 331
227 345
227 465
227 482
228 230
228 252
228 289
228 297
228 368
228 390
228 408
228 455
229 235
229 245
229 276
229 365
229 388
229 431
229 438
229 479
230 240
230 304
230 388
230 427
230 452
231 238
231 245
231 287
231 311
231 412
231 431
232 240
232 245
232 273
232 318
232 407
232 433
233 238
233 302
233 424
233 447
233 483
234 239
234 278
234 291
234 317
234 366
234 403
235 259
235 270
235 313
235 322
235 387
235 415
235 436
235 460
236 238
236 285
236 356
236 376
236 397
236 413
236 423
236 452
237 242
237 262
237 325
237 358
237 384
237 447
237 476
238 325
238 421
238 427
238 444
239 365
240 424
240 471
241 265
241 289
241 290
241 360
241 382
241 400
241 426
241 454
241 464
242 359
242 415
242 426
242 471
243 284
243 300
243 318
243 325
243 374
243 375
243 399
243 452
243 463
244 250
244 261
244 284
244 311
244 354
244 360
244 429
244 460
244 497
245 249
245 250
245 296
245 349
246 285
246 291
246 300
246 344
246 363
246 391
246 440
246 457
246 486
247 322
247 368
247 405
247 440
248 280
248 325
248 328
248 455
248 477
248 484
249 303
249 377
249 385
249 416
249 490
250 298
250 321
250 333
250 400
250 442
251 289
251 312
251 474
252 257
252 270
252 295
252 359
252 427
253 309
253 357
253 366
253 409
253 419
253 420
254 283
254 306
254 342
254 383
254 446
254 496
255 266
255 331
255 387
255 412
255 432
255 451
256 262
256 351
256 476
257 290
257 298
257 325
257 341
257 360
257 432
258 277
258 308
258 404
259 307
259 310
259 324
259 418
259 443
259 494
260 270
260 388
260 395
260 436
261 421
261 428
261 431
262 274
262 322
262 345
262 348
262 351
262 361
262 391
262 453
263 284
263 348
263 380
263 474
264 293
264 347
264 363
264 376
264 397
264 484
265 275
265 329
265 334
265 348
265 384
265 444
265 471
266 308
266 482
267 288
267 312
267 406
267 412
267 443
267 471
268 276
268 297
268 348
268 377
268 392
269 306
269 340
269 395
269 435
269 483
270 312
270 329
270 333
270 336
270 371
270 425
270 457
271 450
271 498
272 346
272 365
272 376
272 414
272 460
272 481
272 499
273 302
273 370
273 422
273 428
273 461
274 290
274 344
274 347
274 349
274 355
274 386
274 387
274 419
275 296
275 320
275 378
275 414
275 448
275 460
276 437
276 448
277 302
277 321
277 395
277 425
277 466
277 499
278 382
278 497
279 345
279 363
279 403
279 413
279 445
279 464
279 495
280 427
280 459
281 282
281 293
281 300
281 330
281 336
281 361
281 373
281 412
281 457
282 352
282 449
282 453
283 330
283 357
283 386
283 393
283 484
284 289
284 437
284 450
285 307
285 425
286 320
286 331
286 470
287 442
287 466
287 487
288 317
288 420
289 336
289 380
289 436
289 473
289 485
290 472
291 311
291 319
291 351
291 429
291 469
291 494
292 379
292 457
292 459
293 329
293 371
293 379
293 396
293 412
293 449
294 304
294 368
294 408
295 434
295 460
296 310
296 343
296 372
296 387
296 447
297 305
297 336
297 365
297 485
298 310
298 363
298 477
299 319
299 359
299 452
300 423
300 433
300 479
301 306
301 340
301 433
301 461
302 421
302 444
302 488
303 322
303 418
303 422
303 434
303 464
304 398
304 453
304 480
304 493
305 342
305 381
305 466
305 484
306 462
306 494
307 346
307 385
307 454
308 370
308 377
308 405
308 433
308 473
309 349
309 372
309 422
309 463
309 475
310 369
310 427
311 320
311 353
312 320
312 372
312 380
312 428
312 445
312 469
313 337
313 452
314 320
314 324
314 372
314 415
314 466
314 485
315 338
315 344
315 431
315 483
316 370
316 388
316 470
317 345
317 390
317 422
317 491
317 496
318 345
318 381
318 420
318 442
318 445
318 457
318 482
319 349
319 408
320 343
320 381
320 412
320 420
320 437
320 468
321 355
321 357
321 426
322 354
322 394
322 453
322 458
323 343
324 334
324 374
324 430
324 468
324 499
325 372
325 417
325 424
325 453
325 468
325 487
325 499
326 396
327 338
327 431
327 480
328 332
328 342
328 348
328 361
328 391
328 438
328 461
328 462
329 345
329 402
329 451
329 455
329 492
330 363
330 400
330 457
331 371
331 384
332 349
332 364
332 429
332 461
332 470
332 473
332 496
333 342
333 441
335 338
335 345
335 408
335 447
335 482
336 362
336 421
336 435
336 485
336 493
337 375
337 380
337 427
337 434
337 442
337 466
337 477
338 348
338 398
338 454
338 469
338 491
339 374
339 406
339 411
339 495
340 367
340 374
340 448
340 475
341 346
341 399
342 352
342 359
342 373
342 393
342 447
342 483
342 491
344 383
344 387
344 430
344 444
345 418
345 439
345 478
346 384
346 393
346 432
346 438
347 358
347 390
347 451
347 480
348 427
349 406
349 471
350 429
351 382
351 435
351 464
352 362
352 456
352 492
353 379
353 407
353 474
354 394
354 437
354 459
355 493
356 396
356 402
356 415
356 420
356 430
357 419
357 444
357 459
357 467
358 361
358 376
358 381
358 387
359 409
359 424
359 486
361 449
362 368
362 386
362 466
363 409
363 449
363 486
363 495
364 368
364 377
364 484
365 368
365 428
366 384
366 462
367 376
367 487
368 381
368 385
368 462
368 467
369 473
370 394
370 432
370 477
372 400
372 407
372 443
372 444
373 407
373 425
373 431
373 471
375 415
376 457
376 481
377 383
378 441
379 420
379 457
379 460
379 467
380 440
380 451
381 391
381 408
381 415
381 432
382 455
382 498
383 410
383 411
384 440
386 390
386 423
386 451
388 411
388 416
388 462
389 417
389 429
389 433
389 472
390 460
390 499
391 425
391 440
391 499
393 399
393 451
394 413
394 424
394 455
394 459
395 448
395 492
396 473
398 469
398 490
399 447
399 454
400 449
402 436
402 476
404 409
404 459
405 416
405 432
405 463
406 408
406 418
406 423
406 425
406 466
406 468
408 418
408 499
409 423
409 427
409 442
409 449
409 477
409 481
410 413
410 450
411 448
411 495
413 427
414 474
415 484
417 438
418 420
418 464
419 438
419 467
420 474
421 464
421 475
421 486
422 424
422 464
423 471
425 473
426 465
426 481
427 447
427 467
428 479
430 453
430 456
430 458
430 477
431 455
432 463
432 467
434 443
435 495
436 468
438 441
438 478
439 461
440 484
441 453
441 461
442 466
442 498
442 499
445 473
445 497
447 499
448 451
448 459
449 472
450 453
450 474
450 489
451 487
454 471
455 478
455 484
456 493
461 465
461 494
462 493
463 482
463 491
464 470
464 480
465 466
465 477
467 484
470 498
471 499
479 498
494 499
0
9 499
