500	2455	 1
0 33
0 58
0 160
0 165
0 174
0 188
0 299
0 342
0 390
0 417
1 50
1 114
1 126
1 205
1 224
1 367
1 369
1 380
2 133
2 142
2 151
2 310
2 320
2 381
2 441
3 79
3 193
3 234
3 302
3 410
4 49
4 214
4 240
4 268
4 306
4 346
4 347
4 464
5 53
5 61
5 159
5 220
5 249
5 350
5 373
5 415
5 490
6 18
6 68
6 112
6 137
6 260
6 345
6 415
6 492
7 25
7 44
7 51
7 80
7 112
7 124
7 290
7 323
7 337
7 399
7 424
7 428
7 432
8 31
8 123
8 146
8 149
8 197
8 302
8 341
8 404
8 441
8 447
8 450
8 474
9 67
9 91
9 307
9 314
9 331
10 28
10 266
10 336
10 378
10 462
10 463
10 464
11 150
11 162
11 179
11 206
11 348
11 481
11 487
11 493
12 19
12 41
12 179
12 250
12 268
12 323
12 364
12 381
12 391
12 442
13 45
13 50
13 183
13 245
13 246
13 271
13 276
13 280
13 286
13 387
13 470
13 488
14 46
14 117
14 132
14 296
14 308
14 341
14 468
15 35
15 38
15 43
15 91
15 104
15 144
15 205
15 334
15 347
15 437
15 464
15 486
16 63
16 68
16 87
16 273
16 277
16 286
16 385
16 411
16 430
17 32
17 40
17 62
17 162
17 206
17 312
17 363
17 396
17 406
17 417
17 444
17 476
18 231
18 331
18 339
19 23
19 112
19 125
19 188
19 229
19 248
19 371
20 22
20 109
20 157
20 215
20 263
20 359
20 414
20 456
20 458
20 494
21 46
21 62
21 182
21 223
21 227
21 289
21 428
21 461
22 61
22 194
22 262
22 320
22 328
22 356
22 362
22 469
23 49
23 83
23 131
23 212
23 265
23 266
23 303
23 392
23 406
23 468
23 481
24 74
24 99
24 127
24 190
24 310
24 335
24 375
24 387
24 433
25 39
25 129
25 147
25 238
25 294
25 296
25 376
25 402
25 423
26 29
26 30
26 97
26 115
26 176
26 208
26 268
26 287
27 63
27 112
27 126
27 149
27 165
27 353
27 365
27 391
28 32
28 40
28 67
28 154
28 171
28 177
28 195
28 211
28 258
28 357
28 405
29 38
29 65
29 102
29 123
29 163
29 211
29 245
29 299
29 388
29 415
29 462
30 174
30 273
30 274
30 283
30 289
30 378
30 389
30 422
30 464
30 498
31 61
31 88
31 89
31 129
31 170
31 254
31 261
32 41
32 109
32 175
32 265
32 299
32 459
33 49
33 132
33 136
33 176
33 250
33 287
33 317
33 338
34 49
34 84
34 158
34 160
34 200
34 300
34 314
34 422
34 449
35 45
35 135
35 147
35 193
35 194
35 209
35 212
35 215
35 231
35 255
35 351
35 374
35 433
36 66
36 163
36 167
36 187
36 209
36 244
36 257
36 320
36 325
36 329
36 442
36 446
36 454
37 61
37 233
37 404
37 420
37 430
37 452
38 49
38 201
38 207
38 272
38 392
38 394
38 426
38 437
39 47
39 102
39 197
39 200
39 264
39 304
39 317
39 491
40 94
40 116
40 160
40 232
40 241
40 252
40 267
40 400
40 440
40 445
40 475
40 476
41 203
41 211
41 435
42 59
42 70
42 158
42 162
42 258
42 318
42 386
42 389
42 480
43 88
43 116
43 163
43 231
43 249
43 265
43 278
43 319
43 340
43 346
43 379
43 404
43 460
44 90
44 100
44 110
44 149
44 182
44 206
44 247
44 311
44 341
44 382
45 59
45 135
45 150
45 219
45 228
45 252
45 319
45 362
45 363
45 385
45 418
45 433
45 454
45 483
45 485
46 87
46 196
46 221
46 259
46 269
46 417
46 478
46 481
46 485
46 495
47 52
47 83
47 92
47 136
47 141
47 197
47 243
47 376
47 403
48 49
48 175
48 245
48 251
48 297
48 321
48 329
48 379
48 397
48 412
49 163
49 250
49 310
49 352
49 466
49 470
50 101
50 121
50 228
50 241
50 252
50 373
51 56
51 99
51 109
51 197
51 218
51 273
51 379
52 95
52 97
52 221
52 280
52 281
52 474
53 70
53 125
53 201
53 341
53 394
53 416
54 78
54 82
54 114
54 123
54 160
54 184
54 215
54 250
54 396
54 415
54 463
55 89
55 116
55 130
55 257
55 282
55 284
55 387
55 391
55 452
56 81
56 114
56 126
56 178
56 351
57 59
57 198
57 208
57 261
57 384
57 404
57 455
57 486
58 223
58 235
58 242
58 258
58 278
58 287
58 398
58 404
58 497
59 62
59 241
59 304
59 309
59 346
59 365
59 396
59 444
59 479
60 87
60 123
60 125
60 139
60 142
60 148
60 185
60 318
60 401
60 402
60 427
60 452
61 67
61 78
61 143
61 153
61 174
61 207
61 247
61 254
61 275
61 379
61 398
61 465
61 472
62 125
62 144
62 158
62 191
62 226
62 311
62 357
62 428
62 435
62 465
62 475
63 95
63 158
63 182
63 193
63 229
63 330
63 345
63 372
63 387
63 428
63 434
64 148
64 203
64 238
64 294
64 433
64 481
65 97
65 158
65 288
65 342
65 375
65 377
65 401
65 459
65 461
66 121
66 125
66 199
66 212
66 213
66 264
66 275
66 294
66 380
66 453
66 477
67 121
67 157
67 239
67 240
67 248
67 329
67 381
67 432
68 72
68 142
68 227
68 236
68 257
68 269
68 355
68 416
69 106
69 126
69 129
69 158
69 167
69 189
69 259
69 295
69 318
69 394
69 431
69 467
69 476
70 75
70 91
70 107
70 194
70 331
71 79
71 106
71 121
71 128
71 175
71 194
71 214
71 258
71 273
71 302
71 303
71 305
71 324
71 333
71 340
71 367
71 388
72 86
72 114
72 186
72 267
72 488
73 83
73 126
73 129
73 287
73 290
73 341
73 350
73 367
73 384
73 404
73 419
73 439
74 96
74 303
74 369
74 390
75 144
75 272
75 294
75 412
75 444
76 108
76 195
76 287
76 350
76 417
77 93
77 94
77 99
77 113
77 212
77 290
77 313
77 367
77 432
77 474
78 117
78 141
78 149
78 173
78 372
78 386
78 496
79 120
79 179
79 189
79 275
79 467
80 142
80 147
80 209
80 309
80 347
80 410
80 468
81 123
81 142
81 169
81 191
81 200
81 278
81 356
81 435
81 468
82 131
82 135
82 153
82 192
82 250
82 300
82 340
82 408
82 476
83 111
83 213
83 260
83 282
83 283
83 298
83 330
83 379
83 416
83 467
84 195
84 304
84 309
84 345
84 387
84 452
85 89
85 96
85 110
85 158
85 220
85 252
85 264
85 327
85 395
85 413
85 415
86 152
86 161
86 178
86 180
86 202
86 238
86 444
86 465
86 468
87 202
87 216
87 235
87 261
87 339
87 451
88 115
88 169
88 301
88 332
88 354
88 397
88 406
88 411
88 425
88 464
88 469
89 186
89 237
89 239
89 252
89 263
89 284
89 331
89 358
89 415
89 445
90 109
90 127
90 147
90 251
90 313
90 321
90 341
90 466
91 141
91 142
91 157
91 264
91 307
91 382
91 453
92 147
92 178
92 206
92 235
92 253
92 287
92 292
92 334
92 363
92 414
92 421
92 438
92 480
92 497
93 173
93 183
93 232
93 258
93 287
93 298
93 326
93 339
93 412
93 454
93 483
94 182
94 189
94 239
94 264
94 276
94 414
94 459
94 467
94 484
95 109
95 173
95 211
95 251
95 306
95 345
95 383
95 386
95 453
95 473
96 164
96 175
96 270
96 280
96 330
96 351
96 413
96 432
96 465
96 478
96 492
97 148
97 181
97 389
97 398
97 400
98 109
98 114
98 141
98 143
98 270
98 345
98 395
98 494
99 160
99 191
99 335
99 355
99 383
99 438
99 478
100 110
100 200
100 219
100 247
100 267
101 156
101 168
101 173
101 191
101 212
101 228
101 261
101 274
101 302
101 324
101 358
101 379
101 413
102 134
102 184
102 192
102 219
102 306
102 353
102 404
102 447
102 478
103 111
103 138
103 167
103 177
103 252
103 282
103 301
103 310
103 384
103 389
103 408
104 132
104 145
104 146
104 156
104 209
104 236
104 269
104 312
104 395
104 411
104 416
105 147
105 252
105 309
105 345
105 364
105 392
105 428
106 182
106 190
106 203
106 212
106 271
106 285
106 307
106 330
106 347
106 369
107 230
107 285
107 318
107 320
107 344
107 357
107 390
107 409
107 445
107 498
108 137
108 200
108 258
108 469
108 476
109 202
109 270
109 279
109 339
109 357
109 402
109 405
109 417
110 191
110 221
110 277
110 331
111 150
111 204
111 232
111 258
111 272
111 305
111 323
111 337
111 387
111 418
111 486
112 148
112 213
112 292
112 294
112 315
112 319
112 366
112 401
112 406
112 441
112 468
113 159
113 160
113 163
113 187
113 230
113 289
113 292
113 383
113 405
113 406
113 409
113 411
113 441
113 453
113 463
114 133
114 167
114 205
114 334
115 281
115 328
115 342
115 430
115 486
116 168
116 183
116 266
116 295
116 297
116 487
117 140
117 149
117 202
117 327
117 340
117 473
118 157
118 182
118 215
118 283
118 319
118 326
118 381
118 400
118 486
119 265
119 289
119 312
119 337
119 436
120 206
120 266
120 279
121 163
121 201
121 210
121 212
121 214
121 235
121 248
121 315
121 357
121 386
121 391
121 438
121 491
122 127
122 145
122 206
122 336
122 372
122 436
122 446
123 146
123 164
123 270
123 380
123 404
123 452
124 147
124 195
124 349
124 393
124 400
124 459
124 470
125 153
125 162
125 187
125 289
125 316
125 408
125 435
125 444
125 462
126 130
126 252
126 260
126 280
126 344
126 456
126 458
127 154
127 418
127 443
127 474
128 146
128 419
128 457
129 258
129 312
129 324
129 384
129 464
130 160
130 207
130 223
130 239
130 285
130 306
130 332
130 365
130 373
130 384
130 445
130 490
131 215
131 250
131 430
131 460
131 497
132 162
132 370
132 410
132 412
132 419
133 229
133 260
133 289
133 307
133 309
133 356
133 408
133 415
133 435
133 469
134 190
134 319
134 329
134 357
134 432
134 439
135 231
135 235
135 246
135 335
135 361
135 459
136 154
136 221
136 263
136 274
136 317
136 331
136 364
136 374
136 465
136 468
136 479
136 487
137 171
137 195
137 202
137 305
137 310
137 406
137 435
137 447
138 160
138 170
138 313
138 389
138 424
139 211
139 218
139 233
139 255
139 304
139 317
139 427
139 430
140 190
140 261
140 271
140 351
140 397
140 414
140 430
141 143
141 151
141 164
141 166
141 236
141 252
141 287
141 307
141 312
141 325
141 361
141 381
141 392
141 429
141 468
141 497
142 165
142 222
142 235
142 237
142 265
142 267
142 432
143 161
143 338
143 460
143 495
144 384
144 397
144 438
144 465
144 483
145 292
145 422
145 443
145 456
145 457
145 462
145 478
145 499
146 167
146 214
146 228
146 301
146 344
146 497
147 174
147 223
147 282
147 283
147 307
147 384
147 387
147 390
147 419
147 440
147 491
148 169
148 288
148 463
149 233
149 246
149 293
149 360
149 454
149 496
150 176
150 207
150 252
150 258
150 290
150 410
150 427
150 473
151 184
151 194
151 195
151 281
151 294
151 324
151 367
151 370
152 163
152 211
152 212
152 259
152 309
152 328
152 365
152 368
152 409
153 362
153 448
153 471
154 204
154 262
154 263
154 284
154 307
154 369
154 375
155 158
155 173
155 243
155 278
155 292
155 340
155 344
155 399
156 246
156 257
156 334
156 340
156 371
157 297
157 312
157 344
157 418
157 490
158 197
158 283
158 325
158 354
158 445
158 485
159 168
159 185
159 220
159 246
159 347
159 377
159 401
159 403
159 427
159 477
160 384
160 461
161 218
161 245
161 308
162 270
162 325
162 339
162 393
162 484
163 458
163 479
164 198
164 214
164 217
164 236
164 253
164 266
164 267
164 385
164 416
164 452
165 238
165 275
165 457
166 181
166 239
166 275
166 328
166 338
166 400
166 417
166 443
166 466
166 490
166 491
167 223
167 284
167 286
167 332
167 457
167 468
167 475
168 187
168 196
168 241
168 245
168 269
169 205
169 213
169 233
169 239
169 264
169 273
169 334
169 445
169 481
170 181
170 275
170 295
170 459
170 491
171 230
171 234
171 269
171 287
171 316
171 360
171 366
171 435
172 295
172 300
172 375
173 190
173 207
173 229
173 242
173 365
173 458
173 467
173 468
174 250
174 406
175 345
175 366
175 372
175 450
175 463
175 470
175 488
176 213
176 238
176 240
176 277
176 371
176 374
176 478
177 289
177 294
177 318
177 331
177 446
178 347
178 369
178 386
178 414
178 443
178 468
179 220
179 289
179 371
179 436
180 184
180 204
180 252
180 280
180 337
180 361
180 369
180 423
180 486
181 221
181 222
181 236
181 251
181 279
181 329
181 375
181 393
181 396
181 398
181 421
182 192
182 194
182 229
182 285
182 315
182 365
182 409
183 267
183 298
183 306
183 342
183 343
183 372
183 388
184 192
184 206
184 363
184 490
185 273
185 282
185 347
185 364
186 191
186 197
186 203
186 217
186 272
186 273
186 299
186 303
186 413
186 422
186 450
187 233
187 258
187 280
187 286
187 324
187 330
187 376
187 394
187 426
187 430
187 450
188 209
188 221
188 336
188 418
188 422
188 439
189 265
189 320
189 340
189 360
189 439
189 442
190 278
190 398
190 412
191 223
191 262
191 290
191 362
191 439
192 312
192 347
192 359
193 383
193 459
194 201
194 221
194 250
194 263
194 309
194 390
194 456
195 201
195 235
195 267
195 279
195 383
195 416
195 447
195 455
195 482
196 270
196 321
196 342
196 354
196 392
196 425
197 231
197 299
197 337
197 377
197 382
197 389
197 392
197 484
198 232
198 264
198 277
198 388
198 410
199 314
199 464
200 220
200 221
200 231
200 274
200 282
200 325
200 362
200 425
200 442
200 475
201 235
201 372
201 494
202 216
202 222
202 247
202 475
202 478
202 485
203 211
203 213
203 379
203 401
203 419
204 230
204 231
204 355
204 377
204 405
204 470
205 224
205 263
205 272
205 297
205 424
206 220
206 224
206 225
206 241
206 391
207 224
207 244
207 417
207 418
207 492
208 300
208 353
208 433
209 236
209 248
209 362
209 369
209 372
209 388
209 398
210 338
210 342
210 467
211 300
211 413
212 272
212 273
212 301
212 352
212 371
213 243
213 246
213 343
213 437
213 459
214 215
214 251
214 420
214 424
215 225
215 236
215 240
215 262
215 276
215 337
215 342
215 379
215 416
215 467
215 484
216 278
216 316
216 350
216 421
216 443
216 466
217 224
217 254
217 363
217 444
217 493
218 262
218 292
218 358
218 410
219 333
219 364
219 384
219 400
219 402
220 318
220 348
220 372
220 390
220 396
221 358
221 421
221 425
221 434
221 461
222 296
222 399
222 488
223 290
223 295
223 359
224 286
224 316
224 394
224 467
225 315
225 421
225 466
225 495
226 316
226 471
226 483
227 303
227 368
228 289
228 304
228 352
228 431
228 459
228 487
229 311
229 402
229 423
229 460
229 480
230 246
230 247
230 270
230 307
230 320
230 331
230 332
230 420
230 446
230 452
230 455
230 476
231 243
231 296
231 331
231 342
232 296
232 407
232 414
232 445
232 476
232 481
233 319
233 440
233 468
233 477
234 280
234 360
234 365
234 411
234 471
234 473
235 335
235 438
235 488
236 245
236 346
236 351
236 387
236 412
236 425
236 489
237 245
237 291
237 297
237 309
237 328
238 308
238 327
238 350
238 371
238 402
238 498
239 325
239 338
239 429
239 470
240 266
240 384
240 391
241 272
241 302
241 315
241 337
241 366
241 414
241 415
241 466
242 259
242 290
242 326
242 335
242 400
242 437
242 491
243 279
243 294
243 318
243 357
243 431
243 460
243 463
243 474
244 255
244 267
244 308
244 315
244 427
244 443
245 282
245 414
245 418
245 439
245 472
245 495
246 257
246 294
246 312
246 341
247 251
247 269
247 329
248 261
248 288
248 304
248 381
248 482
249 325
249 407
249 420
249 450
249 482
250 287
250 329
250 399
250 429
250 453
251 278
251 467
251 497
252 253
252 255
252 266
252 302
252 310
252 364
252 412
252 420
252 421
252 451
252 457
252 463
253 263
253 270
253 277
253 367
253 400
253 417
253 424
253 427
253 430
254 316
254 340
254 353
254 417
254 431
254 442
255 289
255 379
255 380
255 387
255 406
256 263
256 321
256 335
256 451
256 496
257 341
257 371
257 405
257 410
257 459
258 356
258 434
258 440
258 456
259 263
259 283
259 284
259 358
259 375
259 429
260 307
260 424
260 444
261 298
261 382
261 387
261 459
262 298
262 312
262 379
262 406
262 420
262 443
262 461
263 362
263 456
263 488
264 325
264 346
265 281
265 331
265 396
266 375
266 451
267 273
267 297
267 358
267 465
267 479
267 484
268 284
268 354
268 359
268 360
268 390
268 404
268 411
268 446
269 282
269 377
269 378
270 296
270 430
270 498
271 410
271 414
272 306
272 314
272 376
272 419
272 487
273 279
273 380
273 400
273 453
273 484
274 344
275 278
275 441
275 452
275 485
276 356
276 364
276 400
277 287
277 303
277 317
277 333
277 351
277 403
277 443
277 457
277 473
277 488
278 349
278 354
278 412
278 413
278 452
278 462
278 494
279 284
279 290
279 322
279 420
280 401
280 409
280 425
280 444
280 496
281 385
281 424
281 430
281 476
281 484
282 308
282 369
282 396
282 474
283 321
283 359
283 398
283 409
283 482
284 429
284 495
285 318
285 389
285 400
286 290
286 391
286 392
286 398
286 427
286 472
287 384
287 471
287 491
288 298
288 301
288 314
288 323
288 339
288 355
288 474
289 410
289 431
290 330
290 393
290 455
290 469
291 304
291 322
291 330
291 361
291 387
291 426
292 308
292 317
292 342
292 368
292 397
292 427
293 403
293 408
293 449
293 485
294 303
294 314
295 447
296 320
296 379
296 454
296 499
297 339
297 379
297 424
297 452
298 343
298 355
298 358
298 405
298 408
298 457
298 458
299 313
299 366
299 386
299 472
299 477
300 319
301 385
301 487
302 304
302 374
302 388
302 407
303 311
303 326
303 334
303 425
303 434
304 314
304 363
304 385
304 446
304 460
305 340
305 361
305 365
305 448
305 458
305 467
305 483
306 321
306 323
306 369
306 371
306 449
306 489
307 329
307 334
307 383
307 470
307 475
308 442
308 481
309 403
309 424
309 443
309 459
309 470
309 476
310 351
310 396
310 398
310 409
310 424
310 463
311 403
311 415
311 418
311 428
311 431
311 436
311 484
311 487
312 326
312 359
312 410
312 423
312 474
313 407
313 437
314 433
314 455
314 461
314 478
315 325
315 381
315 386
315 417
315 419
316 330
316 368
316 380
316 398
316 441
317 410
317 436
318 331
318 351
318 487
319 341
320 321
320 352
320 421
320 451
320 455
320 463
321 327
321 380
321 453
322 341
322 346
322 358
322 434
323 405
323 408
323 430
323 470
323 474
324 343
324 365
324 420
324 462
325 376
325 377
325 391
325 401
325 457
325 473
325 489
326 489
327 419
327 495
328 364
328 399
328 420
328 422
328 427
328 468
328 497
329 332
329 337
329 350
330 348
330 351
330 363
330 494
331 407
331 408
332 408
332 423
332 462
333 343
333 381
333 386
333 397
334 458
334 465
334 490
335 372
335 403
336 358
336 406
336 456
336 482
336 493
336 496
337 399
337 433
337 443
337 446
337 469
337 485
338 383
338 402
339 375
339 436
339 456
339 487
340 350
340 356
340 367
340 455
341 405
341 422
341 451
342 367
342 400
342 448
342 463
342 470
342 496
343 371
343 454
344 349
344 480
345 359
345 414
346 453
346 460
346 484
347 388
347 418
347 440
347 481
348 393
348 420
348 465
348 494
349 370
349 453
349 493
350 455
351 388
351 436
351 442
351 448
352 364
352 378
352 434
352 443
352 491
353 390
353 391
353 424
353 481
353 490
354 397
354 431
354 448
355 379
355 436
355 486
355 498
356 383
356 394
356 420
356 427
356 429
356 430
356 494
356 495
357 381
357 442
357 449
358 368
359 423
359 466
359 468
360 372
360 463
361 376
361 391
361 425
362 369
362 498
363 440
364 369
364 402
364 420
364 443
364 452
364 468
365 412
365 496
366 479
367 401
367 402
367 448
368 375
368 412
368 451
368 467
369 379
369 461
369 484
370 379
370 396
370 424
370 451
370 492
371 467
371 470
372 437
372 462
373 413
373 493
374 408
375 380
375 393
375 446
375 451
376 497
377 437
377 447
377 463
378 423
379 462
379 496
380 420
380 461
381 476
382 409
382 426
382 451
383 447
383 470
384 443
386 388
386 390
386 405
386 458
387 425
387 449
387 483
388 414
388 431
388 447
389 399
389 435
389 484
390 424
391 437
391 467
392 455
392 458
396 465
397 426
397 461
400 470
400 473
401 457
402 404
402 443
402 461
402 474
403 448
403 474
403 478
404 416
405 467
406 432
407 413
407 422
407 433
408 416
408 442
408 491
409 423
410 445
410 463
410 481
411 496
412 415
413 450
413 467
414 422
415 441
417 432
419 480
419 484
420 497
421 453
423 431
424 483
425 430
425 465
426 433
427 450
427 485
428 481
430 446
431 459
431 483
433 434
433 492
434 451
434 465
435 446
435 457
435 481
438 469
438 492
439 446
439 490
443 487
444 447
446 458
446 460
447 462
447 495
448 477
448 483
450 452
450 483
453 478
453 485
453 498
454 474
454 483
455 468
455 478
457 465
457 477
460 475
461 490
462 478
462 496
465 488
465 499
469 477
469 486
472 488
474 482
479 496
485 490
487 493
497 498
0
9 499
