500	2541	 1
0 18
0 26
0 48
0 69
0 105
0 151
0 152
0 167
0 343
0 401
0 463
0 472
1 34
1 78
1 157
1 181
1 195
1 270
1 320
1 408
1 452
1 495
2 62
2 89
2 202
3 44
3 75
3 195
3 261
3 371
3 379
4 111
4 137
4 157
4 228
4 234
4 257
4 259
4 297
4 306
4 308
4 311
4 330
4 332
4 355
4 372
4 400
4 408
4 425
5 6
5 53
5 92
5 120
5 134
5 209
5 251
5 302
5 306
5 469
6 136
6 158
6 203
6 205
6 210
6 219
6 250
6 280
6 346
6 359
6 482
6 491
6 494
6 496
7 15
7 153
7 180
7 425
7 445
7 456
7 470
7 483
8 30
8 97
8 99
8 150
8 303
8 331
8 385
8 424
8 473
9 20
9 123
9 129
9 203
9 213
9 224
9 381
9 433
9 457
10 12
10 110
10 165
10 268
10 283
10 298
10 338
10 442
11 47
11 212
11 406
11 408
11 458
11 497
12 60
12 105
12 192
12 196
12 219
12 270
12 324
12 422
12 439
12 441
12 486
13 58
13 78
13 173
13 212
13 230
13 262
13 329
13 366
13 422
14 58
14 160
14 176
14 218
14 300
14 371
14 430
15 57
15 130
15 203
15 212
15 231
15 236
15 273
15 280
15 288
15 322
15 330
15 335
15 336
15 371
15 428
15 430
15 462
16 24
16 40
16 49
16 82
16 122
16 133
16 172
16 174
16 191
16 234
16 347
16 437
16 453
16 493
16 499
17 37
17 68
17 112
17 128
17 148
17 156
17 206
17 214
17 296
17 326
17 364
17 367
17 480
17 485
18 67
18 89
18 113
18 200
18 289
18 358
19 39
19 90
19 148
19 168
19 190
19 221
19 227
19 240
19 249
19 411
19 433
20 114
20 247
20 294
20 314
20 336
20 346
20 369
20 410
21 37
21 69
21 119
21 138
21 200
21 280
21 296
21 303
21 322
21 351
21 382
21 399
21 427
21 469
21 470
21 498
22 85
22 130
22 227
22 237
22 252
22 389
23 28
23 128
23 190
23 223
23 259
23 277
23 294
23 353
23 378
23 384
23 435
23 495
24 33
24 93
24 102
24 168
24 218
24 264
24 265
24 266
24 311
24 350
24 377
24 433
25 36
25 42
25 67
25 201
25 320
25 333
25 379
25 391
25 396
25 419
26 50
26 96
26 190
26 216
26 356
26 385
26 469
27 43
27 97
27 189
27 249
27 287
27 292
27 323
27 325
27 442
28 34
28 70
28 113
28 189
28 401
28 430
28 459
28 462
29 119
29 125
29 278
29 302
29 350
29 499
30 31
30 64
30 68
30 69
30 135
30 305
30 322
30 349
30 350
30 390
30 397
31 59
31 99
31 145
31 323
31 492
32 43
32 118
32 140
32 166
32 192
32 224
32 307
32 368
32 401
32 435
32 446
32 478
32 493
33 174
33 199
33 230
33 274
33 289
33 290
33 359
33 370
33 412
33 426
33 456
33 472
34 94
34 306
34 335
34 338
34 355
34 366
34 369
34 372
34 413
34 422
34 423
35 62
35 72
35 161
35 331
35 411
36 60
36 67
36 152
36 234
36 235
36 313
36 330
36 332
36 358
36 417
36 439
37 64
37 95
37 132
37 202
37 220
37 238
37 244
37 303
37 313
37 337
37 364
37 387
37 473
38 136
38 202
38 258
38 316
38 340
38 364
38 392
38 494
39 306
39 373
39 396
39 431
39 443
39 463
39 486
40 120
40 149
40 177
40 195
40 413
41 78
41 79
41 123
41 167
41 243
41 254
41 370
41 385
42 126
42 153
42 192
42 194
42 219
42 278
42 326
42 336
42 360
42 402
42 434
42 469
42 494
43 67
43 76
43 118
43 206
43 215
43 224
43 295
43 315
43 417
43 423
43 433
43 498
44 130
44 190
44 198
44 209
44 222
44 357
44 466
45 46
45 85
45 191
45 276
45 429
46 110
46 111
46 124
46 189
46 302
46 356
46 451
47 79
47 293
47 295
47 332
47 347
47 416
48 69
48 76
48 81
48 143
48 176
48 232
48 259
48 302
48 326
48 469
49 137
49 150
49 182
49 194
49 202
49 321
49 444
49 463
50 77
50 146
50 357
50 358
50 459
50 470
50 475
50 493
51 115
51 152
51 283
51 424
52 81
52 116
52 179
52 184
52 227
52 279
52 319
52 330
52 416
52 487
53 56
53 65
53 92
53 140
53 194
53 199
53 352
53 430
53 432
53 468
54 89
54 157
54 175
54 185
54 247
54 261
54 299
54 357
54 395
54 412
54 425
54 452
55 60
55 111
55 122
55 146
55 228
55 263
55 339
55 341
55 390
55 437
55 469
56 118
56 147
56 154
56 187
56 256
56 351
56 460
57 75
57 153
57 272
57 285
57 291
57 326
57 349
57 411
57 435
58 82
58 160
58 312
58 366
58 437
58 474
58 486
59 98
59 158
59 249
59 266
59 339
59 448
59 468
60 80
60 204
60 332
60 347
60 364
60 372
60 397
60 442
60 443
60 448
61 62
61 238
61 361
61 380
61 451
62 74
62 188
62 229
62 266
62 350
62 356
62 426
62 431
62 449
63 153
63 172
63 204
63 271
63 275
63 282
63 361
63 380
63 427
64 108
64 180
64 203
64 210
64 228
64 274
64 300
64 349
64 422
64 447
64 490
65 281
65 290
65 310
65 331
65 440
65 487
66 133
66 154
66 183
66 245
66 249
66 287
66 333
66 335
66 351
66 381
66 440
66 479
66 485
67 81
67 267
68 255
68 332
68 366
68 455
68 478
68 484
69 74
69 103
69 154
69 163
69 221
69 224
69 266
69 440
69 452
70 144
70 159
70 262
70 339
70 413
71 141
71 155
71 159
71 166
71 181
71 185
71 198
71 201
71 222
71 319
71 320
71 359
71 381
71 443
71 496
72 263
72 338
72 355
72 371
72 399
72 410
72 418
73 99
73 151
73 159
73 163
73 296
73 308
73 359
73 365
73 377
74 143
74 187
74 213
74 281
74 310
74 341
74 364
74 368
74 425
75 123
75 210
75 264
75 284
75 289
75 324
75 372
75 483
76 94
76 111
76 131
76 155
76 255
76 282
76 299
76 322
76 360
76 365
76 478
76 486
77 97
77 142
77 178
77 189
77 236
77 255
77 363
78 91
78 105
78 157
78 185
78 223
78 322
78 338
78 389
78 434
78 473
78 498
79 121
79 175
79 183
79 285
79 299
79 362
79 363
79 493
80 106
80 126
80 183
80 197
80 210
80 216
80 493
81 102
81 236
81 294
81 297
81 486
82 91
82 104
82 180
82 244
82 324
82 329
82 384
82 464
83 125
83 222
83 300
83 311
83 348
83 361
83 437
84 102
84 167
84 215
84 244
84 260
84 303
84 321
84 347
85 139
85 189
85 200
85 250
85 265
85 292
85 327
85 411
85 435
86 181
86 243
86 325
86 327
87 132
87 170
87 184
87 205
87 211
87 257
87 259
87 341
87 344
87 476
88 143
88 224
88 245
88 320
88 347
88 353
88 400
89 255
89 268
89 283
89 361
89 413
89 421
89 440
89 467
89 471
90 116
90 125
90 166
90 173
90 192
90 197
90 272
90 342
90 422
91 142
91 251
91 263
91 343
91 404
92 121
92 230
92 233
92 289
92 303
92 403
92 467
93 125
93 154
93 190
93 219
93 249
93 316
93 329
93 388
93 481
94 103
94 133
94 138
94 209
94 305
94 350
95 116
95 139
95 156
95 222
95 276
95 292
95 361
95 363
95 365
95 426
95 496
96 114
96 122
96 137
96 199
96 200
96 234
96 299
96 303
96 353
96 354
96 355
96 368
96 424
96 495
97 104
97 107
97 118
97 122
97 157
97 180
97 204
97 301
97 312
97 325
97 327
97 398
98 128
98 150
98 276
98 336
98 413
99 170
99 193
99 203
99 208
99 221
99 252
99 283
99 321
99 324
99 339
99 347
99 360
99 463
100 117
100 151
100 172
100 265
100 276
100 278
100 318
100 384
100 430
100 499
101 156
101 256
101 284
101 338
101 345
101 379
101 388
101 412
102 194
102 231
102 266
102 301
102 315
102 351
102 441
102 455
102 466
102 467
103 145
103 162
103 220
103 394
103 426
103 430
104 112
104 145
104 198
104 199
104 238
104 278
104 314
104 345
104 368
104 418
104 428
104 481
105 198
105 201
105 250
105 282
105 335
105 380
105 404
105 423
105 427
105 436
105 439
106 144
106 155
106 181
106 186
106 216
106 246
106 252
106 378
106 452
106 481
107 163
107 218
107 350
107 458
107 471
108 144
108 177
108 263
108 266
108 296
108 303
108 338
108 357
108 380
108 407
108 429
108 465
108 497
109 146
109 254
109 351
109 366
109 378
109 405
109 421
110 147
110 177
110 231
110 253
110 393
110 445
110 495
111 222
111 295
111 333
111 374
111 406
111 414
111 445
112 150
112 239
112 276
112 371
112 372
112 376
112 411
112 425
113 114
113 142
113 144
113 233
113 237
113 294
113 322
113 394
113 405
114 149
114 236
114 278
114 279
114 324
114 399
114 436
114 450
114 456
114 483
115 171
115 183
115 204
115 217
115 249
115 266
115 283
115 313
115 335
115 352
115 460
115 493
116 130
116 160
116 211
116 265
116 292
116 307
116 367
116 373
116 401
116 403
116 410
116 430
116 439
116 473
117 223
117 241
117 341
117 354
117 444
117 465
118 122
118 134
118 313
118 353
118 441
119 128
119 161
119 207
119 336
119 350
120 145
120 146
120 179
120 196
120 211
120 250
120 260
120 275
120 289
120 312
120 336
120 373
120 467
120 495
121 160
121 192
121 284
121 303
121 401
121 402
121 475
122 136
122 235
122 241
122 331
122 399
122 411
122 481
123 132
123 273
123 324
123 326
123 329
123 347
123 467
124 131
124 196
124 221
124 226
124 242
124 291
124 324
125 196
125 270
125 354
125 439
125 444
125 450
125 480
125 496
126 135
126 223
126 237
126 250
126 334
126 337
126 386
126 388
126 454
127 150
127 270
127 497
128 224
128 248
128 259
128 276
128 457
128 472
128 474
129 212
129 237
129 309
129 369
129 396
129 492
130 222
130 310
130 318
130 403
130 421
131 238
131 259
131 273
131 328
131 336
131 339
131 375
131 381
131 410
131 423
132 163
132 164
132 167
132 231
132 240
132 256
132 312
132 338
132 358
132 454
133 163
133 201
133 304
133 360
133 412
134 166
134 184
134 211
134 221
134 239
134 298
134 352
134 358
134 368
134 397
134 418
135 261
135 424
135 437
135 452
135 473
136 155
136 159
136 232
136 241
136 296
136 378
136 391
136 440
136 466
136 468
136 473
137 294
137 321
137 331
137 364
137 379
137 471
138 233
138 243
138 368
138 445
139 208
139 262
139 347
139 390
139 457
139 459
139 478
140 159
140 174
140 176
140 218
140 281
140 293
140 294
140 409
140 418
140 469
140 492
141 201
141 204
141 217
141 244
141 245
141 249
141 312
141 330
141 345
141 473
141 494
142 187
142 205
142 209
142 264
142 348
142 352
142 394
142 440
143 168
143 180
143 324
143 336
143 369
144 148
144 205
144 269
144 294
144 436
144 443
145 218
145 257
145 273
145 367
145 414
145 428
145 486
146 264
146 298
146 305
146 346
146 418
146 446
146 469
147 214
147 333
147 359
147 399
147 428
148 180
148 199
148 369
148 425
148 462
149 217
149 239
149 269
149 340
149 387
150 250
150 262
150 334
150 436
150 475
151 207
151 268
151 285
151 315
151 363
151 453
151 490
152 224
152 225
152 236
152 293
152 312
152 445
153 185
153 194
153 208
153 310
153 332
153 342
153 393
153 461
153 489
153 493
154 188
154 234
154 255
154 326
154 387
154 392
154 399
154 418
154 437
154 471
154 496
155 188
155 239
155 336
155 424
155 450
156 246
156 275
156 312
156 347
156 372
156 454
157 213
157 222
157 304
157 325
157 345
157 389
157 438
157 455
158 164
158 183
158 222
158 258
158 323
158 370
158 390
158 415
158 421
158 438
158 460
158 469
158 476
159 237
159 251
159 283
159 315
159 435
160 200
160 219
160 257
160 265
160 333
160 404
160 450
160 482
160 488
161 164
161 205
161 297
161 395
161 396
161 436
161 481
162 204
162 243
162 333
162 378
162 387
162 424
162 429
163 191
163 201
163 220
163 288
163 333
163 344
164 210
164 311
165 203
165 235
165 260
165 281
165 297
165 355
165 438
166 270
166 299
166 338
166 367
166 380
166 438
167 172
167 180
167 252
167 265
167 329
167 335
167 364
167 400
167 422
167 446
167 499
168 298
168 336
168 386
168 392
168 415
169 192
169 252
169 330
169 331
169 375
169 409
170 287
170 298
170 357
170 377
170 382
171 264
171 278
171 293
171 331
171 476
172 175
172 214
172 283
172 376
172 390
172 400
172 416
172 480
173 190
173 354
173 423
173 431
173 481
174 189
174 254
174 371
174 372
174 396
174 435
174 462
174 470
175 196
175 317
175 332
175 336
175 387
175 459
175 482
175 489
176 177
176 193
176 221
176 276
176 293
176 301
176 484
177 213
177 237
177 244
177 254
177 318
177 338
177 424
177 437
177 467
178 210
178 226
178 285
178 290
179 266
179 300
179 344
179 387
180 239
180 262
180 304
181 239
181 247
181 334
181 395
181 433
181 440
182 222
182 265
182 456
182 464
183 248
183 400
183 436
183 462
183 498
184 200
184 279
184 374
184 411
185 268
185 287
185 294
185 299
185 337
185 479
185 491
186 202
186 315
186 334
186 376
186 382
187 335
187 404
187 408
187 435
187 471
188 244
188 308
188 313
188 336
188 365
188 448
188 476
189 197
189 279
189 303
189 315
189 325
189 350
189 394
189 429
190 196
190 215
190 294
190 331
190 374
190 440
190 492
191 344
192 195
192 236
192 253
192 276
192 296
192 349
192 363
192 422
192 446
192 469
192 472
193 219
193 310
193 321
193 371
193 377
193 396
193 400
193 457
194 363
194 425
194 451
195 217
195 296
195 317
195 333
195 335
195 359
195 367
196 253
196 270
196 381
196 382
196 414
196 421
196 426
196 465
196 466
196 481
197 275
197 293
197 352
197 410
197 465
197 467
197 484
198 203
198 238
198 299
198 326
198 341
198 364
198 388
198 472
199 200
199 216
199 226
199 275
199 293
199 315
199 368
199 420
200 305
200 316
200 480
201 244
201 260
201 291
201 418
201 445
202 231
202 320
202 409
202 412
202 442
202 472
202 483
202 491
203 345
203 366
204 336
204 364
204 399
204 424
205 231
205 313
206 403
206 408
206 428
206 437
207 281
207 308
207 359
207 448
207 480
208 256
208 271
208 332
208 459
209 215
209 229
209 235
209 275
209 381
209 458
210 217
210 417
211 245
211 261
211 295
211 370
211 398
211 411
212 286
212 299
212 366
212 420
212 451
212 497
213 222
213 311
213 404
213 406
214 322
214 415
214 446
215 250
215 422
215 493
216 342
216 416
216 455
216 456
216 467
217 218
217 246
217 320
217 323
217 401
218 258
218 297
218 385
218 397
218 468
218 485
219 263
219 393
219 397
219 400
219 424
220 244
220 279
220 291
220 335
220 353
220 401
220 443
221 324
221 333
221 374
222 262
222 304
222 316
222 323
222 348
222 364
222 378
222 426
222 437
222 478
223 254
223 292
223 316
223 319
223 342
223 412
223 418
224 234
224 237
224 287
224 429
224 460
224 466
224 471
224 485
225 405
225 462
226 276
226 324
226 392
226 403
226 417
226 440
227 276
227 283
227 322
227 380
227 398
227 409
227 496
228 233
228 247
228 498
229 267
229 272
229 282
229 306
229 342
229 371
229 444
230 300
230 375
230 400
230 427
231 235
231 251
231 324
231 359
231 360
231 459
231 494
232 259
232 291
232 348
232 360
232 367
232 368
232 402
232 425
233 273
233 342
233 391
233 426
233 434
233 444
233 448
233 459
233 493
234 282
234 292
234 352
234 377
235 238
235 277
235 353
235 364
235 373
236 253
236 427
236 449
236 452
236 490
237 267
237 354
237 413
237 416
237 424
237 449
237 477
238 263
238 405
238 423
238 431
238 433
238 460
239 240
239 258
239 319
239 333
239 374
239 411
239 432
240 293
240 317
240 324
240 346
240 367
240 387
240 435
240 450
240 453
240 475
240 493
241 246
241 312
241 321
241 324
242 273
242 291
242 431
242 449
243 266
243 304
243 481
243 489
244 279
244 326
244 371
244 379
244 387
244 418
244 429
244 492
245 262
245 264
246 303
246 322
246 474
247 320
247 375
247 387
247 403
247 449
247 463
248 283
248 328
248 339
248 374
248 430
248 479
249 372
249 388
249 429
249 439
250 265
250 372
250 375
250 392
251 292
251 408
251 447
251 480
252 278
252 282
252 299
252 352
252 362
252 412
252 480
253 344
253 368
253 372
253 384
253 406
253 496
253 498
254 290
254 297
254 320
254 372
254 397
254 413
255 288
255 329
255 372
255 374
255 447
255 450
256 291
256 304
256 328
256 336
256 395
256 397
256 476
256 482
256 491
257 287
257 325
257 379
257 444
258 305
258 397
258 409
258 415
258 431
258 453
259 402
259 429
259 486
260 319
260 362
260 405
260 455
260 480
260 491
261 287
261 321
261 445
262 354
262 425
262 488
263 268
263 371
263 472
263 479
264 274
264 303
264 318
264 382
264 404
264 419
264 429
264 490
265 275
265 297
265 352
265 419
265 434
265 440
265 451
265 485
266 287
266 296
266 334
266 350
266 427
266 485
267 396
267 399
267 480
267 492
268 278
268 374
268 453
268 477
268 481
269 298
269 314
269 430
269 433
270 342
270 343
270 344
270 351
270 408
270 428
271 293
271 321
271 371
271 389
271 390
271 397
271 456
272 290
272 305
272 325
272 360
272 394
272 441
272 486
273 287
273 295
273 302
273 312
273 406
273 412
273 457
274 376
274 378
274 382
274 390
274 450
275 298
275 336
275 413
275 424
275 457
275 465
275 477
275 486
276 304
276 478
276 481
276 493
277 279
277 306
277 317
277 327
277 334
277 387
277 437
278 300
278 319
278 349
278 399
278 436
279 317
279 365
279 437
280 321
280 323
280 417
280 448
280 468
280 485
280 493
281 312
281 393
282 311
282 343
282 367
282 389
282 464
282 498
283 289
283 298
284 362
284 396
284 403
284 416
284 426
284 488
284 494
285 325
285 383
285 395
285 413
285 423
285 477
286 327
286 334
286 335
286 352
286 386
286 417
286 476
287 324
287 374
288 320
288 330
288 338
288 340
288 373
288 442
288 460
289 329
289 412
289 448
289 458
290 312
290 321
291 351
291 453
292 303
292 318
292 321
292 392
292 420
292 437
292 455
294 307
294 334
294 385
294 387
294 485
295 341
295 347
295 448
296 311
296 453
298 374
298 483
298 489
299 305
299 452
300 307
300 329
300 368
300 473
301 307
301 349
301 356
301 394
301 465
303 336
303 381
303 458
304 329
304 405
304 412
304 422
304 463
304 485
305 316
305 397
305 400
305 452
305 483
306 329
306 396
306 425
306 499
307 377
307 410
307 416
307 484
308 335
308 436
309 317
309 340
309 385
309 402
309 403
309 418
310 370
310 391
310 445
310 471
311 327
311 448
312 433
312 467
313 411
313 416
313 429
314 374
314 439
314 476
315 320
315 329
315 379
315 380
315 422
316 344
316 410
316 433
317 429
317 458
318 368
318 416
318 428
318 466
319 356
319 444
319 445
319 450
319 451
319 469
320 341
320 400
320 444
321 454
322 487
323 365
323 369
323 392
323 428
323 451
323 462
323 475
324 469
325 361
325 421
325 485
326 380
326 389
326 489
327 359
327 395
327 453
327 470
328 364
328 402
328 476
329 389
329 392
329 394
329 458
330 383
330 440
330 444
330 454
330 477
330 488
331 366
331 377
331 379
331 395
331 442
332 392
332 397
332 415
332 449
333 337
333 360
333 378
333 398
333 410
334 336
334 425
335 363
335 371
335 390
335 415
335 431
336 362
336 374
336 425
336 442
337 339
337 414
337 452
337 456
338 394
338 446
339 363
339 385
339 443
339 480
339 488
340 364
340 385
340 436
340 455
340 464
341 345
341 356
341 378
341 484
342 348
342 483
342 485
343 360
343 372
343 421
343 479
344 359
344 461
344 482
344 498
345 371
345 394
345 410
345 490
346 413
346 424
346 437
346 476
347 404
347 422
347 479
348 428
348 437
348 452
349 350
349 393
349 395
349 407
349 449
350 407
350 437
350 442
351 352
351 403
351 416
351 433
351 456
352 448
353 368
353 407
353 429
353 458
353 480
354 425
354 428
354 430
354 432
354 485
354 494
355 458
355 464
356 388
356 411
356 485
356 486
357 366
357 384
357 390
357 460
357 470
358 366
358 373
358 444
358 476
361 472
362 376
362 429
362 441
363 396
364 370
364 378
365 369
365 378
365 464
366 439
366 453
367 499
368 442
368 499
369 378
369 391
369 476
369 496
370 376
370 398
370 405
370 464
370 497
371 392
371 408
372 381
372 427
372 448
372 450
372 468
373 453
373 462
373 474
373 485
374 376
374 451
374 462
375 438
375 461
375 488
377 446
377 455
377 484
378 428
378 453
379 402
379 404
379 420
380 411
380 455
380 470
380 485
381 412
381 415
382 404
382 489
383 420
383 421
383 468
384 429
384 446
385 417
385 498
386 390
386 415
387 414
387 435
387 436
387 486
387 497
388 417
388 495
389 424
389 432
390 430
390 485
391 432
392 403
392 460
393 472
394 426
394 443
394 445
394 476
395 422
397 445
397 479
398 403
398 424
398 444
398 468
398 497
399 420
400 453
401 452
401 459
402 431
402 435
402 437
402 446
402 452
402 453
402 472
403 446
403 478
404 414
404 447
404 448
406 496
407 492
408 435
408 475
409 499
410 431
410 486
412 428
412 465
412 493
413 447
415 435
415 471
416 417
416 487
419 436
419 454
419 460
419 473
421 465
422 452
424 433
425 442
426 435
427 488
428 455
428 456
428 464
429 446
429 497
430 442
430 449
431 464
432 495
434 480
434 494
435 463
435 485
436 441
436 459
436 472
437 455
437 463
439 448
439 478
441 485
441 490
441 495
443 459
443 484
444 455
444 475
446 473
447 476
449 455
449 457
449 484
450 466
451 470
451 475
452 457
452 465
452 480
454 491
454 492
454 496
456 458
456 483
457 460
457 484
459 471
460 464
462 465
462 485
463 487
464 480
465 490
466 469
468 491
469 490
470 474
471 490
475 486
476 496
478 492
480 482
480 485
483 486
487 499
491 496
492 493
0
9 499
