500	2512	 1
0 44
0 76
0 91
0 136
0 197
0 211
0 214
0 315
0 372
0 441
1 69
1 70
1 85
1 104
1 160
1 174
1 254
1 405
1 454
1 495
2 58
2 69
2 174
2 180
2 266
2 279
2 285
2 315
2 408
2 441
3 161
3 187
3 328
3 340
3 356
3 398
3 416
3 424
3 476
3 481
4 19
4 252
4 262
4 302
4 319
4 352
4 444
4 465
4 478
5 10
5 29
5 47
5 58
5 135
5 163
5 222
5 285
5 332
5 361
5 376
6 37
6 70
6 116
6 142
6 169
6 209
6 219
6 275
6 296
6 306
6 353
6 356
6 376
6 426
6 433
6 449
6 486
6 498
7 25
7 66
7 155
7 170
7 337
7 350
7 368
7 387
7 412
7 455
7 461
7 478
8 97
8 132
8 144
8 216
8 272
8 282
8 288
8 300
8 350
8 353
8 369
8 384
8 424
8 425
9 51
9 58
9 74
9 86
9 92
9 129
9 131
9 182
9 241
9 275
9 295
9 469
9 473
9 477
9 478
10 61
10 114
10 210
10 287
10 311
10 353
10 410
10 413
10 430
10 480
10 493
11 107
11 148
11 204
11 237
11 245
11 277
11 286
11 328
11 433
11 473
11 484
11 493
12 112
12 148
12 152
12 237
12 242
12 243
12 391
13 31
13 67
13 109
13 191
13 398
13 424
13 430
14 77
14 88
14 221
14 240
14 368
14 425
15 48
15 52
15 150
15 282
15 342
16 28
16 29
16 235
16 241
16 297
16 429
17 18
17 24
17 26
17 39
17 88
17 248
17 289
17 318
17 404
18 75
18 87
18 255
18 377
18 391
18 395
18 445
18 479
18 496
19 115
19 119
19 175
19 366
19 389
20 32
20 42
20 64
20 70
20 97
20 106
20 209
20 319
20 341
20 362
20 416
20 432
20 445
21 23
21 64
21 92
21 115
21 125
21 157
21 164
21 185
21 273
21 401
21 493
22 145
22 178
22 206
22 303
22 384
22 420
22 438
22 453
23 48
23 52
23 141
23 162
23 174
23 207
23 235
23 238
23 427
23 456
24 39
24 50
24 68
24 166
24 215
24 482
24 485
24 486
24 494
25 40
25 42
25 68
25 110
25 184
25 293
25 307
25 335
25 380
25 476
26 173
26 321
26 340
26 400
26 423
27 30
27 37
27 48
27 199
27 287
27 389
28 93
28 130
28 151
28 192
28 218
28 291
29 80
29 81
29 104
29 135
29 283
29 321
29 342
29 345
29 360
29 372
29 376
29 390
29 434
30 37
30 87
30 91
30 161
30 195
30 308
30 351
30 438
31 44
31 61
31 91
31 92
31 144
31 225
31 251
31 331
31 492
32 33
32 69
32 89
32 137
32 218
32 357
32 412
33 67
33 152
33 160
33 350
33 352
34 99
34 133
34 272
34 277
34 309
34 341
34 389
34 390
34 467
35 40
35 192
35 262
35 271
35 300
35 344
35 354
35 407
35 434
36 94
36 96
36 369
36 419
36 440
36 487
37 48
37 118
37 140
37 179
37 188
37 212
37 277
38 61
38 105
38 127
38 183
38 192
38 266
38 296
38 310
38 382
38 489
39 81
39 99
39 104
39 318
39 324
39 328
39 415
39 423
39 453
40 52
40 66
40 77
40 162
40 195
40 205
40 254
40 286
40 364
40 386
40 405
40 463
40 476
41 52
41 76
41 80
41 106
41 126
41 250
41 322
41 353
41 373
41 399
42 56
42 151
42 259
42 298
42 302
42 332
42 395
42 415
42 458
42 484
43 57
43 58
43 62
43 91
43 155
43 173
43 216
43 243
43 251
43 261
43 344
43 403
43 459
44 129
44 131
44 175
44 264
44 278
44 326
44 348
44 440
44 484
45 195
45 241
45 242
45 291
45 294
45 427
45 438
45 478
46 134
46 171
46 262
46 263
46 338
46 495
46 496
47 58
47 132
47 196
47 214
47 268
47 283
47 320
47 323
47 328
47 347
47 379
47 392
47 433
47 455
47 498
48 56
48 238
48 242
48 279
48 290
48 304
48 347
48 399
48 430
48 463
48 491
49 122
49 163
49 184
49 228
49 234
50 100
50 226
50 341
50 366
50 408
50 436
50 491
51 97
51 130
51 138
51 162
51 224
51 300
51 431
51 453
52 57
52 77
52 232
52 317
52 333
52 456
52 465
53 60
53 119
53 168
53 216
53 335
53 368
53 444
53 454
54 92
54 417
55 132
55 136
55 148
55 151
55 201
55 254
55 298
55 360
55 373
56 67
56 180
56 239
56 285
56 332
56 378
56 405
57 70
57 107
57 175
57 227
57 345
57 369
57 392
57 403
57 407
57 427
58 80
58 124
58 140
58 204
58 211
58 238
58 254
58 432
58 471
58 481
58 496
59 177
59 223
59 245
59 323
59 412
60 74
60 115
60 280
60 291
60 366
60 403
61 95
61 110
61 231
61 236
61 265
61 297
61 349
61 354
61 355
61 392
61 419
61 429
62 102
62 118
62 197
62 202
62 441
62 477
63 95
63 144
63 290
63 320
63 359
63 369
63 392
63 394
63 480
64 236
64 349
65 89
65 192
65 210
65 320
65 325
65 329
65 418
65 435
66 98
66 131
66 186
66 246
66 293
66 335
66 498
67 143
67 176
67 197
67 244
67 273
67 304
67 355
67 419
68 202
68 400
68 474
69 84
69 112
69 141
69 164
69 232
69 295
69 480
69 497
70 116
70 176
70 214
70 341
70 387
70 399
71 82
71 128
71 155
71 166
71 240
71 274
71 292
71 303
71 358
71 400
71 417
71 419
71 424
71 445
71 447
72 109
72 112
72 259
72 331
73 113
73 119
73 237
73 249
73 342
73 390
73 399
73 415
73 427
73 496
74 105
74 106
74 160
74 201
74 204
74 214
74 272
74 288
74 294
74 317
74 325
74 370
74 425
74 428
75 141
75 346
75 488
76 82
76 115
76 151
76 158
76 229
76 273
76 323
76 356
76 386
76 414
76 427
76 448
77 194
77 234
77 271
77 359
77 375
78 102
78 174
78 186
78 224
78 247
78 306
78 373
78 375
78 411
78 413
78 418
79 83
79 84
79 93
79 145
79 178
79 226
79 248
79 299
79 326
80 124
80 125
80 164
80 209
80 216
80 220
80 227
80 272
80 280
80 377
80 430
80 449
80 454
81 113
81 125
81 175
81 183
81 197
81 226
81 255
81 281
81 286
81 435
81 436
81 470
82 133
82 188
82 199
82 288
82 298
82 299
82 310
82 332
82 394
82 422
82 475
82 485
83 102
83 112
83 153
83 208
83 230
83 238
83 241
83 273
83 308
83 370
83 395
83 408
83 453
83 463
83 470
83 472
84 120
84 174
84 193
84 239
84 324
84 396
84 437
85 102
85 157
85 200
85 205
85 260
85 304
85 359
85 377
85 424
85 426
85 468
85 494
86 162
86 181
86 211
86 217
86 343
86 350
86 404
86 440
87 166
87 233
87 238
87 389
88 247
88 483
89 208
89 222
89 350
89 397
89 443
89 483
90 169
90 234
90 254
90 273
90 325
90 345
90 358
90 363
90 372
90 390
90 398
90 414
91 105
91 174
91 297
91 318
91 327
91 340
91 355
91 361
91 386
91 389
91 400
91 425
91 497
92 108
92 129
92 201
92 223
92 240
92 258
92 276
92 283
92 311
92 411
92 442
92 496
93 98
93 109
93 133
93 150
93 159
93 164
93 166
93 221
93 241
93 242
93 257
93 291
93 343
93 426
94 109
94 115
94 221
94 234
94 251
94 274
94 487
94 492
95 137
95 175
95 197
95 275
95 351
95 371
95 415
95 433
96 146
96 202
96 223
96 232
96 291
96 298
96 330
96 452
96 455
97 106
97 138
97 168
97 289
97 341
97 344
97 363
97 409
97 462
97 487
98 130
98 138
98 265
98 346
99 165
99 185
99 187
99 263
99 359
99 366
99 468
99 489
100 133
100 219
100 232
100 283
100 340
100 341
100 347
100 414
100 419
100 497
101 140
101 171
101 223
101 231
101 254
101 265
101 309
101 314
101 342
101 377
101 410
101 455
101 459
101 475
102 105
102 109
102 208
102 255
102 294
102 436
102 494
102 499
103 123
103 214
103 244
103 334
103 361
104 123
104 157
104 170
104 226
104 251
104 257
104 261
104 283
104 305
104 330
104 359
104 374
105 138
105 142
105 157
105 165
105 169
105 235
105 263
105 277
105 325
105 392
105 438
105 460
105 479
105 487
106 135
106 275
106 290
106 324
106 357
106 361
106 364
106 447
106 471
106 478
106 491
107 112
107 124
107 192
107 389
107 411
107 481
108 133
108 154
108 204
108 255
108 256
108 379
108 435
109 115
109 123
109 168
109 215
109 217
109 295
109 304
109 317
109 370
109 377
109 433
110 116
110 199
110 237
110 377
110 418
111 114
111 198
111 205
111 289
111 361
111 402
112 208
112 353
112 460
112 462
113 123
113 311
113 443
113 451
113 474
113 492
114 127
114 136
114 144
114 217
114 225
114 253
114 300
114 304
114 375
114 448
114 496
115 116
115 193
115 238
115 257
115 266
115 301
115 352
115 399
115 456
116 187
116 205
116 221
116 416
116 437
116 442
116 452
116 489
117 125
117 156
117 213
117 233
117 250
117 274
117 412
117 435
118 121
118 124
118 131
118 268
118 366
118 397
119 240
119 284
119 326
119 394
119 469
120 135
120 163
120 222
120 283
120 288
120 327
120 336
120 343
120 369
120 400
120 425
120 482
121 128
121 204
121 240
121 264
121 267
121 321
121 409
121 441
122 143
122 157
122 195
122 206
122 249
122 288
122 362
122 433
122 465
122 474
123 161
123 248
123 294
123 346
123 399
123 420
123 440
123 445
124 132
124 154
124 258
124 271
124 309
124 346
124 412
124 426
124 429
124 430
125 204
125 245
125 254
125 379
125 434
125 463
126 217
126 242
126 252
126 332
126 350
126 377
127 213
127 388
127 394
127 433
127 467
128 178
128 210
128 217
128 269
128 326
128 384
128 413
128 489
129 137
129 154
129 191
129 356
129 371
129 473
130 132
130 237
130 250
130 339
130 416
131 243
131 331
131 375
131 434
131 482
131 495
132 221
132 230
133 193
133 235
133 262
133 306
133 374
133 375
133 386
133 388
133 418
133 442
133 454
133 457
133 493
134 392
134 468
135 217
135 231
135 310
135 348
135 384
135 404
135 432
135 478
136 190
136 229
136 342
136 422
136 432
136 449
137 187
137 235
137 334
137 454
138 196
138 248
138 271
138 313
138 451
138 497
139 214
139 218
139 231
139 349
139 418
139 465
140 246
140 266
140 288
140 340
140 369
140 456
140 472
140 490
141 258
141 269
141 294
141 305
141 372
141 466
142 213
142 244
142 277
142 346
142 352
142 418
142 456
142 499
143 154
143 245
143 296
143 336
143 373
143 406
143 430
143 441
144 170
144 276
144 489
145 193
145 268
145 343
145 407
146 226
146 369
146 389
146 440
146 472
147 171
147 203
147 205
147 210
147 279
147 289
147 307
147 332
147 346
147 474
148 244
148 254
148 257
148 322
148 365
148 392
148 411
148 443
148 486
149 226
149 249
149 324
149 450
149 470
150 165
150 225
150 244
150 255
150 499
151 159
151 168
151 223
151 232
151 283
151 297
151 340
151 372
151 430
151 467
152 191
152 199
152 270
152 279
152 418
152 455
153 185
153 216
153 293
153 373
153 384
153 414
153 455
153 471
153 493
154 212
154 224
154 275
154 287
154 357
154 406
154 421
154 495
155 161
155 252
155 437
156 172
156 212
156 252
156 339
156 399
156 407
156 435
156 463
156 474
156 499
157 226
157 290
157 315
157 484
157 499
158 215
158 216
158 251
158 336
158 477
159 178
159 225
159 346
159 348
159 366
159 392
159 439
159 445
159 454
159 472
160 180
160 194
160 251
160 308
160 314
160 397
160 492
160 495
161 266
161 295
161 314
161 329
161 431
161 445
161 482
161 488
162 282
163 195
163 306
163 491
164 209
164 259
164 276
164 287
164 358
164 401
164 431
164 483
164 492
165 189
165 191
165 207
165 216
165 259
165 410
165 471
165 497
166 234
166 265
166 364
166 433
167 273
167 367
167 480
168 199
168 336
168 337
168 364
168 378
168 396
168 431
169 418
169 480
169 498
170 193
170 269
170 368
170 418
170 419
170 484
171 181
171 248
171 376
171 410
171 425
171 461
171 486
172 210
172 295
172 317
172 336
172 441
172 447
172 466
172 485
173 254
173 290
173 302
173 361
173 363
173 426
173 427
174 310
174 319
174 427
174 482
175 351
175 358
175 391
175 393
175 429
175 493
175 499
176 260
176 295
176 467
176 468
176 470
176 495
177 259
177 342
177 365
177 399
177 414
177 441
177 454
177 479
178 256
178 314
178 370
178 376
178 449
178 463
179 237
179 272
179 367
179 374
179 413
179 420
179 460
180 192
180 244
180 301
180 325
180 353
180 397
180 425
180 462
181 243
181 311
181 351
181 358
181 360
181 419
181 464
182 258
182 327
182 339
182 375
182 443
183 296
183 397
183 435
183 455
183 489
184 210
184 274
184 299
184 355
184 396
184 491
184 494
185 212
185 250
185 268
185 400
185 435
186 187
186 259
186 279
186 333
186 358
186 398
187 207
187 244
187 370
187 410
187 436
188 207
188 245
188 250
188 252
188 267
188 330
188 372
188 394
188 460
189 236
189 257
189 294
189 426
189 441
189 464
189 479
189 491
189 494
190 263
190 277
190 341
190 408
190 411
190 420
190 433
190 443
190 473
190 496
191 207
191 275
191 304
191 401
191 423
192 241
192 295
192 376
192 377
192 412
192 497
193 212
193 236
193 270
193 291
193 324
193 355
193 466
194 222
194 271
195 210
195 225
195 251
195 289
195 370
195 399
195 475
196 244
196 295
196 409
196 471
197 283
197 308
197 316
197 333
197 365
197 374
197 438
197 475
198 211
198 254
198 320
199 212
199 225
199 230
199 412
199 453
199 461
199 486
200 220
200 370
200 395
200 408
201 203
201 231
201 272
201 320
201 322
201 358
201 359
202 223
202 255
202 283
202 340
202 416
202 419
203 248
203 366
203 403
204 248
204 278
204 388
204 410
204 452
204 464
204 493
205 269
205 371
205 456
205 466
206 273
206 308
206 314
206 340
206 352
206 353
206 362
206 384
206 392
206 398
206 412
207 217
207 234
207 307
207 364
207 388
207 400
208 231
208 243
208 337
208 365
208 447
208 468
209 227
209 249
209 296
209 358
209 430
209 446
210 218
210 221
210 264
210 274
210 335
210 374
210 398
210 409
211 248
211 257
211 261
211 276
211 282
211 410
211 421
211 434
212 386
212 414
213 274
213 330
213 359
213 434
214 224
214 230
214 261
214 285
214 286
214 397
214 399
214 419
214 477
215 312
215 385
215 401
216 294
216 310
216 312
216 320
216 364
216 382
216 462
216 483
216 486
217 262
217 267
217 316
217 373
217 389
217 391
217 413
217 422
217 476
218 223
218 230
218 249
218 341
218 359
218 377
218 383
219 256
219 292
219 475
219 484
220 226
220 250
220 333
220 363
220 375
220 376
220 395
220 407
220 409
220 411
220 432
220 494
221 247
221 282
221 419
222 249
222 252
222 289
222 309
222 331
222 341
222 393
222 418
222 421
222 478
222 485
222 492
223 274
223 426
223 447
223 486
224 226
224 245
224 315
224 320
224 389
224 393
224 429
224 432
224 451
224 475
225 294
225 318
225 322
225 381
225 402
225 421
225 443
225 455
226 281
226 305
226 453
226 489
227 312
227 328
227 336
227 499
228 246
228 358
228 388
228 490
229 358
229 377
229 398
229 426
229 439
229 493
229 496
230 253
230 290
230 379
230 411
230 432
230 435
230 451
230 497
231 272
231 282
231 284
231 286
231 316
231 371
231 378
231 401
231 432
231 434
231 451
232 239
232 276
232 401
233 393
233 442
233 459
234 272
234 278
234 370
234 371
234 377
234 432
234 440
234 460
235 312
235 316
235 338
235 340
235 445
236 239
236 310
236 312
236 412
236 443
236 458
237 243
237 298
237 343
237 400
237 478
238 239
238 287
238 303
239 257
239 333
239 351
239 368
239 385
239 396
239 443
240 255
240 263
240 303
240 311
240 322
240 354
240 357
240 426
241 326
241 344
241 376
241 389
241 421
241 453
241 470
242 289
242 357
242 414
243 297
243 424
243 428
243 439
244 303
244 304
244 325
244 343
244 347
244 406
245 293
245 325
245 426
245 437
245 446
245 449
245 468
246 328
246 360
246 421
246 450
246 463
247 260
247 298
247 362
248 268
248 344
248 345
248 372
248 386
248 402
248 425
248 460
248 469
249 321
249 429
249 452
250 260
250 262
251 257
251 351
251 357
251 421
251 467
251 475
252 351
252 376
252 432
252 498
253 278
253 280
253 306
253 406
253 423
253 493
254 334
254 431
254 432
254 439
254 485
255 261
255 291
255 457
256 427
256 452
256 460
257 288
257 359
257 420
257 448
257 479
258 273
258 284
258 290
258 407
258 418
258 471
259 369
259 408
259 469
259 490
260 267
260 376
260 438
261 307
261 337
261 424
261 459
261 485
262 359
262 363
262 394
262 404
262 417
262 444
262 481
263 310
263 317
263 357
263 381
263 428
264 298
264 329
264 368
264 448
265 280
265 477
266 291
266 328
266 336
266 356
266 392
266 445
267 296
267 356
267 364
267 465
268 399
268 442
268 458
268 497
269 297
269 447
269 482
270 317
270 367
270 390
270 417
270 427
271 320
271 343
271 351
271 359
271 423
271 456
272 300
272 310
272 380
272 383
272 384
272 385
272 495
273 276
273 337
273 338
273 344
273 359
273 464
273 467
274 322
274 328
274 358
274 391
274 398
274 413
274 466
275 291
275 351
275 368
276 288
276 298
276 308
276 327
276 382
276 394
276 438
276 460
276 462
276 483
277 313
277 330
277 465
277 474
278 309
278 393
278 443
279 327
279 364
279 436
280 300
280 311
280 433
280 466
280 476
281 300
281 441
281 454
282 295
282 366
282 367
282 413
282 453
282 460
282 472
283 349
283 402
283 469
283 479
283 488
284 286
284 320
284 401
284 469
284 488
285 337
285 354
285 435
285 482
285 484
286 308
286 364
287 305
287 399
287 413
287 451
287 472
288 307
288 417
288 455
289 296
289 297
289 340
289 404
289 482
290 314
290 494
291 360
291 428
291 487
291 493
291 495
291 499
292 381
292 394
292 446
293 349
293 455
293 498
294 366
294 398
294 446
295 344
295 368
295 383
295 390
295 412
295 417
295 428
295 434
295 441
295 457
295 465
295 497
296 374
296 496
297 386
297 431
298 446
298 467
299 302
299 437
299 444
299 479
300 389
300 473
301 327
301 399
301 407
301 419
301 458
301 482
302 318
302 342
303 313
303 356
303 358
303 466
303 474
303 498
304 397
304 467
305 312
305 362
305 383
305 412
305 447
306 308
306 350
306 431
306 447
306 454
306 474
306 499
307 360
307 433
307 439
307 459
307 470
307 499
308 366
308 376
308 410
308 445
308 455
309 381
309 445
309 456
309 498
310 350
310 391
310 409
310 435
311 323
311 401
311 425
311 478
312 316
312 335
312 352
312 359
312 420
312 423
312 465
313 355
313 395
313 428
313 464
314 407
314 442
314 446
315 379
315 448
315 495
315 498
316 321
316 367
316 413
316 449
316 454
316 480
317 326
317 337
317 361
317 453
317 461
317 473
318 420
318 469
319 326
319 356
319 387
319 418
319 464
320 363
320 386
320 391
320 405
320 432
320 435
320 452
320 489
321 366
321 386
321 392
321 406
321 411
321 490
322 381
322 407
322 476
323 347
323 371
323 411
323 427
323 476
323 488
323 491
324 434
324 438
324 480
325 335
325 361
325 369
325 436
326 390
327 349
327 415
328 381
328 438
328 466
328 489
329 358
329 371
329 375
329 405
329 432
329 448
330 355
330 372
330 420
330 428
331 356
331 407
331 412
331 442
331 445
331 458
332 411
332 419
333 406
333 408
333 488
335 376
335 394
335 404
335 447
335 462
336 369
336 411
336 422
336 434
337 361
337 447
338 384
338 395
338 445
338 476
338 482
338 491
340 422
340 480
341 351
341 354
341 429
341 462
342 364
342 376
342 471
343 354
343 459
343 489
344 352
344 362
344 400
344 443
344 444
344 463
345 450
345 474
346 384
346 401
346 423
346 430
346 458
346 473
347 354
348 356
348 375
348 445
348 492
349 350
349 361
349 364
349 416
349 432
349 458
350 354
350 356
350 399
350 453
351 372
351 385
351 416
352 359
352 475
353 359
353 374
353 376
354 492
355 364
355 381
355 419
356 362
356 428
356 442
357 369
357 415
357 435
357 439
357 473
358 380
358 426
359 381
359 403
360 447
361 380
362 368
363 381
363 424
363 441
363 494
364 377
364 411
364 476
364 480
364 488
364 498
366 434
366 489
367 401
367 430
367 476
368 407
368 413
368 417
368 480
369 407
369 414
369 450
369 469
369 475
369 488
371 412
371 465
371 482
372 391
372 452
372 468
372 479
373 380
373 395
373 454
374 470
374 478
375 382
375 432
375 469
376 421
377 391
378 390
378 404
379 418
380 416
381 412
381 456
381 459
382 446
383 474
384 412
384 425
384 469
385 428
385 455
386 412
386 428
386 476
387 483
388 437
388 450
389 401
389 439
390 396
390 399
390 413
390 442
390 446
390 451
391 435
391 477
392 398
392 445
393 417
393 464
394 489
394 496
395 416
395 424
396 416
397 465
397 494
399 415
399 417
400 437
402 463
402 497
403 415
403 434
403 481
404 407
404 438
404 495
405 414
406 411
406 418
407 468
407 497
408 419
408 421
408 498
409 494
410 419
411 499
412 426
412 492
413 455
413 464
414 484
415 491
416 499
418 419
418 422
419 473
420 461
420 492
421 425
421 451
421 474
422 457
423 450
423 451
423 455
424 450
425 428
426 430
427 491
429 432
429 473
429 494
430 449
431 443
433 491
434 480
436 478
437 450
437 485
437 486
438 456
438 467
438 498
438 499
440 490
441 490
442 472
442 493
443 450
443 492
445 461
445 465
445 473
447 472
447 478
448 490
449 475
451 482
453 487
455 495
458 471
462 485
464 475
466 491
468 470
468 496
470 490
472 476
476 493
479 483
479 488
479 497
483 487
484 488
0
9 499
