500	2473	 1
0 151
0 219
0 248
0 291
0 329
0 373
0 468
0 493
1 11
1 25
1 50
1 166
1 194
1 240
1 242
1 261
1 371
1 468
1 476
1 477
1 486
2 44
2 56
2 57
2 101
2 124
2 236
2 238
2 286
2 492
3 5
3 29
3 107
3 135
3 138
3 189
3 198
3 242
3 247
3 268
3 304
3 396
3 441
3 469
4 34
4 94
4 149
4 205
4 291
4 385
4 394
4 484
5 36
5 42
5 85
5 247
5 289
5 311
5 312
6 168
6 177
6 208
6 267
6 471
6 479
7 17
7 97
7 115
7 228
7 288
7 459
8 159
8 243
8 257
8 281
8 325
8 357
8 447
8 450
9 111
9 172
9 214
9 267
9 278
9 425
9 431
9 437
10 26
10 43
10 107
10 165
10 185
10 200
10 282
10 301
10 400
10 428
11 28
11 64
11 91
11 106
11 382
11 397
11 449
12 25
12 30
12 44
12 71
12 93
12 207
12 265
12 312
12 359
12 386
12 432
12 485
13 26
13 52
13 96
13 108
13 265
13 316
13 452
13 477
14 67
14 81
14 198
14 223
14 241
14 266
14 272
14 428
14 490
14 499
15 109
15 135
15 158
15 168
15 239
15 242
15 324
15 375
15 407
15 416
15 429
15 431
15 453
15 463
16 25
16 155
16 174
16 217
16 223
16 251
16 255
16 278
16 301
16 354
16 382
16 385
16 402
16 404
16 405
16 414
16 425
17 121
17 140
17 335
18 55
18 73
18 111
18 125
18 142
18 177
18 179
18 223
18 236
18 252
18 377
18 412
18 486
19 45
19 48
19 53
19 57
19 59
19 98
19 266
19 268
19 278
19 489
20 85
20 140
20 173
20 205
20 400
20 415
21 57
21 254
21 321
21 327
21 447
21 487
22 51
22 64
22 230
22 281
22 398
22 431
22 490
23 50
23 55
23 234
23 283
23 292
23 313
23 314
23 319
23 347
23 360
23 468
23 494
24 175
24 229
24 298
24 304
24 357
24 427
24 446
25 28
25 62
25 130
25 136
25 154
25 187
25 196
25 212
25 214
25 339
25 371
26 33
26 34
26 65
26 126
26 183
26 201
26 232
26 242
26 265
26 294
26 311
26 458
27 155
27 157
27 279
27 301
27 478
27 482
28 36
28 161
28 183
28 211
28 290
28 313
28 337
28 367
28 417
28 483
28 485
28 498
29 75
29 177
29 289
29 325
29 348
29 351
29 372
29 374
29 425
29 461
30 101
30 121
30 164
30 183
30 223
30 243
30 281
30 394
30 419
30 449
30 478
31 210
31 302
31 373
31 375
31 430
31 488
31 494
32 104
32 121
32 195
32 207
32 215
32 225
32 263
32 279
32 325
32 371
32 390
32 421
33 69
33 104
33 116
33 183
33 303
33 308
33 358
33 374
33 497
34 51
34 66
34 130
34 136
34 175
34 179
34 271
34 283
34 303
34 337
34 458
35 85
35 125
35 142
35 172
35 226
35 231
35 487
36 53
36 89
36 140
36 155
36 232
36 293
36 304
36 330
36 478
36 480
37 84
37 178
37 206
37 308
37 309
37 387
37 422
37 433
37 453
37 465
38 198
38 210
38 248
38 271
38 348
38 435
39 73
39 167
39 241
39 296
39 381
39 382
39 420
39 421
39 484
40 59
40 82
40 118
40 186
40 252
40 253
40 346
40 353
40 417
40 462
41 119
41 234
41 258
41 331
41 347
41 394
41 443
42 53
42 74
42 76
42 86
42 229
42 244
42 311
42 326
42 384
42 411
43 151
43 275
43 340
43 414
44 109
44 119
44 175
44 257
44 408
44 453
44 467
44 468
45 151
45 163
45 184
45 270
45 335
45 484
45 489
46 143
46 166
46 189
46 219
46 248
46 278
46 347
47 69
47 120
47 147
47 188
47 278
47 307
47 315
47 316
47 365
47 452
48 89
48 91
48 132
48 138
48 162
48 196
48 199
48 249
48 302
48 317
48 324
48 338
48 350
48 366
48 376
49 89
49 102
49 282
49 299
49 307
49 475
50 59
50 78
50 144
50 301
50 333
50 420
50 475
51 54
51 165
51 235
51 295
51 312
51 466
52 72
52 95
52 160
52 172
52 270
52 327
52 382
52 415
52 417
52 477
53 92
53 176
53 197
53 239
53 298
53 325
53 340
53 344
53 432
53 445
53 470
54 88
54 128
54 169
54 172
54 219
54 273
54 296
54 363
54 427
54 432
55 125
55 195
55 230
55 246
55 277
55 297
55 314
55 337
55 441
55 456
55 478
56 132
56 252
56 289
56 293
56 296
56 332
56 392
56 491
56 495
57 63
57 124
57 191
57 232
57 270
57 333
57 360
57 458
57 464
57 473
58 150
58 162
58 239
58 245
58 336
58 354
58 356
58 413
58 455
58 475
59 104
59 219
59 327
59 349
59 375
59 396
59 499
60 97
60 123
60 144
60 160
60 180
60 276
60 313
60 361
60 376
60 381
60 439
60 445
61 68
61 76
61 133
61 220
61 249
61 279
61 300
61 377
61 467
62 126
62 146
62 156
62 185
62 337
62 414
62 420
62 460
63 100
63 154
63 189
63 245
63 285
63 300
63 313
63 371
63 381
63 398
63 430
64 79
64 127
65 68
65 167
65 202
65 279
65 289
65 373
65 393
65 428
65 498
66 96
66 174
66 187
66 282
66 331
66 478
67 112
67 140
67 191
67 194
67 302
67 348
67 428
67 483
67 498
68 107
68 131
68 156
68 195
68 238
68 287
68 303
68 305
68 448
68 466
69 102
69 144
69 164
69 219
69 333
69 365
69 372
69 393
70 120
70 173
70 202
70 277
70 405
70 466
71 119
71 138
71 139
71 173
71 203
71 223
71 224
71 320
71 366
71 476
72 100
72 144
72 182
72 204
72 221
72 286
72 314
72 322
72 367
72 400
72 455
73 108
73 152
73 224
73 226
73 403
73 438
73 480
73 495
73 498
74 84
74 133
74 162
74 181
74 228
74 278
74 317
74 318
74 403
74 407
74 408
74 460
75 111
75 166
75 265
75 330
75 368
75 386
75 440
75 455
75 470
75 475
76 99
76 198
76 247
76 450
76 495
77 80
77 139
77 366
77 386
77 396
77 420
77 469
77 487
78 83
78 124
78 265
78 266
78 299
78 320
78 349
78 488
79 98
79 200
79 208
79 212
79 265
79 272
79 311
79 371
79 408
79 420
79 468
79 471
80 93
80 185
80 199
80 313
80 343
80 360
80 388
80 415
80 427
80 432
80 499
81 146
81 227
81 467
81 471
82 138
82 158
82 167
82 281
82 307
82 335
83 140
83 141
83 148
83 154
83 204
83 233
83 250
83 254
83 332
83 359
83 418
83 428
83 472
84 118
84 124
84 196
84 218
84 471
85 140
85 171
85 188
85 202
85 275
85 352
85 415
85 436
85 464
85 494
85 496
86 157
86 227
86 239
86 273
86 283
86 313
86 392
87 172
87 177
87 205
87 214
87 370
87 382
87 385
87 445
87 446
87 450
87 453
87 470
88 400
88 418
88 427
88 450
89 153
89 161
89 185
89 234
89 338
89 345
89 399
89 431
89 438
89 463
90 106
90 130
90 222
90 236
90 237
90 261
90 299
90 372
90 397
90 411
90 429
90 470
90 479
91 119
91 133
91 140
91 159
91 256
91 317
91 365
91 390
91 391
92 101
92 144
92 284
92 320
92 343
92 365
92 374
92 486
93 108
93 135
93 188
93 213
93 229
93 279
93 388
93 390
93 436
93 438
93 485
94 136
94 159
94 231
94 315
94 340
94 381
94 436
95 142
95 180
95 206
95 213
95 290
95 376
95 393
95 403
95 436
95 438
95 494
95 495
96 138
96 164
96 170
96 237
96 256
96 276
96 295
96 320
96 337
96 379
96 389
97 99
97 294
97 331
97 339
97 351
97 362
97 384
97 389
97 398
97 451
97 459
98 175
98 191
98 193
98 200
98 202
98 239
98 280
98 330
98 347
98 379
99 161
99 252
99 379
99 409
99 424
99 425
99 473
100 108
100 159
100 221
100 254
100 330
100 370
100 425
100 482
101 112
101 175
101 196
101 244
101 298
101 301
101 438
101 473
102 118
102 119
102 202
102 292
102 343
102 347
102 352
102 380
102 392
102 425
102 477
102 499
103 288
103 313
103 320
103 495
104 117
104 131
104 175
104 219
104 226
104 229
104 260
104 352
104 400
105 121
105 143
105 147
105 180
105 314
105 335
105 371
105 378
105 442
105 487
106 147
106 281
106 286
106 289
106 426
106 433
106 435
107 179
107 187
107 302
107 309
107 386
107 410
107 425
107 496
108 178
108 203
108 209
108 311
108 349
108 468
108 492
109 115
109 232
109 383
109 433
110 243
110 375
110 460
110 485
111 136
111 138
111 159
111 166
111 205
111 266
111 302
111 325
111 355
111 371
111 406
111 443
112 116
112 152
112 186
112 203
112 216
112 262
112 325
112 378
112 433
113 187
113 208
113 213
113 358
113 379
113 449
113 455
113 465
113 482
114 201
114 220
114 235
114 341
114 351
114 365
114 372
114 385
114 410
114 442
114 462
114 490
115 188
115 252
115 283
115 293
115 312
115 370
115 419
115 444
115 447
115 487
116 152
116 179
116 280
116 295
116 313
116 331
116 341
116 345
116 357
116 358
116 367
116 373
116 388
116 411
116 417
117 166
117 183
117 214
117 376
117 377
117 385
118 173
118 225
118 236
118 282
118 287
118 465
118 488
119 176
119 265
119 290
119 363
119 388
119 445
119 457
119 482
120 172
120 180
120 223
120 231
120 313
120 318
120 328
120 342
120 346
120 398
121 136
121 165
121 388
121 409
121 481
121 497
122 216
122 223
122 276
122 423
122 427
122 440
123 140
123 357
123 362
123 390
123 465
124 195
124 197
124 337
124 343
124 386
124 431
125 157
125 236
125 243
125 250
125 259
125 285
125 321
125 324
125 378
125 486
126 151
126 286
126 401
127 145
127 151
127 159
127 172
127 175
127 176
127 245
127 259
127 260
127 277
127 298
127 336
128 138
128 165
128 181
128 186
128 193
128 248
128 278
128 333
128 337
128 365
128 373
128 497
129 143
129 148
129 169
129 176
129 269
129 271
129 295
129 311
129 337
129 344
129 351
129 374
129 377
129 394
129 408
129 412
129 437
129 498
130 194
130 206
130 256
130 358
130 406
130 446
131 173
131 179
131 271
131 362
131 404
131 453
132 140
132 213
132 218
132 305
132 445
132 447
132 459
133 378
134 236
134 274
134 337
134 363
134 368
134 374
134 413
134 424
134 487
135 136
135 303
135 323
136 175
136 178
136 241
136 252
136 265
136 278
136 333
137 148
137 228
137 287
137 316
137 377
137 422
137 440
138 207
138 247
138 262
138 277
138 365
138 378
138 429
138 493
139 168
139 176
139 246
139 283
139 357
139 368
139 446
140 169
140 220
140 295
140 396
140 488
141 187
141 200
141 226
141 260
141 277
141 301
141 309
141 314
141 315
141 327
141 341
141 418
141 479
142 155
142 185
142 205
142 240
142 317
142 334
142 446
143 193
143 203
143 205
143 212
143 274
143 306
143 310
143 392
143 439
144 177
144 221
144 239
144 246
144 314
144 316
144 385
144 391
144 405
145 211
145 341
145 378
145 423
145 450
145 487
146 158
146 233
146 369
147 149
147 214
147 276
147 332
147 353
147 399
147 410
147 432
149 173
149 205
149 224
149 285
149 302
149 306
149 339
149 452
150 156
150 158
150 176
150 334
150 376
150 496
151 317
151 408
151 463
151 474
152 155
152 255
152 387
152 398
152 409
152 434
152 451
152 456
153 160
153 205
153 207
153 242
153 422
153 437
153 465
154 178
154 260
154 306
154 347
154 384
154 417
154 496
154 498
155 195
155 204
155 207
155 226
155 285
155 348
155 394
155 410
155 441
155 446
155 484
155 485
156 204
156 246
156 406
156 424
156 425
156 455
156 470
157 206
157 240
157 243
157 278
157 314
157 371
157 421
157 460
157 464
157 474
157 484
157 498
157 499
158 169
158 220
158 286
158 381
159 171
159 181
159 228
159 230
159 232
159 330
159 399
159 448
159 464
160 170
160 256
160 264
160 352
160 358
160 444
161 163
161 189
161 228
161 230
161 248
161 309
161 384
161 463
162 216
162 321
162 327
162 343
162 405
162 412
162 419
163 214
163 318
164 200
164 238
164 273
164 322
164 326
164 333
164 365
164 372
164 404
165 181
165 205
165 357
165 399
165 472
166 181
166 204
166 238
166 425
166 455
167 250
167 264
167 295
167 324
167 326
167 333
167 362
168 217
168 256
168 372
168 423
169 247
169 295
169 353
170 198
170 251
170 292
170 331
170 367
170 400
171 184
171 186
171 198
171 221
171 245
171 253
171 290
171 418
171 423
171 466
172 193
172 386
172 399
172 400
172 432
172 435
172 491
173 379
173 412
173 415
173 449
173 450
174 328
174 376
174 381
174 454
174 458
175 229
175 230
175 388
175 419
175 448
176 183
176 186
176 224
176 374
176 498
177 193
177 212
177 229
177 300
177 385
177 414
177 431
177 448
178 235
178 244
178 282
178 313
178 349
178 350
178 417
178 427
179 191
179 192
179 264
179 267
179 346
179 425
179 470
179 491
180 235
180 236
180 367
180 381
180 382
180 400
181 333
181 357
181 421
181 451
181 465
182 257
182 262
182 289
182 307
182 329
182 376
182 432
182 463
182 481
183 199
183 247
183 268
183 269
183 474
184 188
184 241
184 275
184 281
184 290
184 315
184 330
184 364
184 378
184 437
185 298
185 309
185 321
185 345
185 347
185 368
185 370
186 192
186 193
186 207
186 241
186 243
186 331
186 351
186 388
186 411
186 481
187 377
187 443
188 226
188 293
188 304
188 431
189 266
189 373
190 357
190 482
191 262
191 296
191 419
191 423
191 438
191 454
191 490
191 498
192 219
192 250
192 278
192 282
192 461
192 472
193 197
193 232
193 267
193 326
194 201
194 252
194 271
194 334
194 386
194 403
194 432
194 441
194 469
195 274
195 276
195 323
195 350
195 356
195 401
195 467
195 495
196 201
196 372
196 376
196 404
196 405
196 414
196 432
196 444
197 216
197 244
197 268
197 280
197 325
197 327
197 492
197 495
198 236
198 305
198 351
198 375
198 385
198 411
199 274
199 287
199 410
199 442
199 468
199 481
200 250
200 363
200 420
200 423
200 441
201 211
201 285
201 302
201 304
201 305
201 336
201 395
201 396
201 397
201 401
202 324
202 404
202 449
203 327
203 380
203 420
203 422
203 482
203 483
203 484
204 219
204 499
205 255
205 261
205 423
205 431
206 233
206 240
206 278
206 284
206 288
206 412
206 488
207 280
207 329
207 373
207 433
207 492
208 224
208 265
208 278
208 365
208 384
209 265
209 382
209 401
209 483
209 498
210 265
210 274
210 378
210 418
210 432
210 441
210 466
210 497
211 256
211 293
211 305
211 316
211 322
211 335
211 474
211 478
212 239
212 251
212 286
212 342
212 406
212 456
212 464
212 488
213 320
213 351
213 431
213 440
213 452
214 272
214 306
214 326
214 425
214 438
214 494
215 287
215 304
215 389
215 402
216 227
216 229
216 424
216 484
216 498
217 421
217 474
218 367
218 440
218 465
219 291
219 384
219 440
219 460
220 325
220 376
220 424
220 443
221 244
221 387
221 476
221 495
222 265
222 272
222 320
222 322
222 415
222 419
222 480
223 241
223 405
223 435
223 456
224 280
224 285
224 324
224 352
224 353
224 390
224 430
224 451
225 328
225 341
225 352
225 355
225 474
226 252
226 299
226 462
227 306
227 310
227 318
227 353
227 378
227 427
227 450
228 243
228 249
228 299
228 329
228 493
229 315
229 357
229 396
229 418
229 446
229 468
230 267
230 397
230 464
231 330
231 360
231 400
231 465
231 485
232 246
232 290
232 357
232 377
232 442
232 497
233 243
233 329
233 361
233 383
234 238
234 321
234 378
234 412
234 416
234 430
234 448
235 308
235 391
235 404
235 424
236 247
236 255
236 258
236 293
236 341
236 429
236 441
237 316
237 344
237 345
237 394
237 482
238 272
238 362
238 451
239 252
239 378
239 481
239 497
240 299
240 354
240 400
241 304
241 315
241 439
242 334
242 351
242 381
242 419
242 433
242 434
242 452
242 465
243 323
243 372
243 383
243 388
243 424
243 453
244 294
244 303
244 358
244 371
244 388
245 270
245 287
245 294
245 297
246 337
246 375
247 256
247 263
247 460
247 463
248 296
248 342
248 343
248 428
248 486
248 492
249 270
249 357
249 391
249 397
249 420
250 406
250 435
251 302
251 339
251 340
251 350
251 428
252 253
252 280
252 308
252 321
252 329
252 332
252 392
252 428
252 441
252 447
253 285
253 341
253 346
253 356
253 378
253 427
253 431
254 260
254 275
254 276
254 317
254 333
254 379
254 381
254 412
254 450
254 473
255 261
255 270
255 426
255 451
256 323
256 363
256 431
256 462
256 491
257 348
257 359
257 457
257 492
258 331
258 372
258 378
258 379
258 380
258 385
258 389
258 460
259 268
260 301
260 302
260 328
260 335
260 439
261 262
261 284
261 370
261 380
261 383
261 494
261 498
262 284
262 324
262 460
263 431
263 437
263 486
264 285
264 356
264 389
264 461
265 456
266 272
266 349
266 373
266 435
266 447
267 308
267 342
267 481
268 352
268 368
268 483
268 489
269 291
269 329
269 343
269 350
269 409
269 497
270 325
270 433
270 448
270 450
271 301
271 364
271 462
271 471
271 479
271 494
272 277
272 286
272 393
272 415
272 433
272 499
273 279
273 297
273 468
273 481
273 482
274 305
274 307
274 407
274 465
275 415
275 446
276 278
276 285
276 313
276 324
276 332
277 358
277 360
277 364
277 378
277 395
277 413
277 447
278 343
278 347
278 441
279 336
279 345
279 451
280 405
280 433
280 475
281 388
281 409
281 413
281 443
281 491
282 284
282 386
282 408
282 427
282 449
282 492
283 335
283 413
283 473
284 301
284 403
284 473
284 476
285 309
285 443
285 454
286 431
286 434
286 487
287 313
287 315
287 369
287 429
287 431
287 436
288 318
288 427
289 292
289 377
289 464
289 486
290 329
290 420
290 437
290 489
290 492
291 305
291 390
291 394
291 399
291 446
291 450
291 453
291 479
292 350
292 383
292 445
292 468
293 352
293 362
293 428
294 328
294 412
294 449
295 298
295 344
295 351
295 360
295 383
295 437
295 497
296 301
296 341
296 392
296 422
296 452
296 486
297 298
297 314
297 324
297 386
297 473
298 350
298 381
298 448
298 453
299 369
299 393
299 433
300 306
300 308
300 318
300 375
300 409
300 462
300 494
301 316
301 431
301 434
301 485
302 377
302 439
302 462
303 314
303 324
303 385
303 400
303 451
304 319
304 406
304 442
304 493
305 328
306 308
306 327
306 423
306 434
306 492
307 348
307 394
307 450
308 315
308 395
308 430
308 466
309 323
309 327
309 468
309 489
310 312
310 380
310 409
310 421
310 471
311 319
312 337
312 358
312 465
313 359
313 457
313 478
314 343
314 345
314 433
314 463
315 335
315 400
315 451
315 497
316 349
316 461
316 489
317 339
317 439
317 470
318 325
318 332
318 390
318 409
318 453
318 467
319 340
319 442
319 456
319 476
320 386
320 392
320 395
320 412
321 336
322 372
322 394
322 485
323 418
323 436
323 444
323 482
324 355
324 356
324 380
324 433
324 450
324 476
324 494
324 495
325 340
325 375
325 428
326 334
326 463
326 478
327 390
327 471
328 340
328 362
328 384
329 380
329 409
329 458
329 469
330 338
330 344
330 378
330 392
330 407
330 443
330 452
330 484
331 345
331 412
331 440
331 496
332 334
332 382
332 401
333 336
333 369
333 482
334 367
334 368
334 492
335 467
336 337
336 387
336 427
336 442
336 490
337 359
337 427
337 439
337 440
337 458
337 469
338 369
338 461
338 489
339 342
339 374
339 403
339 438
339 443
339 449
339 483
340 351
340 411
340 446
341 489
342 363
342 458
343 363
344 382
344 405
344 436
345 360
345 362
345 446
346 379
346 449
346 462
347 354
347 416
347 465
348 438
348 444
348 447
349 358
349 464
349 492
350 374
350 386
350 443
350 466
350 486
351 401
351 449
352 439
352 481
353 423
353 494
354 390
354 410
354 423
354 465
354 498
355 427
355 441
355 447
356 415
356 429
356 457
357 364
357 400
357 431
357 482
358 405
358 413
358 476
359 422
360 373
360 374
360 385
360 497
361 387
361 458
362 383
362 419
363 446
363 458
364 446
365 374
366 403
367 374
368 371
369 469
370 413
371 375
371 380
371 439
371 451
371 465
372 495
373 481
374 376
374 471
375 431
376 496
377 387
377 389
377 483
378 418
378 422
379 397
379 420
380 401
380 483
380 490
381 391
381 417
382 475
383 428
383 459
384 390
384 452
385 467
386 409
386 446
386 450
386 491
386 499
387 393
387 422
387 466
388 415
388 439
388 452
388 468
388 481
389 417
389 419
389 449
390 453
391 419
393 450
394 421
394 453
395 470
395 480
396 476
396 486
396 496
397 429
397 453
397 499
399 425
399 462
399 479
400 478
400 496
401 478
401 493
402 405
403 486
406 413
406 419
406 473
406 481
407 491
408 424
408 429
409 478
409 483
411 435
411 446
411 493
413 423
413 453
413 484
413 498
414 476
415 459
415 466
415 478
415 499
417 425
417 428
417 439
417 441
417 469
419 431
419 463
420 424
420 434
421 472
421 478
422 429
422 464
422 467
422 483
423 428
423 494
424 472
424 495
425 434
425 444
427 462
427 465
427 476
428 484
430 459
433 463
434 442
434 447
434 460
434 483
436 480
438 481
439 482
443 455
443 466
444 448
444 472
445 491
446 469
446 493
451 485
452 467
453 472
454 472
454 492
457 489
459 485
460 498
465 492
465 493
471 475
471 487
474 497
475 482
476 488
479 490
482 487
482 488
484 485
493 498
0
9 499
