500	2504	 1
0 32
0 90
0 97
0 100
0 174
0 185
0 241
0 260
0 345
0 450
1 54
1 71
1 102
1 133
1 245
1 308
1 404
2 45
2 79
2 88
2 162
2 171
2 277
2 329
2 408
2 430
2 436
2 460
2 465
3 78
3 146
3 239
3 254
3 291
3 292
3 396
3 446
3 454
3 468
3 478
4 17
4 109
4 259
4 280
4 341
4 353
4 411
4 418
4 429
5 91
5 121
5 124
5 146
5 176
5 244
5 362
5 363
5 382
5 387
5 389
5 430
6 16
6 57
6 150
6 183
6 218
6 242
6 311
6 329
6 447
6 476
7 66
7 100
7 131
7 156
7 194
7 211
7 213
7 227
7 253
7 299
7 446
7 447
7 463
7 464
8 60
8 72
8 92
8 105
8 106
8 242
8 286
8 287
8 295
8 314
8 317
8 383
9 15
9 45
9 197
9 299
9 369
10 56
10 98
10 242
10 314
10 418
10 451
10 454
11 26
11 68
11 96
11 141
11 180
11 182
11 227
11 233
11 266
11 331
11 374
11 407
11 455
11 459
12 108
12 183
12 194
12 274
12 417
12 426
12 439
13 22
13 202
13 207
13 266
13 296
13 350
13 368
13 398
13 413
14 16
14 21
14 30
14 109
14 139
14 153
14 219
14 251
14 301
14 303
14 413
15 46
15 137
15 182
15 390
15 409
15 472
16 17
16 137
16 139
16 199
16 220
16 252
16 284
16 333
16 355
16 381
16 402
17 26
17 108
17 165
17 225
17 263
17 382
17 407
17 411
17 418
17 446
18 47
18 132
18 167
18 181
18 200
18 202
18 206
18 208
18 260
18 349
18 354
18 431
18 473
19 22
19 38
19 76
19 93
19 110
19 174
19 239
19 317
19 335
19 350
19 457
19 460
19 478
20 85
20 182
20 239
20 253
20 259
20 320
20 353
20 355
20 445
20 483
20 493
21 47
21 68
21 78
21 94
21 95
21 194
21 242
21 287
21 300
21 325
21 364
21 373
21 382
22 113
22 162
22 188
22 257
22 269
22 299
22 313
22 328
22 384
22 427
23 80
23 95
23 118
23 149
23 186
23 232
23 252
23 355
23 394
23 404
23 413
23 416
23 425
23 442
23 471
24 59
24 81
24 85
24 103
24 109
24 176
24 220
24 388
24 417
24 428
24 473
25 60
25 98
25 104
25 149
25 215
25 228
25 277
25 319
25 320
26 242
26 244
26 262
26 278
26 300
26 340
26 394
26 431
26 448
26 456
27 113
27 194
27 267
27 397
27 429
27 436
27 487
28 222
28 307
28 344
28 352
28 378
28 438
28 454
28 497
29 117
29 125
29 140
29 206
29 211
29 268
29 280
29 290
29 379
29 415
29 440
30 77
30 88
30 219
30 304
30 359
30 377
30 398
30 446
30 449
31 44
31 120
31 163
31 210
31 291
32 160
32 169
32 177
32 186
32 235
32 243
32 256
32 400
32 489
32 490
33 90
33 110
33 114
33 250
33 288
33 290
33 328
33 385
33 499
34 50
34 106
34 109
34 136
34 233
34 278
34 360
34 411
34 465
35 98
35 103
35 180
35 275
35 304
35 387
35 419
35 442
35 474
36 39
36 66
36 75
36 83
36 317
36 354
36 377
36 388
37 81
37 94
37 170
37 272
37 283
37 286
37 443
37 445
38 145
38 160
38 162
38 230
38 283
38 390
39 95
39 102
39 108
39 141
39 240
39 270
39 350
39 453
39 468
40 105
40 119
40 258
40 296
40 299
40 342
40 393
40 405
40 436
41 86
41 203
41 349
41 350
41 355
41 461
41 466
41 485
42 65
42 284
42 306
42 307
42 334
42 369
42 466
42 488
43 53
43 135
43 161
43 236
43 271
43 377
44 57
44 185
44 203
44 206
44 219
44 308
44 357
44 380
44 400
44 423
44 493
45 154
45 179
45 351
45 377
45 496
46 76
46 150
46 160
46 169
46 234
46 245
47 119
47 274
47 432
47 488
48 166
48 168
48 236
48 267
48 298
48 350
48 440
48 442
48 457
49 106
49 248
49 390
50 93
50 164
50 186
50 198
50 234
50 299
51 65
51 80
51 145
51 160
51 250
51 281
51 309
51 318
51 372
51 393
52 122
52 137
52 200
52 232
52 296
52 387
52 388
52 486
53 206
53 254
53 339
53 348
53 358
53 379
53 436
53 444
53 465
53 493
54 61
54 95
54 121
54 127
54 171
54 225
54 253
54 263
54 370
54 417
54 418
54 448
54 499
55 66
55 142
55 180
55 217
55 247
55 284
55 310
55 372
55 440
55 461
55 463
55 493
56 215
56 222
56 256
56 314
56 357
56 379
56 395
56 411
56 424
57 60
57 112
57 316
57 379
57 390
57 407
58 75
58 94
58 127
58 147
58 180
58 336
58 383
58 386
58 450
58 490
59 80
59 143
59 196
59 210
59 257
59 264
59 286
59 301
59 308
59 404
59 455
59 499
60 65
60 108
60 177
60 206
60 226
60 345
60 377
60 382
60 395
60 444
60 446
61 75
61 155
61 166
61 311
61 390
61 411
61 414
61 439
62 83
62 176
62 222
62 261
62 316
62 319
62 334
62 399
62 466
62 483
63 181
63 266
63 356
63 439
64 99
64 101
64 174
64 218
64 326
64 348
64 364
64 420
64 443
65 113
65 294
65 330
65 339
65 378
65 388
65 404
65 428
65 433
65 447
65 454
65 472
65 492
66 111
66 226
66 249
66 256
66 262
66 300
66 302
66 333
66 380
66 396
66 404
66 438
66 451
66 480
66 490
67 137
67 190
67 255
67 320
67 352
67 439
67 454
68 165
68 319
68 441
68 470
69 84
69 90
69 107
69 141
69 213
69 315
69 337
69 398
69 463
69 468
69 476
70 114
70 122
70 169
70 178
70 241
70 249
70 373
70 379
70 382
70 408
70 417
70 425
71 265
71 275
71 289
71 327
71 446
71 461
72 74
72 101
72 173
72 241
72 277
72 300
72 320
72 321
72 429
72 454
73 109
73 199
73 210
73 284
73 295
73 303
73 414
73 440
74 137
74 206
74 220
74 258
74 259
74 366
74 396
74 474
75 119
75 179
75 188
75 192
75 230
75 293
75 454
76 85
76 110
76 210
76 288
76 344
76 435
76 497
77 90
77 139
77 184
77 209
77 235
77 251
77 349
77 352
78 81
78 82
78 100
78 138
78 203
78 302
78 307
78 364
78 442
78 460
79 150
79 153
79 295
79 356
79 452
80 128
80 203
80 225
80 260
80 340
80 369
80 426
81 224
81 253
81 269
81 285
81 434
82 106
82 138
82 190
82 218
82 225
82 318
82 330
82 407
82 440
82 484
83 107
83 125
83 156
83 182
83 269
83 289
83 399
83 425
83 434
83 446
83 476
83 493
84 165
84 227
84 244
84 260
84 314
84 367
84 398
84 449
84 454
84 463
85 227
85 248
85 297
85 434
86 107
86 179
86 207
86 240
86 361
86 384
86 391
87 209
87 231
87 247
87 263
87 314
87 412
87 479
87 480
88 137
88 141
88 143
88 181
88 214
88 263
88 319
88 339
88 388
88 419
88 440
88 442
88 453
88 454
89 114
89 250
89 281
89 363
89 380
89 410
89 498
90 110
90 159
90 171
90 279
90 373
91 97
91 203
91 451
92 118
92 152
92 165
92 210
92 218
92 313
92 332
93 122
93 161
93 169
93 205
93 250
93 328
93 456
93 465
93 468
94 133
94 144
94 154
94 168
94 185
94 186
94 214
94 398
94 419
94 494
95 129
95 276
95 304
95 342
95 373
95 395
96 228
96 276
96 368
96 401
96 420
96 458
97 203
97 366
97 367
97 395
98 113
98 130
98 154
98 192
98 240
98 284
98 285
98 301
98 361
98 430
98 440
99 150
99 162
99 221
99 224
99 248
99 252
99 269
99 433
99 439
99 474
100 157
100 186
100 279
100 294
100 307
100 339
100 363
100 451
100 473
101 116
101 135
101 139
101 155
101 168
101 220
101 250
101 260
101 330
101 341
101 351
101 393
101 484
101 486
102 141
102 373
102 381
102 401
102 485
103 115
103 202
103 218
103 430
103 437
103 455
103 463
104 110
104 137
104 156
104 162
104 166
104 179
104 204
104 212
104 242
104 302
104 399
104 429
104 433
105 326
105 345
105 402
105 431
105 490
106 174
106 208
106 233
106 260
106 409
106 414
107 272
107 294
107 353
107 354
107 437
107 450
107 457
107 484
108 189
108 205
108 258
108 269
108 276
108 361
108 428
108 444
108 456
108 458
109 144
109 213
109 231
109 253
109 305
109 416
110 116
110 170
110 184
110 212
110 272
110 273
110 320
110 476
111 241
111 290
111 291
111 348
111 446
112 132
112 133
112 191
112 196
112 217
112 249
112 317
112 318
112 342
112 369
112 376
112 386
112 392
112 402
112 467
113 122
113 203
113 219
113 235
113 296
113 367
113 402
114 292
114 348
114 482
115 129
115 289
115 327
115 383
115 388
115 411
115 470
115 492
116 163
116 235
116 278
116 359
116 372
116 410
116 414
116 474
116 475
117 131
117 182
117 238
117 274
117 295
117 302
117 315
117 331
117 356
117 376
117 425
117 465
118 209
118 220
118 238
118 250
118 276
118 312
119 145
119 158
119 177
119 214
119 216
119 281
119 286
119 315
119 348
119 354
119 393
119 448
120 197
120 209
120 265
120 283
120 288
120 297
120 321
120 366
120 385
120 441
121 145
121 149
121 310
121 349
121 362
121 398
121 404
121 405
121 415
121 425
121 459
122 191
122 309
122 354
122 402
123 166
123 176
123 206
123 213
123 243
123 259
123 263
123 279
123 343
123 348
123 370
123 400
123 427
123 429
123 449
124 144
124 194
124 222
124 234
124 297
124 420
124 442
124 450
124 463
125 136
125 157
125 183
125 226
125 242
125 263
125 324
125 484
126 127
126 151
126 239
126 311
126 419
126 444
126 496
126 498
127 155
127 245
127 288
127 300
127 328
127 356
127 449
127 450
127 468
128 140
128 158
128 159
128 211
128 317
128 322
128 329
128 376
128 473
129 135
129 142
129 236
129 245
129 252
129 305
129 306
129 452
130 158
130 183
130 231
130 235
130 249
130 250
130 253
130 277
130 396
130 397
130 412
130 440
130 455
130 469
131 230
131 269
131 284
131 368
131 425
132 177
132 183
132 213
132 252
132 274
132 315
133 142
133 149
133 164
133 188
133 220
133 292
133 380
133 495
134 140
134 147
134 239
134 255
134 308
134 324
134 383
134 404
134 449
134 467
135 155
135 188
135 212
135 253
135 278
135 298
135 385
135 410
135 432
136 158
136 170
136 183
136 220
136 235
136 244
136 288
136 384
136 458
136 472
136 492
137 174
137 183
137 198
137 275
137 296
137 318
137 368
137 448
137 460
137 461
138 163
138 179
138 282
138 427
139 161
139 192
139 247
139 334
139 359
139 405
139 478
140 143
140 166
140 229
140 248
140 387
140 435
140 474
140 487
141 150
141 162
141 201
141 295
141 341
141 377
141 406
142 152
142 207
142 281
142 357
142 493
142 496
143 272
143 418
144 180
144 190
144 209
144 210
144 267
144 318
144 319
144 383
144 395
144 408
144 436
145 199
145 208
145 252
145 253
145 321
145 375
145 462
145 480
145 493
146 202
146 255
146 333
146 386
146 475
146 476
147 170
147 212
147 221
147 246
147 333
147 336
147 341
147 356
147 458
148 179
148 268
148 288
148 337
148 379
148 441
148 446
148 473
149 221
149 277
149 391
149 394
149 406
149 471
150 265
150 293
150 376
150 469
151 178
151 213
151 241
151 314
151 387
152 289
152 292
152 299
152 328
152 438
152 451
152 475
152 485
153 181
153 249
153 300
153 348
153 412
153 420
154 345
154 350
154 432
154 439
155 206
155 208
155 313
155 343
155 472
156 170
156 171
156 182
156 194
156 222
156 239
156 326
156 335
156 342
156 448
156 466
157 231
157 368
157 406
157 432
157 444
158 229
158 243
158 263
158 387
159 189
159 419
160 200
160 215
160 271
160 280
160 310
160 400
160 411
160 424
161 188
161 209
161 235
161 278
161 408
161 429
162 208
162 234
162 350
162 390
162 391
162 392
163 251
163 285
163 350
163 362
163 366
163 407
163 417
163 444
163 492
164 223
164 275
164 306
164 351
164 413
164 420
164 455
164 488
165 206
165 228
165 311
165 457
165 484
166 259
166 261
166 350
166 358
166 365
166 376
166 388
166 418
166 424
167 209
167 243
167 246
167 308
167 377
167 410
167 411
168 228
168 254
168 298
168 308
168 352
168 391
168 451
169 255
169 272
169 421
169 434
169 494
170 171
170 178
170 220
170 260
170 460
170 471
170 476
170 482
170 494
171 207
171 237
171 241
172 253
172 286
172 311
172 314
172 370
172 458
172 466
173 195
173 215
173 322
173 336
173 367
173 402
174 293
174 315
174 352
174 423
174 437
174 441
174 444
174 458
174 467
175 224
175 302
175 387
175 424
175 425
176 228
176 392
176 400
176 429
176 439
176 480
177 253
177 260
177 271
177 315
177 332
177 355
177 371
177 377
177 430
177 444
178 207
178 310
178 347
178 366
178 391
178 394
178 423
178 437
178 457
178 459
179 221
179 266
179 331
179 368
179 399
179 453
179 471
180 228
180 258
180 268
180 270
180 291
180 330
180 339
180 368
180 397
181 383
181 436
181 464
182 184
182 187
182 214
182 251
182 253
182 297
182 299
182 323
182 389
182 447
182 496
183 196
183 215
183 297
183 331
183 341
183 470
184 228
184 266
184 272
184 294
184 329
184 340
184 395
184 435
184 450
185 298
185 356
185 409
185 415
185 433
185 459
185 461
186 190
186 253
186 275
186 353
186 476
186 480
186 495
187 212
187 265
187 286
187 349
187 478
187 481
188 202
188 252
188 379
188 387
188 418
188 428
189 190
189 225
189 265
189 346
189 357
189 359
189 390
189 396
189 420
189 495
190 197
190 201
190 215
190 281
190 450
190 457
191 192
191 200
191 263
191 269
191 434
191 454
191 476
191 479
192 213
192 259
192 303
192 465
192 494
193 227
193 238
193 242
193 260
193 336
194 197
194 231
194 235
194 284
195 202
195 217
195 221
195 256
195 269
195 318
195 325
195 369
195 397
195 453
196 323
196 337
196 340
196 364
196 420
197 236
197 407
197 432
197 438
197 471
198 199
198 210
198 222
198 225
198 247
198 260
198 379
198 381
198 428
198 430
198 472
199 216
199 254
199 284
199 311
199 376
199 421
199 440
200 233
200 247
200 318
200 340
200 348
200 400
200 431
200 484
201 208
201 237
201 307
201 328
201 408
201 426
201 498
202 237
202 245
202 289
202 353
203 277
203 314
203 336
203 355
203 376
203 452
204 251
204 253
204 319
204 402
204 424
204 491
205 267
205 277
205 282
205 283
205 307
205 317
205 392
205 419
205 432
205 469
206 229
206 231
206 359
206 435
206 451
206 466
207 363
207 376
207 396
207 399
207 473
207 488
208 210
208 214
208 226
208 247
208 250
208 435
208 445
209 321
209 362
209 394
209 421
209 451
210 251
210 257
210 271
210 276
210 340
210 430
210 451
210 459
210 481
210 496
211 368
211 397
211 426
212 266
212 311
212 344
212 411
212 420
212 441
213 263
214 289
214 457
214 488
215 299
215 405
215 478
216 243
216 358
216 363
216 407
217 235
217 338
217 346
217 367
217 404
217 467
218 238
218 249
218 326
218 352
218 353
218 385
218 426
219 369
219 401
220 241
220 242
220 286
220 344
220 405
220 420
220 494
221 258
221 264
221 383
221 385
221 392
221 474
222 237
222 403
223 227
223 231
223 247
223 380
223 401
223 434
223 441
223 459
224 256
224 412
224 440
224 449
224 453
224 485
225 340
225 346
226 239
226 240
226 367
226 419
227 256
227 262
227 347
227 352
227 410
227 417
227 485
228 253
228 298
228 373
228 374
228 383
228 387
228 430
228 434
229 265
229 296
229 320
229 352
229 353
229 397
229 412
229 428
229 429
229 447
229 456
229 499
230 274
230 295
230 331
230 413
230 418
230 481
231 287
231 355
231 358
231 398
231 467
231 470
232 308
232 336
232 395
232 454
232 482
233 272
233 326
233 382
233 402
233 414
233 418
233 452
233 481
233 490
233 492
234 235
234 256
234 271
234 353
234 369
234 389
234 473
235 371
235 459
235 489
236 263
236 289
236 389
236 403
236 436
236 478
237 274
237 276
237 300
237 326
237 329
237 342
237 349
237 373
237 425
237 492
238 247
238 282
238 321
238 336
238 409
238 418
239 279
239 351
239 378
239 380
239 391
240 270
240 395
241 287
241 288
241 299
241 364
241 398
241 406
241 463
241 464
242 413
242 425
242 479
243 258
243 398
243 464
243 473
243 482
244 291
244 316
244 393
244 426
244 445
244 486
245 266
245 292
245 303
245 338
245 429
245 441
245 444
245 457
245 488
246 354
246 377
246 381
247 282
247 284
247 412
247 446
248 260
248 269
248 414
248 483
249 290
250 275
250 287
250 342
250 411
250 499
251 325
251 352
251 398
251 413
251 442
251 461
252 275
252 290
252 376
252 405
252 454
253 272
253 384
253 386
253 465
253 476
254 300
254 309
254 318
254 330
254 367
254 375
254 410
254 469
254 490
255 264
255 313
255 362
255 372
255 376
255 422
255 491
256 335
256 353
256 475
256 492
257 260
257 281
257 352
257 376
257 471
258 351
258 368
258 381
258 412
259 396
259 429
260 473
260 477
261 463
261 478
261 482
261 485
262 331
262 363
262 459
263 309
263 323
263 350
263 367
263 377
263 491
264 315
265 294
265 348
265 351
265 361
265 373
265 407
265 429
266 316
266 356
266 394
266 398
266 427
266 447
266 467
266 479
267 285
267 320
267 341
267 353
267 421
267 454
268 335
268 366
268 428
268 474
269 414
269 418
270 298
270 331
270 362
270 379
270 390
270 459
271 290
271 354
271 364
271 370
271 466
272 293
272 366
272 466
273 327
273 439
274 429
274 439
274 486
275 323
275 382
275 435
275 438
275 472
276 301
276 418
276 467
277 329
277 355
277 378
277 399
277 408
277 453
278 303
278 368
279 280
279 345
279 451
280 312
280 317
280 341
280 350
280 436
280 453
280 467
281 358
281 367
281 370
281 423
281 424
282 288
282 290
282 339
282 355
282 435
282 462
283 287
283 350
283 450
283 468
283 494
284 376
284 386
284 411
284 460
284 476
284 493
285 311
285 345
285 400
286 337
286 371
286 379
286 491
286 497
287 418
287 451
288 295
288 311
288 380
288 427
289 342
289 365
289 447
290 362
290 435
291 299
291 363
291 374
291 390
291 442
291 495
292 334
292 380
292 411
293 350
293 418
293 421
293 424
293 452
294 383
295 299
295 361
295 390
295 413
295 419
295 441
295 457
296 311
296 355
296 399
296 462
297 357
297 464
297 470
297 474
297 482
297 496
298 356
298 366
298 369
298 379
298 412
298 445
298 473
299 312
299 320
299 322
299 356
299 398
299 407
299 472
300 326
300 392
300 467
301 303
301 342
301 347
302 386
303 408
303 492
304 347
304 397
305 402
305 420
305 440
306 388
306 434
306 443
306 486
306 492
307 365
307 398
309 318
309 380
309 381
309 471
310 412
310 437
311 378
311 381
311 481
312 315
312 404
312 410
312 421
312 453
312 465
313 390
313 477
313 478
314 421
314 465
315 400
315 416
315 457
317 379
317 408
318 400
318 483
319 431
320 434
320 492
321 498
322 343
322 360
322 395
322 484
323 373
323 374
323 396
323 409
323 439
323 469
323 485
325 344
325 373
325 498
326 471
326 486
327 373
327 396
328 337
328 450
329 332
329 430
329 488
329 499
330 337
330 384
330 420
330 462
331 332
331 350
331 353
331 397
331 402
332 356
332 445
332 456
332 472
332 474
332 492
332 497
333 378
333 384
333 387
333 415
333 432
333 453
334 374
334 393
334 475
335 339
335 370
335 418
335 453
336 386
336 427
336 437
336 474
337 386
337 423
338 455
339 432
339 451
339 453
340 345
340 353
340 431
341 359
341 409
341 456
342 440
342 459
343 369
343 371
343 395
344 357
344 366
344 367
344 417
344 419
344 494
345 390
345 406
347 416
347 419
347 424
347 490
348 378
348 391
348 494
349 382
349 438
349 442
349 463
349 485
350 372
350 403
350 437
351 356
351 411
351 462
352 417
352 457
352 482
353 432
353 444
354 455
355 407
356 448
357 462
357 491
358 441
358 474
359 394
359 402
359 403
359 412
359 462
360 494
360 495
361 383
361 452
361 485
361 489
362 374
363 427
363 497
364 412
364 418
365 374
365 473
365 487
365 494
366 426
366 437
366 479
367 492
368 418
368 472
368 490
369 402
369 448
369 487
372 392
372 434
372 457
372 494
373 395
373 432
373 434
373 464
373 486
373 488
373 491
374 485
375 379
375 483
376 383
376 385
376 441
376 475
376 495
377 437
377 488
378 399
378 493
379 407
379 442
379 446
380 402
380 418
380 464
380 489
381 405
381 415
381 495
382 404
382 412
382 425
382 463
383 401
383 464
383 469
383 491
384 462
384 496
385 404
385 438
386 443
386 478
387 477
388 475
388 482
389 431
390 424
390 444
390 480
390 483
390 494
392 432
392 463
392 483
393 406
393 434
393 498
394 428
394 445
394 472
396 415
396 436
397 425
397 460
397 467
397 483
398 428
399 468
400 444
401 423
401 445
401 464
401 480
403 410
403 412
403 472
403 484
404 417
404 494
405 411
405 436
405 484
406 441
406 488
407 422
407 457
408 449
408 481
408 497
409 435
409 484
410 483
411 449
411 452
412 457
412 458
412 464
412 482
412 486
414 416
414 438
414 440
414 488
416 419
417 454
417 487
417 493
418 457
418 471
418 473
420 460
422 460
422 490
423 436
424 489
426 481
426 498
428 453
429 432
430 457
431 461
431 476
432 475
434 475
435 450
436 467
436 472
437 445
437 470
437 474
438 443
438 475
438 488
440 482
440 488
442 471
443 478
444 478
444 488
445 457
449 494
450 473
451 456
451 492
452 474
454 464
457 471
461 463
464 482
465 487
468 495
469 490
470 481
470 491
471 484
471 492
471 494
474 482
474 496
477 479
477 493
485 490
486 493
0
9 499
