500	2450	 1
0 106
0 118
0 161
0 164
0 184
0 240
0 305
0 319
1 40
1 68
1 74
1 89
1 131
1 139
1 166
1 251
1 277
1 279
1 431
1 448
1 449
1 488
2 41
2 82
2 98
2 103
2 134
2 155
2 250
2 380
2 386
2 447
2 478
3 8
3 55
3 63
3 101
3 155
3 171
3 251
3 322
3 457
3 460
4 267
4 290
4 350
4 363
4 487
5 55
5 244
5 245
5 315
5 345
5 348
6 9
6 57
6 80
6 85
6 171
6 205
6 243
6 317
6 424
6 434
7 28
7 66
7 68
7 94
7 164
7 202
7 203
7 229
7 253
7 266
7 315
7 325
8 48
8 155
8 161
8 192
8 203
8 221
8 223
8 298
8 434
8 471
9 15
9 111
9 188
9 233
9 414
9 466
9 493
10 62
10 124
10 226
10 255
10 260
10 275
10 300
10 446
10 457
10 461
10 464
10 469
11 54
11 133
11 183
11 229
11 232
11 278
11 298
11 315
11 360
11 471
11 475
12 45
12 68
12 104
12 160
12 192
12 197
12 265
12 279
12 309
12 334
12 366
12 460
12 461
13 23
13 52
13 123
13 131
13 159
13 175
13 237
13 324
13 403
13 409
13 413
13 416
13 425
14 100
14 228
14 240
14 261
14 338
14 357
14 378
14 386
14 399
14 406
14 419
14 437
14 474
15 36
15 192
15 283
15 296
15 336
15 347
15 363
16 133
16 136
16 220
16 248
16 298
16 356
16 372
16 402
16 406
16 437
17 55
17 106
17 115
17 174
17 368
17 432
17 454
17 466
17 481
17 488
18 65
18 156
18 279
18 283
18 326
18 445
18 466
19 50
19 60
19 153
19 243
19 319
19 325
19 356
19 387
19 389
19 392
19 429
20 27
20 71
20 115
20 198
20 283
20 335
20 382
20 388
20 407
20 421
20 497
21 48
21 128
21 169
21 322
22 64
22 197
22 240
22 287
22 335
22 425
22 469
23 98
23 150
23 180
23 211
23 239
23 246
23 285
23 354
23 487
24 45
24 57
24 63
24 134
24 218
24 272
24 388
24 499
25 55
25 176
25 253
25 309
25 354
25 405
25 462
26 155
26 241
26 354
26 379
26 441
27 30
27 37
27 221
27 235
27 273
27 323
27 342
27 378
27 403
27 498
28 33
28 62
28 110
28 141
28 273
28 316
28 332
28 346
29 59
29 164
29 236
29 259
29 290
29 298
29 312
29 348
29 393
29 404
30 129
30 167
30 179
30 196
30 214
30 241
30 273
30 280
30 305
30 468
31 140
31 191
31 197
31 321
31 340
31 401
31 432
31 449
32 107
32 121
32 146
32 148
32 166
32 176
32 238
32 256
32 265
32 281
32 424
32 443
33 133
33 174
33 292
33 427
33 448
33 491
34 40
34 51
34 154
34 217
34 277
34 295
34 311
34 319
34 324
34 407
35 115
35 200
35 211
35 267
35 326
35 359
35 422
35 436
35 480
36 69
36 78
36 225
36 486
37 108
37 219
37 226
37 227
37 413
38 127
38 169
38 190
38 196
38 238
38 274
38 376
38 416
38 424
38 451
39 63
39 107
39 166
39 239
39 249
39 299
39 329
39 347
39 396
39 404
40 67
40 190
40 235
40 273
40 282
40 383
40 440
40 460
41 58
41 123
41 141
41 147
42 47
42 84
42 109
42 112
42 149
42 161
42 202
42 273
42 280
42 370
42 398
42 464
43 46
43 175
43 194
43 200
43 285
43 337
43 352
43 375
43 383
43 395
44 114
44 207
44 324
44 325
44 357
44 404
44 431
44 492
45 151
45 273
45 291
45 318
45 324
45 325
45 336
45 345
45 379
45 382
45 392
45 434
45 461
46 135
46 200
46 204
46 223
46 261
46 266
46 275
46 317
46 391
47 61
47 102
47 164
47 168
47 198
47 199
47 204
47 239
47 266
47 356
47 366
47 398
47 437
48 162
48 256
48 263
48 400
48 464
49 187
49 190
49 208
49 257
49 280
49 355
49 370
49 392
49 421
49 478
49 483
50 56
50 74
50 132
50 136
50 138
50 177
50 184
50 259
50 315
50 378
50 453
50 478
50 490
51 68
51 118
51 135
51 346
51 466
51 489
52 95
52 259
52 484
52 492
53 81
53 221
53 307
53 351
53 372
53 431
54 61
54 62
54 80
54 104
54 221
54 227
54 237
54 248
54 285
54 486
55 101
55 231
55 296
55 467
55 490
56 103
56 265
56 383
56 391
56 455
57 75
57 185
57 250
57 282
57 297
57 394
57 428
57 437
57 465
57 495
58 99
58 164
58 181
58 217
58 342
58 346
58 355
58 375
58 394
58 408
59 76
59 105
59 127
59 164
59 374
59 389
59 489
60 96
60 122
60 163
60 259
60 267
60 340
60 361
60 365
60 382
60 433
60 445
61 129
61 162
61 171
61 243
61 286
61 359
61 462
61 478
62 120
62 294
62 296
62 345
62 362
62 387
62 412
62 456
62 488
63 228
63 437
63 439
64 71
64 94
64 124
64 186
64 216
64 219
64 229
64 246
64 310
64 364
64 481
65 117
65 145
65 164
65 173
65 297
65 478
66 135
66 218
66 361
66 382
66 412
66 486
67 82
67 247
67 280
67 301
67 304
67 311
67 347
67 359
67 388
67 403
67 424
67 480
68 139
68 161
68 177
68 198
68 286
68 369
68 471
69 74
69 117
69 293
69 356
69 357
70 140
70 173
70 198
70 312
70 359
70 475
70 477
71 86
71 165
71 172
71 173
71 227
71 253
71 263
71 264
71 314
71 317
71 352
71 457
71 468
71 475
71 481
71 498
72 239
72 259
72 266
72 280
72 293
72 471
73 84
73 120
73 148
73 150
73 234
73 269
73 291
73 302
73 332
73 333
73 336
73 338
73 397
73 434
73 451
73 471
73 474
73 493
74 161
74 174
74 213
74 302
74 317
75 81
75 117
75 156
75 170
75 226
75 289
75 301
75 332
75 375
75 398
75 437
76 120
76 130
76 247
76 275
76 306
76 342
76 378
76 413
77 108
77 199
77 210
77 238
77 270
77 271
77 289
77 312
77 322
77 325
77 355
77 366
77 388
77 413
77 434
78 226
78 346
78 369
78 370
78 459
78 471
79 140
79 152
79 166
79 221
79 253
79 302
79 357
79 377
79 414
79 418
80 92
80 189
80 191
80 281
80 376
80 390
80 455
80 498
81 102
81 128
81 156
81 204
81 325
81 353
81 392
81 413
82 173
82 207
82 224
82 412
83 120
83 150
83 189
83 222
83 249
83 268
83 373
83 414
83 417
83 466
84 97
84 108
84 181
84 194
84 275
84 324
84 392
84 467
85 250
85 261
85 354
86 121
86 151
86 154
86 160
86 188
86 219
86 221
86 260
86 294
86 306
86 338
86 393
86 410
87 225
87 357
87 408
87 434
88 103
88 171
88 203
88 211
88 311
88 336
88 381
88 421
89 95
89 126
89 158
89 168
89 206
89 220
89 255
89 355
89 439
90 95
90 171
90 174
90 220
90 353
90 401
90 474
91 100
91 161
91 180
91 218
91 328
91 469
92 94
92 216
92 252
93 94
93 195
93 208
93 253
93 264
93 306
93 320
93 444
93 482
94 108
94 188
94 237
94 265
94 309
94 492
94 498
95 124
95 157
95 227
95 241
95 265
95 301
95 332
95 376
95 410
96 140
96 202
96 240
96 282
96 369
96 379
96 410
96 471
97 187
97 296
97 347
97 468
98 219
98 220
98 347
98 395
98 420
98 426
98 472
99 156
99 160
99 172
99 229
99 268
99 396
99 402
99 414
100 140
100 188
100 204
100 271
100 383
100 427
100 461
101 220
101 242
101 300
101 499
102 194
102 245
102 257
102 371
102 437
102 462
102 489
103 159
103 233
103 272
103 304
103 315
103 467
103 486
104 129
104 141
104 187
104 218
104 477
104 479
105 114
105 139
105 165
105 167
105 225
105 272
105 293
105 309
105 325
105 490
106 161
106 300
106 317
106 330
106 391
106 407
107 226
107 239
107 291
107 296
107 299
107 343
107 446
107 490
107 492
108 172
108 174
108 239
108 256
108 328
108 402
108 483
109 111
109 119
109 161
109 174
109 191
109 223
109 272
109 337
109 352
109 376
109 445
109 466
109 470
110 150
110 220
110 241
110 385
110 444
110 473
111 147
111 152
111 258
111 309
111 316
111 353
111 358
111 427
111 450
111 457
111 490
111 498
112 138
112 146
112 171
112 234
112 368
112 433
112 437
112 447
113 129
113 132
113 203
113 227
113 251
113 262
113 388
113 441
114 144
114 182
114 256
114 491
115 196
115 210
115 218
115 224
115 252
115 333
115 337
115 456
115 466
115 483
115 497
116 140
116 214
116 286
116 291
116 300
116 344
116 461
117 156
117 262
117 289
117 328
117 346
117 356
117 412
117 430
117 498
118 136
118 331
118 422
118 431
118 450
118 493
118 495
119 275
119 387
119 397
119 422
120 127
120 138
120 221
120 249
120 274
120 281
120 310
120 389
120 457
120 466
120 479
120 480
120 482
120 492
121 172
121 212
121 286
121 296
121 340
122 244
122 250
122 261
122 275
122 353
122 375
123 126
123 204
123 232
123 233
123 262
123 322
123 473
124 221
124 242
124 243
124 246
124 257
124 307
124 316
124 358
124 370
124 385
125 158
125 180
125 220
125 233
125 263
125 468
126 127
126 134
126 141
126 173
126 246
126 330
126 332
126 381
127 142
127 172
127 279
127 302
127 405
127 477
127 481
127 483
128 272
128 375
128 404
128 418
128 422
128 430
128 474
129 336
129 350
129 371
129 401
129 461
130 141
130 172
130 349
130 416
130 475
130 479
131 149
131 166
131 226
131 277
131 344
131 363
131 379
131 382
131 423
131 443
132 169
132 177
132 183
132 240
132 296
132 297
132 321
132 366
132 407
132 420
132 455
132 458
132 475
132 492
133 166
133 289
133 385
133 415
133 462
134 173
134 202
134 282
134 298
134 374
134 418
134 423
134 499
135 203
136 176
136 385
136 411
136 497
137 161
137 356
137 377
137 420
138 202
138 289
138 300
138 395
138 397
139 212
139 275
139 358
139 382
139 429
139 460
140 192
140 205
140 267
140 303
140 354
140 393
140 412
140 417
141 187
141 246
141 247
141 434
141 435
141 444
141 495
142 175
142 192
142 196
142 211
142 356
142 358
142 416
142 417
142 444
142 445
142 484
143 172
143 177
143 198
143 428
144 146
144 248
144 262
144 300
144 407
144 449
144 477
145 152
145 159
145 192
145 277
145 299
145 432
145 469
146 165
146 231
146 282
146 314
146 332
146 395
146 432
146 438
146 440
146 486
147 214
147 262
147 327
148 169
148 181
148 215
148 220
148 232
148 254
148 285
148 290
148 328
148 337
148 455
149 157
149 178
149 180
149 208
149 232
149 267
149 272
149 282
149 286
149 296
149 313
149 348
149 351
149 352
149 476
149 489
150 232
150 245
150 328
150 402
150 406
151 188
151 211
151 242
151 278
151 485
152 179
152 310
152 340
152 445
152 487
153 175
153 249
153 283
153 288
153 376
153 416
153 428
154 167
154 183
154 184
154 346
154 371
154 373
154 387
154 388
154 473
155 165
155 194
155 264
155 267
155 357
156 254
156 334
156 373
156 445
157 258
157 295
157 300
157 382
158 225
158 237
158 252
158 294
158 324
158 373
159 191
159 212
159 226
159 274
159 281
159 308
159 398
159 461
159 484
160 205
160 366
160 372
160 388
160 449
160 452
160 480
161 221
161 224
161 245
161 287
161 327
161 340
161 384
161 497
162 194
162 226
162 295
162 296
162 332
162 354
162 392
162 443
162 482
163 219
163 248
163 285
163 370
163 415
163 457
163 496
163 499
164 168
164 190
164 285
164 331
164 332
164 343
164 405
164 441
164 447
164 466
165 220
165 260
165 304
165 430
165 473
165 494
166 184
166 185
166 207
166 216
166 218
166 239
166 262
166 323
166 328
166 345
166 351
166 354
166 409
166 427
166 450
167 274
167 278
167 313
167 364
167 370
167 397
167 427
167 486
167 488
168 187
168 206
168 226
168 251
168 363
168 432
168 479
168 485
168 491
169 206
169 299
169 304
169 355
169 372
169 375
169 426
169 454
170 172
170 173
170 202
170 213
170 256
170 262
170 347
170 410
170 417
170 430
171 176
171 248
171 320
171 332
171 356
171 389
171 402
171 415
171 427
171 485
172 186
172 243
172 314
172 330
172 353
172 473
172 488
173 179
173 243
173 276
173 323
173 437
173 488
173 498
174 201
174 209
174 221
174 330
174 392
174 395
175 244
175 271
175 305
175 386
175 396
175 449
175 466
176 194
176 321
176 348
176 370
176 426
176 496
177 179
177 184
177 296
177 300
177 314
178 187
178 226
178 236
178 269
178 281
178 293
178 303
178 471
178 478
179 199
179 206
179 211
179 380
179 441
179 485
180 185
180 186
180 317
180 459
180 487
180 489
181 259
181 351
181 443
181 456
182 241
182 277
182 332
182 367
182 373
182 385
183 249
183 268
183 316
183 320
183 418
183 430
183 461
184 240
184 362
184 414
184 428
184 440
184 466
185 296
185 317
185 451
185 499
186 216
186 285
186 299
186 303
186 350
186 356
186 361
186 382
186 429
187 193
187 274
187 330
187 396
187 408
187 464
188 225
188 279
188 291
188 311
188 348
188 366
188 408
188 414
188 485
189 191
189 224
189 238
189 262
189 327
189 396
189 447
189 453
190 209
190 236
190 404
190 475
191 386
191 493
192 261
192 323
192 415
192 433
192 455
192 481
193 254
193 313
193 324
193 366
193 413
193 495
194 398
194 403
195 225
195 274
195 295
195 409
195 431
195 444
195 454
195 463
195 485
196 241
196 255
196 409
196 473
197 239
197 375
197 478
197 494
198 467
199 413
200 351
200 404
200 426
200 448
200 460
200 495
201 209
201 256
201 267
201 300
201 301
201 374
202 232
202 328
202 340
202 449
202 488
203 239
203 308
203 365
203 366
203 461
203 490
204 369
204 384
204 419
204 466
205 210
205 226
205 239
205 395
205 426
205 466
206 207
206 284
206 297
206 314
206 318
206 357
206 374
206 378
206 430
206 470
207 208
207 264
207 308
207 309
207 310
207 366
207 373
207 464
207 497
208 214
208 290
208 316
208 444
208 460
209 212
209 219
209 225
209 318
209 365
209 369
209 382
209 391
209 496
210 275
210 306
210 316
210 362
211 263
211 265
211 301
211 378
211 444
211 459
212 284
212 321
212 450
212 452
213 278
213 287
213 400
214 247
214 269
214 301
214 349
214 395
214 434
214 448
215 222
215 279
215 342
215 361
215 369
215 494
216 231
216 392
216 405
217 240
217 261
217 344
217 374
217 381
218 326
218 397
218 422
218 438
218 439
219 253
219 259
219 286
219 298
219 341
219 400
220 243
220 254
220 261
220 277
220 342
220 414
220 450
220 494
221 319
221 405
221 408
221 418
221 437
221 485
222 279
222 347
222 353
222 394
222 471
223 253
223 261
223 271
223 279
223 303
223 320
223 347
223 359
223 448
223 494
224 228
224 232
224 241
224 250
224 288
224 289
224 332
225 235
225 289
225 366
225 484
226 335
226 443
226 481
226 491
227 336
227 337
227 443
228 232
228 254
228 387
228 447
228 463
228 467
228 487
228 488
229 233
229 422
229 423
229 477
230 355
230 362
230 377
230 440
230 443
230 462
230 464
231 243
231 273
231 397
231 438
232 276
232 304
232 311
232 351
232 424
232 447
232 455
232 475
232 476
233 252
233 265
233 284
233 291
233 293
233 299
233 424
233 475
233 487
234 239
234 399
235 301
235 398
235 431
236 237
236 241
236 291
236 390
236 397
236 408
236 436
236 442
237 337
237 383
237 405
237 408
238 306
238 377
238 494
239 294
239 298
239 335
239 394
239 415
240 309
240 380
240 405
240 448
241 289
241 343
241 355
241 361
241 375
241 426
242 257
242 261
242 311
242 354
242 485
242 493
243 273
243 297
243 330
243 459
243 461
244 271
244 281
244 292
244 307
244 438
245 261
245 286
245 355
245 429
245 449
245 469
246 273
246 283
246 378
246 393
246 401
246 422
246 441
247 252
247 291
247 305
247 316
247 324
247 327
247 377
247 390
247 420
247 433
249 263
249 346
249 348
250 275
250 330
250 383
250 487
251 277
251 308
252 341
252 368
252 369
252 371
253 257
253 344
253 352
253 473
254 341
254 355
254 365
254 409
254 432
254 439
254 494
255 265
255 329
255 356
255 440
255 459
256 323
256 335
256 356
256 385
256 396
256 401
256 428
256 443
257 275
257 292
257 304
257 358
257 366
257 385
257 497
258 289
258 290
258 422
258 448
259 376
259 383
259 452
259 480
259 484
259 497
260 262
260 302
260 375
260 378
260 411
260 427
260 467
260 479
261 309
261 346
261 377
261 450
261 482
262 264
262 293
262 331
262 403
262 411
262 450
262 460
263 341
263 435
263 447
263 468
264 289
264 310
264 343
264 354
264 374
264 410
264 429
264 438
265 294
265 422
265 439
266 375
266 390
266 410
266 437
266 454
266 455
267 295
267 296
267 379
267 415
267 471
268 447
268 489
269 281
269 317
269 320
269 364
269 427
270 273
270 279
270 302
271 328
271 467
272 308
272 311
272 324
272 379
272 415
272 434
273 289
273 296
273 322
273 419
274 295
274 307
274 391
274 416
276 294
276 301
276 328
276 345
276 350
276 385
276 498
277 324
277 419
278 302
278 338
278 426
278 449
278 471
278 472
278 477
279 286
279 300
279 356
279 409
279 445
280 414
280 447
280 449
281 287
281 292
281 326
281 345
281 424
281 474
282 300
282 419
282 459
283 349
283 355
283 357
283 436
283 473
284 307
284 324
285 328
285 347
285 425
285 454
285 458
286 307
286 398
286 467
287 352
287 394
287 437
287 494
288 340
289 361
289 442
289 443
289 462
289 469
289 478
290 317
290 325
290 347
291 332
291 390
291 397
292 342
292 408
292 474
292 480
292 496
293 331
293 334
294 379
295 301
295 415
295 444
295 463
296 366
296 432
297 309
297 319
297 385
297 442
297 489
298 307
298 341
298 345
298 462
299 388
299 414
299 474
299 475
300 317
300 349
300 351
300 477
300 484
301 358
301 407
301 450
301 473
302 442
302 481
303 318
303 354
303 392
304 308
304 320
304 333
304 350
304 364
304 383
304 414
304 432
304 463
305 320
305 350
305 471
305 476
306 316
306 339
306 352
306 409
306 426
307 416
307 440
307 446
308 347
309 340
309 440
309 467
310 357
310 378
311 318
311 491
312 392
312 397
312 405
312 457
313 472
314 361
314 369
314 470
315 355
315 411
315 416
315 428
315 474
315 484
316 323
316 431
316 480
317 347
317 360
317 411
317 446
317 452
318 385
318 421
318 490
319 356
319 414
319 417
319 428
319 447
319 498
320 353
320 358
320 418
320 442
320 446
320 456
321 357
321 407
321 436
321 481
321 485
322 366
322 382
322 421
323 338
323 365
323 423
323 446
323 485
324 328
324 370
325 327
325 392
326 356
326 393
326 398
326 436
326 490
326 497
327 424
327 437
327 498
328 382
328 428
328 478
329 373
329 417
329 424
329 487
330 341
330 388
330 401
330 418
330 455
330 494
331 381
331 394
332 349
332 385
332 390
332 435
332 473
333 356
333 411
333 489
334 340
334 379
334 443
335 369
335 431
335 458
335 468
336 339
336 345
336 348
336 371
336 398
336 420
336 454
336 488
336 491
336 493
337 338
337 346
337 393
338 388
339 387
339 442
339 466
340 447
340 453
340 475
341 402
341 407
341 410
342 432
342 455
342 472
342 498
343 379
345 443
346 367
346 371
346 402
347 370
347 388
347 412
347 423
347 429
348 376
348 398
348 400
348 418
348 422
348 439
349 440
349 483
350 401
350 467
352 368
352 430
352 458
352 472
353 492
354 422
354 464
354 490
354 499
355 396
355 416
355 477
355 480
355 483
356 381
356 391
356 475
357 413
357 448
357 491
359 465
359 478
359 479
359 480
359 487
360 364
360 368
360 444
360 474
360 498
361 375
361 412
361 427
361 431
361 485
363 365
364 398
364 401
364 410
364 426
364 440
364 480
365 390
365 428
365 434
365 467
365 496
366 380
366 382
366 460
367 470
368 444
368 486
369 413
370 495
371 383
371 407
371 432
371 433
371 496
372 390
372 405
372 415
372 439
373 381
373 411
373 444
373 476
374 389
374 398
374 472
374 489
375 455
375 477
377 388
377 393
377 435
377 472
377 480
377 499
378 427
378 498
379 447
379 496
380 403
381 478
382 437
383 472
383 477
384 466
384 475
384 486
385 413
385 419
385 431
385 444
385 459
385 480
385 481
386 424
386 474
387 395
387 430
387 435
388 416
388 476
389 439
389 441
389 452
390 417
390 455
391 411
391 422
391 428
391 432
391 452
391 483
391 496
392 426
394 399
396 459
396 496
397 417
397 435
397 454
397 468
398 415
398 444
398 463
398 486
399 428
399 472
399 475
400 458
401 404
401 418
401 456
401 473
403 408
403 444
403 467
403 473
404 420
405 413
405 429
405 484
407 449
408 439
408 442
408 485
408 494
409 414
410 430
410 490
411 453
411 478
411 490
412 420
412 468
412 470
415 458
416 474
418 421
418 442
419 435
421 423
421 496
422 426
422 431
422 443
424 486
425 472
425 482
425 491
426 456
427 475
428 436
429 436
429 461
430 487
433 439
433 444
433 478
434 465
436 450
436 470
438 452
438 498
439 458
442 471
444 459
446 471
448 486
448 488
449 495
454 492
455 475
457 490
457 498
458 497
459 499
461 479
464 470
464 493
466 481
469 486
471 493
472 489
475 482
475 494
477 498
478 481
478 486
479 489
480 490
483 490
490 491
0
9 499
