500	2428	 1
0 38
0 66
0 96
0 268
0 282
0 358
0 381
0 382
0 386
0 467
0 469
1 65
1 199
1 225
1 233
1 297
1 299
1 327
1 352
1 372
1 435
1 474
2 70
2 115
2 165
2 297
2 361
2 367
2 393
2 457
2 480
3 15
3 130
3 178
3 179
3 200
3 220
3 305
3 340
3 473
4 29
4 91
4 147
4 158
4 160
4 184
4 345
4 417
4 457
5 22
5 23
5 40
5 121
5 144
5 357
5 368
5 390
5 425
5 464
6 30
6 54
6 85
6 121
6 139
6 341
6 359
6 442
6 468
6 495
7 88
7 248
7 278
7 323
7 339
7 350
7 354
7 357
7 436
7 440
7 461
7 480
7 483
8 15
8 61
8 67
8 116
8 170
8 197
8 311
8 329
8 466
9 14
9 23
9 82
9 130
9 202
9 241
9 245
9 272
9 363
10 20
10 49
10 72
10 181
10 226
10 243
10 304
10 388
10 422
10 425
10 457
10 485
11 23
11 36
11 62
11 73
11 99
11 129
11 174
11 204
11 230
11 234
11 404
11 444
12 16
12 21
12 47
12 64
12 69
12 155
12 201
12 247
12 352
12 472
13 90
13 184
13 195
13 290
13 317
13 334
13 385
13 442
13 443
14 80
14 96
14 97
14 109
14 230
14 285
14 305
14 366
14 435
15 88
15 98
15 109
15 137
15 266
15 270
15 276
15 291
15 332
15 350
15 390
15 417
16 275
16 353
17 127
17 169
17 194
17 282
17 323
17 333
17 395
17 420
18 73
18 99
18 151
18 154
18 206
18 222
18 227
18 268
18 297
18 299
18 307
18 326
18 341
18 363
18 398
18 433
18 470
19 173
19 369
19 417
19 422
19 424
19 474
20 135
20 181
20 251
20 349
20 368
21 38
21 118
21 121
21 168
21 204
21 233
21 238
21 246
21 303
21 317
21 371
21 405
21 431
21 482
22 38
22 48
22 101
22 128
22 129
22 205
22 304
22 431
22 432
23 24
23 62
23 93
23 120
23 163
23 166
23 202
23 220
23 300
23 340
23 364
23 386
23 400
23 425
23 426
23 468
24 43
24 133
24 135
24 266
24 288
24 371
24 438
24 491
25 97
25 135
25 168
25 210
25 277
25 430
25 464
25 465
26 144
26 282
26 335
26 426
27 216
27 288
27 327
27 449
27 463
28 50
28 60
28 174
28 264
28 269
28 284
28 319
28 427
28 457
28 471
28 476
29 76
29 97
29 113
29 128
29 173
29 191
29 223
29 253
29 322
29 327
29 336
29 434
30 52
30 53
30 83
30 196
30 231
30 424
30 436
31 60
31 140
31 150
31 234
31 263
31 281
31 325
31 450
31 482
32 107
32 119
32 173
32 201
32 241
32 315
32 324
32 443
32 456
32 490
33 76
33 97
33 100
33 172
33 209
33 265
33 300
33 389
33 429
33 490
33 497
34 66
34 69
34 93
34 147
34 165
34 187
34 396
34 444
34 459
34 465
34 486
35 44
35 49
35 112
35 123
35 383
35 384
35 398
35 402
35 459
36 50
36 113
36 189
36 194
36 205
36 206
36 249
36 251
36 287
36 448
36 475
37 63
37 202
37 298
37 333
37 336
37 346
37 395
37 416
37 436
37 481
38 78
38 123
38 130
38 141
38 276
38 385
38 447
38 477
38 495
39 127
39 166
39 201
39 308
39 309
39 427
39 441
39 469
40 50
40 123
40 159
40 256
40 423
41 62
41 79
41 86
41 154
41 189
41 194
41 203
41 237
41 388
41 389
41 400
41 435
41 478
41 487
42 76
42 78
42 125
42 243
42 282
42 361
42 408
42 468
43 208
43 210
43 266
43 268
43 443
44 117
44 164
44 186
44 335
44 367
44 384
44 435
44 492
45 137
45 184
45 193
45 212
45 369
45 373
45 386
45 466
46 57
46 61
46 90
46 95
46 98
46 179
46 189
46 254
46 321
46 338
46 348
46 375
46 401
46 404
46 471
47 123
47 134
47 148
47 196
47 198
47 248
47 331
47 347
47 468
48 68
48 117
48 120
48 146
48 234
48 235
48 311
48 313
48 317
48 440
48 471
49 101
49 222
49 298
49 409
49 470
49 498
50 54
50 64
50 73
50 82
50 93
50 151
50 231
50 326
50 360
50 454
50 477
50 482
51 53
51 65
51 98
51 162
51 375
51 392
51 470
52 143
52 152
52 400
52 408
52 443
52 488
52 489
53 90
53 149
53 166
53 328
53 369
53 371
54 126
54 243
54 278
54 410
54 479
55 84
55 85
55 106
55 144
55 404
55 491
56 145
56 167
56 322
56 331
56 385
56 408
56 447
57 70
57 118
57 208
57 267
57 270
57 355
58 148
58 154
58 156
58 161
58 185
58 244
58 245
58 276
58 296
58 323
58 358
58 364
58 436
58 486
59 64
59 251
59 281
59 399
59 426
59 433
60 63
60 97
60 403
60 461
61 72
61 117
61 118
61 317
61 420
61 460
61 478
62 112
62 213
62 254
62 294
62 295
62 296
62 349
62 370
63 167
63 170
63 216
63 326
63 338
63 379
64 230
64 278
64 279
64 298
64 318
64 328
64 369
64 379
65 82
65 111
65 167
65 218
65 271
65 316
65 327
65 334
65 341
65 344
65 351
65 369
65 379
65 404
65 466
65 473
65 495
65 496
65 498
66 70
66 161
66 277
66 428
66 442
67 94
67 180
67 232
67 242
67 293
67 365
67 446
67 447
67 452
67 465
68 81
68 100
68 114
68 132
68 154
68 174
68 380
68 467
69 153
69 188
69 245
69 252
69 300
69 311
69 450
69 479
70 137
70 155
70 176
70 218
70 221
70 337
70 343
70 367
70 426
70 496
71 135
71 326
71 360
71 368
71 395
72 108
72 155
72 160
72 232
72 281
72 328
72 335
72 444
73 89
73 106
73 136
73 213
73 252
73 288
73 447
73 470
73 486
74 76
74 115
74 149
74 203
74 257
74 477
75 121
75 122
75 123
75 151
75 212
75 217
75 228
75 235
75 318
75 339
75 379
75 455
76 78
76 122
76 124
76 150
76 171
76 189
76 209
76 219
76 378
76 429
76 481
76 491
77 115
77 123
77 157
77 216
77 282
77 293
77 294
77 311
77 386
77 442
77 443
77 463
77 465
77 478
78 149
78 160
78 177
78 200
78 261
78 275
78 335
78 364
78 404
78 472
79 143
79 192
79 219
79 249
79 267
79 320
79 421
79 488
79 489
80 211
80 264
80 321
80 328
80 352
80 394
80 411
80 466
81 176
81 197
81 221
81 300
81 373
81 460
82 203
82 240
82 252
82 289
82 340
82 353
82 356
82 404
82 414
82 429
82 431
83 241
83 287
83 468
84 168
84 169
84 191
84 295
84 309
84 365
84 430
84 441
84 476
84 488
85 103
85 163
85 250
85 403
85 429
85 459
86 108
86 187
86 253
86 282
86 351
86 413
86 433
86 476
86 479
86 495
87 281
87 326
87 396
87 415
87 436
87 460
88 187
88 351
89 155
89 277
89 300
89 339
89 401
89 438
89 439
89 445
89 474
90 108
90 116
90 131
90 191
90 250
90 268
90 301
90 476
90 489
91 102
91 141
91 149
91 168
91 184
91 258
91 336
91 381
91 440
91 468
92 133
92 202
92 225
92 303
92 307
92 403
93 188
93 254
93 290
93 357
93 369
93 399
93 460
93 470
94 124
94 205
94 222
94 235
94 353
94 388
94 408
94 436
95 199
95 222
95 241
95 250
95 253
95 296
95 297
95 299
95 344
95 418
96 107
96 184
96 324
96 462
96 486
97 119
97 237
97 368
98 128
98 167
98 233
98 248
98 253
98 287
99 111
99 129
99 134
99 252
99 264
99 295
99 392
100 108
100 123
100 210
100 231
100 259
100 310
100 377
100 430
101 263
101 328
101 333
101 383
101 481
101 492
102 144
102 157
102 175
102 274
102 307
102 314
102 363
103 139
103 156
103 240
103 281
103 338
103 374
103 408
103 416
103 451
103 453
103 491
104 153
104 169
104 276
104 310
104 336
104 465
105 124
105 169
105 265
105 291
106 319
106 349
106 438
106 471
107 164
107 233
107 248
107 263
107 282
107 407
107 425
107 494
108 123
108 146
108 174
108 245
108 261
108 276
108 475
109 121
109 217
109 223
109 421
109 461
110 249
110 263
110 281
110 286
110 301
110 346
110 475
111 138
111 167
111 348
111 471
112 114
112 115
112 234
112 250
112 292
112 341
112 366
112 450
112 476
113 144
113 148
113 272
113 340
113 373
113 445
114 189
114 206
114 215
114 248
114 264
114 269
114 321
114 363
114 370
115 204
115 210
115 315
115 367
115 415
115 441
115 484
116 166
116 248
116 435
116 448
116 450
117 122
117 183
117 324
117 340
117 359
117 360
117 371
117 383
117 438
117 475
117 481
118 175
118 339
118 371
118 389
118 393
119 245
119 297
119 411
119 419
119 444
119 469
119 491
120 152
120 259
120 390
120 496
121 155
121 219
121 350
121 486
122 148
122 167
122 358
122 419
122 485
123 287
123 302
123 383
123 387
123 424
123 476
124 300
124 331
124 378
124 384
124 473
125 132
125 248
125 266
125 291
125 305
125 371
125 439
125 488
126 162
126 224
126 249
126 254
126 268
126 441
126 449
126 464
126 490
127 191
127 372
127 392
127 416
127 447
127 452
127 478
127 488
128 228
128 269
128 277
128 295
128 313
128 388
128 406
128 408
128 458
128 473
128 478
128 496
129 240
129 241
129 309
129 334
129 340
129 367
129 449
130 143
130 227
130 281
130 287
130 447
130 449
131 154
131 190
131 230
131 238
131 292
131 317
131 370
131 371
132 193
132 201
132 253
132 257
132 258
132 308
132 325
132 492
133 151
133 203
133 317
133 380
134 154
134 164
134 176
134 311
134 323
134 475
134 489
134 494
135 219
135 267
135 314
135 376
135 454
136 210
136 256
136 324
136 345
136 418
136 422
137 197
137 361
137 366
137 408
137 438
137 450
137 456
138 245
138 274
138 283
138 307
138 345
139 162
139 189
139 218
139 226
139 246
139 285
139 468
139 481
140 175
140 271
140 416
140 418
140 424
140 450
140 454
140 457
140 478
140 490
141 181
141 264
141 284
141 367
141 382
141 460
141 489
142 221
142 233
142 240
142 242
142 249
142 268
142 318
142 320
143 155
143 210
143 259
143 275
143 307
143 366
144 201
144 205
144 217
144 219
144 235
144 287
144 312
144 360
144 386
144 392
144 421
144 427
145 178
145 254
145 305
145 389
145 414
145 421
145 455
146 154
146 181
146 188
146 202
146 296
146 313
146 333
146 336
146 474
147 254
147 289
147 331
147 393
147 461
147 487
148 315
148 436
148 452
148 462
148 464
148 477
149 347
149 407
149 479
149 480
150 186
150 199
150 206
150 377
150 379
150 393
150 395
150 474
150 487
151 156
151 166
151 386
151 427
151 443
151 458
152 183
152 224
152 271
152 451
152 467
153 170
153 283
153 334
153 417
153 496
154 193
154 196
154 382
154 421
155 406
155 412
155 454
156 178
156 186
156 211
156 246
156 263
156 264
156 373
156 469
157 231
157 297
157 331
157 438
158 174
158 192
158 296
158 349
158 404
159 216
159 343
159 394
159 401
160 250
160 262
160 285
160 286
160 408
160 424
160 472
160 490
161 242
161 350
161 383
161 400
161 468
161 476
161 494
162 214
162 235
162 241
162 292
162 369
162 428
162 483
163 171
163 183
163 203
163 271
163 313
163 364
163 381
163 390
163 457
164 213
164 233
164 255
164 359
164 371
164 423
164 430
165 262
165 321
165 342
165 360
165 379
165 381
165 394
165 412
165 417
165 460
165 497
166 269
166 381
166 443
166 468
167 172
167 176
167 256
167 269
167 283
167 300
167 453
168 260
168 313
168 327
168 388
168 390
169 203
169 236
169 288
169 309
169 316
169 379
170 308
170 403
170 429
171 172
171 249
171 333
171 390
171 392
171 477
171 480
172 205
172 326
172 327
172 365
172 434
172 437
172 439
173 231
173 335
173 368
173 399
173 462
173 488
174 246
174 317
174 356
174 360
174 377
174 424
174 448
175 187
175 189
175 200
175 210
175 231
175 284
175 338
175 340
175 389
175 396
175 478
176 209
176 247
176 248
176 313
176 377
176 434
176 436
176 496
177 212
177 213
177 221
177 261
177 271
177 419
177 433
177 458
177 463
177 468
177 486
177 489
178 204
178 244
178 267
178 281
178 309
178 380
178 395
179 211
179 257
179 299
179 340
179 483
179 492
180 211
180 256
180 278
180 431
180 470
180 478
180 494
181 228
181 257
181 274
181 305
181 318
181 360
181 372
181 448
182 221
182 258
182 263
182 297
182 299
182 371
182 410
183 184
183 205
183 228
183 231
183 234
183 316
183 402
183 404
183 437
183 445
184 191
184 264
184 281
184 285
184 398
185 194
185 240
185 332
185 354
185 434
185 452
185 466
186 239
186 262
186 280
186 298
186 367
186 371
186 392
186 414
186 460
186 463
186 489
187 242
187 265
187 323
187 390
187 402
187 408
187 448
187 483
187 485
187 497
188 245
188 262
188 269
188 289
188 327
188 351
188 379
188 406
188 418
188 461
188 495
189 209
189 325
189 361
189 414
189 431
189 466
189 491
190 281
190 319
190 327
190 421
190 439
190 475
191 290
191 311
192 337
192 349
192 375
192 382
193 201
193 232
193 373
193 420
193 463
193 466
194 205
194 210
194 221
194 258
194 262
194 386
194 461
195 219
195 260
195 300
195 310
195 341
195 366
195 383
195 409
195 498
196 200
196 419
196 426
196 431
197 202
197 232
197 239
197 268
197 275
197 284
198 201
198 286
198 388
198 447
198 476
198 480
199 204
199 221
199 343
199 367
199 376
199 422
199 449
199 464
200 332
200 405
200 444
200 490
201 221
201 229
201 268
201 275
201 435
201 444
201 445
202 289
202 341
202 379
202 489
203 207
203 211
203 252
203 303
203 316
203 363
203 424
203 440
203 454
203 463
203 478
204 230
204 316
204 395
204 456
204 489
205 232
205 262
205 278
205 335
205 400
205 403
205 432
206 243
206 285
206 428
206 479
206 498
207 237
207 247
207 265
207 346
207 391
207 401
207 407
208 260
208 343
208 351
208 451
208 469
208 474
209 267
209 312
209 386
209 403
209 436
209 486
210 391
210 462
211 309
211 411
211 451
211 491
212 274
212 295
212 490
213 222
213 240
213 243
213 269
213 299
213 322
213 333
213 354
213 446
214 291
214 398
214 432
214 441
214 477
214 491
215 242
215 274
215 293
215 375
215 376
215 384
215 432
215 471
215 489
216 233
216 365
216 457
217 221
217 286
217 288
217 308
217 332
218 231
218 256
218 415
218 451
218 484
218 487
219 392
221 234
221 306
221 355
221 418
222 243
222 289
222 290
222 311
222 363
222 371
222 416
222 422
222 425
222 487
223 319
223 411
224 395
224 442
224 444
224 467
225 342
225 383
225 397
225 399
226 240
226 265
226 310
226 412
226 426
227 300
227 331
227 427
227 474
227 484
228 281
228 328
228 340
228 357
228 392
228 398
229 296
229 390
229 412
230 275
230 360
230 425
230 429
230 445
230 492
231 351
231 400
231 483
232 246
232 258
232 395
232 396
232 428
233 351
233 455
233 461
234 380
234 388
234 405
234 489
235 333
235 355
235 393
235 407
235 418
235 439
235 453
236 268
236 355
236 381
236 430
236 434
236 446
236 456
237 242
237 259
237 278
237 291
237 428
237 491
238 261
238 329
238 340
238 470
238 495
238 497
239 249
239 284
239 294
239 316
239 401
239 430
239 441
240 271
240 310
240 403
241 273
241 298
241 333
241 424
242 301
242 311
242 386
242 405
242 468
242 475
243 260
243 293
243 331
243 490
244 252
244 269
244 331
244 369
244 370
244 372
244 433
244 446
244 465
244 488
245 392
245 425
246 362
246 374
246 393
247 258
247 287
247 345
247 358
247 499
248 251
248 253
248 308
248 361
248 386
248 450
249 311
249 336
249 407
249 414
249 476
249 485
250 268
250 392
250 462
250 487
251 310
251 344
251 346
251 374
251 426
252 332
253 275
254 320
254 330
254 426
255 275
255 324
255 351
255 372
255 451
255 471
256 282
256 286
256 320
257 339
257 467
258 330
258 348
258 385
258 418
258 451
259 280
259 419
260 276
260 320
260 340
260 425
260 439
260 454
260 485
261 348
261 408
261 415
262 272
262 396
262 408
262 413
262 439
263 341
263 364
263 368
263 376
263 472
264 309
264 313
264 342
264 438
264 475
264 496
265 298
265 404
265 470
266 300
266 312
266 407
266 427
266 477
267 306
267 328
267 350
267 356
267 364
267 381
267 435
267 450
268 272
268 368
268 381
268 387
268 412
268 429
268 447
268 461
269 401
269 464
270 280
270 283
270 330
270 410
270 440
270 475
271 380
271 486
272 276
272 323
272 349
272 435
273 336
273 378
273 383
273 403
273 467
274 297
274 371
274 429
274 490
275 303
275 313
275 332
275 452
275 458
275 483
276 320
276 424
276 459
277 312
277 416
277 444
278 315
278 377
278 403
278 408
278 491
279 289
279 322
279 329
279 363
279 374
279 429
279 450
279 464
279 491
280 350
280 408
280 418
280 425
280 444
280 463
281 283
281 343
281 390
281 443
282 358
282 372
282 461
282 497
283 284
283 320
283 345
284 355
284 377
284 475
284 481
285 329
285 331
285 491
286 342
286 361
286 393
286 481
287 297
287 375
287 436
287 447
287 497
288 345
288 364
288 395
288 398
288 449
288 463
289 345
289 350
289 387
289 393
289 470
290 302
290 343
290 368
290 370
291 349
291 435
291 442
291 487
292 302
292 329
292 339
292 387
292 418
292 434
292 479
293 359
293 400
293 418
293 452
293 475
294 306
294 320
294 413
294 448
294 460
294 462
295 310
295 354
295 359
295 407
295 494
296 381
296 446
296 448
296 474
297 383
297 477
297 483
298 336
298 338
298 366
298 438
298 478
298 486
299 319
299 330
299 385
299 423
299 469
300 311
300 336
300 351
300 457
301 372
301 395
301 423
301 445
301 450
301 471
301 499
302 375
302 447
303 409
303 432
303 447
303 450
304 345
305 328
305 372
305 382
305 400
305 445
306 310
306 448
306 488
307 418
307 468
308 343
308 393
308 409
308 443
308 491
309 380
309 392
310 316
310 317
310 369
310 423
310 430
311 322
311 344
311 402
311 489
312 357
312 384
312 403
312 412
312 444
312 498
313 370
313 497
314 382
314 385
314 392
314 407
315 417
315 424
315 429
315 458
316 326
316 367
316 394
316 456
317 353
317 410
317 423
317 456
318 330
318 341
318 422
318 443
319 386
319 427
319 433
319 435
319 473
319 483
320 372
320 423
320 452
321 470
322 359
322 414
322 486
322 492
323 423
324 491
325 361
325 427
325 437
325 439
326 369
326 402
326 415
326 420
326 466
328 375
328 447
328 450
328 466
329 345
329 349
329 374
329 385
329 441
329 450
330 372
330 402
330 435
330 471
330 478
331 362
331 387
332 348
332 403
332 442
332 467
333 430
334 348
334 355
334 363
334 372
334 411
334 414
334 477
334 499
335 343
335 425
335 472
336 376
336 429
336 453
337 340
337 366
337 394
337 415
337 471
337 494
338 392
338 478
339 366
339 464
339 465
340 473
341 401
342 364
342 406
342 472
342 475
342 485
343 441
343 445
343 459
344 358
344 436
344 445
346 389
346 428
346 434
347 359
347 402
347 483
348 426
348 428
348 431
348 433
349 395
349 430
350 377
350 427
350 450
350 461
351 396
351 455
351 480
352 367
352 376
352 406
352 448
352 499
353 357
353 418
353 425
354 444
354 463
355 358
355 389
355 440
355 485
355 488
355 496
356 475
357 409
357 430
357 445
357 496
358 364
358 404
358 427
358 490
360 489
361 391
362 374
362 481
362 482
363 486
364 398
364 450
364 472
364 484
365 369
365 390
365 412
365 437
365 439
365 457
366 413
366 422
367 387
367 417
367 435
368 401
368 408
369 387
369 428
370 397
370 423
370 443
370 463
370 473
371 409
371 424
371 443
372 491
374 397
374 453
374 455
374 456
375 381
375 389
375 399
375 433
376 395
377 444
377 451
380 396
380 420
381 467
381 473
382 407
382 469
382 499
383 387
383 419
384 439
384 462
384 466
385 389
385 462
385 473
386 388
386 416
386 488
386 491
387 441
387 464
389 431
389 437
389 447
389 454
389 478
390 456
390 464
392 406
392 428
392 446
392 487
392 488
393 456
393 459
394 399
394 447
394 475
396 491
397 415
397 444
398 441
398 469
399 401
399 429
400 409
400 435
400 472
400 484
401 484
401 488
402 446
403 423
403 425
403 433
403 439
403 444
404 440
404 443
404 492
405 407
406 420
406 443
406 452
406 481
407 433
407 441
408 498
411 415
411 478
412 472
413 429
413 434
413 435
414 493
415 477
416 454
417 497
419 422
419 430
419 462
419 477
420 470
420 475
421 425
421 464
422 433
422 442
422 476
424 445
424 463
424 465
425 446
425 471
426 452
426 478
427 437
428 437
428 473
430 471
432 482
433 446
433 450
434 459
436 465
436 484
437 441
437 463
438 459
439 490
440 447
440 498
441 442
441 483
441 484
442 490
443 485
444 498
445 462
445 499
449 466
449 479
450 485
451 462
451 466
452 476
452 479
452 494
453 454
454 464
456 472
456 474
457 486
457 497
458 460
459 474
465 494
467 478
469 476
470 497
471 487
472 496
473 496
477 494
479 481
479 499
486 493
486 496
487 497
0
9 499
