500	2446	 1
0 38
0 206
0 218
0 279
0 418
0 485
0 498
1 132
1 222
1 291
1 326
1 420
1 476
2 37
2 97
2 99
2 120
2 200
2 293
2 308
2 349
2 407
2 457
2 468
3 69
3 78
3 106
3 148
3 305
3 385
3 411
3 460
4 33
4 129
4 147
4 152
4 158
4 169
4 215
4 342
4 387
4 397
5 54
5 134
5 135
5 162
5 201
5 346
5 410
5 485
6 106
6 196
6 360
6 367
6 388
6 424
6 427
7 16
7 55
7 57
7 62
7 189
7 223
7 235
7 352
7 359
7 416
7 427
7 461
8 39
8 102
8 114
8 128
8 189
8 206
8 237
8 246
8 253
8 263
8 313
8 315
8 331
8 360
8 378
8 456
9 42
9 51
9 142
9 149
9 223
9 271
9 332
9 360
9 380
9 441
9 447
9 492
10 151
10 168
10 178
10 205
10 213
10 215
10 222
10 251
10 354
10 364
10 392
10 412
10 413
10 432
10 436
10 478
11 20
11 79
11 86
11 163
11 209
11 211
11 247
11 260
11 269
11 273
11 330
11 413
11 424
12 68
12 164
12 264
12 282
12 492
13 28
13 29
13 41
13 65
13 126
13 147
13 182
13 204
13 258
14 195
14 207
14 310
15 78
15 94
15 154
15 172
15 175
15 211
15 232
15 283
15 307
15 376
15 435
15 449
16 187
16 193
16 226
16 249
16 250
16 356
16 373
16 389
16 454
16 493
17 129
17 165
17 179
17 207
17 311
17 313
17 386
17 401
17 431
17 451
18 163
18 221
18 224
18 280
18 299
18 368
19 31
19 85
19 127
19 192
19 194
19 223
19 295
19 307
19 317
19 386
19 453
19 465
20 34
20 82
20 88
20 97
20 101
20 114
20 143
20 155
20 177
20 199
20 221
20 225
20 245
20 322
20 329
20 475
20 488
21 94
21 145
21 152
21 165
21 204
21 347
21 400
21 476
21 499
22 99
22 105
22 197
22 205
22 211
22 233
22 293
22 303
22 340
22 369
22 375
22 393
22 491
23 46
23 51
23 205
23 261
23 352
23 414
23 431
23 496
24 173
24 217
24 233
24 244
24 247
24 300
24 324
24 341
24 468
25 98
25 148
25 228
25 318
26 152
26 162
26 205
26 213
26 270
26 311
26 448
26 463
26 468
27 65
27 91
27 128
27 185
27 313
27 354
27 449
28 31
28 167
28 393
28 439
29 64
29 116
29 124
29 254
29 270
29 287
29 291
29 303
29 446
29 492
30 113
30 129
30 159
30 186
30 297
30 343
30 378
30 416
30 431
30 463
31 70
31 136
31 166
31 263
31 302
31 369
31 371
31 395
31 415
32 57
32 68
32 107
32 141
32 204
32 238
32 241
32 402
32 409
32 426
32 443
32 453
32 480
33 94
33 218
33 224
33 229
33 307
33 343
33 360
33 368
33 372
33 386
33 387
33 422
33 471
34 40
34 133
34 254
34 276
34 328
34 341
34 434
34 462
35 115
35 160
35 233
35 289
35 311
35 323
35 347
35 375
36 71
36 139
36 195
36 229
36 236
36 278
36 280
36 327
36 374
36 385
36 486
37 165
37 201
37 265
37 309
37 338
37 499
38 60
38 142
38 196
38 232
38 301
38 331
38 407
39 55
39 125
39 223
39 236
39 310
39 312
39 392
39 404
40 48
40 54
40 124
40 146
40 236
40 316
40 391
40 399
40 462
41 53
41 98
41 130
41 153
41 397
41 463
42 63
42 189
42 309
42 371
42 374
42 426
42 485
43 96
43 162
43 198
43 223
43 233
43 313
43 323
43 451
44 78
44 87
44 149
44 348
44 385
44 401
44 464
45 74
45 100
45 106
45 259
45 282
45 332
45 420
45 455
45 457
45 475
45 476
46 50
46 51
46 59
46 193
46 255
46 388
46 394
46 497
47 63
47 115
47 338
47 368
47 389
47 393
47 401
47 431
47 439
48 93
48 123
48 124
48 187
48 272
48 427
48 440
49 146
49 149
49 168
49 169
49 280
49 321
49 339
49 388
49 407
49 415
50 130
50 234
50 307
50 317
50 320
50 356
50 426
50 444
50 461
50 486
51 206
51 219
51 221
51 230
51 487
52 69
52 78
52 212
52 231
52 245
52 275
52 307
52 489
53 78
53 99
53 146
53 174
53 341
53 378
53 424
53 454
53 458
54 80
54 87
54 115
54 152
54 155
54 174
54 251
54 378
54 444
55 64
55 77
55 228
55 292
55 302
55 427
55 429
55 497
56 87
56 99
56 136
56 213
56 250
56 387
56 403
56 404
56 451
56 462
57 111
57 267
57 290
57 344
57 362
57 390
57 451
57 455
57 457
58 69
58 104
58 124
58 152
58 199
58 302
58 316
58 321
58 461
58 488
59 79
59 133
59 203
59 274
59 286
59 349
60 128
60 164
60 230
60 267
60 295
60 303
60 333
60 362
60 422
60 423
60 426
60 434
60 470
60 495
61 97
61 113
61 142
61 149
61 186
61 257
61 293
61 304
61 340
61 414
61 474
62 64
62 97
62 200
62 220
62 368
62 465
63 96
63 100
63 104
63 169
63 174
63 234
63 241
63 280
63 281
63 298
63 334
63 464
64 126
64 167
64 326
64 336
64 395
64 444
64 454
64 498
65 67
65 75
65 85
65 164
65 175
65 194
65 207
65 296
65 329
65 367
66 69
66 226
66 342
66 372
66 478
66 484
67 106
67 108
67 177
67 182
67 213
67 214
67 307
67 322
67 347
67 373
67 425
67 463
68 84
68 163
68 335
68 384
68 391
68 415
68 435
69 246
69 261
69 300
69 358
69 377
69 382
69 405
69 480
69 481
69 483
70 86
70 114
70 150
70 276
70 432
70 458
70 473
71 169
71 197
71 205
71 262
71 281
71 305
72 118
72 139
72 167
72 216
72 231
72 254
72 475
73 81
73 107
73 132
73 136
73 249
73 264
73 278
73 282
73 367
73 477
74 113
74 242
74 308
74 339
74 371
74 428
75 255
75 295
75 394
75 405
75 431
75 470
76 77
76 139
76 140
76 149
76 304
76 309
76 335
76 430
77 157
77 173
77 186
77 199
77 201
77 394
77 413
78 96
78 105
78 147
78 243
78 307
78 326
78 414
79 157
79 231
79 235
79 267
79 281
79 405
79 444
80 85
80 97
80 195
80 265
80 280
80 297
80 335
80 448
81 120
81 138
81 217
81 275
81 289
81 290
81 398
81 407
81 414
81 446
81 448
81 466
81 492
81 495
82 102
82 117
82 153
82 174
82 190
82 283
82 294
82 350
82 355
82 386
82 420
82 435
82 440
82 499
83 109
83 147
83 180
83 210
83 317
83 356
83 447
84 102
84 155
84 406
84 479
85 100
85 122
85 246
85 297
85 483
86 146
86 172
86 273
86 310
86 318
86 357
86 439
87 247
87 386
87 417
87 477
87 481
87 485
87 491
88 101
88 102
88 107
88 255
88 263
88 285
88 328
89 182
89 217
89 240
89 260
89 388
90 209
90 216
90 266
90 294
90 299
90 311
90 386
91 216
91 239
91 285
91 315
91 384
91 387
91 413
91 451
92 104
92 145
92 193
92 222
92 231
92 284
92 318
92 366
92 373
92 380
92 381
92 386
92 401
92 448
92 490
93 241
93 261
93 286
93 407
94 122
94 141
94 182
94 184
94 185
94 270
94 298
94 420
94 427
94 480
94 481
94 491
95 107
95 171
95 179
95 202
95 214
95 223
95 255
95 264
95 280
95 378
95 436
95 442
95 462
95 477
96 198
96 224
96 268
96 303
96 401
96 473
96 474
96 493
97 257
97 281
97 299
97 376
97 387
97 413
97 440
97 464
97 485
98 159
98 195
98 417
98 479
99 102
99 126
99 174
99 177
99 245
99 253
99 429
99 486
100 121
100 222
100 239
100 247
100 276
100 289
100 393
100 405
100 415
101 136
101 156
101 176
101 215
101 242
101 255
101 307
101 354
101 392
101 493
102 136
102 247
102 258
102 299
102 314
102 315
102 316
102 382
102 467
103 149
103 170
103 208
103 224
103 245
103 303
103 311
103 332
103 395
103 415
103 444
103 467
104 213
104 224
104 249
104 469
104 498
105 135
105 138
105 162
105 215
105 258
105 287
105 296
105 302
105 317
105 357
105 361
105 399
106 113
106 165
106 168
106 199
106 378
106 445
107 155
107 346
107 348
107 405
107 469
107 487
108 204
109 159
109 184
109 318
109 386
109 494
110 133
110 154
110 222
110 234
110 240
110 247
111 122
111 227
111 230
111 239
111 266
111 302
111 304
111 324
111 406
111 454
112 168
112 182
112 257
112 314
112 403
112 406
112 412
113 139
113 169
113 242
113 396
113 428
113 438
114 210
114 252
114 255
114 283
114 301
114 318
114 346
114 377
114 428
114 451
115 147
115 177
115 184
115 359
115 373
115 396
116 145
116 162
116 187
116 230
116 233
116 283
116 288
116 303
116 385
116 442
117 171
117 318
117 349
117 414
117 455
117 475
118 150
118 240
118 275
118 394
118 398
118 405
118 424
119 186
119 228
119 265
119 409
119 418
119 428
119 487
119 490
119 496
120 191
120 261
120 364
120 420
120 435
120 439
121 146
121 250
121 265
121 291
121 326
121 359
121 438
121 468
122 268
122 328
122 333
122 454
123 219
123 269
123 390
123 471
124 192
124 203
124 214
124 269
124 326
124 471
125 149
125 168
125 240
125 315
125 330
125 433
125 441
126 207
126 212
126 226
126 279
126 301
126 323
126 365
126 368
126 402
126 413
126 425
126 440
126 442
126 484
126 488
126 492
127 139
127 165
127 223
127 272
127 312
127 343
127 395
127 400
127 493
128 192
128 214
128 249
128 377
128 492
129 171
129 197
129 198
129 233
129 311
129 423
129 473
130 149
130 170
130 232
130 281
130 290
130 328
130 436
130 447
130 479
130 484
131 184
131 267
131 336
131 385
131 495
132 183
132 247
132 260
132 317
132 321
132 359
132 410
132 439
132 455
132 485
132 491
132 492
133 195
133 257
133 260
133 262
133 395
133 448
134 187
134 195
134 245
134 251
134 269
134 323
134 328
134 470
135 233
135 282
135 343
135 351
136 296
136 338
136 353
136 374
136 394
136 412
137 160
137 451
137 474
137 494
138 173
138 216
138 267
138 323
138 336
138 346
138 360
138 368
138 370
138 467
139 232
139 278
139 340
139 459
139 470
140 219
140 261
140 294
140 296
140 422
140 472
141 176
141 268
141 287
141 356
141 408
142 154
142 215
142 276
142 332
142 372
142 393
142 462
143 244
143 335
143 345
143 384
143 439
143 447
143 491
143 496
144 153
144 162
144 165
144 178
144 264
144 314
144 375
144 483
145 171
145 217
145 241
145 255
145 407
145 476
145 477
145 490
146 173
146 175
146 207
146 260
146 266
146 428
147 260
147 271
147 350
147 466
147 478
148 277
148 397
148 414
148 461
149 176
149 208
149 231
149 249
149 252
149 257
149 294
149 323
149 392
149 436
149 437
149 455
149 480
150 164
150 184
150 215
150 222
150 280
150 281
150 297
150 342
150 423
150 443
150 479
150 488
150 492
151 172
151 175
151 198
151 216
151 357
151 392
151 424
151 499
152 213
152 315
152 351
152 362
152 364
152 454
152 478
153 200
153 225
153 292
153 312
153 314
153 380
153 477
154 201
154 262
154 300
154 327
154 395
154 480
154 493
154 497
155 167
155 190
155 221
155 259
155 493
156 212
156 308
156 332
156 383
156 420
156 424
156 427
156 437
156 476
157 175
157 230
157 274
157 338
157 418
157 421
157 499
158 189
158 250
158 420
158 486
159 234
159 405
159 415
159 460
159 477
159 495
160 166
160 236
160 257
161 235
161 307
161 374
161 498
162 178
162 188
162 300
162 338
162 340
162 428
162 470
163 223
163 285
163 298
163 378
163 424
163 452
164 191
164 208
164 210
164 232
164 325
164 347
164 449
164 472
164 490
165 225
165 251
165 272
165 298
165 329
165 336
165 339
165 435
166 235
166 237
166 264
166 341
167 197
167 248
167 260
167 278
167 281
167 360
167 366
167 410
168 183
168 267
168 369
168 428
168 434
168 467
168 473
168 496
169 173
169 293
169 301
169 337
169 378
169 417
170 213
170 328
170 381
170 467
171 173
171 188
171 287
171 315
171 328
171 343
171 388
171 404
171 461
171 488
171 498
172 192
172 253
172 271
172 273
172 296
172 475
172 489
173 257
173 259
173 271
173 357
173 361
173 366
173 413
173 453
174 210
174 226
174 253
174 276
174 343
174 362
175 207
175 220
175 308
175 341
175 447
175 486
176 245
176 406
176 450
176 483
177 203
177 207
177 408
177 488
178 197
178 226
178 298
178 299
178 439
178 489
179 189
179 208
179 235
179 257
179 316
179 417
180 205
180 249
180 273
180 304
180 377
181 220
181 228
181 230
181 254
181 288
181 333
181 387
181 469
181 475
181 489
182 238
182 305
182 329
182 442
182 445
182 462
183 189
183 218
183 322
183 371
183 470
183 486
184 254
184 256
184 366
184 470
184 471
185 220
185 244
185 287
185 308
185 351
185 389
185 422
185 460
185 496
186 264
186 282
186 289
186 426
187 196
187 202
187 223
187 236
187 242
187 302
187 342
187 396
188 238
188 245
188 252
188 441
189 203
189 209
189 212
189 256
189 293
189 327
189 328
189 426
189 480
189 485
190 288
190 307
190 379
191 329
191 407
192 254
192 266
192 303
192 392
192 432
192 455
192 493
193 248
193 265
193 300
193 346
193 369
193 377
193 380
194 246
194 389
194 403
194 480
195 230
195 297
195 312
195 392
196 286
196 342
197 217
197 396
197 418
197 423
197 429
197 448
198 270
198 295
198 333
198 355
198 410
198 429
198 434
199 333
199 359
199 361
199 387
199 457
199 459
200 272
200 291
200 307
200 327
200 375
200 442
201 211
201 227
201 261
201 265
201 431
201 442
201 490
202 255
202 328
202 459
202 475
203 281
203 309
203 377
203 441
203 447
204 221
204 255
204 332
204 335
204 367
204 410
204 483
204 495
205 221
205 240
205 253
205 268
205 305
205 331
205 379
206 281
206 390
206 493
207 265
207 396
207 407
207 483
208 279
208 318
208 346
208 408
208 430
208 432
208 477
209 251
209 256
209 285
209 319
210 217
210 388
210 393
210 414
210 456
211 229
211 252
211 253
211 294
211 323
211 348
211 358
211 390
211 492
212 228
212 257
212 269
212 339
212 341
213 221
213 292
213 355
213 356
213 450
213 489
213 497
214 276
214 331
214 420
214 437
214 440
214 478
214 482
215 235
215 269
215 360
215 418
215 458
216 265
216 283
216 289
217 274
217 275
217 325
217 361
217 363
218 231
218 274
218 330
218 404
218 475
219 241
219 253
219 263
219 320
219 332
219 336
219 344
219 370
219 435
219 484
220 243
220 304
220 332
220 353
220 391
220 432
221 245
221 302
221 316
221 334
221 378
221 461
222 284
222 344
222 377
222 405
222 417
222 471
223 235
223 280
223 344
223 393
223 421
223 427
223 445
223 450
223 492
224 339
224 384
224 390
224 404
224 407
224 417
224 485
225 312
225 361
225 368
226 250
226 285
226 290
226 399
227 269
227 295
227 299
227 308
227 354
227 446
228 239
228 243
228 304
228 361
228 387
228 410
228 414
228 437
228 477
229 251
229 280
229 314
229 361
229 406
229 410
229 417
229 467
230 264
230 450
231 254
231 348
231 464
232 309
232 313
232 320
232 374
232 398
232 447
232 466
233 346
233 391
233 401
233 413
233 418
233 494
234 252
234 320
234 410
234 429
234 463
234 476
235 289
235 344
235 395
235 490
236 309
236 325
236 334
236 435
236 448
236 449
237 266
237 317
237 328
237 390
237 427
238 282
238 300
238 397
238 446
239 268
239 290
239 305
240 250
240 357
240 364
240 493
241 313
241 344
241 356
241 385
241 386
241 393
241 494
242 367
242 429
242 469
243 316
243 321
243 374
243 375
243 450
243 494
244 290
244 310
244 390
244 407
244 442
244 493
245 250
245 251
245 304
245 321
245 325
245 349
245 396
245 419
245 467
245 488
246 275
246 332
246 398
246 404
247 261
247 488
247 499
248 321
248 350
248 362
248 497
249 291
249 318
249 357
249 365
249 369
249 382
249 414
249 491
249 495
250 334
250 390
250 461
251 267
251 432
251 475
252 253
252 295
252 296
252 306
252 322
252 332
252 407
252 491
253 286
253 289
253 326
253 359
253 430
253 490
254 268
254 403
254 462
254 491
255 279
255 326
255 393
255 413
255 448
256 319
256 363
256 378
256 388
256 473
256 475
256 490
257 284
257 335
257 348
257 351
257 358
257 379
257 446
257 486
258 299
258 382
258 436
259 305
259 336
259 356
259 367
259 458
259 475
260 331
260 450
260 455
260 466
261 279
261 337
261 343
261 409
261 425
261 438
261 443
262 269
262 289
262 301
262 308
262 383
263 284
263 350
263 442
263 446
263 457
263 498
264 276
264 309
264 322
264 328
264 400
264 423
264 432
265 484
265 498
266 274
266 318
266 412
267 270
267 315
267 340
267 355
267 416
267 459
268 278
268 281
268 291
268 293
268 321
268 347
268 442
269 330
269 366
269 415
269 431
269 437
270 311
270 339
270 412
271 396
271 450
271 479
272 279
272 321
272 339
272 449
272 487
273 333
273 369
273 397
273 425
273 474
273 481
274 304
274 394
274 416
275 303
275 381
275 408
275 423
276 336
276 341
276 427
277 366
277 371
277 407
277 448
277 470
278 365
278 374
279 309
279 357
279 461
279 478
280 386
280 393
280 496
281 285
281 392
281 438
281 445
281 484
282 303
282 320
282 340
282 455
282 482
283 316
283 363
283 374
284 353
284 355
284 378
284 478
285 306
285 342
285 375
285 390
285 400
286 352
286 394
286 451
286 465
287 295
287 401
287 439
287 443
287 444
287 447
287 476
287 498
288 290
288 324
288 342
288 386
288 426
288 474
288 484
289 332
289 345
289 447
289 480
289 492
289 495
290 294
290 296
290 310
290 374
290 385
290 410
290 420
290 434
290 496
291 308
291 310
291 338
291 339
291 418
293 415
293 477
294 336
294 367
294 380
294 404
294 444
294 450
295 318
296 370
296 393
297 305
297 332
297 351
297 353
297 416
297 419
297 428
297 455
299 323
299 407
299 460
299 463
300 368
300 468
301 310
301 326
301 381
301 417
301 466
302 326
302 377
302 434
303 333
304 343
304 403
304 475
305 323
305 413
306 336
306 342
306 432
307 393
307 430
308 375
308 382
308 496
309 382
309 480
310 471
312 313
312 363
312 386
312 389
312 393
312 408
312 445
312 463
313 436
313 491
313 494
314 456
314 474
316 367
316 447
316 448
317 424
317 449
317 460
317 472
317 480
318 408
318 463
318 473
319 411
319 451
319 491
319 499
320 351
320 402
320 423
320 449
321 328
321 456
321 486
322 330
322 344
322 353
323 366
323 369
323 417
324 343
324 354
324 463
324 476
325 330
325 382
325 383
325 411
326 370
326 373
326 476
327 354
327 362
327 366
327 380
327 394
327 433
327 455
328 495
329 381
329 428
329 461
330 337
330 365
330 428
330 489
331 343
331 399
331 453
331 468
331 499
332 342
332 346
332 454
332 465
332 468
333 444
333 489
334 484
335 341
335 456
336 429
336 476
337 339
337 341
337 387
337 403
337 411
337 422
337 458
338 372
338 384
338 480
339 376
339 394
339 411
339 422
340 378
340 428
340 433
340 481
340 488
340 489
340 494
341 346
341 397
341 435
342 345
342 357
342 466
342 482
342 489
343 378
344 401
344 434
344 454
345 471
346 391
346 477
347 433
347 465
348 360
348 386
348 419
348 464
348 472
349 351
349 374
349 470
350 389
350 413
350 423
351 366
351 393
351 394
351 464
351 498
352 418
352 433
352 454
353 396
353 430
353 456
353 479
354 420
354 422
354 460
355 440
355 446
356 391
356 410
356 420
356 432
356 469
356 493
357 481
358 454
358 480
358 488
359 461
360 374
360 397
360 427
360 451
361 387
361 423
362 414
362 433
362 434
363 490
364 365
364 390
364 421
364 443
365 401
366 489
366 490
367 399
367 433
368 415
368 480
368 492
369 383
369 384
369 428
369 462
369 469
370 413
370 478
371 392
371 464
372 382
372 388
372 413
372 414
372 493
373 402
373 405
373 457
373 460
374 399
374 427
376 384
376 418
376 473
376 494
377 457
378 401
378 420
378 443
378 452
378 485
379 439
379 481
380 420
380 427
380 476
381 404
381 426
381 487
382 392
382 423
382 445
383 473
384 412
384 430
384 453
385 388
385 394
385 459
385 481
386 434
386 470
387 414
387 493
387 494
388 394
388 400
388 411
388 455
388 458
389 398
389 476
389 494
390 473
391 402
391 447
391 462
391 473
392 455
392 498
393 397
393 460
394 416
394 479
395 400
395 482
396 411
399 485
399 488
401 421
401 468
401 484
403 417
403 495
403 498
405 417
405 435
405 466
405 499
406 497
408 416
408 420
408 435
408 459
408 491
409 456
409 472
410 471
411 435
412 436
413 461
413 485
414 440
414 451
414 459
414 464
414 470
415 471
416 440
416 484
417 440
419 444
419 449
420 440
420 454
420 457
420 487
421 458
421 496
423 446
424 466
427 452
427 456
427 463
427 487
427 494
429 454
430 433
430 490
431 439
431 456
431 471
431 479
432 485
433 434
433 467
433 491
435 462
436 453
437 446
437 482
438 450
438 453
440 456
441 480
441 487
443 473
445 474
445 488
445 498
446 452
447 457
450 491
453 487
454 475
457 480
459 464
459 476
460 497
461 492
465 468
465 471
467 497
468 489
471 489
472 487
480 488
481 494
483 494
484 494
486 495
0
9 499
