500	2484	 1
0 37
0 135
0 196
0 359
1 10
1 95
1 103
1 159
1 184
1 202
1 209
1 277
1 410
1 431
1 449
1 486
2 7
2 49
2 140
2 209
2 234
2 294
2 295
2 304
2 367
2 402
2 453
3 52
3 64
3 196
3 207
3 404
4 37
4 49
4 110
4 124
4 149
4 214
4 370
4 407
4 416
5 11
5 12
5 141
5 172
5 290
5 291
5 354
5 467
6 12
6 107
6 115
6 119
6 138
6 344
6 368
6 388
6 470
7 10
7 54
7 56
7 85
7 178
7 377
7 385
7 432
7 477
7 495
7 497
8 239
8 245
8 267
8 308
8 334
8 353
8 376
8 425
8 440
8 462
9 23
9 75
9 177
9 265
9 291
9 494
10 47
10 152
10 154
10 169
10 258
10 301
10 333
10 344
10 386
11 31
11 62
11 102
11 125
11 205
11 254
11 287
11 297
11 384
11 453
12 110
12 139
12 223
12 269
12 365
12 374
12 413
12 466
12 488
13 62
13 64
13 100
13 121
13 282
13 363
13 475
13 492
14 83
14 89
14 165
14 203
14 297
14 321
14 331
14 365
14 389
14 439
15 74
15 203
15 229
15 268
15 438
15 487
16 70
16 92
16 132
16 195
16 196
16 265
16 421
16 488
17 77
17 91
17 110
17 174
17 201
17 216
17 217
17 332
17 381
17 390
18 73
18 86
18 87
18 174
18 209
18 241
18 294
18 357
19 44
19 94
19 112
19 167
19 168
19 231
19 317
19 369
19 424
20 59
20 101
20 182
20 291
20 326
20 370
20 382
20 407
20 448
20 454
21 39
21 46
21 48
21 54
21 129
21 205
21 259
21 273
21 292
21 297
21 355
21 429
22 66
22 92
22 125
22 157
22 252
22 263
22 321
22 337
22 381
23 74
23 120
23 202
23 306
24 49
24 72
24 99
24 101
24 118
24 134
24 171
24 299
24 303
24 380
24 420
24 442
24 494
24 496
25 52
25 142
25 213
25 285
25 304
25 329
25 344
25 389
25 436
25 461
26 29
26 146
26 163
26 186
26 216
26 259
26 262
26 287
26 300
26 434
27 80
27 98
27 210
27 291
27 302
27 326
27 336
27 350
27 366
27 420
28 128
28 148
28 162
28 226
28 235
28 236
28 255
28 272
28 273
28 274
28 275
28 341
28 388
28 425
28 450
28 458
28 468
29 157
29 180
29 193
29 210
29 261
29 320
29 360
29 372
29 399
29 455
30 47
30 48
30 94
30 95
30 98
30 139
30 210
30 325
30 347
30 351
30 416
30 431
31 173
31 175
31 249
31 260
31 263
31 283
31 310
31 349
31 381
32 79
32 146
32 189
32 195
32 224
32 286
32 340
32 421
32 442
32 462
32 466
33 36
33 69
33 75
33 80
33 81
33 89
33 138
33 237
33 311
33 313
33 320
33 342
33 343
33 345
33 380
33 424
34 111
34 189
34 190
34 214
34 266
34 271
34 315
34 414
34 435
34 489
35 64
35 70
35 248
35 325
35 343
35 406
35 421
35 431
35 447
36 56
36 73
36 118
36 169
36 186
36 239
36 252
36 304
37 65
37 74
37 212
37 315
37 363
37 461
37 473
38 40
38 43
38 58
38 188
38 254
38 333
38 423
39 54
39 114
39 186
39 274
39 310
39 349
40 102
40 150
40 153
40 173
40 257
40 274
40 310
40 328
40 341
40 361
40 416
40 456
40 472
41 121
41 151
41 200
41 217
41 247
41 261
41 272
41 302
41 354
41 394
41 396
41 406
41 452
41 454
41 479
42 75
42 154
42 278
42 353
42 383
42 393
42 411
43 57
43 123
43 255
43 285
43 351
43 353
43 362
43 395
43 402
43 411
43 444
44 150
44 214
44 243
44 316
44 324
44 399
44 474
45 64
45 117
45 120
45 152
45 173
45 195
45 217
45 267
45 282
45 283
45 326
45 408
45 455
45 478
46 71
46 80
46 109
46 188
46 236
46 246
46 341
46 491
46 499
47 56
47 79
47 241
47 265
47 272
47 279
47 293
47 367
48 106
48 141
48 204
48 248
48 256
48 258
48 342
48 375
48 410
49 54
49 88
49 100
49 390
49 391
49 450
49 468
49 479
49 496
50 170
50 184
50 191
50 228
50 297
50 311
50 388
50 416
50 437
51 268
51 273
51 323
51 376
51 425
52 69
52 77
52 99
52 116
52 148
52 184
52 192
52 202
52 231
52 253
52 303
52 368
52 387
52 410
52 446
53 255
53 364
53 426
53 455
53 468
54 98
54 105
54 114
54 135
54 152
54 225
54 250
54 311
54 350
55 104
55 114
55 154
55 210
55 244
55 274
55 276
55 388
55 474
56 73
56 111
56 119
56 124
56 169
56 195
56 207
56 218
56 267
56 333
56 382
56 401
56 415
56 427
57 87
57 91
57 160
57 181
57 198
57 292
57 336
57 354
57 403
58 125
58 155
58 164
58 169
58 229
58 330
58 353
58 357
58 410
59 86
59 92
59 123
59 124
59 230
59 242
59 322
59 384
59 407
59 447
59 464
60 77
60 172
60 198
60 306
60 328
60 353
60 373
60 378
60 417
60 432
60 462
61 64
61 155
61 271
61 287
61 293
61 351
61 355
61 371
61 457
61 460
62 97
62 103
62 191
62 220
62 234
62 261
62 280
62 309
62 311
62 401
62 415
62 454
62 497
63 72
63 104
63 119
63 137
63 150
63 161
63 202
63 214
63 267
63 293
63 471
63 499
64 90
64 101
64 107
64 126
64 183
64 199
64 218
64 347
64 452
65 141
65 209
65 218
65 278
65 281
65 366
65 460
65 475
66 72
66 116
66 141
66 222
66 369
66 372
66 405
67 133
67 214
67 279
67 448
67 499
68 130
68 159
68 173
68 190
68 277
68 347
68 361
68 397
69 91
69 94
69 123
69 332
69 334
70 71
70 109
70 118
70 172
70 179
70 194
70 196
70 219
70 258
70 347
70 372
70 445
70 458
70 497
71 160
71 268
71 272
71 335
71 369
71 430
71 494
72 103
72 107
72 158
72 174
72 271
72 299
72 311
72 320
72 345
72 347
73 99
73 141
73 177
73 278
73 395
73 422
73 428
73 443
73 488
74 86
74 89
74 133
74 271
74 415
74 447
74 456
75 118
75 134
75 206
75 208
75 237
75 269
75 308
75 388
75 412
75 424
76 170
76 185
76 251
76 275
76 303
76 391
76 463
76 464
76 468
77 151
77 206
77 326
77 345
77 417
77 418
78 79
78 85
78 89
78 181
78 241
78 336
78 399
78 454
79 80
79 111
79 112
79 131
79 184
79 187
79 289
79 298
79 340
79 406
79 424
79 452
79 462
80 234
80 252
80 334
80 434
80 449
81 155
81 252
81 310
81 369
81 373
81 412
81 426
81 433
81 442
81 472
81 497
82 92
82 100
82 132
82 152
82 268
82 362
83 124
83 148
83 161
83 166
83 192
83 254
83 302
83 377
83 423
83 447
83 482
84 150
84 210
84 245
84 290
84 325
84 411
84 494
85 129
85 142
85 221
85 238
85 275
85 311
85 386
85 482
86 126
86 130
86 141
86 157
86 201
86 246
86 287
86 289
86 298
86 434
87 118
87 127
87 165
87 217
87 256
87 258
87 264
87 291
87 436
87 449
87 466
87 492
88 104
88 164
88 198
88 229
88 241
88 243
88 298
88 359
88 398
88 474
89 144
89 149
89 222
89 264
89 293
89 305
89 308
89 367
89 404
89 412
90 114
90 163
90 174
90 190
90 209
90 210
90 284
90 307
90 352
90 411
90 436
90 476
90 493
91 151
91 155
91 192
91 217
91 226
91 232
91 246
91 255
91 464
92 115
92 248
92 262
92 283
92 302
92 309
92 401
92 406
92 495
93 154
93 295
93 329
93 389
93 429
94 108
94 164
94 224
94 250
94 251
94 416
94 434
94 438
94 492
95 124
95 202
95 238
95 265
95 364
95 375
95 411
95 494
96 101
96 184
96 361
96 388
96 481
97 108
97 286
97 350
97 385
97 408
98 176
98 177
98 360
98 406
98 420
99 137
99 145
99 155
99 215
99 365
99 420
99 425
99 438
100 294
100 362
100 386
100 476
101 261
101 266
101 270
101 340
101 399
101 455
102 151
102 209
102 308
102 363
102 374
102 449
102 453
102 486
103 225
103 345
103 376
103 393
103 411
103 431
103 463
104 111
104 169
104 261
104 314
104 331
104 417
104 424
104 494
105 140
105 142
105 221
105 292
105 378
105 381
105 437
105 472
106 174
106 185
106 193
106 224
106 259
106 269
106 277
106 280
106 315
106 325
106 373
106 394
106 442
107 199
107 238
107 399
108 139
108 189
108 286
108 292
108 319
108 331
108 337
108 365
108 369
108 428
108 459
109 135
109 189
109 274
109 320
109 329
110 126
110 128
110 165
110 377
110 434
110 488
111 180
111 255
111 279
111 310
111 325
111 336
112 163
112 198
112 210
112 285
112 305
113 114
113 177
113 206
113 228
114 183
114 279
114 423
114 436
114 494
115 248
115 297
115 343
115 367
115 483
116 140
116 153
116 158
116 201
116 272
116 273
116 388
116 421
116 446
116 480
117 154
117 167
117 257
117 484
118 123
118 149
118 244
118 335
119 165
119 237
119 272
119 405
119 428
119 495
120 198
120 202
120 259
120 356
120 374
120 458
120 460
121 123
121 167
121 195
121 364
121 365
121 366
121 442
122 165
122 166
122 268
122 312
122 321
122 456
123 143
123 167
123 249
123 254
124 131
124 141
124 144
124 205
124 207
124 229
124 317
124 332
125 226
125 355
125 360
125 388
125 453
125 468
126 227
126 249
126 282
126 302
126 420
126 423
126 491
127 130
127 190
127 219
127 227
127 265
127 304
127 409
127 433
128 161
128 187
128 258
128 337
128 355
128 413
129 168
129 211
129 218
129 229
129 232
129 311
129 327
129 387
130 153
130 170
130 211
130 321
131 140
131 179
131 239
131 276
131 371
131 396
131 411
132 202
132 222
132 267
132 282
132 312
132 424
132 475
133 139
133 155
133 177
133 194
133 197
133 242
133 348
133 358
133 421
133 478
134 172
134 192
134 230
134 256
134 263
134 281
134 292
134 332
134 364
134 383
134 473
135 190
135 211
135 214
135 301
135 355
135 379
135 485
136 144
136 168
136 175
136 220
136 286
136 296
136 379
137 186
137 241
137 295
137 356
137 420
137 455
137 470
137 482
137 492
138 140
138 154
138 191
138 269
138 291
138 388
139 153
139 179
139 198
139 251
139 378
139 447
139 465
140 183
140 210
140 218
140 263
140 297
140 337
140 441
140 442
140 486
140 492
141 165
141 166
141 186
141 297
141 327
141 365
141 396
141 400
141 493
142 335
142 347
142 387
142 448
142 460
142 484
142 487
143 189
143 254
143 283
143 284
143 312
143 383
143 457
143 492
144 158
144 202
144 219
144 295
144 338
144 352
144 380
144 383
144 387
144 480
145 165
145 173
145 283
145 292
145 305
145 361
146 150
146 186
146 193
146 200
146 342
146 347
146 395
146 418
147 245
147 250
147 328
148 149
148 174
148 213
148 231
148 294
148 295
148 374
148 439
148 459
149 168
149 203
149 303
149 450
149 468
149 471
150 186
150 193
150 195
150 249
150 263
150 280
150 392
150 451
150 473
151 195
151 199
151 351
151 375
151 401
151 433
151 434
151 445
151 484
152 197
152 251
152 296
152 382
152 428
152 471
153 169
153 230
153 272
153 317
153 335
153 436
153 479
154 173
154 179
154 203
154 243
154 256
154 410
154 485
156 266
156 320
156 381
156 434
156 435
157 190
157 235
157 262
157 315
157 372
158 163
158 192
158 268
158 279
158 336
158 374
158 433
159 216
159 259
159 272
159 291
159 323
159 342
160 274
160 305
160 314
160 316
160 334
160 448
160 459
160 474
160 484
161 163
161 225
161 349
161 362
161 441
161 498
162 263
162 280
162 324
162 346
162 354
163 190
163 205
163 224
163 287
163 301
163 383
163 478
164 229
164 238
164 319
164 345
164 396
164 432
164 451
164 461
164 477
165 176
165 243
165 443
165 459
166 277
166 316
166 429
166 464
166 475
167 188
167 191
167 193
167 202
167 234
167 336
167 434
167 467
167 486
168 285
168 328
168 392
168 429
168 433
168 439
169 184
169 226
169 264
169 269
169 326
169 425
169 437
169 479
169 489
170 177
170 379
170 413
170 444
170 472
171 217
171 268
171 324
171 358
171 396
171 425
171 453
171 471
171 487
171 499
172 216
172 219
172 284
172 324
172 354
172 459
173 201
173 222
173 347
173 367
173 370
173 396
174 312
174 331
174 339
174 369
174 372
174 404
174 432
174 471
174 492
175 198
175 221
175 262
175 297
175 378
175 385
175 398
175 421
175 490
176 246
176 306
176 316
176 335
176 358
176 425
176 478
176 493
177 212
177 225
177 286
177 312
177 419
177 421
178 228
178 254
178 283
178 372
178 447
178 492
179 275
179 288
179 290
179 362
179 375
179 385
179 424
179 429
180 233
180 243
180 254
180 286
180 290
180 363
180 374
180 454
181 252
181 375
181 380
181 391
181 397
181 461
181 476
182 251
182 378
182 406
182 412
182 497
183 230
183 238
183 333
183 366
183 414
183 453
183 460
183 477
184 187
184 204
184 225
184 266
184 338
184 427
184 442
184 472
184 488
185 187
185 198
185 330
185 393
185 464
186 207
186 251
186 281
186 331
186 424
186 440
187 199
187 262
187 294
187 302
187 332
187 347
187 357
187 373
187 462
187 467
187 485
188 190
188 208
188 235
188 312
188 341
188 342
188 348
188 379
188 430
189 195
189 211
189 302
189 472
189 475
190 204
190 489
191 208
191 221
191 404
191 414
191 450
192 242
192 248
192 257
192 345
192 373
192 393
193 275
193 298
193 309
193 379
193 401
193 429
193 456
194 208
194 215
194 265
194 323
194 362
194 391
194 406
194 420
194 452
194 494
195 242
195 296
195 315
195 412
195 423
195 436
196 223
196 338
196 391
196 408
196 484
197 198
197 250
197 271
197 320
197 349
197 384
197 440
197 453
197 484
198 357
198 409
199 299
199 333
199 336
199 358
199 432
199 475
200 350
200 420
201 236
201 294
201 401
201 426
202 237
202 424
202 431
202 466
202 478
202 495
203 215
203 342
203 347
203 349
203 419
203 443
204 206
204 287
204 298
204 316
204 330
204 390
204 476
204 478
204 498
205 213
205 346
205 389
205 422
206 212
206 215
206 223
206 388
206 495
206 497
207 222
207 223
207 296
207 320
207 380
208 212
208 235
208 237
208 259
208 264
208 273
208 281
208 297
208 368
208 395
208 421
208 428
208 448
209 223
209 263
209 272
209 285
209 317
209 327
209 368
209 394
209 451
210 211
210 230
210 303
210 482
211 224
211 254
211 392
211 419
211 421
211 424
212 223
212 346
212 350
212 461
212 469
213 235
213 314
213 428
213 437
213 463
214 306
214 344
215 232
215 322
215 362
215 363
215 391
215 415
215 442
215 443
216 225
216 296
216 360
216 387
216 431
216 494
217 220
217 248
217 306
217 311
217 325
217 346
217 415
218 271
218 487
219 233
219 263
219 292
219 320
219 328
219 360
219 368
219 374
219 397
219 453
220 320
220 330
220 340
221 229
221 266
221 349
221 359
221 403
221 489
222 230
222 265
222 280
222 306
222 331
222 343
222 356
222 363
222 407
222 490
223 238
223 327
223 376
223 400
224 254
224 255
224 278
224 290
224 391
224 402
224 411
224 429
224 433
224 465
225 248
225 317
225 352
225 412
225 446
225 466
226 252
226 404
227 391
227 399
227 456
227 463
227 479
228 277
228 296
228 311
228 321
228 342
228 372
228 426
229 264
229 268
229 303
229 326
229 330
229 340
229 391
229 437
229 441
229 453
230 242
230 254
230 277
230 285
230 374
230 427
230 498
231 248
231 269
231 297
231 304
231 393
231 432
231 442
231 489
232 307
232 430
232 462
232 478
233 250
233 289
233 314
233 326
233 334
233 367
233 390
234 263
234 325
234 383
234 427
235 251
235 339
235 420
235 457
235 467
236 257
236 302
236 369
236 471
237 271
237 290
237 300
237 451
238 309
238 379
238 381
238 460
238 497
239 487
240 248
240 291
240 317
240 335
240 410
240 413
240 452
241 371
241 372
241 384
241 437
241 440
241 456
241 472
242 277
242 355
242 429
242 485
243 311
243 341
243 344
243 346
244 287
244 414
244 415
244 488
244 496
245 246
245 287
245 294
245 342
245 452
246 313
246 339
246 348
246 463
247 251
247 332
247 336
247 374
247 410
247 421
247 490
248 251
248 303
248 314
248 405
248 414
249 275
249 283
249 306
249 352
249 353
249 416
249 422
249 443
249 449
249 496
250 305
250 323
250 345
250 371
250 433
251 267
251 359
251 491
251 498
252 347
252 499
253 365
253 375
253 439
253 470
253 489
254 334
254 345
254 362
254 454
255 287
255 333
255 402
255 408
256 257
256 382
256 403
256 443
256 448
257 264
257 269
257 278
257 340
257 359
257 393
258 354
258 374
258 409
258 434
258 439
258 481
259 260
259 274
259 293
259 308
259 349
259 390
259 395
259 420
259 476
260 303
260 344
260 438
260 497
261 266
261 312
261 338
261 364
261 490
262 285
262 288
262 291
262 300
262 385
262 389
262 449
263 267
263 341
263 373
263 381
264 349
264 358
264 400
264 414
264 464
264 492
265 367
265 380
265 415
266 318
266 447
266 498
267 280
267 328
267 445
268 291
268 302
268 398
269 422
269 495
270 276
270 309
270 376
270 470
270 478
271 293
271 313
271 330
271 353
271 385
271 412
271 434
271 438
271 488
272 346
272 427
272 436
272 488
273 305
273 313
273 456
273 482
274 303
274 388
275 307
275 312
275 324
275 331
275 342
275 447
276 304
276 326
276 365
276 404
276 412
276 431
276 458
277 323
277 362
277 369
277 400
278 327
278 362
278 399
278 430
278 498
279 472
279 476
281 381
281 412
281 421
281 433
281 452
281 460
282 301
282 330
282 375
283 412
283 414
283 471
283 498
284 428
284 443
284 476
285 353
285 380
285 476
286 314
286 397
286 435
286 443
286 491
287 290
287 315
287 398
287 473
288 295
288 337
288 450
288 459
288 470
288 473
289 335
289 344
289 362
289 426
289 467
289 493
290 321
290 328
290 346
290 362
291 309
291 365
291 371
291 434
291 486
292 424
292 471
293 313
293 351
293 379
293 389
294 300
294 304
294 354
294 367
294 388
294 418
294 468
295 297
295 324
295 336
295 350
295 357
295 482
296 320
296 338
296 349
296 474
297 312
297 453
297 460
297 468
297 471
297 474
298 312
298 324
298 335
298 365
298 399
299 329
299 332
299 360
299 397
299 430
300 360
300 364
300 366
300 379
300 400
301 345
301 354
301 472
302 356
303 369
303 410
303 413
305 327
305 330
305 449
306 353
306 355
306 440
306 489
307 330
307 337
307 372
307 428
307 439
307 474
308 332
308 364
308 395
309 311
309 345
309 350
309 351
309 390
309 427
310 379
310 486
312 313
312 353
312 404
312 490
313 499
314 353
314 397
314 450
314 489
315 495
316 393
316 431
317 343
317 363
317 386
317 449
317 490
318 334
318 361
318 382
318 416
318 468
319 357
319 495
320 327
320 369
320 384
321 328
321 332
321 445
322 343
322 467
323 327
323 344
323 355
323 381
323 403
323 448
324 361
324 370
324 391
324 395
324 434
325 342
325 465
325 471
326 444
326 446
327 490
328 477
329 344
329 348
329 398
329 492
330 346
330 411
330 450
330 499
331 341
332 381
332 382
332 387
332 392
332 406
334 347
334 422
335 342
335 390
335 418
335 457
336 464
336 485
337 497
338 376
338 382
338 442
339 362
339 441
340 360
340 448
340 486
341 475
342 349
342 378
342 382
342 402
343 354
343 392
344 445
344 453
345 378
345 401
346 375
346 380
346 407
346 429
346 438
346 469
346 484
346 493
347 382
347 384
347 423
347 426
348 409
348 470
349 419
350 392
350 404
351 420
352 405
352 448
352 483
352 488
352 491
353 444
353 453
354 446
354 493
355 405
355 422
355 461
356 388
356 407
356 414
356 466
356 469
356 475
357 393
357 441
357 485
358 402
358 417
358 466
358 484
359 379
359 430
360 408
361 386
361 469
362 418
362 426
362 437
362 481
363 373
363 454
363 459
363 469
363 486
364 463
364 493
365 397
365 466
366 368
366 429
366 458
366 462
366 466
367 409
367 429
368 394
368 435
368 480
369 387
369 397
369 415
369 499
370 434
370 486
371 376
371 426
372 375
372 463
373 386
373 415
373 480
374 497
375 424
375 444
376 406
376 429
376 495
377 404
377 417
377 427
377 455
378 396
378 432
378 456
378 491
379 434
379 437
379 489
380 469
381 385
381 386
381 413
381 473
382 389
382 467
383 413
383 458
384 408
384 464
385 467
385 473
385 482
386 388
386 484
387 467
388 415
388 480
388 483
388 493
389 411
389 496
389 499
390 398
390 471
390 487
391 423
393 403
393 438
394 397
394 425
394 475
394 493
395 410
395 453
395 483
396 412
396 489
397 449
398 459
399 414
400 402
400 449
400 487
401 457
403 405
403 481
404 482
404 493
405 443
406 430
406 433
406 474
409 422
409 431
409 440
410 490
410 498
411 460
412 424
412 438
412 475
413 458
413 486
413 496
415 464
416 476
417 450
417 488
418 440
418 451
419 452
419 454
420 483
421 450
422 428
422 481
422 486
423 426
427 459
427 462
428 441
428 472
428 491
429 439
429 440
429 458
429 469
429 498
430 455
432 434
432 451
434 446
434 475
434 479
435 438
435 441
435 463
437 481
437 484
437 496
437 499
438 492
439 479
439 493
440 446
440 470
441 444
442 487
443 453
444 447
444 482
447 498
448 465
449 486
451 477
452 492
453 483
455 484
456 488
457 470
458 469
458 489
458 490
459 499
462 478
462 481
462 489
463 471
463 475
463 491
464 474
464 493
465 470
465 485
466 494
472 479
472 490
473 481
480 484
480 490
497 499
0
9 499
