500	2456	 1
0 220
0 286
0 291
0 379
0 421
0 441
0 453
1 4
1 7
1 33
1 168
1 169
1 261
1 265
1 303
1 313
1 354
1 372
1 416
1 422
1 446
1 448
1 450
2 89
2 93
2 119
2 317
2 329
2 376
2 390
2 474
3 31
3 41
3 52
3 104
3 167
3 180
3 185
3 186
3 199
3 214
3 226
3 241
3 242
3 274
3 331
3 332
3 374
3 424
3 432
3 439
4 117
4 163
4 364
4 368
4 436
5 66
5 151
5 160
5 223
5 354
5 445
5 460
6 206
6 214
6 224
6 269
6 310
6 340
6 360
6 466
6 488
7 64
7 92
7 104
7 114
7 124
7 133
7 157
7 219
7 307
7 375
7 410
7 419
7 438
7 483
8 11
8 60
8 137
8 195
8 199
8 206
8 268
8 329
8 348
8 413
8 463
8 487
9 34
9 230
9 311
9 362
10 49
10 124
10 144
10 168
10 227
10 236
10 296
10 338
10 490
10 496
11 118
11 122
11 127
11 230
11 231
11 355
11 372
11 436
12 31
12 68
12 95
12 114
12 179
12 183
12 288
12 295
12 396
12 414
12 483
12 490
13 55
13 115
13 221
13 267
13 294
13 315
13 438
13 444
13 460
13 474
14 20
14 22
14 30
14 128
14 174
14 213
14 274
14 311
14 324
14 383
14 429
14 438
14 465
15 19
15 29
15 230
15 236
15 318
15 385
15 449
16 23
16 80
16 99
16 153
16 164
16 305
16 311
16 347
16 419
16 497
17 25
17 31
17 33
17 36
17 91
17 116
17 144
17 192
17 354
17 386
17 469
18 21
18 39
18 63
18 75
18 93
18 130
18 155
18 285
18 309
18 330
18 350
18 410
18 427
18 445
19 95
19 113
19 193
19 213
19 234
19 241
19 250
19 308
19 312
19 346
19 399
19 401
19 487
20 74
20 169
20 248
20 294
20 320
20 352
20 434
20 456
20 494
21 23
21 43
21 53
21 259
21 346
21 380
21 393
21 447
21 459
22 26
22 28
22 61
22 268
22 308
22 326
22 328
22 381
22 397
22 421
23 25
23 74
23 103
23 104
23 138
23 170
23 174
23 179
23 290
23 329
23 475
24 43
24 80
24 98
24 184
24 209
24 218
24 287
24 347
25 184
25 204
25 217
25 265
25 277
25 322
25 397
25 412
25 427
25 441
25 442
25 483
26 89
26 121
26 183
26 205
26 241
26 257
26 323
26 360
26 410
26 412
26 443
27 82
27 99
27 250
27 282
27 335
27 479
28 106
28 121
28 156
28 187
28 237
28 281
28 379
28 422
28 482
29 127
29 223
29 237
29 284
29 299
29 338
29 445
29 487
30 107
30 155
30 175
30 195
30 202
30 203
30 381
30 409
30 424
31 59
31 81
31 223
31 250
31 291
31 413
31 467
31 488
31 499
32 36
32 179
32 183
32 263
32 303
32 397
32 427
32 429
32 434
32 492
33 51
33 70
33 236
33 380
33 456
34 58
34 87
34 109
34 122
34 156
34 174
34 229
34 230
34 270
34 275
34 290
34 313
34 331
34 387
34 405
34 481
35 82
35 89
35 93
35 148
35 167
35 194
35 201
35 277
35 360
35 416
36 136
36 215
36 223
36 262
36 277
36 307
36 417
36 425
36 489
37 87
37 96
37 103
37 139
37 200
37 215
37 325
37 338
37 348
37 374
37 414
37 438
37 440
38 78
38 168
38 259
38 263
38 306
38 342
39 45
39 121
39 149
39 191
39 225
39 255
39 310
39 338
39 424
39 462
40 119
40 131
40 223
40 299
40 356
40 364
40 400
41 155
41 190
41 252
41 270
41 364
41 366
42 108
42 130
42 309
42 325
42 354
42 366
42 425
42 444
42 498
43 77
43 123
43 132
43 149
43 185
43 213
43 220
43 349
43 365
43 382
43 400
43 489
44 82
44 138
44 172
44 345
44 474
44 485
44 492
45 59
45 70
45 208
45 234
45 248
45 275
45 292
45 359
45 379
46 133
46 149
46 162
46 163
46 209
46 331
46 475
47 59
47 190
47 241
47 375
47 401
47 494
48 53
48 121
48 399
48 486
49 71
49 141
49 170
49 206
49 280
49 358
49 441
50 69
50 113
50 178
50 224
50 260
50 290
50 310
50 355
50 456
51 99
51 173
51 272
51 308
51 412
51 418
51 457
52 83
52 120
52 201
52 229
52 238
52 241
52 267
52 336
52 359
52 395
52 412
52 439
52 446
52 461
52 467
53 126
53 130
53 138
53 142
53 150
53 201
53 249
53 279
53 288
53 329
53 358
53 402
53 464
53 475
54 131
54 139
54 211
54 241
54 276
54 338
54 464
54 492
54 494
55 73
55 122
55 127
55 182
55 183
55 192
55 203
55 227
55 283
55 311
55 412
55 435
55 439
55 450
55 480
56 128
56 313
56 426
56 466
56 469
56 473
56 479
57 147
57 250
57 279
57 300
57 422
58 81
58 101
58 132
58 208
58 298
58 323
58 393
58 450
58 463
58 473
59 77
59 115
59 117
59 178
59 310
59 319
59 329
59 436
59 447
59 448
59 474
60 87
60 94
60 327
60 330
60 332
60 339
60 489
60 499
61 94
61 109
61 152
61 180
61 207
61 220
61 303
61 354
61 498
61 499
62 71
62 209
62 222
62 229
62 242
62 255
62 260
62 282
62 288
62 292
62 322
62 348
62 365
62 466
63 70
63 111
63 174
63 206
63 280
63 290
63 381
63 440
63 497
64 140
64 287
64 291
64 323
64 375
64 405
64 435
65 112
65 250
65 252
65 334
65 446
66 67
66 68
66 100
66 125
66 135
66 163
66 176
66 183
66 218
66 265
66 319
66 456
67 114
67 223
67 243
67 254
67 255
67 298
67 337
67 354
67 368
67 424
68 70
68 157
68 436
68 465
69 82
69 149
69 160
69 211
69 298
69 302
69 348
69 374
69 382
69 492
70 145
70 157
70 197
70 225
70 234
70 278
70 322
70 375
70 385
70 404
70 457
70 461
71 104
71 204
71 222
71 226
71 258
71 260
71 439
71 478
72 110
72 153
72 257
72 449
72 474
72 495
73 94
73 194
73 316
73 368
73 375
73 452
74 99
74 175
74 239
74 331
74 338
74 379
74 399
74 439
75 97
75 141
75 167
75 244
75 258
75 329
75 333
75 381
75 383
75 403
75 428
76 249
76 316
76 350
76 357
76 370
76 382
76 391
76 392
76 395
76 417
77 95
77 164
77 188
77 217
77 290
77 295
77 341
77 374
78 138
78 191
78 257
78 285
78 302
78 322
78 342
78 442
79 235
79 238
79 249
79 269
79 342
79 344
79 369
79 387
79 398
80 94
80 271
80 352
80 371
80 467
81 142
81 161
81 195
81 213
81 215
81 227
81 443
82 134
82 188
82 209
82 280
82 299
82 344
82 394
82 404
82 415
82 421
82 456
82 494
83 135
83 179
83 195
83 335
83 485
84 109
84 178
84 191
84 206
84 263
84 317
84 318
84 325
84 326
84 353
84 381
84 406
84 424
84 426
84 475
84 485
85 104
85 188
85 250
85 259
85 411
85 422
85 488
86 127
86 211
86 212
86 314
86 334
86 339
86 353
86 354
86 379
86 425
86 426
87 142
87 185
87 225
87 326
87 441
87 452
88 168
88 331
88 458
88 487
88 497
89 106
89 122
89 226
89 233
89 297
89 319
89 374
89 401
89 409
89 445
89 468
90 153
90 170
90 227
90 236
90 293
90 316
90 346
90 385
91 112
91 199
91 203
91 232
91 257
91 333
91 387
92 118
92 206
92 266
92 309
92 321
92 333
92 368
92 427
92 443
93 155
93 278
93 348
93 368
93 421
93 443
94 98
94 108
94 127
94 247
94 354
94 380
95 117
95 129
95 160
95 202
95 289
95 369
95 390
95 423
95 434
96 123
96 126
96 189
96 223
96 237
96 350
96 385
96 432
96 440
96 445
97 171
97 242
97 268
97 276
97 409
97 448
98 107
98 268
98 278
98 316
98 323
98 399
99 134
99 138
99 177
99 258
99 296
99 302
99 306
99 325
99 335
99 338
99 348
100 142
100 150
100 225
100 227
100 247
100 292
100 366
100 421
101 135
101 137
101 181
101 204
101 247
101 354
101 360
102 135
102 147
102 184
102 203
102 212
102 238
102 284
102 305
102 343
102 375
102 406
102 427
102 464
103 116
103 189
103 220
103 279
103 440
103 463
104 154
104 334
104 368
104 437
105 121
105 128
105 149
105 183
105 189
105 273
105 315
105 333
105 338
105 367
105 380
105 452
105 483
106 152
106 156
106 246
106 254
106 359
106 429
106 435
106 444
106 475
107 146
107 184
107 271
107 306
107 312
107 351
108 237
108 253
108 294
108 301
108 382
108 463
109 114
109 198
109 199
109 222
109 244
109 252
109 268
109 296
109 452
110 169
110 198
110 217
110 242
110 300
110 372
110 401
110 411
110 421
110 437
111 160
111 176
111 194
111 195
111 196
111 205
111 227
111 236
111 271
112 127
112 196
112 254
112 386
112 393
113 173
113 218
113 237
113 257
113 266
113 272
113 284
113 295
113 407
113 433
114 184
114 192
114 210
114 219
114 286
114 424
114 428
114 432
114 497
115 154
115 220
115 245
115 246
115 333
116 160
116 202
116 241
116 278
116 372
116 415
116 446
117 172
117 182
117 199
117 313
117 386
117 468
117 486
118 168
118 181
118 194
118 226
118 251
118 260
118 317
118 470
118 498
119 346
119 386
119 393
119 424
119 475
120 272
120 287
120 378
120 403
120 441
120 475
121 200
121 264
121 317
121 325
121 379
121 399
121 419
121 468
121 495
122 152
122 255
122 270
122 339
122 348
122 357
123 161
123 206
123 220
123 279
123 315
123 394
123 404
123 409
123 488
124 232
124 313
124 348
124 362
124 372
124 410
124 454
125 150
125 205
125 214
125 258
125 287
125 296
125 383
125 415
125 427
126 180
126 206
126 341
126 345
126 401
126 409
126 460
126 469
127 191
127 194
127 224
127 260
127 279
127 355
127 483
128 308
128 345
128 400
128 459
129 201
129 263
129 348
129 351
129 371
130 189
130 198
130 266
130 289
130 372
130 479
130 480
131 193
131 198
131 232
131 267
131 283
131 347
131 399
131 424
132 191
132 230
132 268
132 312
132 402
132 419
132 451
132 484
133 250
133 298
133 310
133 315
133 419
134 382
134 439
134 468
135 143
135 197
135 278
135 363
135 457
136 177
136 205
136 282
136 373
136 412
136 414
136 478
137 178
137 215
137 218
137 239
137 254
137 267
137 281
137 317
137 328
137 359
137 361
137 411
137 421
137 448
137 495
138 150
138 171
138 307
138 327
138 382
138 414
139 288
139 322
139 333
139 425
139 472
139 487
140 209
140 213
140 255
140 403
140 416
141 162
141 194
141 273
141 326
141 327
141 395
141 441
141 462
141 481
142 268
142 322
142 326
142 377
142 391
142 416
142 430
142 431
142 464
142 486
143 218
143 293
143 395
143 408
143 433
143 460
144 157
144 235
144 252
144 296
144 481
145 310
145 374
146 216
146 348
146 468
146 484
146 486
146 491
147 390
147 445
147 449
148 193
148 239
148 272
148 290
148 410
148 457
149 191
149 315
149 352
149 449
149 456
149 477
150 162
150 241
150 252
150 307
150 315
150 320
150 427
150 433
150 466
151 181
151 197
151 295
151 320
151 344
151 356
151 407
151 416
151 431
151 436
152 234
152 287
152 422
152 430
152 443
153 229
153 481
153 489
154 223
154 255
154 272
154 284
154 420
154 423
155 254
155 312
155 343
155 361
156 191
156 321
156 354
156 404
157 161
157 185
157 206
157 224
157 409
158 167
158 299
158 318
158 329
158 404
159 251
159 301
159 312
159 325
159 344
159 374
159 497
160 230
160 242
160 247
160 264
160 278
160 304
160 368
160 376
160 414
160 427
161 220
161 249
161 251
161 270
161 401
161 428
161 431
161 455
161 497
162 165
162 170
162 327
162 386
162 465
162 470
163 172
163 206
163 276
163 343
163 348
163 373
163 389
163 428
163 432
164 189
164 262
164 356
164 367
164 430
165 191
165 192
165 250
165 261
165 265
165 337
165 440
165 448
165 454
166 172
166 250
166 288
166 359
166 461
167 169
167 216
167 261
167 281
167 371
167 381
167 466
168 284
168 306
168 421
168 472
168 474
168 496
169 202
169 258
169 328
169 357
169 388
169 428
169 450
169 458
169 461
169 470
170 180
170 183
170 209
170 231
170 241
170 363
170 416
170 476
171 177
171 205
171 208
171 237
171 256
171 367
171 414
171 475
171 483
172 213
172 263
172 328
172 356
172 358
172 366
172 435
172 462
173 251
173 279
173 469
174 189
174 198
174 217
174 306
174 357
174 462
174 463
175 177
175 235
175 267
175 276
175 305
175 332
175 401
175 419
175 458
176 200
176 341
176 343
177 242
177 316
177 405
177 429
177 438
177 480
177 498
178 271
178 294
178 429
178 433
178 450
178 497
179 198
179 219
179 221
179 296
179 390
179 426
180 259
180 263
180 279
180 285
180 368
180 469
181 285
181 403
181 453
181 474
181 493
181 495
182 222
182 248
182 258
182 344
182 417
182 451
183 250
183 277
183 381
183 435
183 447
184 221
184 434
184 473
185 229
185 319
185 326
185 355
185 383
185 394
186 220
186 247
186 257
186 282
186 320
186 359
186 373
187 239
187 258
187 370
187 400
187 471
188 225
188 247
188 280
188 286
188 300
188 308
188 328
188 382
188 428
189 288
189 329
189 401
189 452
189 461
189 465
190 226
190 232
190 340
190 342
190 366
190 391
190 411
190 427
190 435
190 486
190 488
191 256
191 318
191 384
191 408
191 410
191 486
192 218
192 227
192 239
192 380
192 439
193 230
193 237
193 239
193 286
193 324
193 360
193 374
193 432
193 449
193 490
194 228
194 295
194 302
194 364
194 412
194 440
194 446
195 202
195 215
195 246
195 378
195 407
195 413
195 456
195 468
196 221
196 251
196 273
196 283
196 373
196 374
196 404
197 251
197 316
197 347
197 384
197 415
197 452
198 206
198 225
198 322
198 327
198 416
199 224
199 350
199 354
199 408
199 458
199 473
199 483
200 230
200 243
200 368
200 394
201 206
201 274
201 284
201 313
201 325
201 355
201 372
202 354
202 409
202 435
202 441
202 485
203 468
204 206
204 246
204 356
204 372
204 394
204 440
204 442
204 475
205 220
205 242
205 287
205 318
205 390
205 442
205 482
206 315
206 342
206 374
206 408
206 476
207 208
207 247
207 275
207 318
207 334
207 366
207 486
208 261
208 329
208 369
208 440
208 454
208 496
209 281
209 298
209 389
210 225
210 237
210 293
210 299
210 308
210 351
210 445
211 227
211 305
211 337
211 354
211 381
211 410
211 434
212 303
212 350
212 365
212 386
212 479
213 248
213 287
213 406
213 425
213 489
214 227
214 314
214 339
214 342
214 349
214 456
214 459
214 463
215 235
215 322
215 407
215 421
215 469
215 477
215 484
215 487
216 269
216 277
216 337
216 338
216 343
216 354
216 470
216 489
217 220
217 282
217 430
217 441
217 470
218 283
218 411
218 493
219 254
219 265
219 297
219 437
219 463
220 224
220 239
220 257
220 296
220 323
220 375
220 413
220 454
221 305
221 339
221 387
221 397
221 404
221 430
221 449
221 463
222 228
222 300
222 317
222 435
222 456
222 486
222 492
223 351
223 379
223 409
223 449
223 455
223 484
224 241
224 270
224 310
224 489
225 228
225 247
225 448
226 296
226 299
226 377
226 396
226 400
226 403
226 439
226 456
226 489
227 230
227 241
227 411
227 471
227 486
228 372
228 420
228 460
228 464
229 310
229 335
229 365
229 374
229 463
230 235
230 291
230 299
230 347
230 464
231 268
231 340
231 397
231 443
231 474
231 495
232 278
232 326
232 370
232 372
232 455
233 255
233 263
233 295
233 392
233 394
233 408
233 492
234 293
234 307
234 464
235 241
235 281
235 290
235 378
235 382
235 396
235 431
235 453
236 238
236 270
236 451
236 482
236 493
236 495
237 489
237 499
238 278
238 320
238 358
238 359
238 428
238 434
238 486
239 323
239 343
239 402
239 429
239 465
240 241
240 317
240 336
240 442
240 485
241 361
241 394
241 407
241 426
242 263
242 302
242 310
242 465
242 475
242 487
243 373
243 381
243 437
244 340
244 359
244 432
244 444
244 448
245 335
245 368
245 453
245 494
246 264
246 276
247 263
247 270
248 267
248 298
248 340
248 432
249 361
249 374
249 447
249 478
250 266
250 302
250 411
250 434
250 457
251 302
251 362
251 458
252 266
252 275
252 433
252 464
252 487
253 305
253 310
253 335
253 411
254 273
254 312
254 321
254 345
254 460
255 293
255 427
256 287
256 405
256 408
256 448
256 479
257 286
257 383
257 459
258 383
258 392
258 396
258 402
258 443
258 447
258 465
258 484
258 486
259 272
259 357
259 425
259 442
259 479
260 265
260 278
260 307
260 314
260 437
260 474
261 319
262 289
262 317
262 347
263 277
263 289
263 291
263 315
263 378
264 284
264 319
264 326
265 302
266 272
266 291
266 298
266 303
266 330
266 349
266 393
266 436
267 292
267 323
267 332
267 358
267 426
267 439
267 497
268 375
269 280
269 300
269 353
269 361
269 373
269 376
269 387
270 274
270 281
270 323
270 356
270 398
270 486
271 310
271 352
271 373
271 412
271 419
271 438
271 452
271 492
272 280
272 337
272 365
272 376
272 385
272 417
273 301
273 480
274 298
274 327
274 480
275 318
275 384
275 387
275 390
275 393
275 423
275 491
276 361
276 364
277 278
277 282
277 298
277 323
277 358
278 401
278 451
278 461
278 498
279 351
279 367
279 368
279 417
279 489
280 338
280 349
280 373
280 439
281 292
281 333
281 341
281 353
281 419
281 442
281 443
281 494
282 293
282 377
282 381
282 447
282 449
282 478
282 484
282 497
283 382
283 389
283 397
283 479
284 451
285 326
285 335
285 336
285 339
285 358
285 460
286 317
286 322
286 368
287 341
287 356
287 362
287 421
287 445
288 362
288 437
288 475
288 493
289 374
289 425
289 440
289 461
290 295
290 462
291 330
291 386
291 395
291 396
292 331
292 367
292 386
292 471
293 381
293 477
294 299
294 336
294 391
294 394
294 447
295 346
295 356
295 360
295 362
295 437
295 472
296 325
296 343
296 382
296 441
296 471
298 468
298 479
299 304
299 344
299 430
299 499
300 329
300 378
300 492
301 303
301 312
301 359
301 446
301 479
302 303
302 304
302 368
302 370
302 443
302 489
303 331
303 439
304 398
304 448
305 325
305 432
306 309
306 426
306 462
307 331
307 338
307 376
307 440
307 466
307 492
308 366
308 410
308 425
309 332
309 352
309 371
309 419
309 460
310 339
310 445
310 491
311 337
311 349
311 430
311 450
311 455
311 462
311 483
312 336
312 405
312 409
312 449
313 367
313 380
313 411
313 475
313 481
313 493
314 364
314 369
314 404
314 418
314 443
314 462
315 354
315 367
315 389
316 323
317 330
317 367
317 479
317 483
317 485
318 375
318 398
319 338
319 347
319 390
319 407
319 444
319 451
321 329
321 447
321 449
322 398
322 415
322 430
323 357
323 395
323 421
323 430
324 449
324 455
325 333
325 343
325 346
325 374
325 391
325 465
326 363
326 403
327 373
327 403
327 471
329 355
329 437
329 457
329 486
330 427
330 436
331 418
331 451
332 389
333 423
333 452
333 467
333 499
334 426
335 350
335 426
335 469
335 473
335 478
335 482
336 385
337 360
337 393
337 423
337 433
337 440
337 495
338 351
338 376
338 397
338 404
338 406
338 407
339 481
339 485
340 365
340 489
341 374
341 407
341 414
342 355
342 361
342 383
342 390
342 453
342 465
343 383
343 401
343 449
343 450
344 456
344 482
345 351
345 431
346 362
346 396
346 420
347 351
347 382
347 385
347 468
349 459
349 471
349 478
350 391
350 400
350 455
350 469
351 412
352 431
352 457
352 465
352 477
353 368
353 376
353 377
353 378
353 424
353 445
354 401
355 391
355 392
355 451
356 396
356 417
356 437
357 364
357 427
357 455
357 466
358 383
358 429
358 435
358 460
360 382
360 395
360 422
361 386
361 422
362 387
362 425
362 447
363 467
363 483
364 388
364 396
364 484
365 384
365 415
365 432
365 446
366 387
366 491
367 377
367 462
367 476
368 386
368 425
368 486
369 381
369 410
369 482
370 453
371 374
371 416
371 489
372 480
373 374
373 425
374 394
374 406
374 417
374 496
374 497
374 499
375 410
375 490
376 487
377 416
377 431
377 432
377 442
377 472
378 471
378 489
378 495
379 468
380 445
380 455
381 410
381 430
382 399
382 400
383 420
383 447
384 440
385 422
385 432
385 461
385 474
385 495
386 441
387 441
387 488
388 431
389 394
389 452
389 464
390 400
390 456
392 408
393 422
393 470
394 442
394 455
394 478
395 443
395 499
396 432
397 470
398 437
399 400
399 418
400 410
400 431
403 439
403 486
406 441
406 463
407 416
407 450
407 466
409 433
410 415
410 421
410 433
411 434
411 439
411 450
411 489
413 453
413 476
414 469
415 449
415 450
416 427
416 457
417 490
418 451
418 466
418 472
421 423
422 432
422 487
423 437
424 432
424 498
425 469
426 464
426 466
427 480
428 474
429 489
430 457
430 490
431 446
432 438
432 474
433 454
433 458
433 476
433 479
434 435
434 495
434 496
436 480
436 497
438 473
438 494
440 475
442 487
445 446
446 475
448 481
449 467
450 451
450 499
451 455
451 484
452 477
453 476
453 498
454 470
456 458
457 470
457 478
458 474
459 463
460 466
461 497
462 469
463 491
464 465
464 470
468 492
470 495
471 479
478 495
480 496
484 499
0
9 499
