500	2493	 1
0 96
0 118
0 188
0 207
0 282
0 308
0 310
0 328
0 384
0 432
0 488
1 130
1 157
1 167
1 364
1 378
1 381
1 398
1 420
2 13
2 27
2 75
2 134
2 166
2 210
2 247
2 283
2 325
2 336
3 60
3 112
3 171
3 336
3 379
3 385
3 440
3 465
3 474
3 475
4 10
4 46
4 116
4 125
4 137
4 148
4 327
4 335
4 419
5 37
5 45
5 75
5 107
5 228
5 266
5 280
5 299
5 301
5 319
5 360
5 436
5 465
5 498
6 107
6 136
6 252
6 254
6 423
6 437
6 474
6 478
6 497
7 40
7 51
7 146
7 233
7 412
7 467
8 32
8 73
8 152
8 204
8 371
8 377
8 383
8 454
8 499
9 42
9 122
9 202
9 210
9 247
9 255
9 308
9 323
9 455
10 22
10 46
10 158
10 213
10 333
10 363
10 378
10 400
10 437
10 481
11 38
11 39
11 69
11 71
11 180
11 196
11 262
11 301
11 309
11 432
12 49
12 58
12 74
12 124
12 249
12 301
12 360
12 391
12 432
12 433
12 460
12 461
12 477
13 107
13 155
13 186
13 238
13 261
13 342
13 395
14 103
14 113
14 148
14 258
14 314
14 379
14 410
14 460
14 494
15 166
15 172
15 189
15 254
15 304
15 330
15 471
16 30
16 131
16 177
16 201
16 284
16 345
16 431
17 31
17 60
17 68
17 102
17 152
17 153
17 245
18 27
18 48
18 61
18 121
18 152
18 278
18 324
18 348
18 351
18 367
18 394
19 20
19 24
19 54
19 165
19 229
19 241
19 284
19 314
19 327
19 410
19 443
20 55
20 128
20 162
20 273
20 299
20 319
20 359
20 442
20 449
21 132
21 196
21 249
21 319
21 322
21 397
21 427
21 464
21 480
22 93
22 141
22 295
22 391
22 395
23 24
23 34
23 64
23 65
23 73
23 137
23 143
23 172
23 192
23 199
23 254
23 293
23 316
23 324
23 387
23 398
23 463
24 29
24 109
24 183
24 262
24 350
24 354
24 380
24 445
25 90
25 108
25 112
25 147
25 175
25 194
25 262
25 279
25 292
25 298
25 338
25 434
25 436
25 497
26 190
26 238
26 263
26 420
26 422
26 450
27 98
27 116
27 118
27 166
27 228
27 296
27 334
27 347
27 373
27 404
27 476
27 493
27 494
28 58
28 161
28 248
28 316
28 428
28 443
29 98
29 111
29 161
29 286
29 324
29 389
30 60
30 124
30 178
30 272
30 291
30 301
30 361
30 372
30 385
30 434
31 42
31 71
31 85
31 91
31 117
31 120
31 261
31 362
31 375
31 377
31 471
32 70
32 89
32 143
32 164
32 259
32 385
32 438
33 96
33 131
33 179
33 195
33 255
33 301
33 331
33 378
33 394
33 401
33 452
33 464
34 94
34 97
34 103
34 237
34 261
34 395
35 51
35 106
35 154
35 162
35 275
35 286
35 314
35 329
36 54
36 56
36 103
36 322
36 324
36 405
36 421
37 40
37 65
37 136
37 245
37 276
37 337
37 368
37 394
37 436
37 481
38 69
38 75
38 89
38 92
38 130
38 134
38 149
38 163
38 219
38 269
38 290
38 309
38 453
39 179
39 180
39 191
39 298
39 302
39 456
39 467
40 48
40 82
40 136
40 245
40 269
40 274
40 288
40 320
40 454
40 491
41 134
41 184
41 237
41 247
41 274
41 308
41 318
41 414
41 481
41 483
42 116
42 124
42 150
42 160
42 327
43 88
43 95
43 247
43 288
43 334
43 391
43 415
43 486
43 492
43 493
44 64
44 170
44 412
44 417
44 426
44 475
44 490
45 61
45 133
45 162
45 229
45 337
45 420
46 142
46 168
46 253
47 70
47 91
47 138
47 217
47 251
47 372
47 389
47 464
48 90
48 144
48 310
48 403
48 428
48 431
48 441
48 442
48 469
48 484
48 496
49 91
49 92
49 118
49 168
49 193
49 200
49 282
49 337
49 369
49 483
49 497
50 104
50 133
50 144
50 285
50 364
50 382
50 450
51 118
51 149
51 172
51 180
51 273
51 341
51 410
52 176
52 226
52 261
52 271
52 299
52 316
52 331
52 365
52 392
52 398
52 415
52 434
52 446
52 470
52 475
53 57
53 87
53 145
53 151
53 164
53 321
53 421
53 495
54 59
54 182
54 183
54 237
54 252
54 318
54 334
54 351
54 364
54 369
54 377
55 57
55 61
55 100
55 178
55 208
55 273
55 280
55 386
55 400
55 449
55 453
56 70
56 207
56 224
56 303
56 325
56 374
56 388
56 432
57 73
57 193
57 265
57 281
57 313
57 322
58 148
58 157
58 232
58 307
58 339
58 431
58 442
59 236
59 246
59 250
59 267
59 271
59 299
59 339
59 389
59 390
59 493
60 168
60 238
60 367
60 376
61 69
61 123
61 219
61 220
61 303
61 426
61 435
61 441
62 179
62 238
62 343
62 356
62 357
62 382
62 445
62 466
62 480
63 305
63 339
63 394
63 407
63 424
64 264
64 265
64 293
64 331
64 353
64 446
64 463
65 75
65 215
65 228
65 262
65 263
65 358
65 367
65 496
66 67
66 87
66 88
66 108
66 161
66 249
66 381
66 442
66 466
67 73
67 116
67 126
67 154
67 191
67 237
67 269
67 349
67 369
67 411
67 459
68 99
68 120
68 160
68 199
68 203
68 214
68 217
68 237
68 251
68 261
68 290
68 293
68 301
68 318
68 325
69 70
69 79
69 103
69 113
69 115
69 140
69 166
69 187
69 282
69 289
69 364
69 399
69 443
69 475
70 82
70 99
70 102
70 191
70 234
70 252
70 256
70 422
70 464
71 189
71 221
71 327
71 378
71 379
71 440
72 136
72 170
72 197
72 248
72 251
72 272
72 298
72 318
72 437
72 457
72 495
73 105
73 118
73 218
73 224
73 358
73 411
73 450
73 488
74 90
74 98
74 289
74 312
74 329
74 334
74 357
74 396
74 422
75 98
75 111
75 120
75 142
75 163
75 263
75 341
75 344
75 381
75 475
75 482
75 489
76 128
76 142
76 149
76 178
76 199
76 235
76 278
76 365
76 464
76 477
77 136
77 228
77 264
77 271
77 273
77 301
77 360
77 415
77 453
77 463
77 477
78 116
78 155
78 191
78 210
78 211
78 225
78 277
78 294
78 396
78 452
78 474
78 482
79 222
79 245
79 401
79 423
79 425
80 90
80 104
80 246
80 252
80 404
81 98
81 132
81 288
81 348
81 369
81 385
81 403
81 424
81 437
81 445
81 469
82 177
82 262
82 291
82 292
82 381
82 428
83 225
83 239
83 336
83 347
83 363
83 396
83 427
83 430
83 459
84 100
84 104
84 242
84 280
84 288
84 343
84 382
84 452
84 474
85 91
85 168
85 210
85 263
85 286
85 303
85 310
85 321
85 326
85 360
85 447
85 483
86 131
86 201
86 286
86 312
86 454
87 105
87 116
87 162
87 235
87 240
87 319
87 462
88 127
88 153
88 265
88 293
88 362
88 379
88 399
88 468
89 357
89 359
89 368
89 414
89 428
90 179
90 203
90 239
90 252
90 260
90 274
90 446
91 128
91 182
91 193
91 200
91 228
91 324
91 368
91 389
91 409
91 430
92 236
92 295
92 360
92 382
92 386
92 402
92 420
92 472
93 112
93 212
93 264
93 271
93 404
93 421
93 443
94 145
94 168
94 248
94 266
94 292
94 344
94 376
94 399
94 420
94 475
94 499
95 141
95 160
95 169
95 205
95 215
95 252
95 271
95 285
95 318
95 372
95 378
95 416
95 478
95 489
96 222
96 231
96 427
96 470
97 107
97 108
97 116
97 128
97 190
97 222
97 244
97 286
97 298
97 363
97 409
97 426
97 456
98 215
98 240
98 282
98 301
98 479
99 113
99 125
99 152
99 165
99 171
99 208
99 292
99 335
99 403
99 433
99 499
100 104
100 145
100 153
100 178
100 207
100 369
101 107
101 117
101 233
101 248
101 366
101 373
101 389
102 112
102 192
102 198
102 211
102 217
102 218
102 280
102 310
102 321
102 385
102 387
102 425
102 455
102 463
102 489
103 116
103 152
103 169
103 187
103 284
103 290
103 399
103 471
104 250
104 344
104 365
104 401
104 423
105 190
105 388
105 406
105 459
105 496
106 137
106 242
106 281
106 289
106 317
106 382
106 392
106 397
106 459
106 461
106 478
107 117
107 182
107 191
107 218
107 232
107 280
107 286
107 316
107 348
107 368
107 411
107 430
107 449
107 491
108 124
108 150
108 166
108 203
108 231
108 239
108 305
108 339
108 351
108 357
108 393
108 408
108 475
108 486
109 176
109 296
109 363
110 239
110 285
110 346
110 405
111 141
111 165
111 240
111 283
111 302
111 310
111 420
111 427
111 450
112 128
112 178
112 190
112 192
112 298
112 313
112 342
112 452
112 476
112 485
113 127
113 141
113 212
113 214
113 266
113 269
113 297
113 316
113 365
113 407
113 424
113 459
114 131
114 134
114 223
114 338
114 425
114 454
114 460
115 144
115 268
115 272
115 387
115 463
115 486
116 328
116 385
116 420
116 464
117 218
117 219
117 309
117 327
117 332
117 342
117 346
117 426
117 444
118 162
118 163
118 245
118 272
118 384
118 401
118 442
118 489
119 153
119 154
119 164
119 206
119 212
119 351
119 384
119 387
119 389
119 401
119 489
119 490
120 131
120 137
120 151
120 282
120 330
120 337
120 361
120 371
120 401
120 411
121 164
121 324
121 406
122 165
122 296
122 297
122 374
122 410
122 415
122 431
123 185
123 229
123 261
123 327
123 346
123 356
123 379
123 462
123 470
124 141
124 207
124 238
124 268
124 296
124 328
124 373
124 407
124 485
125 137
125 142
125 180
125 219
125 409
125 456
126 135
126 162
126 375
126 390
126 413
126 421
126 466
126 480
126 496
127 128
127 142
127 144
127 157
127 178
127 201
127 302
127 409
128 145
128 170
128 173
128 199
128 322
128 402
128 440
128 493
129 187
129 207
129 217
129 323
129 337
129 441
129 448
129 490
129 496
129 497
129 498
130 140
130 173
130 226
130 268
130 269
130 320
130 338
130 354
130 442
130 492
131 179
131 213
131 214
131 256
131 270
131 307
131 355
131 407
132 158
132 167
132 216
132 286
132 363
132 391
132 406
132 453
132 455
132 470
133 174
133 347
133 349
133 394
133 434
133 478
134 170
134 201
134 247
134 295
134 316
134 319
134 325
134 377
134 422
135 199
135 243
135 271
135 274
135 367
135 376
135 403
136 243
136 292
136 403
136 456
136 478
136 493
137 166
137 181
137 304
137 317
137 385
137 427
137 484
138 160
138 255
138 312
138 339
138 378
138 381
138 439
138 462
138 490
139 168
139 207
139 293
139 403
139 435
140 142
140 172
140 209
140 232
140 242
140 279
140 330
140 372
140 392
140 399
141 201
141 205
141 231
141 272
141 295
141 296
142 348
142 403
143 188
143 191
143 224
143 259
143 295
143 348
143 386
143 397
143 427
143 498
144 173
144 209
144 248
144 297
144 369
145 174
145 180
145 210
145 211
145 212
145 224
145 271
145 374
145 457
145 460
145 466
145 472
146 228
146 277
146 341
146 348
147 199
147 203
147 207
147 298
147 322
147 364
147 388
147 391
147 404
147 415
148 229
148 236
148 282
148 450
148 474
149 153
149 288
149 386
149 394
150 157
150 183
150 226
150 447
150 474
151 167
151 279
151 288
151 355
151 359
151 457
151 462
152 169
152 212
152 231
152 287
152 361
152 420
153 192
153 298
153 356
153 452
153 455
153 481
153 495
154 162
154 168
154 212
154 270
154 293
154 335
154 361
154 379
154 416
154 434
154 458
155 165
155 177
155 191
155 236
155 244
155 254
155 272
155 309
155 330
155 435
155 470
155 487
156 321
156 325
156 327
156 362
156 413
156 417
156 460
157 181
157 234
157 244
157 291
157 292
157 331
157 339
157 423
157 480
157 488
158 207
158 227
158 294
158 361
158 387
158 430
158 443
158 486
159 211
159 300
159 349
159 408
159 486
160 171
160 177
160 184
160 264
160 493
161 195
161 268
161 292
162 209
162 322
162 364
162 427
162 496
163 198
163 230
163 270
163 277
163 283
163 297
163 323
163 350
163 355
163 493
164 173
164 195
164 202
164 256
164 327
164 465
164 486
165 181
165 300
165 335
165 354
165 400
165 405
165 446
165 492
166 172
166 184
166 185
166 211
166 212
166 243
166 256
166 305
166 379
166 415
166 465
166 491
167 249
167 308
167 313
167 362
167 374
167 429
168 222
168 288
168 291
168 318
168 346
168 376
168 453
169 177
169 246
169 328
169 401
169 437
170 201
170 223
170 249
170 253
170 272
170 325
170 345
170 349
170 498
171 194
171 208
171 219
171 226
171 233
171 302
171 322
171 395
172 231
172 310
172 316
172 373
172 442
172 493
173 199
173 207
173 208
173 426
174 190
174 253
174 312
174 465
174 479
175 244
175 258
175 376
175 461
176 204
176 318
176 323
176 367
176 421
176 446
176 483
177 304
177 313
177 354
177 385
178 190
178 211
178 235
178 411
178 416
178 423
178 445
178 464
179 200
179 213
179 317
179 335
180 192
180 275
180 329
180 359
181 225
181 252
181 268
181 293
181 313
181 391
181 453
181 475
182 224
182 249
182 315
182 350
182 374
182 435
182 489
182 493
183 238
183 314
183 347
183 361
183 382
183 411
184 206
184 277
184 332
184 370
184 382
184 397
184 432
185 217
185 350
185 423
185 449
186 201
186 269
186 309
186 337
186 365
186 391
186 444
186 494
187 251
187 299
187 323
187 353
187 359
187 385
187 412
187 494
187 496
188 239
188 245
188 284
188 306
188 308
188 310
188 432
188 499
189 199
189 214
189 250
189 362
189 368
189 372
189 383
189 499
190 219
190 253
190 259
190 402
190 403
190 472
191 356
191 412
192 288
192 291
192 358
192 427
192 486
192 491
193 202
193 211
193 242
193 246
193 323
193 419
193 473
193 478
193 487
194 197
194 258
194 405
195 208
195 254
195 337
195 441
196 225
196 269
196 349
196 463
196 471
197 251
197 319
197 414
197 426
197 432
198 203
198 216
198 298
198 418
199 307
199 362
199 394
200 205
200 213
200 241
200 388
200 459
200 463
201 218
201 300
201 304
201 339
201 363
201 377
202 270
202 297
202 300
202 308
202 328
202 331
202 473
203 205
203 260
203 295
203 405
203 412
204 297
204 336
204 375
204 415
204 495
205 332
205 385
205 397
205 448
205 480
205 487
206 212
206 277
206 335
206 358
206 370
206 372
206 404
207 240
207 289
207 499
208 221
208 267
208 347
208 460
209 254
209 300
209 324
209 325
209 400
209 416
210 214
210 226
210 228
210 237
210 282
210 301
210 437
210 446
210 473
211 215
211 252
211 274
211 299
211 382
211 384
211 410
211 439
212 233
212 234
212 267
212 270
212 350
212 384
212 393
212 469
212 488
213 464
213 495
214 254
214 304
214 367
214 378
214 412
215 252
215 266
215 268
215 302
215 312
215 321
215 339
216 265
216 266
216 337
216 375
216 441
217 230
217 312
217 313
217 314
217 315
217 373
217 434
217 481
217 490
218 265
218 282
218 290
218 398
218 408
218 425
218 426
218 462
218 493
219 280
219 306
219 320
219 333
219 371
219 464
220 388
220 445
221 247
221 324
221 353
221 359
221 376
221 378
221 423
221 483
222 263
222 384
222 450
222 457
223 229
223 250
223 283
223 300
223 315
223 329
223 338
223 372
223 413
224 271
224 358
224 404
224 485
224 486
225 255
225 273
225 372
225 408
226 319
226 333
226 346
226 370
226 413
226 447
227 242
227 256
227 270
227 280
227 392
227 409
227 441
228 229
228 264
228 345
228 454
229 237
229 286
229 291
229 307
229 316
229 323
229 369
229 415
229 422
229 447
229 474
230 386
230 449
230 482
230 490
231 338
231 398
231 409
231 499
232 276
232 330
232 365
232 398
232 496
233 239
233 242
233 255
233 273
233 323
233 355
233 426
233 431
233 455
233 473
233 486
234 258
234 286
234 287
234 307
234 452
235 237
235 263
235 332
235 356
235 445
235 464
236 252
236 294
236 382
236 392
236 439
236 484
237 375
237 393
237 488
238 309
238 331
238 352
238 365
238 382
238 408
238 413
238 462
238 470
239 438
239 469
239 488
240 254
240 309
240 420
241 256
241 316
241 379
241 409
241 412
241 414
242 290
242 293
242 424
242 458
242 470
243 264
243 301
243 342
243 374
244 352
245 314
245 414
245 426
246 296
246 315
246 347
246 393
246 429
247 277
247 292
247 311
247 386
247 404
247 419
247 460
247 485
247 496
247 497
248 304
248 305
248 341
248 392
248 476
249 353
249 366
249 431
249 472
250 295
250 359
250 383
250 437
250 452
251 330
251 369
251 408
251 439
252 311
252 312
252 362
252 395
252 414
252 495
253 276
253 281
253 476
254 450
255 289
255 300
255 317
255 334
255 338
255 371
255 387
255 461
255 465
255 471
256 259
256 297
257 300
257 372
257 377
257 427
257 480
258 351
258 360
258 419
258 422
258 470
258 496
259 277
259 352
259 376
259 400
259 434
259 440
260 441
260 448
260 470
260 496
261 300
261 381
261 443
261 467
262 297
262 348
262 411
262 450
262 484
263 275
263 313
263 331
263 334
263 351
263 464
263 486
264 307
264 326
264 366
264 413
264 464
265 283
265 293
265 382
265 455
266 279
266 323
266 463
266 469
267 311
267 351
267 487
268 338
268 412
268 490
269 362
269 435
269 445
269 455
270 313
270 432
270 457
271 314
271 345
271 364
271 378
271 385
271 394
271 463
272 283
272 309
272 335
272 388
272 436
272 466
272 471
272 475
273 298
273 362
273 386
273 486
274 291
274 301
274 318
274 447
274 458
274 466
274 476
274 478
275 279
275 377
276 307
276 322
276 335
276 349
276 459
277 280
277 316
277 405
277 421
278 358
278 463
278 482
279 314
279 346
279 356
279 402
279 415
279 451
279 468
279 474
279 489
280 318
280 408
280 431
280 452
280 454
280 456
281 282
281 293
281 308
281 309
281 331
281 356
282 320
282 333
282 346
282 362
282 401
282 456
282 485
283 339
283 415
283 421
284 305
284 366
284 371
284 382
285 439
285 495
286 307
286 354
286 409
286 443
287 330
287 359
287 400
287 413
287 443
287 493
288 376
288 396
288 415
288 426
289 392
289 499
290 308
290 363
290 367
290 471
290 494
291 312
291 325
291 465
291 476
292 309
292 408
292 498
293 344
293 442
294 308
294 310
294 311
294 342
294 426
294 463
295 346
295 403
295 478
296 297
296 363
297 368
297 398
298 365
298 490
299 340
299 357
299 412
299 437
299 452
299 460
300 484
301 374
301 383
301 472
301 490
302 360
302 364
302 392
302 397
302 448
303 338
303 360
303 367
303 397
303 421
304 348
304 422
304 488
305 399
305 447
305 494
306 364
306 377
306 416
306 418
306 438
307 334
307 357
308 317
309 363
309 381
310 334
310 390
310 406
310 412
311 432
311 437
311 466
311 487
312 464
313 328
313 338
313 347
313 368
313 480
313 488
314 366
314 376
314 455
315 381
315 471
315 474
316 418
316 433
316 483
316 499
317 333
317 359
317 407
317 445
317 457
318 378
318 402
319 399
319 436
319 443
319 449
320 337
320 340
320 392
320 453
320 488
321 428
321 464
321 479
322 345
322 418
322 485
322 491
323 360
323 379
323 416
323 452
324 350
324 357
324 439
325 399
325 432
326 373
326 417
326 425
326 464
327 363
327 385
327 486
328 387
328 405
330 369
330 456
331 385
331 415
332 378
332 399
332 452
332 481
333 371
333 417
333 447
334 448
334 458
335 374
335 458
336 359
336 395
336 401
336 458
337 338
337 367
337 398
337 403
337 413
337 448
338 475
339 446
340 362
340 496
341 346
341 361
341 380
342 394
342 448
342 452
342 459
342 470
342 497
342 498
343 357
343 385
343 404
343 419
343 468
344 483
345 370
345 392
345 418
345 468
346 391
346 426
346 479
347 375
347 392
347 442
348 498
349 429
350 394
350 409
350 439
350 460
350 461
352 375
352 392
352 394
352 458
353 387
353 413
354 401
354 452
354 492
355 380
355 383
355 427
356 400
356 456
357 367
357 429
358 413
358 450
359 428
359 433
359 465
360 371
360 404
360 412
361 400
361 476
361 483
362 406
362 499
363 381
363 473
363 499
364 443
364 472
365 372
365 392
365 414
365 471
365 499
366 381
366 401
366 409
366 432
367 403
367 462
367 476
367 481
368 385
368 393
368 420
368 463
368 483
369 402
369 448
370 395
370 430
370 479
370 497
371 378
371 415
371 462
372 384
372 458
373 444
373 473
373 476
375 440
376 395
376 463
377 413
377 469
377 497
378 425
378 428
378 457
379 434
380 391
380 407
380 456
381 404
381 473
381 483
382 434
382 453
383 482
384 396
384 423
384 465
385 412
385 473
386 434
387 406
388 399
388 442
388 457
388 459
389 410
390 431
390 499
391 461
393 394
393 428
393 463
394 429
394 481
395 417
395 466
396 453
396 458
396 463
396 470
397 401
397 471
397 473
398 399
398 419
398 468
399 439
400 470
400 491
400 496
401 414
402 444
403 440
403 441
403 467
403 491
404 474
405 428
405 455
405 474
406 457
406 484
406 489
407 418
407 431
407 497
408 411
408 412
408 434
408 465
408 490
409 495
410 430
411 418
411 468
411 489
412 424
413 444
413 462
413 490
414 471
414 472
416 457
417 447
420 440
420 461
420 489
421 472
421 481
422 423
422 426
422 440
422 461
423 448
423 485
426 479
426 483
427 443
427 446
427 463
428 481
429 494
431 433
431 487
432 483
433 496
435 481
435 488
436 450
439 449
439 493
441 481
442 457
443 454
444 452
444 470
445 496
446 476
447 497
449 450
451 458
455 469
455 494
456 462
457 495
459 467
460 469
460 493
461 470
461 481
461 487
462 490
462 496
462 497
467 472
471 479
472 485
475 477
475 481
476 485
477 490
480 481
481 484
481 490
487 492
488 489
0
9 499
