500	2441	 1
0 44
0 73
0 75
0 84
0 154
0 193
0 240
0 245
0 258
0 302
0 347
1 25
1 165
1 254
1 279
1 354
1 424
1 479
2 61
2 101
2 135
2 187
2 190
2 204
2 206
2 314
3 48
3 110
3 115
3 147
3 207
3 327
3 367
3 368
3 460
4 26
4 61
4 76
4 86
4 111
4 113
4 137
4 191
4 194
4 197
4 267
4 298
4 300
4 366
5 13
5 75
5 94
5 99
5 162
5 180
5 190
5 256
5 305
5 312
5 342
5 358
5 413
5 498
6 46
6 159
6 169
6 318
6 339
6 353
6 363
6 375
6 463
6 475
6 487
6 497
7 58
7 95
7 109
7 186
7 188
7 258
7 287
7 368
7 466
8 107
8 150
8 208
8 301
8 363
8 374
8 396
8 422
8 472
9 36
9 51
9 94
9 106
9 149
9 253
9 299
9 318
9 432
9 439
10 71
10 221
10 244
10 255
10 262
10 288
10 320
10 339
10 342
10 378
10 418
11 52
11 110
11 121
11 123
11 174
11 232
11 289
11 308
11 392
11 438
12 13
12 23
12 89
12 100
12 164
12 372
12 407
12 424
12 440
13 39
13 44
13 75
13 110
13 145
13 208
13 383
13 414
13 454
13 483
14 24
14 199
14 257
14 278
14 317
14 319
14 432
15 138
15 201
15 357
15 381
15 389
15 455
15 463
15 474
16 61
16 123
16 174
16 235
16 347
16 349
16 358
16 475
17 23
17 58
17 68
17 79
17 102
17 125
17 165
17 192
17 272
17 306
17 321
17 362
17 382
17 455
17 478
17 493
18 25
18 54
18 102
18 107
18 138
18 256
18 287
18 398
18 431
18 451
18 464
19 156
19 253
19 256
19 258
19 272
19 308
19 364
19 384
19 449
20 80
20 90
20 104
20 111
20 163
20 174
20 321
20 323
20 331
20 374
20 388
20 404
20 470
21 34
21 76
21 97
21 122
21 177
21 196
21 212
21 229
21 297
21 364
21 492
21 495
22 58
22 62
22 89
22 110
22 131
22 151
22 200
22 260
22 284
22 371
22 429
22 436
22 490
22 493
23 117
23 135
23 219
23 265
23 360
23 369
23 370
23 407
23 450
23 456
23 477
24 45
24 54
24 74
24 150
24 244
24 248
24 298
24 323
24 326
24 335
24 339
24 372
24 480
25 90
25 167
25 194
25 209
25 291
25 300
25 339
25 380
25 387
25 461
26 85
26 278
26 280
26 379
26 492
26 497
27 29
27 59
27 112
27 199
27 213
27 279
27 296
27 345
27 399
27 400
28 59
28 143
28 187
28 227
28 276
28 286
28 317
28 336
28 391
28 436
28 439
29 58
29 85
29 251
29 315
29 410
29 413
29 429
30 76
30 116
30 136
30 185
30 372
30 382
30 413
30 449
31 248
31 261
31 324
31 442
31 478
32 79
32 86
32 141
32 230
32 318
32 366
32 407
32 438
32 462
33 82
33 168
33 241
33 258
33 432
34 65
34 100
34 108
34 203
34 287
34 323
34 356
34 399
34 442
34 481
35 94
35 223
35 330
35 360
35 382
35 393
35 469
36 51
36 68
36 135
36 286
36 294
36 339
36 378
36 410
36 437
36 446
36 460
36 465
36 473
37 75
37 76
37 91
37 100
37 136
37 141
37 168
37 357
37 381
37 387
37 499
38 157
38 263
38 279
38 281
38 350
38 396
39 41
39 67
39 194
39 221
39 230
39 238
39 288
39 303
40 91
40 120
40 124
40 151
40 334
40 345
40 381
40 406
40 434
40 480
41 158
41 184
41 200
41 246
41 323
41 363
41 440
42 94
42 113
42 123
42 274
42 426
42 430
42 452
42 495
43 110
43 236
43 286
43 339
43 368
43 407
44 60
44 215
44 305
44 348
44 369
44 379
44 458
44 495
45 53
45 76
45 101
45 257
45 297
45 316
45 349
45 373
45 383
45 414
45 430
46 142
46 210
46 249
46 301
46 307
46 377
46 416
47 70
47 108
47 154
47 215
47 257
47 279
47 282
47 283
47 322
47 332
47 398
48 213
48 283
48 412
49 87
49 187
49 205
49 214
49 282
49 323
49 462
50 83
50 208
50 258
50 270
50 299
50 306
50 308
50 344
50 392
50 441
51 127
51 241
51 266
51 354
51 431
52 109
52 120
52 194
52 296
52 348
53 309
53 380
53 387
53 412
53 419
54 88
54 135
54 238
54 253
54 264
54 382
54 444
54 453
54 489
54 491
55 95
55 124
55 197
55 218
55 248
55 250
55 333
55 372
55 428
56 69
56 88
56 95
56 98
56 129
56 147
56 196
56 199
56 283
56 315
56 378
56 498
56 499
57 129
57 150
57 173
57 289
57 296
57 307
57 402
57 477
57 485
58 74
58 137
58 156
58 259
58 282
58 297
58 352
58 450
59 136
59 201
59 255
59 258
60 108
60 202
60 302
60 357
60 388
60 421
60 455
61 106
61 108
61 117
61 379
61 396
61 435
62 71
62 87
62 225
62 236
62 292
62 377
62 425
63 209
63 262
63 286
63 338
63 342
63 495
64 185
64 187
64 212
64 276
64 302
64 339
64 376
64 427
64 464
65 152
65 163
65 185
65 319
65 338
65 409
66 90
66 114
66 320
66 385
66 432
66 480
67 187
67 338
67 429
68 132
68 170
68 250
68 255
68 316
68 344
68 350
68 414
68 482
69 92
69 173
69 204
69 246
69 253
69 368
69 428
69 437
70 94
70 167
70 193
70 217
70 305
70 378
70 385
70 396
70 435
70 464
71 199
71 206
71 219
71 226
71 266
71 276
71 330
71 379
72 135
72 172
72 210
73 157
73 167
73 260
73 265
73 391
73 410
73 491
73 495
74 155
74 171
74 358
74 369
74 407
74 443
74 446
74 473
74 491
75 145
75 235
75 313
75 351
75 394
75 438
75 490
75 496
76 115
76 190
76 197
76 253
76 339
76 349
76 367
76 405
76 418
77 186
77 192
77 229
77 293
77 387
77 392
77 491
78 147
78 193
78 353
78 399
78 494
79 137
79 203
79 220
79 264
79 291
79 342
80 134
80 160
80 181
80 321
81 111
81 194
81 231
81 279
81 290
81 304
81 340
81 457
82 178
82 179
82 280
82 348
82 354
82 379
82 440
83 137
83 168
83 181
83 261
83 290
83 297
84 138
84 191
84 241
84 363
84 417
84 420
84 427
84 442
84 463
85 214
85 265
85 273
85 341
85 361
85 496
86 96
86 105
86 199
86 241
86 271
86 292
86 315
86 317
86 339
86 376
86 380
86 384
86 411
86 414
87 114
87 174
87 240
87 243
87 253
87 420
87 435
87 461
87 469
87 490
88 118
88 268
88 304
88 481
89 138
89 168
89 266
89 489
89 498
90 108
90 158
90 172
90 178
90 222
90 237
90 246
90 278
90 337
90 368
90 473
91 136
91 172
91 265
91 268
91 301
91 323
91 390
91 412
91 414
91 438
91 447
92 132
92 246
92 298
92 369
92 445
92 452
92 475
92 486
93 97
93 108
93 128
93 179
93 187
93 271
93 286
93 324
93 339
93 361
93 445
93 459
94 103
94 141
94 209
94 252
94 258
94 260
94 284
94 300
94 454
95 127
95 178
95 198
95 221
95 253
95 287
95 384
95 433
95 434
95 459
95 492
96 229
96 291
96 337
96 361
96 372
96 375
96 406
96 425
97 130
97 176
97 295
97 345
97 350
97 396
98 126
98 151
98 180
98 186
98 202
98 236
98 237
98 239
98 251
98 253
98 304
98 415
99 203
99 219
99 270
99 283
99 298
99 378
99 390
99 416
99 456
99 457
99 458
100 170
100 248
100 265
100 300
100 372
100 385
100 449
100 487
101 114
101 151
101 165
101 274
101 356
102 108
102 159
102 187
102 256
102 285
102 327
102 350
102 451
103 203
103 223
103 296
103 304
103 344
103 443
103 446
104 125
104 215
104 272
104 287
105 244
105 301
105 305
105 454
105 474
106 190
106 220
106 325
106 334
106 339
106 362
106 388
106 390
106 401
106 468
106 482
107 161
107 222
108 117
108 234
108 246
108 306
108 368
108 370
108 470
108 478
109 119
109 160
109 170
109 189
109 235
109 251
109 333
109 361
110 127
110 135
110 216
110 329
110 336
110 349
110 356
110 438
110 467
110 469
111 139
111 146
111 203
111 287
111 293
111 360
111 377
111 383
111 435
111 468
112 197
112 221
112 231
112 253
112 270
112 279
112 299
112 371
112 422
112 443
112 465
113 118
113 182
113 235
113 296
113 320
113 333
113 415
114 161
114 224
114 335
114 373
114 391
114 406
115 127
115 144
115 182
115 185
115 257
115 320
115 333
115 356
115 366
115 384
115 399
115 426
116 145
116 148
116 184
116 222
116 244
116 266
116 358
116 361
117 139
117 206
117 261
117 276
117 371
117 465
118 125
118 175
118 211
118 244
118 298
118 306
118 366
118 391
118 411
119 121
119 135
119 154
119 184
119 197
119 264
119 359
119 477
119 481
119 494
120 125
120 146
120 190
120 245
120 273
120 274
120 339
120 356
120 388
120 401
120 492
121 147
121 205
121 307
121 325
121 338
121 358
121 379
121 391
121 442
122 164
122 203
122 241
122 254
122 259
122 388
122 485
122 491
123 250
123 260
123 298
123 299
123 445
124 137
124 156
124 211
124 242
124 393
124 471
125 191
125 225
125 230
125 237
125 259
125 323
125 370
125 452
125 453
125 493
126 136
126 153
126 176
126 236
126 280
126 295
126 301
126 315
126 399
126 437
127 162
127 177
127 299
127 300
127 309
127 413
127 430
128 155
128 203
128 268
128 295
128 360
128 379
128 395
128 442
128 454
128 494
129 183
129 189
129 289
129 361
129 373
129 379
129 421
129 445
130 134
130 136
130 141
130 157
130 296
130 322
130 443
130 492
131 165
131 219
131 251
131 275
131 345
131 387
131 450
132 142
132 341
132 353
132 479
132 499
133 192
133 262
133 359
133 394
133 439
134 159
134 172
134 205
134 230
134 305
134 436
134 462
134 487
135 157
135 238
135 292
135 300
135 310
135 327
135 343
135 419
135 430
135 441
136 190
136 212
136 312
136 389
137 146
137 263
137 374
137 409
137 454
138 155
138 172
138 180
138 200
138 201
138 202
138 247
138 280
138 301
138 334
138 367
138 405
138 447
138 492
138 493
139 150
139 160
139 206
139 262
139 358
139 457
140 216
140 226
140 232
140 276
140 325
140 353
140 469
141 183
141 229
141 231
141 322
141 354
141 378
141 482
142 177
142 192
142 202
142 204
142 218
142 239
142 266
142 381
142 461
142 475
143 173
143 412
143 461
144 229
144 273
144 315
144 362
144 392
145 152
145 202
145 217
145 415
145 416
145 420
145 434
145 496
146 202
146 328
146 376
146 408
146 455
147 217
147 246
147 252
147 302
147 308
147 334
147 400
147 429
148 179
148 180
148 221
148 325
148 340
148 390
149 218
149 297
149 366
149 381
149 422
149 423
149 455
150 170
150 172
150 275
150 293
150 327
150 408
150 470
151 173
151 176
151 195
151 336
151 355
151 374
152 188
152 199
152 200
152 267
152 276
152 284
152 325
152 366
152 425
152 445
153 219
153 241
153 254
153 292
153 300
153 358
153 381
153 407
153 426
154 226
154 268
154 284
154 329
154 344
154 357
154 400
155 185
155 341
155 437
155 446
155 450
155 458
155 493
155 495
156 200
156 201
156 255
156 264
156 324
156 368
156 407
156 430
156 478
157 268
157 287
157 311
157 324
157 435
157 444
158 188
158 205
158 218
158 362
158 383
158 393
158 397
158 404
158 412
158 471
158 493
159 172
159 205
159 314
159 360
159 420
159 461
159 469
160 164
160 348
160 382
160 467
160 471
161 217
161 233
161 234
161 268
161 279
161 289
161 462
162 170
162 226
162 231
162 267
162 297
162 299
162 307
162 401
162 449
162 456
162 460
162 471
163 204
163 247
163 334
163 343
163 355
163 375
164 224
164 288
164 296
164 384
164 397
164 418
164 470
165 352
165 361
165 472
166 205
166 206
166 305
166 306
166 315
167 228
167 251
167 305
167 333
167 349
167 410
167 455
168 288
168 334
168 367
168 489
169 181
169 247
169 275
169 343
169 345
169 466
169 468
170 182
170 188
170 219
170 269
170 324
170 368
170 419
171 176
171 178
171 184
171 190
171 195
171 206
171 275
171 303
171 323
171 440
171 447
171 497
172 182
172 227
172 231
172 270
172 346
172 381
172 382
172 387
172 398
172 425
172 447
173 182
173 321
173 368
173 404
173 455
174 196
174 312
174 347
174 415
174 462
174 486
175 381
175 436
175 459
176 219
176 233
176 287
176 298
176 301
176 386
176 397
176 440
176 452
177 238
177 337
177 434
177 479
177 496
178 292
178 340
178 361
178 401
179 334
179 461
180 193
180 260
180 344
180 345
180 381
180 382
181 215
181 222
181 260
181 438
181 463
182 215
182 288
182 339
182 341
182 348
182 362
182 397
182 401
182 455
182 465
183 356
183 373
183 402
184 217
184 244
184 259
184 269
184 446
184 454
185 217
185 302
185 359
185 422
186 209
186 407
186 439
187 255
187 299
187 316
187 321
187 357
187 375
187 378
188 198
188 211
188 213
188 291
188 360
188 428
188 470
189 223
189 271
189 361
189 403
189 406
189 430
189 434
189 474
189 475
190 353
190 365
190 369
190 396
190 455
191 207
191 218
191 265
191 329
191 394
191 405
191 406
191 437
191 473
192 277
192 302
192 337
192 429
192 475
193 204
193 234
193 247
193 346
193 479
194 274
194 330
194 380
194 440
194 452
194 477
194 487
195 201
195 380
195 417
196 278
196 300
196 330
196 467
197 230
197 237
197 279
197 440
197 473
197 490
198 326
198 338
198 359
198 409
198 488
198 494
199 214
199 232
199 245
199 381
199 401
199 412
200 247
200 299
200 305
200 322
200 326
200 441
200 493
201 224
201 248
201 296
201 325
201 381
201 385
202 214
202 293
202 323
202 350
202 413
202 482
203 216
203 247
203 369
203 415
204 319
204 406
204 415
204 495
205 264
205 283
205 330
205 335
205 440
206 211
206 222
206 245
206 442
206 484
207 213
207 258
207 379
207 411
207 429
207 436
207 477
208 288
208 436
208 497
209 237
209 268
209 359
209 373
209 400
209 462
209 471
209 492
209 494
210 247
210 282
210 300
210 351
210 354
210 395
210 408
210 456
210 485
211 223
211 349
211 365
211 372
211 390
211 412
211 437
212 283
212 440
213 227
213 295
213 342
213 393
213 394
213 425
213 480
214 227
214 230
214 318
214 369
214 451
215 230
215 232
215 243
215 248
215 259
215 374
215 379
215 424
216 353
216 403
216 475
216 494
216 495
216 498
217 278
217 476
218 250
218 279
218 347
218 369
218 428
218 458
218 495
219 273
219 294
219 318
219 362
219 411
220 269
220 291
220 318
220 343
220 348
220 399
220 409
220 499
221 241
221 242
221 312
221 314
221 315
221 349
221 461
221 492
222 238
222 245
222 292
222 372
222 386
223 237
223 290
223 294
223 317
223 325
223 380
223 418
224 279
224 298
224 332
224 373
224 402
224 423
224 455
224 480
225 291
225 344
225 387
226 288
226 463
226 487
227 406
227 415
228 253
228 260
228 350
228 359
228 418
229 231
229 281
229 411
229 473
230 252
230 388
230 414
230 445
230 465
230 476
231 251
231 421
231 468
232 288
232 322
232 366
232 495
232 497
233 331
233 370
233 459
233 494
233 497
234 382
234 434
234 463
234 489
235 259
235 266
235 372
236 247
236 266
236 303
236 307
236 328
237 240
237 247
237 288
237 388
238 263
238 281
238 323
238 409
239 255
239 272
239 404
239 417
240 251
240 256
240 294
240 334
240 347
240 352
240 378
240 393
240 464
241 265
241 297
241 322
241 326
241 351
241 400
241 438
242 249
243 246
243 346
243 415
244 269
244 344
244 345
244 347
244 414
244 441
244 457
244 469
244 483
245 258
245 432
245 439
245 447
245 480
246 342
246 392
246 481
246 484
247 312
247 316
247 337
247 437
247 462
248 295
248 356
248 360
249 285
249 348
249 428
249 430
249 434
249 460
249 477
250 328
250 364
250 445
251 276
251 345
251 386
251 408
251 461
251 483
252 266
252 273
252 337
252 348
252 407
252 447
253 266
253 281
253 293
253 301
253 332
253 435
254 264
254 269
254 316
254 374
254 430
255 278
255 291
255 304
255 311
255 357
255 360
255 361
255 381
255 401
255 423
256 284
256 302
256 336
256 354
256 365
256 414
256 469
256 490
257 262
257 359
257 389
257 393
257 440
258 296
258 322
258 393
258 455
258 462
259 363
260 313
260 436
260 491
261 317
261 341
261 375
261 439
261 478
262 298
262 382
262 441
262 475
263 278
263 328
263 351
263 387
263 394
263 457
264 282
264 290
264 305
264 320
264 365
264 381
264 384
264 400
264 420
264 451
265 337
265 347
265 449
265 474
266 287
266 351
266 380
267 276
267 361
267 430
267 454
268 288
268 374
268 468
269 280
269 295
269 348
269 392
269 455
269 470
269 479
269 487
269 488
270 347
270 350
270 364
270 376
270 495
271 497
272 286
272 304
272 408
272 410
273 345
273 387
273 454
274 324
274 330
274 349
274 439
274 452
275 312
275 365
275 386
275 427
276 294
276 299
276 354
276 357
277 280
277 314
277 390
278 313
278 331
278 394
278 448
278 494
279 315
279 330
279 433
279 436
280 306
280 323
281 311
281 419
281 473
283 396
283 479
283 487
284 497
285 387
285 396
285 400
285 450
285 470
285 476
286 380
287 361
287 402
288 289
288 387
288 419
288 485
289 290
289 313
289 327
289 332
289 335
289 396
289 400
289 414
289 442
290 355
290 378
290 442
290 468
291 437
291 438
291 466
291 474
292 308
292 336
292 357
292 413
292 419
292 464
292 467
293 379
293 421
293 499
294 435
294 495
295 333
295 367
295 376
295 455
295 457
295 477
295 493
296 392
296 393
296 421
296 439
296 478
296 493
297 381
297 472
298 344
298 393
298 412
298 451
299 370
299 394
299 407
299 461
299 475
300 314
300 343
300 356
300 379
300 443
300 477
300 496
301 379
302 338
302 357
302 393
302 444
302 499
303 353
303 386
303 403
303 439
303 440
304 309
304 321
304 323
304 363
304 476
305 310
305 359
305 360
305 366
305 399
305 427
305 447
306 309
306 322
306 349
306 382
306 390
306 401
306 406
306 426
307 333
307 352
307 403
307 421
307 430
307 432
308 328
308 339
308 372
308 483
309 395
309 404
309 491
310 322
311 313
311 348
311 358
311 361
311 434
312 318
312 323
312 365
312 381
312 459
312 474
312 486
313 316
313 342
313 344
313 392
313 436
313 496
314 315
314 401
314 406
314 427
314 438
314 467
314 477
315 414
316 339
316 353
316 428
316 480
317 407
318 478
319 351
319 450
319 482
320 372
320 416
320 446
321 324
321 337
321 397
321 493
322 394
322 414
322 458
323 342
323 377
323 440
323 478
323 491
323 494
324 393
324 406
324 474
325 332
325 345
325 363
325 476
325 484
326 327
326 376
326 449
326 457
326 489
327 352
327 417
327 479
327 485
328 371
328 434
329 486
329 488
330 421
331 435
331 458
331 477
331 491
332 404
332 408
332 445
332 474
334 464
335 381
335 388
335 415
335 472
335 488
336 337
336 433
336 452
336 455
337 341
337 393
337 435
337 490
338 367
338 416
338 441
339 342
339 355
339 384
339 410
339 439
339 484
340 419
340 423
340 434
341 478
342 397
342 444
343 368
343 390
344 357
344 473
344 478
345 354
345 371
346 442
346 455
347 424
348 436
349 351
349 382
350 377
350 403
350 427
350 489
351 359
351 459
352 402
352 457
353 357
354 376
354 405
354 428
355 371
355 372
355 388
355 400
355 407
355 431
355 444
355 449
356 369
356 441
356 465
356 480
357 391
357 417
358 468
358 471
359 386
360 407
360 435
360 443
360 448
361 433
361 476
361 488
362 438
362 454
363 375
363 385
363 419
363 421
363 447
363 462
364 418
364 438
364 491
365 411
365 462
366 384
366 451
366 464
366 468
367 412
367 454
367 468
368 375
369 404
369 444
369 478
369 496
370 377
370 411
371 415
371 498
372 393
373 400
373 462
373 485
374 414
374 417
374 443
375 448
376 390
376 428
376 435
376 485
377 423
377 452
377 495
378 486
378 497
379 393
379 394
379 402
379 477
380 424
380 469
380 470
381 416
381 443
381 477
382 394
383 390
383 433
383 443
384 494
385 430
385 463
385 491
385 494
385 499
386 415
386 424
386 456
386 464
386 482
387 400
387 447
387 478
388 482
389 482
389 493
389 498
391 455
391 497
392 481
393 416
393 425
393 456
394 435
395 475
395 494
396 440
396 489
397 422
398 408
398 464
399 424
401 418
401 438
401 449
401 462
401 463
402 422
402 443
403 442
404 415
404 421
404 438
404 442
405 481
406 492
407 415
408 454
408 464
408 465
408 474
408 486
409 412
409 434
409 455
410 418
411 460
412 466
412 467
413 439
413 484
413 496
414 420
415 461
416 452
416 486
416 491
417 429
417 433
419 425
420 451
422 456
424 428
426 431
426 449
428 464
428 466
428 472
429 441
429 452
429 478
429 482
430 485
431 440
431 484
431 490
435 451
435 458
437 480
438 482
439 488
439 499
440 466
441 446
441 488
442 451
442 452
442 477
442 492
442 494
443 468
443 492
444 498
445 496
447 476
451 464
451 465
452 473
453 470
459 480
460 490
461 470
462 494
463 497
467 484
467 487
467 497
471 484
474 481
475 485
475 493
477 489
480 483
481 499
482 493
486 487
489 494
0
9 499
