500	2435	 1
0 13
0 53
0 97
0 366
0 408
1 60
1 63
1 76
1 105
1 117
1 139
1 217
1 304
1 374
1 375
1 388
1 401
1 408
1 438
1 464
1 493
1 499
2 11
2 67
2 76
2 84
2 131
2 141
2 173
2 211
2 225
2 283
2 459
3 146
3 181
3 183
3 289
3 352
3 423
3 453
3 486
4 71
4 84
4 101
4 119
4 221
4 227
4 391
4 436
4 464
4 476
5 69
5 130
5 193
5 200
5 248
5 463
5 464
6 34
6 167
6 240
6 303
6 359
6 364
6 365
6 399
6 463
7 41
7 86
7 125
7 137
7 335
7 442
7 457
7 475
7 496
8 183
8 233
8 355
8 406
8 460
9 18
9 45
9 57
9 70
9 73
9 122
9 308
9 327
9 335
9 340
9 382
9 387
10 86
10 163
10 201
10 258
10 337
10 410
10 446
11 15
11 109
11 157
11 177
11 308
11 319
11 362
12 48
12 149
12 160
12 188
12 229
12 230
12 310
12 407
12 425
12 427
12 434
12 437
12 458
12 491
13 70
13 179
13 236
13 237
13 256
13 287
13 445
14 69
14 97
14 136
14 232
14 253
14 276
14 415
14 430
14 471
14 476
15 102
15 140
15 176
15 233
15 269
15 270
15 277
15 292
16 60
16 150
16 178
16 227
16 286
16 304
16 321
16 343
16 377
16 382
16 409
16 438
16 454
17 151
17 191
17 198
17 268
17 316
17 325
17 333
17 448
17 462
18 54
18 65
18 131
18 217
18 299
18 441
19 22
19 33
19 82
19 254
19 268
19 294
19 318
19 335
19 348
19 404
20 65
20 67
20 208
20 219
20 314
20 385
20 491
21 135
21 268
21 273
21 310
21 368
21 435
21 469
22 71
22 102
22 122
22 199
22 319
22 342
22 469
22 498
23 133
23 155
23 263
23 322
23 336
23 358
24 83
24 94
24 156
24 210
24 400
24 420
24 444
24 474
24 486
25 80
25 159
25 222
25 325
25 372
26 31
26 32
26 40
26 53
26 60
26 78
26 203
26 301
26 438
26 443
27 62
27 98
27 248
27 323
27 417
27 441
28 58
28 161
28 170
28 195
28 366
28 370
28 386
28 412
28 441
28 473
28 474
29 38
29 175
29 287
29 440
29 454
29 483
29 486
29 496
30 70
30 128
30 137
30 176
30 204
30 210
30 260
30 280
30 336
30 393
30 435
30 454
30 460
31 32
31 61
31 102
31 178
31 188
31 206
31 275
31 342
31 353
31 363
31 440
32 53
32 150
32 198
32 218
32 238
32 310
32 357
32 393
33 117
33 129
33 159
33 170
33 179
33 236
33 247
33 248
33 312
33 352
33 362
33 390
33 431
34 130
34 297
34 316
34 337
34 406
34 454
35 152
35 199
35 211
35 236
35 247
35 426
35 441
35 477
36 68
36 108
36 139
36 147
36 167
36 287
36 295
36 312
36 347
36 373
36 391
36 411
36 480
37 134
37 222
37 247
37 260
37 263
37 273
37 296
37 324
37 389
37 442
38 75
38 250
38 359
38 491
39 127
39 146
39 377
39 392
39 417
39 446
39 456
40 49
40 129
40 184
40 209
40 237
40 246
40 270
40 274
40 315
40 385
40 392
40 475
40 498
41 49
41 85
41 126
41 165
41 174
41 201
41 296
41 421
41 425
41 441
41 455
42 269
42 287
42 330
42 376
42 431
42 442
42 460
43 62
43 226
43 227
43 376
43 430
44 195
44 233
44 241
44 267
44 284
44 361
44 480
44 499
45 53
45 110
45 215
45 219
45 280
45 310
45 335
45 362
45 405
45 425
45 432
45 463
45 469
46 65
46 89
46 97
46 153
46 163
46 187
46 214
46 412
47 92
47 351
47 395
47 434
47 451
47 459
48 72
48 110
48 144
48 145
48 190
48 410
49 95
49 99
49 284
49 331
49 332
49 375
49 428
50 61
50 74
50 93
50 123
50 142
50 205
50 233
50 235
50 237
50 238
50 246
50 258
50 264
50 273
50 418
51 57
51 99
51 114
51 143
51 169
51 231
51 302
51 319
51 346
51 374
51 464
52 102
52 105
52 189
52 202
52 205
52 229
52 380
52 382
52 464
53 141
53 259
53 268
53 322
53 382
53 426
53 457
53 478
54 131
54 151
54 269
54 358
54 376
54 408
54 426
54 468
54 485
55 60
55 90
55 147
55 153
55 205
55 215
55 224
55 317
55 343
55 442
55 467
55 477
55 482
56 99
56 243
56 257
56 260
56 309
56 324
56 330
56 419
56 483
57 82
57 102
57 142
57 156
57 408
57 437
57 468
57 480
58 74
58 162
58 282
58 455
58 489
59 120
59 137
59 244
59 325
59 334
59 345
59 352
59 404
60 64
60 149
60 232
60 264
60 275
60 309
60 365
60 412
60 422
60 449
60 465
61 88
61 212
61 226
61 313
61 365
61 454
61 481
61 487
62 82
62 109
62 136
62 154
62 166
62 246
62 248
62 322
62 361
62 455
62 492
63 272
63 324
63 368
63 405
64 131
64 185
64 299
64 439
65 110
65 172
65 174
65 214
65 227
65 230
65 345
65 395
65 404
65 407
65 489
66 117
66 132
66 166
66 261
66 346
66 349
66 359
66 379
66 427
67 91
67 105
67 185
67 241
67 242
67 248
67 365
67 375
67 470
68 130
68 146
68 153
68 163
68 304
68 324
68 331
68 336
68 347
68 427
68 443
69 150
69 183
69 209
69 275
69 323
69 346
69 374
69 466
70 86
70 161
70 166
70 241
70 285
70 299
70 359
70 382
70 411
70 450
70 453
70 487
70 495
71 91
71 122
71 148
71 231
71 280
71 337
71 379
71 387
71 415
72 78
72 130
72 137
72 185
72 233
72 248
72 413
73 134
73 153
73 170
73 202
73 221
73 278
73 393
74 106
74 113
74 114
74 116
74 138
74 146
74 221
74 251
74 415
74 431
74 442
74 467
74 484
75 192
75 229
75 331
75 357
75 403
75 465
76 80
76 231
76 265
76 350
76 361
77 191
77 221
77 247
77 255
77 307
77 311
77 413
77 425
77 484
78 125
78 158
78 305
78 307
78 316
78 335
78 453
78 470
79 163
79 216
79 302
79 383
79 387
79 429
79 441
79 477
80 141
80 262
80 340
80 365
80 377
80 402
80 436
80 496
81 194
81 256
81 265
81 369
81 477
82 114
82 173
82 174
82 192
82 218
82 221
82 405
82 452
82 486
83 149
83 156
83 159
83 218
84 105
84 194
84 198
84 269
84 282
84 291
84 314
84 343
84 349
84 385
84 402
84 413
85 190
85 322
85 384
85 391
85 399
85 494
86 101
86 139
86 232
86 305
86 307
86 368
86 400
87 188
87 251
87 343
87 356
87 407
87 421
87 425
88 111
88 197
88 208
88 223
88 252
88 336
88 375
88 443
88 450
88 483
89 171
89 227
89 250
89 271
89 308
89 314
89 348
89 408
89 431
89 461
90 144
90 188
90 373
90 427
90 495
91 172
91 262
91 292
91 306
91 384
91 395
91 479
92 100
92 209
92 287
92 305
92 481
92 493
92 497
93 194
93 220
93 250
93 282
93 314
93 334
93 407
93 454
94 102
94 116
94 156
94 364
94 457
94 486
95 177
95 222
95 243
95 297
95 317
95 343
95 408
95 462
95 464
95 484
96 102
96 106
96 127
96 149
96 187
96 351
96 397
96 499
97 104
97 106
97 120
97 169
97 186
97 270
97 400
97 410
97 434
97 471
98 246
98 252
98 257
98 285
99 155
99 165
99 174
99 198
99 292
99 388
99 496
100 147
100 160
100 225
100 312
100 334
100 382
100 454
100 476
101 105
101 114
101 266
101 328
101 339
101 393
102 197
102 239
102 321
102 330
102 402
102 422
102 471
103 113
103 154
103 220
103 226
103 243
103 251
103 375
103 378
103 387
103 428
103 433
103 441
104 334
104 493
105 164
105 196
105 231
105 265
105 363
105 380
105 385
106 130
106 142
106 258
106 310
106 351
106 359
106 365
107 113
107 154
107 227
107 281
107 315
107 334
107 444
107 462
107 495
108 185
108 194
108 247
108 305
108 320
108 327
108 403
108 493
109 244
109 271
109 355
109 448
110 120
110 138
110 157
110 187
110 237
110 276
110 277
110 379
110 455
111 119
111 127
111 146
111 168
111 216
111 295
111 325
111 331
111 340
111 359
111 371
111 398
111 461
111 468
111 482
112 152
112 180
112 183
112 224
112 234
112 253
112 284
112 293
112 440
113 142
113 207
113 219
113 238
113 285
113 370
113 395
113 400
113 431
113 447
113 458
114 140
114 168
114 249
114 275
114 317
114 326
114 333
115 244
115 255
115 288
115 340
115 372
116 180
116 208
116 233
116 330
116 349
116 396
116 397
116 442
116 456
116 499
117 128
117 222
117 230
117 278
117 289
117 296
117 437
118 144
118 170
118 180
118 212
118 314
118 423
118 424
118 485
119 137
119 184
119 232
119 271
119 331
119 399
119 430
119 448
119 476
120 134
120 235
120 246
120 283
120 327
120 418
121 186
121 189
121 227
121 261
121 327
121 365
121 388
121 391
121 425
121 459
122 238
122 327
122 363
122 499
123 124
123 161
123 191
123 330
123 345
123 373
124 164
124 228
124 259
124 350
124 422
125 206
125 211
125 277
125 285
125 286
125 393
125 404
125 438
126 127
126 172
126 186
126 237
126 302
127 222
127 348
127 376
127 388
127 399
127 401
127 419
128 188
128 206
128 332
128 373
128 393
128 417
128 475
129 204
129 298
130 158
130 248
130 300
130 301
130 304
130 309
130 356
130 387
130 389
130 475
130 494
130 498
131 184
131 310
131 316
131 390
131 443
131 446
131 482
132 165
132 203
132 223
132 311
132 344
133 231
133 278
133 282
133 338
133 454
134 148
134 172
134 303
134 333
134 387
135 145
135 193
135 209
135 357
135 369
135 376
136 315
136 317
136 320
136 347
136 353
136 435
136 491
137 142
137 183
137 233
137 290
137 405
137 408
137 454
137 455
137 474
138 143
138 190
138 234
138 271
138 311
138 402
139 206
139 223
139 263
139 344
139 359
139 363
139 372
139 415
139 488
140 167
140 173
140 193
140 228
140 273
140 279
140 358
140 386
140 494
141 200
141 216
141 233
141 282
141 327
141 406
141 466
141 499
142 221
142 240
142 284
142 315
142 425
142 432
142 455
142 456
142 494
143 156
143 160
143 216
143 225
143 237
143 242
143 299
143 354
143 480
143 482
144 162
144 169
144 319
144 339
144 354
144 410
144 444
144 457
144 461
144 479
145 149
145 218
145 288
145 370
145 455
146 162
146 194
146 212
146 263
146 349
146 386
146 400
147 179
147 221
147 235
147 247
147 271
147 321
147 329
147 332
147 380
147 390
147 471
147 494
148 166
148 197
148 288
148 301
148 373
148 450
149 205
149 285
149 286
149 290
149 329
149 387
150 272
151 173
151 195
151 205
151 216
151 266
151 275
151 375
151 394
151 412
151 413
151 423
151 439
151 486
152 153
152 154
152 239
152 291
152 294
152 309
153 162
153 221
153 257
153 308
153 324
153 340
153 349
153 380
153 434
153 451
153 462
154 176
154 221
154 269
154 307
154 372
154 449
154 497
155 265
155 304
155 361
155 415
155 472
156 164
156 166
156 218
156 263
156 273
156 330
156 331
156 440
156 456
156 488
157 230
157 231
157 274
157 284
157 345
157 360
157 361
157 379
157 452
157 464
158 204
158 261
158 298
158 484
159 182
159 194
159 246
159 261
159 347
159 386
159 394
159 421
159 450
159 458
159 473
159 492
160 242
160 280
160 329
160 414
160 425
160 483
161 209
161 243
161 328
162 264
162 274
162 287
162 317
162 416
163 165
163 388
163 465
163 484
164 185
164 204
164 230
164 274
164 283
164 337
164 344
164 367
164 398
164 416
164 421
165 168
165 205
165 212
165 259
165 355
165 360
166 262
166 269
166 351
166 398
166 425
166 438
166 461
166 462
167 201
167 233
167 351
167 397
167 436
167 487
168 190
168 201
168 268
168 391
168 471
168 487
168 495
169 171
169 216
169 300
169 387
169 459
169 468
169 486
170 201
170 261
170 312
170 419
170 454
170 488
171 387
171 398
171 417
171 466
171 468
172 250
172 306
172 342
172 464
172 492
173 202
173 205
173 289
173 461
173 467
173 470
174 177
174 194
174 249
174 355
174 376
174 385
174 389
174 412
174 430
174 446
175 199
175 211
175 217
175 252
175 348
175 350
175 357
176 192
176 285
176 356
176 378
176 446
177 196
177 221
177 257
177 259
177 277
177 326
177 329
178 247
178 271
178 384
178 409
178 414
179 180
179 209
179 243
179 284
179 301
179 338
179 363
180 243
180 343
180 439
181 245
181 342
181 381
182 208
182 256
182 262
182 294
182 316
182 320
182 448
182 468
183 275
183 359
183 362
183 395
183 437
184 254
184 316
184 325
184 375
184 400
184 414
184 443
184 448
185 284
185 286
185 383
185 454
186 208
186 248
186 256
186 269
186 271
186 300
186 344
186 367
186 370
186 419
186 479
187 327
187 341
187 342
187 377
187 452
187 485
187 486
188 245
188 269
188 270
188 367
188 443
188 465
188 491
189 256
189 339
189 431
190 219
190 255
190 310
190 424
190 468
191 281
191 325
191 336
191 354
191 407
192 215
192 322
192 340
193 288
193 302
193 303
193 341
193 374
193 418
194 296
194 353
194 362
194 448
194 490
195 388
195 473
195 495
196 269
196 315
196 455
196 470
197 216
197 299
197 303
197 351
197 398
197 470
198 210
198 225
198 369
198 370
198 414
198 422
198 430
198 433
198 490
199 233
199 289
199 342
199 365
199 416
199 422
199 463
199 493
200 224
200 239
200 240
200 271
201 262
201 273
201 289
201 306
201 318
201 352
201 364
201 455
202 228
202 298
202 395
202 428
202 457
203 296
204 269
204 325
204 389
204 398
204 465
204 493
205 212
205 234
205 305
205 343
205 399
206 257
206 388
206 404
207 294
207 323
207 363
207 366
207 373
207 403
207 411
207 495
208 254
208 298
208 314
208 390
208 447
209 214
209 334
209 384
209 397
209 471
209 488
210 219
210 258
210 290
210 328
210 347
210 364
210 406
210 422
210 425
210 452
210 453
210 457
210 479
211 224
211 241
211 296
211 395
211 398
211 442
212 234
212 257
212 259
212 290
212 314
212 396
213 264
213 451
214 269
214 451
214 466
214 487
215 275
215 356
215 411
215 419
215 449
216 229
216 233
216 264
216 321
216 360
216 382
216 448
216 465
217 242
217 247
217 380
217 389
217 427
218 229
218 245
218 327
218 401
218 445
218 481
219 417
219 419
219 463
219 467
219 495
220 309
220 416
220 486
221 227
221 258
221 269
221 273
221 421
221 484
222 243
222 275
222 316
222 356
222 444
223 239
223 264
223 300
223 326
223 364
223 407
223 412
223 414
224 246
224 320
224 457
225 276
225 342
225 353
225 366
225 373
225 388
225 391
225 438
225 452
226 271
226 279
226 307
226 376
226 377
226 381
226 443
226 499
227 271
227 287
228 364
228 416
228 496
228 497
229 265
229 283
229 284
229 322
229 344
229 398
229 407
229 424
229 456
230 254
230 268
230 302
230 374
231 322
231 491
232 240
232 327
232 362
232 367
232 391
232 428
232 482
233 235
233 333
233 376
233 442
233 451
233 456
233 458
233 478
234 263
234 275
234 288
234 314
234 418
234 421
234 446
234 449
234 473
235 324
236 294
236 316
236 333
236 374
236 399
236 428
236 454
237 468
238 357
238 395
238 413
238 423
238 452
239 315
239 319
239 334
239 399
239 416
239 438
239 452
240 243
240 429
240 434
240 440
240 486
240 494
241 249
241 284
241 338
241 347
241 472
242 307
242 312
242 480
243 254
243 433
243 483
243 487
244 251
244 288
244 339
244 368
244 381
244 483
245 252
245 278
245 301
245 308
245 314
245 350
245 417
245 443
246 247
246 355
246 385
246 395
246 483
247 276
247 343
247 390
247 403
247 478
247 487
247 492
248 259
248 461
248 490
249 363
250 324
250 369
250 424
250 448
251 297
251 462
251 472
252 300
252 338
252 406
252 464
253 288
253 366
253 375
253 453
253 475
254 268
254 405
254 499
255 326
255 337
255 427
255 451
256 276
256 330
256 337
256 347
256 410
257 303
257 345
257 374
257 475
258 463
259 342
259 358
259 405
259 410
260 293
260 388
261 262
261 314
261 317
261 324
261 348
261 361
261 410
261 426
262 326
262 337
262 402
262 470
262 494
263 279
263 330
263 426
263 450
263 454
263 466
263 472
264 268
264 344
264 361
264 447
264 452
265 284
265 407
265 466
266 324
266 336
266 401
266 419
266 439
266 446
266 474
266 477
267 343
267 358
267 359
267 427
267 429
267 452
268 470
269 297
269 310
269 338
269 342
269 448
269 455
269 487
270 282
270 335
270 342
270 348
270 384
271 460
272 298
272 364
272 365
272 435
272 437
272 480
273 305
273 351
273 368
273 454
274 353
274 384
274 406
275 287
275 288
275 297
275 465
276 278
276 412
276 416
276 430
276 449
276 450
277 301
277 310
277 481
278 307
278 310
278 450
278 466
279 316
279 387
279 490
280 309
280 342
280 396
280 400
280 462
281 291
281 355
281 367
281 374
281 393
281 453
281 470
282 390
282 479
283 326
283 371
283 392
283 411
284 307
284 319
284 403
284 445
285 309
285 387
285 432
285 449
285 487
286 319
286 354
286 355
286 455
286 467
287 292
287 307
288 305
288 311
288 323
288 449
288 488
289 420
290 297
290 321
290 394
290 497
291 404
291 421
291 426
291 459
292 338
292 357
292 402
292 431
292 463
292 471
292 483
293 312
293 374
293 377
293 382
293 410
293 448
293 474
293 488
294 437
295 357
295 414
295 481
295 486
295 492
295 499
296 377
296 422
296 467
296 486
297 324
297 474
298 381
298 411
298 441
299 382
299 430
299 454
299 468
300 308
300 439
300 459
300 477
301 318
301 462
302 311
302 376
302 405
302 408
303 346
303 402
303 407
303 457
303 492
303 497
304 345
304 371
304 393
304 440
304 462
304 470
304 495
305 370
305 400
305 432
305 457
305 498
306 331
306 432
306 435
306 462
307 380
307 424
307 462
308 396
308 450
308 495
309 323
309 383
310 465
310 473
311 320
311 410
311 492
312 381
312 411
312 486
312 494
313 331
313 356
313 374
313 427
314 323
314 328
314 496
315 339
315 361
315 362
315 367
315 374
315 388
315 456
316 399
316 451
316 464
316 468
318 435
319 348
319 454
319 487
320 479
321 423
321 424
321 449
321 473
322 345
322 398
322 419
322 426
322 478
323 356
323 369
323 464
323 491
324 352
325 402
325 438
325 444
325 462
327 423
327 435
328 349
328 486
329 450
330 459
330 495
331 360
331 377
331 395
331 484
331 488
332 387
332 411
332 437
333 352
333 437
333 460
334 387
334 392
334 451
334 487
335 354
335 369
335 374
335 405
335 412
335 427
335 434
335 478
336 386
336 450
337 365
337 385
337 392
337 429
337 470
337 499
338 384
338 467
339 376
339 406
340 394
340 479
340 483
341 342
341 405
342 472
343 385
343 400
343 408
343 410
343 418
343 426
343 434
343 442
343 484
344 422
344 481
345 380
345 401
345 412
345 429
346 386
346 423
346 453
346 477
346 487
347 357
347 371
348 378
348 400
348 412
348 441
348 459
348 461
350 358
350 415
351 448
351 462
351 477
352 359
352 375
352 408
352 410
352 426
352 487
353 499
354 438
355 361
355 381
356 388
357 380
357 390
357 428
357 431
357 443
358 366
358 388
358 389
358 396
358 407
358 409
358 438
359 421
359 429
359 444
359 449
359 457
359 471
360 394
360 443
361 367
361 406
361 414
362 391
362 464
362 467
363 442
363 450
363 491
364 403
364 405
364 408
364 429
364 453
364 457
365 373
366 400
366 404
366 407
366 457
367 391
367 426
367 436
369 430
369 450
369 487
370 406
370 430
370 452
371 404
371 440
372 390
372 414
372 439
372 452
372 458
372 462
372 496
373 385
373 470
373 485
374 385
374 401
374 419
374 432
374 461
375 426
378 445
378 447
378 483
379 398
379 403
379 417
379 470
380 399
380 406
381 479
382 481
382 483
383 401
383 434
383 474
384 413
385 409
385 414
385 460
386 420
387 429
387 442
387 444
387 464
387 489
388 432
388 476
389 405
389 409
390 391
391 422
391 450
393 394
393 488
394 427
394 444
394 498
395 404
395 415
395 428
395 488
396 408
396 448
396 461
396 470
397 416
397 470
397 474
397 483
398 417
398 443
398 460
398 468
398 471
400 425
400 433
400 451
400 496
401 436
401 455
402 446
402 461
404 451
405 423
405 432
405 437
405 438
405 481
406 417
406 445
406 487
407 487
408 444
408 455
408 463
408 475
408 476
409 414
409 419
409 429
409 467
410 462
410 474
411 420
413 444
414 419
414 421
414 427
415 480
416 455
417 453
417 494
418 448
418 456
418 473
419 425
419 481
420 478
420 490
421 439
422 465
423 442
423 478
425 438
426 448
426 468
427 437
427 442
427 494
428 451
428 486
429 493
430 493
431 455
431 473
432 437
432 442
432 490
433 454
433 455
433 484
434 495
434 498
435 475
436 437
436 448
436 498
437 445
437 474
438 443
439 451
439 474
440 458
440 486
442 461
445 460
446 473
449 472
449 495
450 481
452 472
455 476
458 466
458 484
458 497
458 498
460 498
463 491
465 492
466 473
467 469
467 471
467 491
468 485
469 475
472 499
477 494
478 494
483 492
485 499
487 488
488 490
488 497
0
9 499
