500	2488	 1
0 55
0 129
0 141
0 207
0 212
0 216
0 217
0 233
0 310
0 317
0 398
0 454
0 491
1 14
1 71
1 91
1 106
1 110
1 151
1 214
1 262
1 271
1 310
2 10
2 245
2 258
2 284
2 291
2 296
2 437
3 122
3 202
3 257
3 283
3 305
3 345
3 389
3 405
3 443
3 448
4 8
4 85
4 114
4 151
4 252
4 279
4 451
5 26
5 56
5 116
5 121
5 260
5 329
5 450
6 70
6 82
6 138
6 139
6 175
6 187
6 338
6 362
6 378
6 424
6 447
7 60
7 90
7 112
7 154
7 156
7 170
7 186
7 220
7 292
7 374
8 46
8 103
8 141
8 166
8 205
8 330
8 419
8 432
8 440
8 469
8 470
9 10
9 67
9 98
9 100
9 122
9 140
9 233
9 281
9 292
9 335
9 358
9 375
9 491
10 16
10 30
10 91
10 93
10 98
10 135
10 151
10 235
10 299
10 346
10 372
10 402
10 479
11 13
11 88
11 123
11 157
11 174
11 217
11 238
11 258
11 347
11 414
11 436
12 21
12 25
12 107
12 252
12 261
12 311
12 337
12 466
13 68
13 108
13 151
13 176
13 208
13 267
13 334
13 409
13 435
13 471
14 48
14 55
14 70
14 101
14 247
14 251
14 302
14 303
14 367
14 395
14 402
14 403
14 409
14 442
15 55
15 148
15 307
15 388
15 419
15 476
15 493
16 39
16 84
16 148
16 216
16 218
16 219
16 294
16 403
16 441
16 483
17 76
17 82
17 129
17 181
17 291
17 408
17 413
17 448
18 20
18 42
18 51
18 111
18 183
18 234
18 287
18 306
18 494
19 64
19 97
19 137
19 227
19 303
19 308
19 429
19 439
19 457
20 28
20 42
20 55
20 106
20 132
20 148
20 151
20 200
20 386
20 415
20 422
20 446
20 492
21 25
21 97
21 182
21 232
21 298
21 433
22 26
22 93
22 111
22 229
22 232
22 256
22 275
22 374
22 454
22 470
23 103
23 220
23 256
23 320
23 403
23 406
23 453
23 459
23 482
24 87
24 178
24 189
24 195
24 241
24 314
24 439
24 452
24 469
25 56
25 110
25 148
25 157
25 161
25 162
25 180
25 414
25 439
25 441
25 456
25 487
26 72
26 122
26 146
26 213
26 235
26 249
26 389
26 462
27 30
27 187
27 218
27 248
27 272
27 323
27 324
27 480
28 73
28 158
28 177
28 244
28 305
28 319
28 360
28 416
28 493
29 54
29 92
29 115
29 270
29 298
29 329
29 378
29 396
30 49
30 263
30 296
30 379
30 426
30 457
30 459
30 471
30 488
31 91
31 241
31 253
31 363
31 374
32 34
32 53
32 62
32 74
32 190
32 304
32 354
33 69
33 70
33 237
33 312
33 389
33 412
34 85
34 208
34 247
34 282
34 299
34 331
34 464
34 468
34 499
35 88
35 185
35 292
35 317
35 382
35 384
35 441
35 459
35 467
36 136
36 161
36 251
36 265
36 369
36 379
36 423
36 485
37 46
37 148
37 149
37 166
37 189
37 269
37 323
37 349
37 363
37 365
37 423
37 445
37 477
38 90
38 135
38 153
38 242
38 284
38 314
38 338
38 352
38 358
38 383
39 83
39 105
39 154
39 164
39 167
39 197
39 330
39 441
39 471
39 492
40 54
40 63
40 84
40 105
40 154
40 265
40 293
40 323
40 374
40 376
40 460
40 485
41 117
41 128
41 216
41 224
41 228
41 234
41 299
41 399
41 448
41 493
42 55
42 65
42 75
42 119
42 177
42 193
42 206
42 239
42 279
42 380
42 393
42 394
42 412
42 418
42 429
43 84
43 86
43 98
43 213
43 232
43 238
43 259
43 288
43 300
43 337
43 350
43 351
43 391
43 443
43 462
43 486
44 84
44 110
44 121
44 162
44 168
44 283
44 363
44 412
44 424
44 435
44 446
45 48
45 95
45 228
45 230
45 300
45 356
45 363
45 381
45 429
45 442
45 443
45 493
46 110
46 193
46 212
46 266
46 318
46 343
46 404
46 464
47 184
47 258
47 270
47 276
47 301
47 377
47 436
47 479
48 89
48 107
48 152
48 175
48 178
48 216
48 223
48 467
49 132
49 144
49 159
49 196
49 293
49 313
49 355
49 405
49 468
49 473
49 492
50 128
50 134
50 219
50 225
50 282
50 349
50 402
50 403
50 492
50 496
51 136
51 164
51 178
51 270
51 301
51 317
51 334
51 339
51 433
51 485
52 244
52 252
52 278
52 286
52 358
52 381
52 387
52 408
52 438
52 440
53 73
53 76
53 93
53 132
53 167
53 174
53 331
53 350
53 368
53 388
53 476
54 177
54 208
54 214
54 223
54 286
54 302
54 305
54 354
54 422
54 438
54 460
55 196
55 260
55 345
55 381
55 425
56 180
56 305
56 318
56 445
57 91
57 232
57 278
57 306
57 307
57 338
57 358
57 461
57 499
58 147
58 163
58 198
58 266
58 270
58 328
58 480
59 127
59 175
59 180
59 191
59 195
59 272
59 346
59 374
59 438
60 67
60 95
60 114
60 133
60 195
60 303
60 338
60 355
60 404
60 434
60 447
60 470
60 471
61 113
61 141
61 171
61 218
61 270
61 410
61 416
62 98
62 195
62 201
62 222
62 239
62 302
62 308
62 321
62 339
63 125
63 182
63 203
63 207
63 241
63 334
63 345
63 376
63 384
63 444
63 495
64 73
64 75
64 117
64 133
64 151
64 186
64 262
64 287
64 374
64 396
64 490
65 67
65 80
65 83
65 122
65 194
65 290
65 310
65 348
65 384
65 432
65 483
65 484
66 131
66 181
66 187
66 219
66 230
66 313
67 113
67 172
67 185
67 190
67 340
67 351
67 367
67 395
67 424
67 496
68 136
68 247
68 256
68 267
68 373
68 458
68 483
68 488
69 96
69 109
69 166
69 179
69 184
69 268
69 352
69 359
69 363
69 378
69 417
69 422
69 446
69 488
69 491
70 358
70 449
70 463
70 485
71 79
71 88
71 194
71 274
71 308
71 322
71 457
72 175
72 324
72 352
72 405
72 428
72 446
73 74
73 108
73 194
73 219
73 266
73 301
73 370
73 493
74 83
74 142
74 198
74 200
74 300
74 314
74 329
74 340
74 407
74 447
74 457
75 124
75 133
75 140
75 175
75 260
75 331
75 424
75 448
75 473
75 475
76 86
76 189
76 299
76 328
76 329
76 336
76 342
76 380
76 408
76 489
77 112
77 229
77 345
77 412
77 439
77 441
77 485
78 108
78 170
78 199
78 380
78 387
78 444
78 463
78 484
78 486
79 186
79 204
79 282
79 298
79 403
79 407
79 420
80 151
80 172
80 174
80 178
80 190
80 389
80 430
80 489
81 195
81 275
81 376
81 401
81 445
81 447
81 495
82 113
82 146
82 174
82 205
82 226
82 232
82 263
82 340
82 440
82 444
82 458
82 474
82 499
83 103
83 111
83 158
83 194
83 225
83 242
83 277
83 278
83 288
83 290
83 296
83 311
83 360
83 373
83 375
84 95
84 130
84 208
84 237
84 267
84 298
84 326
84 370
84 445
85 188
85 255
85 303
85 397
85 427
85 444
85 486
85 494
85 496
86 126
86 156
86 367
87 126
87 215
87 241
87 297
87 370
87 376
87 436
88 185
88 282
88 313
88 367
88 430
88 462
89 133
89 145
89 187
89 220
89 260
89 292
89 329
89 470
90 98
90 99
90 141
90 150
90 154
90 249
90 255
90 387
90 435
90 479
91 93
91 95
91 220
91 409
91 446
91 461
91 487
92 136
92 168
92 406
92 417
92 420
92 446
92 471
93 125
93 155
93 158
93 260
93 270
93 293
93 295
93 430
93 460
93 469
94 103
94 110
94 146
94 220
94 295
94 303
94 321
94 374
94 468
94 477
95 316
95 356
95 387
95 405
95 488
95 499
96 353
96 375
96 382
96 455
97 108
97 255
97 324
97 332
98 126
98 134
98 234
98 313
98 342
98 369
98 464
99 142
99 176
99 217
99 234
99 319
99 326
100 107
100 113
100 125
100 140
100 237
100 360
100 366
100 388
100 397
101 115
101 169
101 184
101 222
101 285
101 298
101 403
101 454
101 499
102 206
102 371
102 382
102 405
102 451
103 167
103 218
103 225
103 293
103 331
103 365
103 485
104 262
104 290
104 299
104 366
104 376
104 381
104 412
104 473
104 486
105 196
105 261
105 273
105 291
105 440
105 461
105 483
106 131
106 159
106 174
106 184
106 269
106 318
106 398
106 402
106 490
107 125
107 168
107 174
107 179
107 206
107 226
107 227
107 380
107 421
107 468
108 209
108 225
108 236
108 261
108 320
108 351
108 360
108 377
108 417
108 476
109 112
109 203
109 210
109 411
110 182
110 347
110 355
110 426
110 454
110 498
111 171
111 180
111 239
111 258
111 361
112 149
112 152
112 198
112 231
112 278
112 297
112 407
112 418
112 435
113 121
113 129
113 162
113 164
113 225
113 235
113 253
114 118
114 174
114 272
114 279
114 305
114 306
114 325
114 351
114 386
114 423
115 118
115 195
115 252
115 260
115 265
115 334
115 338
115 362
115 392
115 415
116 161
116 227
116 228
116 314
117 120
117 228
117 241
117 311
117 395
117 498
118 140
118 144
118 281
118 330
118 396
118 421
119 145
119 146
119 220
119 395
119 398
119 401
119 416
119 424
119 447
119 483
120 124
120 162
120 237
120 267
120 371
120 384
121 176
121 192
121 251
121 268
121 281
121 295
121 399
121 461
122 472
123 173
123 243
123 307
123 370
123 373
123 377
123 425
123 464
123 479
124 143
124 186
124 256
124 269
124 307
124 384
124 403
124 440
125 197
125 311
125 312
125 314
125 326
125 431
126 135
126 170
126 185
126 251
126 353
126 375
126 404
126 439
126 446
127 230
127 316
127 337
127 364
127 478
128 188
128 215
128 253
128 348
128 399
128 475
129 283
129 289
129 349
129 353
129 496
130 173
130 202
130 345
130 412
130 420
130 440
130 446
130 481
131 134
131 248
131 337
131 377
131 454
131 460
132 135
132 242
132 250
132 301
132 319
132 342
132 344
132 371
132 418
132 440
132 447
132 451
133 167
133 344
133 355
133 386
133 478
134 141
134 300
135 167
135 173
135 379
135 406
135 473
135 495
136 156
136 160
136 195
136 272
136 386
136 417
136 422
136 450
136 491
137 193
137 208
137 219
137 221
137 234
137 299
137 489
138 213
138 217
138 269
138 357
138 392
138 411
138 454
138 495
139 151
139 210
139 276
139 277
139 307
139 340
139 361
139 380
139 403
139 417
139 420
139 481
139 497
140 182
140 186
140 254
140 378
140 436
141 249
141 355
141 370
141 411
141 451
141 464
142 147
142 172
142 273
142 293
142 433
142 467
143 266
143 285
143 287
143 312
143 323
143 376
143 410
143 489
143 496
144 158
144 187
144 260
145 173
145 187
145 294
145 327
145 367
145 492
146 167
146 212
146 231
146 252
146 277
146 309
146 479
147 259
147 282
147 452
147 488
148 308
148 368
148 391
148 443
148 496
149 348
149 375
149 404
149 407
149 413
150 190
150 237
150 317
150 342
150 346
151 161
151 219
151 228
151 232
151 268
151 435
151 458
151 462
152 190
152 245
152 253
152 329
152 427
153 155
153 172
153 207
153 215
153 221
153 310
153 314
153 360
153 427
153 433
153 451
154 197
154 222
154 227
154 243
154 454
154 474
154 488
155 234
155 240
155 242
155 360
155 392
156 234
156 255
156 256
156 259
156 305
156 350
156 393
156 409
156 431
156 476
156 477
156 481
156 496
157 209
157 236
157 241
157 245
157 269
157 359
157 387
157 440
158 249
158 317
158 395
158 397
158 415
158 427
158 473
158 497
159 216
159 248
159 292
159 308
159 310
159 474
159 489
160 245
160 281
160 287
160 305
160 401
160 478
160 483
160 498
161 218
161 221
161 308
161 323
161 337
161 339
161 396
161 423
161 447
162 180
162 185
162 218
162 340
162 400
163 202
163 229
163 313
163 337
163 357
163 363
163 376
163 404
163 470
164 212
164 242
164 247
164 266
164 337
164 358
165 319
165 349
165 374
165 381
166 260
166 386
166 399
166 425
166 426
167 184
167 250
167 346
167 441
167 461
167 497
168 265
168 284
168 334
168 342
168 365
168 371
168 378
168 396
168 402
168 465
168 471
168 489
169 298
169 317
169 328
169 366
169 411
169 427
169 481
169 499
170 197
170 199
170 338
170 386
170 458
170 488
171 172
171 176
171 202
171 206
171 264
171 294
171 317
171 372
172 182
172 185
172 187
172 203
172 324
172 449
172 454
172 462
173 222
173 255
173 277
173 310
173 319
173 375
173 411
173 416
174 204
174 275
174 288
174 385
175 196
175 241
175 332
175 346
175 385
175 472
176 178
176 288
176 329
176 391
176 434
176 435
176 497
177 223
177 245
177 286
177 364
177 411
177 438
178 219
178 255
178 306
178 355
178 391
179 240
179 241
179 261
179 304
179 319
179 411
179 478
179 479
180 208
180 228
180 233
180 246
180 282
180 299
180 397
180 402
180 442
180 453
180 495
181 246
181 465
181 492
182 220
182 270
182 305
182 374
182 378
183 191
183 208
184 206
184 208
184 272
184 302
184 432
185 210
185 228
185 283
185 354
185 356
185 406
186 313
186 371
186 399
186 436
186 440
187 202
187 276
187 278
187 293
187 310
187 326
187 339
188 201
188 274
188 290
188 349
188 389
188 408
188 432
188 470
189 231
189 241
189 256
189 408
189 458
189 473
189 477
189 495
190 210
190 239
190 289
190 324
191 200
191 275
191 276
191 391
191 440
192 234
192 244
192 256
192 257
192 320
192 423
192 459
192 473
193 216
193 321
193 473
193 474
193 478
193 482
194 203
194 212
194 269
194 306
194 379
194 431
194 494
195 220
195 228
195 255
195 363
195 387
195 454
196 204
196 214
196 244
196 289
196 326
196 334
196 400
196 433
196 461
197 200
197 292
197 407
198 219
198 253
198 283
198 312
198 326
198 458
198 459
199 236
199 250
199 409
199 415
199 425
199 460
200 342
200 370
201 208
201 211
201 227
201 235
201 248
201 450
202 246
202 282
202 301
202 423
202 428
202 476
203 295
203 309
203 343
203 351
203 354
203 359
203 397
203 401
203 442
203 467
203 472
204 230
204 232
204 255
204 403
204 470
205 315
205 379
205 442
206 208
206 241
206 338
206 465
207 229
207 265
207 275
207 306
207 352
207 384
207 389
207 494
208 222
208 314
208 373
209 254
209 279
209 295
209 312
209 405
209 453
209 494
210 307
210 366
210 400
210 402
210 444
210 481
211 231
211 301
211 329
211 350
211 463
211 483
212 234
212 270
212 290
212 322
212 358
212 390
212 396
212 459
212 467
213 285
213 293
213 382
213 428
213 485
214 269
214 336
214 406
214 411
214 432
214 434
214 461
214 469
215 325
215 326
215 405
215 413
215 431
215 435
215 457
216 233
216 262
216 276
216 325
216 389
216 473
217 287
217 331
217 384
218 297
218 426
218 487
218 498
219 255
219 365
219 440
219 490
220 233
220 269
220 296
220 312
220 331
220 461
221 240
221 354
221 373
221 391
221 489
222 252
222 381
222 487
223 254
223 266
223 309
223 348
223 402
223 474
223 479
224 268
224 288
224 330
224 333
224 451
224 458
224 469
225 236
225 274
225 345
225 424
225 452
225 481
226 227
226 228
226 279
226 285
226 305
226 436
226 452
226 497
227 230
227 262
227 269
227 283
227 306
227 316
227 365
227 414
228 410
228 430
229 329
229 391
230 259
230 345
230 423
230 478
231 271
231 286
231 297
231 365
231 390
231 414
231 461
231 481
231 490
232 284
232 450
233 235
233 278
233 333
233 363
233 485
234 367
234 441
234 463
234 490
235 254
235 287
235 315
235 420
235 434
235 479
235 484
236 268
236 270
236 351
236 421
236 440
236 475
237 240
237 254
237 328
237 391
237 480
238 241
238 388
238 411
238 467
239 260
239 264
239 305
239 352
239 480
240 438
240 440
240 473
240 486
240 493
241 247
241 307
241 361
241 383
241 395
241 397
241 457
241 483
241 485
242 246
242 250
242 296
242 300
242 354
242 378
242 397
242 449
242 472
243 248
243 255
243 285
243 295
244 264
244 334
244 490
245 319
245 335
245 413
245 430
246 248
246 386
246 429
246 473
246 483
247 318
247 400
247 408
247 466
248 345
249 340
249 359
249 456
249 471
249 494
250 315
250 375
250 376
250 397
250 400
250 472
251 370
251 495
252 301
252 346
252 388
252 499
253 266
253 267
253 271
253 337
253 390
254 271
254 317
255 258
255 284
255 297
255 489
256 284
256 297
256 329
256 346
256 364
256 368
256 414
256 489
257 406
258 298
258 308
258 375
258 481
259 410
259 458
259 467
259 479
259 497
260 286
260 354
260 358
260 373
260 379
260 382
260 441
260 446
260 487
260 490
261 295
261 339
261 350
261 381
261 420
261 484
262 327
262 334
262 335
262 338
262 398
262 485
263 273
263 329
263 332
263 405
263 449
264 280
264 293
264 342
264 379
264 398
264 424
264 489
265 313
265 365
265 453
266 288
266 314
267 270
267 273
267 335
267 354
267 356
267 411
267 439
268 304
268 320
268 333
268 342
268 358
268 410
268 441
269 304
269 325
269 344
269 441
269 456
269 491
270 300
270 349
270 351
270 392
270 401
270 415
270 493
271 336
271 339
271 367
271 460
271 486
271 493
272 288
272 318
272 486
273 387
273 404
274 292
274 309
274 365
274 379
274 382
274 452
275 318
275 390
275 426
276 314
276 356
276 393
276 409
276 435
276 446
276 453
277 337
277 405
277 489
277 499
278 398
278 406
278 488
278 492
279 316
279 357
279 383
279 395
280 342
280 381
280 421
280 435
280 450
280 484
281 320
281 393
281 419
281 445
281 450
282 286
282 287
282 294
282 323
282 431
282 487
283 286
283 397
283 498
284 300
284 451
285 434
286 396
286 452
286 485
287 324
287 346
287 435
287 469
288 336
288 338
288 340
289 296
289 337
289 372
289 386
289 436
289 443
289 478
290 379
290 445
290 490
291 320
291 337
291 447
291 452
291 471
292 395
292 462
292 481
293 422
293 468
293 486
294 376
294 461
295 362
295 383
295 437
295 467
296 334
296 356
297 307
297 330
297 340
297 361
298 309
298 379
298 403
298 471
298 497
299 336
299 383
300 337
300 384
300 386
300 409
301 323
301 333
301 470
301 488
302 325
302 429
302 476
302 495
303 347
303 414
303 451
303 476
304 435
305 317
305 359
305 478
306 308
306 396
306 437
306 470
307 314
307 448
307 470
307 475
308 414
308 439
308 482
309 315
309 326
309 364
309 396
309 408
309 443
310 347
310 397
310 425
310 452
311 356
312 317
312 386
313 334
313 361
313 420
313 465
314 377
314 406
314 456
314 468
315 342
315 352
315 354
315 360
315 370
315 392
315 490
316 338
316 355
316 358
316 386
316 425
316 449
317 340
317 364
317 370
317 395
317 401
317 410
317 446
317 451
317 454
318 319
318 497
319 403
319 454
320 426
320 434
320 451
321 468
322 346
322 347
322 359
322 410
322 424
322 463
323 414
323 438
323 448
323 472
324 333
324 419
324 428
324 465
324 483
325 363
325 381
325 397
325 471
325 473
325 477
326 329
326 478
326 479
326 498
327 358
327 365
327 394
327 475
328 357
328 360
328 489
329 333
329 353
329 356
329 476
330 411
330 453
330 480
331 499
332 344
332 369
332 375
332 410
332 424
333 477
334 357
334 369
334 460
334 476
335 443
336 338
336 351
336 370
336 384
337 348
337 382
337 464
338 369
338 381
338 417
338 468
339 433
339 482
340 364
340 440
341 365
341 439
341 474
341 476
341 488
342 394
344 350
344 358
344 390
344 445
344 495
345 353
345 379
345 410
345 496
346 350
346 373
346 399
346 435
346 459
347 352
347 371
347 440
347 452
347 479
348 362
348 424
348 459
349 427
349 450
349 493
350 364
350 373
350 389
350 411
351 411
351 494
352 437
352 442
353 371
353 406
353 470
353 491
354 388
354 456
354 475
355 380
355 382
355 443
355 475
355 478
356 456
357 376
359 362
359 365
359 458
360 488
361 387
361 489
362 427
362 430
362 449
362 450
362 494
363 367
363 373
363 423
363 428
364 413
365 424
365 443
365 489
366 398
366 407
366 452
366 482
366 488
367 368
367 382
367 418
367 419
367 422
367 451
367 475
367 496
367 498
368 419
368 493
371 447
371 456
372 392
372 398
372 445
372 447
372 454
373 439
373 444
373 461
373 462
374 415
377 399
377 418
377 448
377 459
377 469
378 456
378 484
379 391
379 434
379 437
379 466
380 391
381 393
383 405
383 413
383 432
383 445
384 483
385 399
385 416
385 466
386 472
387 399
387 473
388 406
388 476
388 490
389 411
389 444
389 486
390 397
390 452
390 491
391 430
391 485
391 486
392 421
392 423
392 428
392 494
393 490
394 448
395 399
395 445
395 486
396 410
396 493
396 494
397 482
398 431
399 401
399 447
399 478
400 406
400 487
400 495
403 424
404 475
406 418
406 433
406 493
407 443
408 437
408 496
409 443
410 413
410 419
411 492
411 498
412 471
413 414
413 425
413 450
413 483
414 420
414 438
415 441
415 493
416 443
417 435
417 442
418 421
418 457
418 478
419 425
419 481
420 486
420 488
421 484
422 449
422 469
423 476
425 434
425 455
425 471
426 472
426 479
426 497
427 434
427 464
428 444
428 468
429 437
429 438
429 483
431 483
431 495
432 436
433 442
433 456
434 439
434 454
435 497
436 482
436 489
437 462
437 495
438 466
438 467
439 465
440 476
442 477
443 460
443 487
444 446
444 497
445 448
446 483
446 492
447 481
448 450
450 492
450 496
451 454
451 485
451 487
451 498
452 475
456 460
457 469
457 472
458 463
458 475
458 481
458 496
459 488
459 494
460 473
461 491
463 472
465 492
466 470
470 474
471 474
471 483
472 475
474 492
476 494
480 492
482 495
483 491
0
9 499
