125	252	 1
0 13
0 26
1 32
1 62
1 74
2 4
2 12
2 14
2 44
2 103
2 106
2 120
3 4
3 14
3 52
3 93
3 114
4 42
4 60
4 98
4 123
5 8
5 22
5 29
5 31
5 35
5 38
5 54
5 82
5 89
6 7
6 10
6 12
6 17
6 20
6 44
6 57
6 98
6 121
7 11
7 24
7 36
7 111
8 25
8 70
8 73
8 100
8 102
9 11
9 23
9 47
9 73
9 122
10 49
10 61
10 122
11 22
11 33
11 57
11 102
11 117
12 37
12 50
12 105
12 112
13 25
13 28
13 45
13 67
13 98
13 120
14 37
14 78
14 113
15 22
15 24
15 49
15 59
15 81
16 40
16 49
16 91
17 47
17 68
18 86
18 112
19 54
19 75
19 112
20 116
21 29
21 67
21 112
21 116
21 123
22 90
23 115
24 57
25 74
26 43
26 58
26 69
26 81
26 82
26 86
27 38
27 83
27 102
27 103
28 68
28 88
30 42
30 51
30 63
30 109
32 45
33 67
34 44
34 88
35 53
36 43
36 54
36 73
36 81
36 87
37 55
37 57
37 86
37 96
38 113
39 50
39 98
40 120
40 122
41 44
42 46
42 78
42 83
42 105
43 51
44 61
44 87
44 93
45 98
46 64
46 85
46 95
46 100
46 110
47 78
47 99
48 111
49 107
49 110
50 64
50 106
51 97
52 58
52 68
52 73
52 91
53 54
53 123
54 76
54 92
54 108
54 111
55 56
56 88
56 116
56 122
57 69
57 82
58 65
58 68
59 100
60 88
60 98
60 107
61 66
61 81
61 101
61 120
62 108
62 117
63 94
64 97
64 104
64 108
64 109
64 118
65 69
65 75
65 108
67 76
67 78
67 85
67 101
67 119
68 80
68 116
69 78
70 79
70 89
71 106
71 107
72 90
72 110
72 115
74 120
75 122
76 99
77 85
78 100
79 96
79 97
79 109
79 122
80 85
81 110
82 86
82 118
83 92
83 94
83 102
84 93
85 90
86 119
87 105
88 119
89 95
90 95
90 110
90 116
91 94
95 116
95 120
96 113
98 106
98 111
101 106
101 112
102 117
102 120
103 112
103 115
107 116
109 112
112 124
114 116
117 119
120 121
0
7 124
