125	234	 1
0 44
0 61
0 88
1 22
1 24
1 25
1 105
2 3
2 77
2 101
3 43
3 80
3 103
4 26
4 60
4 77
4 86
4 88
4 97
4 105
4 116
4 119
5 49
5 71
5 121
6 13
6 57
6 83
7 14
8 13
8 39
8 54
8 75
8 112
9 47
9 71
9 108
9 109
10 24
10 104
11 66
12 29
12 60
12 80
12 116
13 64
13 76
13 83
13 85
14 36
14 66
14 73
14 108
15 73
15 115
16 19
16 38
16 39
17 56
17 110
18 40
18 75
18 106
19 63
19 64
19 103
19 117
20 47
20 65
21 24
21 65
22 24
22 28
22 51
23 52
23 53
23 75
23 120
24 40
24 44
24 86
24 119
25 79
25 123
25 124
26 45
26 65
26 102
26 113
27 72
28 57
28 67
28 71
29 106
29 119
29 123
30 72
30 77
30 83
30 92
30 109
31 65
32 37
32 118
33 45
33 85
33 110
34 54
34 70
34 118
35 50
35 51
35 62
35 73
36 63
37 67
37 101
38 117
39 68
41 86
41 87
41 100
41 121
42 75
42 83
42 97
42 105
43 61
43 69
43 81
44 49
44 78
45 46
45 101
45 115
46 47
46 52
46 87
46 122
47 62
47 66
47 105
48 55
48 58
48 124
49 104
50 52
50 92
50 121
51 53
51 69
51 103
52 70
52 95
52 115
53 69
53 80
53 121
54 70
54 76
54 124
55 61
56 79
56 104
56 105
57 81
57 93
57 98
57 109
58 66
59 87
59 115
60 89
60 100
60 118
61 92
61 123
63 80
63 91
63 101
64 82
64 85
64 106
66 75
66 88
66 119
67 81
68 72
68 84
68 94
68 110
69 100
69 103
69 115
69 118
70 91
70 101
71 117
72 78
73 104
74 87
75 104
75 113
75 114
75 123
76 92
79 97
81 111
83 121
84 94
85 89
86 106
87 124
88 98
88 105
88 120
89 90
91 123
92 111
93 110
94 115
95 101
95 105
96 102
96 120
97 99
99 103
99 111
104 115
107 117
109 121
110 122
117 118
119 124
0
7 124
