125	232	 1
0 40
0 67
0 68
0 85
1 25
1 43
1 58
1 65
1 109
1 112
2 30
2 48
2 73
2 89
3 22
3 69
3 85
3 108
4 62
4 69
4 90
4 118
5 27
5 50
5 71
5 88
6 13
6 18
6 92
6 118
7 19
7 24
7 104
8 11
8 15
8 28
8 49
9 20
9 50
9 72
10 35
10 59
10 116
11 17
11 31
11 51
11 58
11 80
11 91
12 17
12 56
12 65
12 84
13 101
14 45
15 27
15 49
15 104
16 80
16 83
16 94
16 120
17 24
17 71
17 99
17 102
18 21
18 35
18 46
18 71
18 76
18 88
18 98
19 20
19 84
20 72
21 72
21 81
21 97
22 57
22 74
23 28
23 45
23 51
23 96
24 81
25 115
26 36
26 91
26 99
27 90
27 97
27 98
27 100
27 103
27 109
28 46
28 47
28 50
29 51
29 83
29 91
29 122
30 65
31 54
31 69
31 84
32 61
32 71
32 82
32 97
33 71
34 46
34 47
34 74
34 109
35 52
35 73
35 94
35 99
36 107
37 44
37 119
38 54
38 58
38 78
38 87
38 93
38 99
39 47
39 55
39 105
39 112
39 115
40 45
40 65
40 101
41 58
41 84
41 105
42 86
43 69
43 80
44 53
44 97
45 68
45 71
45 90
45 104
46 67
46 82
47 77
47 95
47 116
47 120
48 67
49 80
49 82
49 105
50 120
51 62
52 59
52 114
52 121
53 111
54 101
54 111
56 86
56 111
57 78
57 110
57 111
57 119
58 110
60 61
60 80
61 62
61 71
61 121
63 89
63 106
64 66
64 96
64 103
65 109
65 114
67 90
67 103
68 85
68 95
69 71
69 86
69 95
69 104
70 79
70 93
71 78
72 110
75 100
75 117
77 93
79 89
82 122
83 91
83 106
84 119
84 124
85 120
86 96
87 111
88 90
88 113
88 114
89 121
92 107
92 119
92 123
93 100
94 108
97 117
99 105
100 105
100 120
101 106
101 113
102 107
103 105
103 111
105 120
106 123
107 111
107 112
0
7 124
