125	256	 1
0 25
0 34
0 42
0 44
0 56
0 87
0 98
0 111
1 12
1 68
2 31
2 97
2 101
3 14
3 46
3 64
3 89
3 102
4 66
4 85
4 113
5 11
5 28
5 37
6 10
6 49
6 83
7 20
7 21
7 68
7 73
7 77
7 117
8 9
8 15
8 29
8 83
8 96
9 44
9 110
10 16
11 63
12 26
12 33
12 38
12 91
12 112
13 35
13 38
13 40
13 103
14 18
14 33
14 37
14 53
14 81
15 27
15 52
15 54
15 119
16 56
17 20
17 60
17 110
18 38
18 76
18 103
18 109
18 113
18 120
19 51
19 60
19 88
20 32
20 71
20 78
21 47
21 49
21 60
21 68
22 40
22 90
22 102
23 32
23 104
24 33
24 85
24 94
24 121
25 26
25 33
25 94
25 106
26 52
26 70
26 73
27 30
27 43
27 76
27 99
27 109
28 85
28 111
29 87
29 113
30 60
30 71
30 111
30 115
31 39
31 95
32 59
32 66
32 72
32 80
34 46
34 61
34 82
34 91
34 94
35 93
35 102
36 71
36 78
36 80
37 42
37 64
37 81
37 90
37 118
39 42
41 43
41 79
41 84
42 67
42 81
42 97
42 121
43 78
43 103
43 109
44 100
45 57
45 79
45 93
46 48
46 63
47 59
47 85
47 120
48 80
48 123
49 70
49 102
49 115
50 61
50 82
50 118
51 63
51 86
51 87
51 88
52 115
53 88
54 97
55 77
55 80
55 110
55 117
55 118
56 60
56 92
56 121
57 69
57 95
57 116
57 117
58 89
58 108
59 79
59 86
59 102
59 103
59 106
61 80
61 108
61 115
62 113
62 123
63 83
63 92
63 111
64 107
65 110
66 82
66 96
66 105
67 89
70 91
70 102
70 124
71 73
71 86
71 99
72 109
73 77
73 86
73 124
74 91
75 81
75 95
75 118
76 78
76 107
76 122
77 99
77 114
78 86
78 99
78 115
79 109
80 101
80 105
81 100
82 118
83 95
84 113
85 97
85 108
85 114
87 104
88 105
88 119
90 107
90 110
90 116
93 107
93 115
95 114
96 100
96 108
96 112
99 117
99 120
100 111
100 124
101 111
102 105
104 105
105 112
107 114
110 119
111 114
111 116
112 121
121 123
0
7 124
