125	238	 1
0 17
0 53
0 93
0 113
0 122
1 4
1 45
1 69
1 103
1 118
2 8
2 54
2 56
2 65
2 71
2 85
2 104
2 121
3 15
3 55
3 76
4 46
4 54
4 80
5 54
6 29
6 43
6 46
6 81
7 32
7 40
7 57
7 63
8 73
8 120
9 17
9 87
10 25
11 13
11 20
11 37
11 71
12 50
13 19
13 43
13 73
13 93
14 44
14 46
14 70
14 85
15 82
15 91
15 101
15 103
16 66
16 105
16 108
16 117
16 120
17 39
17 40
17 70
17 75
18 36
18 43
18 59
18 105
19 21
19 38
20 35
21 76
21 91
21 122
22 41
22 43
23 30
23 41
23 51
23 75
23 88
24 35
24 62
24 72
24 82
25 27
25 49
25 82
25 112
25 117
26 39
26 50
26 71
26 72
26 87
27 76
27 91
27 113
28 64
28 99
28 102
28 115
30 45
30 54
30 64
30 89
31 54
31 59
31 74
31 81
31 99
32 35
32 109
32 113
33 34
33 42
33 73
35 71
35 105
36 40
36 107
36 118
37 66
37 121
38 82
38 92
39 49
39 64
39 89
40 55
40 98
41 48
41 49
41 121
42 44
42 54
42 94
43 53
43 79
44 78
44 88
45 80
46 51
46 67
46 91
46 102
46 116
47 56
48 56
48 84
48 88
48 116
48 119
49 57
49 62
49 108
50 60
50 110
50 117
51 102
52 76
52 106
53 83
53 120
54 58
54 86
54 112
55 69
55 70
55 107
57 100
58 98
59 64
59 67
59 79
59 109
60 80
60 102
60 116
61 117
62 68
62 70
63 76
63 123
65 89
65 118
65 119
66 92
66 95
66 96
66 106
67 69
67 75
67 103
70 114
71 75
71 101
71 115
71 116
73 80
73 116
74 101
75 100
75 123
76 124
77 110
79 81
79 113
80 116
80 120
81 95
84 93
85 100
85 105
86 96
86 115
86 121
89 93
90 105
90 122
90 123
91 94
91 100
92 118
94 104
94 105
96 100
97 100
98 103
98 117
98 123
103 111
104 105
111 117
111 120
111 123
114 115
114 120
0
7 124
