125	237	 1
0 17
0 64
0 65
0 90
1 10
1 29
1 95
2 4
2 13
2 29
2 52
3 10
3 43
3 61
3 93
4 16
4 67
4 89
5 30
5 71
5 101
6 87
7 9
7 11
7 52
8 81
8 90
9 56
9 89
9 91
9 113
10 20
10 78
10 88
11 83
11 92
11 98
11 106
11 114
11 116
12 42
12 43
12 58
12 86
12 116
12 120
13 109
13 122
14 44
14 93
15 25
15 119
16 34
16 47
16 90
17 66
17 98
18 68
18 85
18 101
19 45
19 46
19 51
19 67
19 102
19 103
19 105
20 28
20 47
20 49
20 64
20 67
20 85
20 116
21 65
21 78
21 105
21 118
22 72
22 78
22 109
23 40
23 43
24 47
24 104
25 107
26 69
27 94
28 92
28 105
28 109
29 45
29 47
29 71
29 84
29 119
30 31
30 46
31 64
31 66
31 122
32 33
32 63
32 84
32 98
32 101
33 40
33 65
33 72
33 92
34 55
34 75
34 93
34 97
35 77
35 82
36 58
36 83
37 56
37 89
37 121
38 71
38 101
38 111
39 46
39 104
40 64
41 64
41 82
41 94
41 105
42 52
42 100
43 49
43 63
44 53
44 73
45 115
47 57
47 63
47 117
47 118
47 119
48 66
48 67
48 110
49 54
49 57
49 79
50 54
50 68
50 121
51 83
51 105
52 60
52 91
52 93
53 72
53 95
53 107
55 80
55 85
55 97
56 57
56 59
57 94
58 61
58 88
58 100
59 65
59 107
59 123
60 78
60 99
60 102
61 114
61 120
61 124
62 79
62 87
62 108
63 82
64 72
64 109
65 77
65 122
66 97
67 78
68 94
69 85
69 95
69 96
69 116
69 121
70 96
70 100
70 110
72 98
73 78
74 101
74 118
75 116
76 88
76 93
76 121
77 88
77 124
80 92
80 99
80 110
81 93
81 105
81 124
84 99
85 96
85 103
86 112
87 102
87 107
89 93
90 112
90 118
96 112
97 107
97 113
97 121
99 100
103 111
103 117
104 120
107 109
107 116
107 119
111 122
112 119
114 124
116 124
0
7 124
