125	235	 1
0 4
0 67
0 78
0 80
1 6
1 34
1 62
1 90
2 9
3 18
3 61
3 120
4 18
4 28
4 30
4 53
4 75
5 32
5 33
5 35
5 60
6 32
6 59
6 60
6 63
6 69
6 81
6 95
7 34
7 65
7 101
8 40
8 82
8 89
8 102
8 109
8 124
9 55
9 88
9 104
10 36
10 57
10 73
10 77
10 116
11 19
11 34
11 64
11 103
12 100
13 79
14 33
14 58
14 62
14 68
14 103
15 38
15 67
15 85
15 98
15 100
15 122
16 61
16 102
16 114
17 18
17 34
17 70
17 121
18 29
18 30
20 39
20 42
20 115
21 49
21 54
21 90
21 103
21 109
21 118
22 32
22 89
22 105
22 119
23 109
24 63
24 68
24 113
25 34
25 60
25 71
25 76
26 65
26 66
26 73
27 41
27 44
27 59
27 89
28 31
28 32
28 52
28 107
29 41
29 65
29 97
30 84
30 95
30 111
31 123
32 63
33 39
34 58
34 91
35 68
35 115
36 96
37 72
38 81
38 103
39 65
40 42
40 69
40 120
41 52
41 113
41 118
42 73
43 61
43 74
43 93
44 95
44 100
44 108
45 95
45 96
46 53
46 60
46 112
46 124
47 52
48 86
49 62
49 72
49 90
49 112
50 59
51 103
51 106
52 81
52 114
53 71
53 92
53 95
53 96
53 122
54 73
54 88
54 121
54 124
55 83
55 89
55 101
56 100
56 116
57 78
58 69
58 92
58 117
59 61
59 70
60 107
61 110
61 115
62 86
64 121
65 112
66 124
67 118
68 72
68 74
69 92
69 111
69 119
70 73
71 120
71 121
74 76
74 93
74 107
75 79
75 87
75 122
77 112
77 116
78 79
78 121
79 93
79 117
80 100
80 105
82 123
83 97
83 113
83 116
84 117
84 121
85 115
86 95
87 108
89 92
89 101
89 114
90 102
90 111
91 104
91 121
93 101
93 106
94 99
94 105
94 122
95 124
100 110
103 113
104 109
105 110
107 112
110 116
111 124
115 121
119 123
119 124
120 121
123 124
0
7 124
