125	237	 1
0 86
0 89
1 43
1 51
1 64
1 65
1 82
1 94
1 97
2 15
3 22
4 40
4 59
5 9
5 17
5 38
5 61
5 107
6 10
6 14
6 21
6 59
6 63
6 79
6 90
6 124
7 74
7 105
8 19
8 23
8 28
8 102
8 108
9 30
9 80
9 85
10 34
10 109
11 70
11 72
11 89
11 122
12 36
13 21
13 43
13 47
13 97
13 120
14 20
14 34
14 67
14 88
14 97
15 16
15 31
16 54
16 61
16 63
16 74
16 86
17 97
17 121
18 41
18 46
18 98
19 34
19 51
19 89
19 111
20 58
20 78
20 82
20 89
20 102
21 45
21 46
21 105
22 98
23 31
24 63
24 70
24 98
24 100
25 75
25 109
25 115
26 52
26 63
26 83
26 106
26 111
27 35
27 87
28 37
28 47
28 48
28 57
28 107
29 53
30 50
31 96
31 116
32 65
32 113
33 36
33 50
33 62
33 72
33 80
33 82
33 96
34 45
34 50
34 52
34 108
35 75
35 111
35 116
36 50
36 102
37 75
37 78
38 61
38 80
38 114
39 62
39 75
40 124
41 49
41 111
41 122
42 59
42 102
43 48
43 122
44 105
45 91
46 60
46 74
46 92
46 108
46 119
46 121
46 122
47 52
47 53
47 103
47 114
48 62
48 74
48 91
48 92
49 56
50 80
50 81
50 108
50 112
52 100
52 101
53 59
53 90
54 107
55 56
55 94
55 98
56 66
56 90
56 95
56 97
57 114
57 121
58 108
59 74
60 96
60 97
60 98
61 66
61 75
61 97
61 118
62 101
62 116
63 107
63 109
64 90
65 67
65 82
65 96
65 124
66 94
67 119
67 122
68 114
69 95
70 101
71 94
71 97
71 112
71 122
72 96
73 124
74 114
75 117
75 122
76 77
76 124
77 120
78 91
79 80
79 112
81 87
81 93
84 96
85 110
87 99
87 100
88 120
90 112
90 117
90 121
91 103
93 109
94 102
96 109
97 106
98 108
98 123
100 116
100 118
100 123
102 118
102 120
104 122
109 114
110 115
119 124
121 124
0
7 124
