125	247	 1
0 29
0 81
0 91
1 84
1 95
2 52
2 103
3 51
3 59
4 15
4 43
4 46
4 64
4 94
4 110
5 7
5 57
5 58
5 88
5 109
6 28
6 29
6 64
6 96
7 26
7 48
8 12
8 38
8 63
8 95
9 11
9 19
9 89
10 54
10 81
11 81
12 39
12 117
12 120
13 26
13 91
13 122
14 31
14 45
14 57
15 42
15 113
16 69
16 78
16 104
16 107
17 32
17 78
17 110
18 23
18 53
18 122
19 90
19 105
20 23
20 56
20 62
20 119
20 123
20 124
21 28
21 66
22 68
22 78
22 99
22 116
23 81
23 93
24 38
24 106
25 49
25 63
25 64
25 73
25 88
26 78
26 81
26 107
26 115
26 118
26 121
27 52
27 84
27 97
28 42
28 79
28 82
28 120
29 42
29 87
30 31
30 85
30 87
30 112
31 37
31 42
31 100
31 112
32 61
32 74
32 124
33 79
33 93
34 42
34 47
34 74
34 88
34 120
35 61
35 75
35 118
35 121
36 51
36 75
36 121
37 45
37 73
38 47
38 70
38 101
39 41
39 79
39 85
39 116
39 119
40 57
40 63
40 78
40 97
41 124
42 43
42 94
42 116
43 52
43 100
44 76
44 95
44 110
45 115
46 93
46 100
46 103
46 105
47 70
48 102
48 111
48 124
49 67
49 83
49 86
49 118
50 54
50 59
50 69
50 88
50 102
50 122
51 78
51 83
51 91
52 57
53 85
54 57
54 76
55 71
55 102
56 60
56 83
56 102
57 65
57 89
57 115
58 68
58 77
58 115
59 111
59 112
60 72
60 78
60 117
61 78
61 83
61 92
62 116
62 119
62 124
63 89
63 92
65 95
65 101
65 121
65 124
66 102
67 77
67 106
68 81
68 88
71 80
71 106
71 115
72 83
73 102
73 114
75 88
75 94
75 115
77 109
78 88
80 101
81 105
82 115
82 119
82 124
84 92
84 113
84 118
85 98
85 100
86 87
87 102
87 121
88 93
89 94
89 108
89 111
89 112
90 113
92 94
95 106
96 117
99 104
100 124
102 117
103 111
104 107
105 116
105 119
108 113
108 114
109 114
121 122
121 124
0
7 124
