125	245	 1
0 16
0 20
0 62
0 105
0 107
0 119
1 13
2 32
2 80
3 41
3 91
3 118
4 27
4 36
4 93
4 94
4 96
4 114
5 49
6 95
6 101
6 108
6 113
7 11
7 14
8 79
8 115
9 39
9 72
10 58
10 64
10 94
10 111
10 119
10 121
11 28
11 31
11 62
11 88
11 120
12 121
13 62
13 67
14 27
14 33
14 55
14 93
15 59
15 75
15 99
15 106
16 115
16 121
17 19
17 62
17 82
17 93
18 45
18 78
18 122
19 63
19 71
19 84
19 93
19 108
20 23
20 105
21 37
21 59
21 85
21 97
22 31
22 36
23 79
23 85
23 106
23 119
24 63
24 76
24 106
25 57
25 110
26 28
26 100
27 116
28 45
28 50
28 96
28 110
29 43
30 58
30 61
31 68
31 73
32 33
32 41
32 85
32 112
33 38
33 61
33 66
34 62
34 97
35 45
35 78
35 120
36 48
36 82
37 61
37 104
37 117
37 121
38 41
38 56
39 45
39 79
39 103
40 79
40 98
40 102
41 48
41 112
42 48
42 76
42 77
42 84
42 95
42 118
43 58
43 68
43 98
43 105
44 76
44 96
44 115
45 46
45 123
47 56
47 57
47 76
48 106
48 109
48 117
49 104
50 60
50 107
50 120
51 82
52 77
53 57
53 71
53 97
53 99
54 72
54 90
54 108
55 76
56 70
57 67
57 115
57 122
58 84
58 103
58 120
59 68
59 79
59 86
59 91
59 119
60 71
61 99
63 78
64 73
64 90
64 102
64 106
65 77
65 86
65 117
65 119
66 95
67 75
67 78
67 95
67 120
67 124
68 77
68 88
69 96
69 114
70 71
70 76
70 101
71 90
72 104
72 107
72 123
74 99
74 102
74 108
74 121
76 83
76 116
77 114
77 115
78 100
79 92
81 97
81 110
82 83
83 112
83 115
83 120
83 124
85 91
86 102
87 89
88 96
88 116
89 94
89 107
89 114
90 95
90 98
91 112
92 95
92 99
92 115
93 120
96 110
97 118
98 105
99 112
104 112
104 116
105 109
106 118
106 120
107 124
109 111
109 114
109 122
110 111
111 113
112 120
0
7 124
