125	231	 1
0 35
0 41
0 60
0 66
0 71
1 88
2 7
2 38
2 45
2 52
2 73
2 91
2 95
2 101
3 39
3 72
3 89
3 106
3 107
4 23
4 39
4 64
4 90
4 118
5 13
5 117
5 123
6 25
6 115
6 117
7 52
7 88
8 14
8 61
8 65
8 72
8 120
9 18
9 58
9 96
10 22
10 103
10 111
11 14
11 78
11 120
12 48
12 69
12 86
12 110
12 113
13 69
13 94
14 35
14 95
14 118
15 29
15 92
15 109
15 120
16 34
16 38
17 48
17 88
18 33
18 61
19 33
20 45
20 49
21 103
22 25
22 35
22 105
22 122
23 38
23 68
23 79
24 108
24 116
24 117
25 28
25 51
25 58
25 69
25 70
25 76
25 79
25 121
26 48
26 52
26 66
27 33
27 86
27 123
28 33
28 82
28 121
29 33
29 90
29 96
29 110
30 103
30 121
31 108
31 110
32 58
32 79
34 60
34 104
34 106
35 39
35 48
35 114
36 59
37 71
37 78
37 79
38 42
38 47
38 51
38 71
38 86
38 90
38 106
39 67
39 78
39 111
40 75
40 103
40 108
40 109
41 55
41 86
42 59
42 75
42 79
42 94
43 69
43 88
43 96
44 79
45 83
45 89
46 56
46 98
46 118
47 89
47 117
49 53
49 79
49 108
50 56
50 79
51 54
51 59
51 65
51 109
52 71
53 63
55 64
55 82
56 112
57 58
57 74
57 85
59 62
59 63
59 84
59 100
60 117
61 99
61 122
62 88
62 122
63 73
63 81
63 82
63 105
63 117
64 75
64 82
64 105
65 117
66 71
66 90
66 91
66 106
67 90
67 91
67 118
68 76
68 80
68 123
70 77
70 122
71 84
71 109
72 85
74 79
75 103
75 110
78 93
78 104
79 87
79 96
80 89
81 96
82 86
83 89
84 95
85 90
85 97
86 94
87 99
88 114
89 119
90 91
90 98
92 112
92 114
92 124
93 103
94 96
95 96
95 97
95 121
101 104
101 113
102 112
103 114
105 119
0
7 124
