125	249	 1
0 91
1 27
1 31
1 46
2 16
2 25
2 31
2 39
2 112
3 28
3 34
3 43
3 98
4 49
4 60
4 74
4 80
5 14
5 61
5 94
5 115
6 7
6 40
6 114
7 15
7 20
7 87
7 94
7 95
7 107
8 21
8 32
8 34
8 64
8 71
8 83
8 112
9 45
9 47
9 60
9 72
10 65
10 92
11 19
11 67
11 91
11 99
12 31
12 66
12 69
12 76
12 100
13 17
13 116
14 32
14 86
14 120
15 28
15 44
15 50
15 99
15 117
16 22
16 27
16 49
16 102
17 29
17 55
17 69
17 118
17 124
18 59
18 65
18 78
19 57
19 83
19 124
20 56
22 46
22 63
22 102
22 115
23 45
23 66
23 73
24 29
24 49
24 51
25 44
25 92
26 56
26 79
26 91
27 66
27 76
28 30
28 58
28 60
28 69
28 87
28 115
29 44
29 69
29 100
29 101
29 103
29 113
30 42
30 67
30 93
30 115
32 104
33 48
33 66
33 119
34 83
34 106
34 119
35 70
35 120
36 56
36 79
36 82
36 114
37 59
37 102
38 55
38 73
38 80
39 68
39 86
39 119
40 49
40 62
40 69
41 46
41 79
41 91
42 53
42 106
43 60
44 46
44 65
44 77
45 82
45 104
46 53
46 63
46 104
46 117
47 68
47 69
47 80
47 93
47 96
47 115
48 81
48 84
48 99
48 115
49 75
49 86
50 52
50 67
50 72
50 99
50 101
50 120
51 57
51 79
51 102
51 109
52 58
52 73
52 80
52 104
53 77
53 121
54 92
54 100
55 72
55 83
56 67
56 88
56 113
58 70
58 96
58 109
59 109
59 120
61 117
61 121
62 67
62 81
62 97
63 86
63 102
64 91
64 108
65 98
65 116
65 120
66 74
66 120
67 68
68 70
68 108
69 104
70 111
70 114
72 84
72 96
73 123
75 85
75 109
76 77
76 79
76 101
78 108
78 116
78 119
79 105
79 112
80 104
81 117
81 121
82 109
83 95
83 101
85 95
85 122
87 113
88 108
89 104
90 105
90 110
91 114
93 108
94 111
98 105
98 112
102 122
106 110
107 113
109 111
112 117
114 120
115 120
116 118
0
7 124
