125	246	 1
0 59
0 83
0 85
0 95
1 40
1 119
2 12
2 40
2 41
2 71
2 83
2 120
2 122
3 25
3 40
3 85
4 10
4 83
5 9
5 69
6 70
6 75
6 117
7 42
7 49
7 77
8 54
8 69
8 120
9 18
9 29
9 44
9 50
9 65
9 69
9 74
9 91
9 101
10 15
10 36
10 68
11 50
11 76
11 94
12 23
12 104
13 17
13 29
13 30
13 40
13 78
14 65
14 69
14 78
15 17
15 27
16 19
16 62
16 69
16 105
17 61
17 87
17 112
18 105
18 122
19 68
19 107
19 111
19 113
20 25
20 65
21 66
21 72
21 100
21 109
21 124
22 28
22 96
22 107
22 109
23 72
23 74
24 73
25 69
25 120
26 72
26 94
26 97
27 32
27 57
27 79
27 85
28 116
29 57
29 74
29 93
29 98
29 103
29 116
30 32
30 118
30 124
31 44
31 95
32 87
32 123
33 39
33 118
34 106
34 121
35 41
35 56
36 74
36 91
36 94
36 112
37 42
37 79
37 106
38 53
39 67
39 94
39 110
40 42
40 64
40 70
40 79
41 51
41 69
41 91
41 108
42 46
42 61
42 84
43 59
43 61
43 66
43 101
43 117
44 85
44 100
44 108
45 94
45 115
46 48
46 87
46 108
47 48
47 104
47 113
47 117
48 123
49 88
51 122
52 80
52 95
53 62
53 72
53 106
53 109
54 73
54 103
55 62
55 63
55 80
56 74
56 91
56 113
56 118
57 70
57 110
58 97
59 79
59 86
59 95
59 118
60 77
61 78
61 102
62 98
62 108
63 112
63 115
65 71
65 76
65 98
66 77
67 80
67 90
68 69
68 92
69 89
69 111
69 124
70 76
71 88
72 111
73 99
73 103
73 123
75 82
75 100
76 80
76 95
77 97
78 84
79 96
79 111
79 119
79 124
80 92
81 91
81 93
81 105
82 110
82 118
84 88
84 91
85 122
86 92
86 110
86 113
86 119
88 119
89 92
89 106
90 98
91 102
94 102
95 116
96 113
96 124
97 103
99 102
99 124
100 106
100 113
102 116
104 120
105 108
105 117
109 122
114 122
114 124
116 124
118 121
0
7 124
