1000	1981	 1
0 310
0 995
1 66
1 111
1 469
1 919
2 471
2 942
3 282
3 381
4 85
5 62
5 819
5 925
6 72
6 345
6 721
7 21
7 199
7 719
7 769
8 81
8 109
8 443
8 668
8 745
9 80
9 161
9 167
9 924
10 126
10 465
10 934
11 117
11 145
11 204
11 273
11 803
12 134
12 275
12 323
12 375
12 382
12 887
13 174
13 464
13 524
14 120
14 618
15 440
15 475
15 602
15 610
15 900
16 133
16 480
16 593
16 878
17 31
17 768
17 779
17 820
18 142
18 458
18 871
19 168
19 228
19 695
19 996
20 333
20 352
20 418
20 619
20 805
20 882
21 126
22 595
22 869
23 283
23 897
24 227
24 934
24 971
25 137
25 457
25 532
25 983
26 114
26 700
26 922
26 930
27 290
27 428
27 499
27 538
27 810
27 917
28 32
28 69
28 632
28 636
28 694
29 299
29 322
30 165
30 166
30 207
30 486
30 720
30 813
31 34
31 73
31 111
31 287
31 536
31 786
32 44
32 221
32 289
32 503
33 780
33 912
34 606
34 895
35 276
35 828
35 893
36 656
36 746
36 901
37 51
37 299
38 117
38 166
38 556
38 728
39 158
39 318
39 537
39 551
39 571
39 780
40 725
40 807
40 987
41 120
41 214
41 939
41 984
42 50
42 57
42 566
42 959
43 620
43 686
43 803
44 298
44 553
44 601
45 825
46 370
46 946
47 185
47 505
47 887
48 334
48 372
48 615
48 853
49 305
50 258
51 316
51 358
51 791
52 109
52 311
52 833
53 224
54 383
54 976
55 56
55 105
55 242
55 264
55 433
55 465
55 474
56 143
56 256
56 801
57 538
58 209
58 357
58 360
58 589
58 899
59 74
59 138
59 352
59 486
59 783
60 465
60 473
60 591
61 318
61 506
61 771
61 811
61 847
62 104
62 261
63 398
64 377
64 500
64 565
64 580
64 647
64 805
64 922
65 608
65 651
65 753
66 159
66 328
66 384
66 646
66 929
67 92
67 420
67 853
68 394
68 465
68 750
68 934
69 155
69 338
69 345
69 435
70 220
70 244
70 408
70 554
70 748
70 938
71 664
71 724
71 801
72 80
72 581
73 91
74 402
74 448
75 302
75 316
75 498
75 529
75 560
75 717
76 287
76 369
76 415
76 474
77 381
77 878
77 898
77 920
78 319
78 370
78 718
78 801
78 805
79 323
79 460
79 485
79 552
79 574
79 671
79 678
80 237
80 582
80 656
80 744
80 926
81 395
81 633
81 824
82 416
82 500
82 557
82 578
82 684
82 977
83 93
83 182
83 302
83 454
83 651
83 683
84 223
84 334
84 575
84 989
85 359
85 482
85 739
86 328
86 361
86 387
86 945
86 959
87 113
87 185
87 379
87 469
88 207
88 456
88 785
88 810
89 149
89 503
89 904
89 967
90 784
91 188
91 244
91 302
91 917
92 338
92 557
93 513
93 554
93 835
93 865
94 549
95 267
95 522
96 145
96 160
96 253
96 336
96 540
96 653
97 167
97 506
97 821
98 322
98 561
98 661
98 902
98 985
99 494
99 740
99 840
100 460
100 579
100 731
100 752
100 767
100 859
101 403
101 736
102 319
102 398
102 461
102 576
102 634
102 747
102 950
103 826
103 913
104 250
104 580
104 729
105 689
105 706
105 763
105 807
106 466
106 578
106 594
106 895
107 441
107 800
107 948
108 385
108 729
108 962
109 515
109 606
109 639
109 842
110 324
111 470
111 745
111 856
112 631
112 918
113 661
113 685
113 981
114 311
114 449
114 566
114 587
114 972
115 341
115 484
115 630
115 924
116 297
117 341
117 364
117 754
118 291
118 645
118 897
118 949
119 165
119 462
119 650
119 691
120 497
120 592
120 630
120 734
121 895
122 699
123 369
123 713
123 744
124 347
124 466
124 548
124 627
124 969
125 147
125 150
125 229
125 543
125 712
125 766
126 771
127 346
127 463
127 885
127 973
128 177
128 203
128 487
128 903
129 205
129 467
129 478
129 620
130 517
130 939
131 359
131 395
131 468
131 490
132 168
132 242
132 355
132 662
132 690
132 727
132 864
133 180
133 367
133 518
134 512
134 618
134 813
134 845
135 635
135 967
136 600
136 923
137 157
137 489
137 736
138 992
139 495
139 655
140 389
140 410
140 454
140 554
140 907
141 343
141 618
142 236
142 278
142 482
143 590
143 679
144 256
144 469
144 600
145 460
145 736
146 471
146 599
147 437
147 594
147 940
148 164
148 717
149 357
149 521
150 249
150 353
150 373
150 570
151 385
151 680
151 682
152 473
152 660
153 187
153 300
153 389
153 415
153 607
153 716
154 229
154 411
154 422
154 975
155 640
155 836
155 860
156 309
156 647
157 169
157 199
157 484
158 984
159 409
159 715
160 403
160 814
161 185
161 329
161 642
162 206
162 248
163 212
163 356
164 528
164 970
165 351
165 374
165 910
166 191
167 363
167 472
167 788
168 270
168 366
168 438
168 503
168 628
168 659
168 832
169 306
169 407
169 433
169 577
170 711
170 861
171 723
171 749
171 893
171 914
171 943
172 442
172 543
172 604
172 734
172 759
173 203
173 573
173 725
174 865
175 596
175 883
175 929
176 260
176 297
176 437
177 647
178 744
178 853
179 610
180 287
180 333
180 501
180 607
180 655
181 241
181 251
182 408
182 591
182 678
182 728
182 730
182 779
183 509
183 515
183 623
183 872
183 926
184 198
184 524
184 645
184 760
184 797
184 801
184 810
185 595
185 972
186 227
186 237
186 653
187 360
187 698
187 966
188 644
188 683
188 714
188 799
189 330
189 338
189 467
189 629
190 191
190 625
190 642
191 436
191 484
191 779
191 790
192 202
192 251
192 276
192 654
193 791
193 899
194 876
195 277
195 331
195 386
195 500
195 658
195 805
196 225
196 312
196 713
196 894
197 556
198 531
198 870
198 947
198 972
198 981
199 646
199 992
200 331
200 419
200 663
201 770
201 962
202 206
203 323
203 398
203 432
203 882
203 921
203 924
204 265
204 827
204 870
205 438
205 786
205 879
206 282
206 636
206 959
207 621
207 631
208 334
208 468
208 530
208 536
208 620
208 791
209 395
209 439
209 798
209 838
210 223
210 341
210 876
210 991
211 319
211 429
211 446
211 555
211 846
211 934
212 351
212 712
213 271
213 452
213 480
213 552
213 599
213 900
213 991
214 282
215 451
215 675
215 945
216 373
216 721
216 814
216 881
217 632
217 948
218 613
218 648
218 715
219 320
219 587
219 612
219 826
220 409
220 971
221 527
221 798
221 867
221 977
222 644
222 754
222 824
223 345
223 526
223 954
224 379
224 405
224 435
224 705
225 253
225 260
225 578
225 648
225 821
225 898
226 342
226 385
226 431
226 493
226 788
226 911
227 267
227 296
227 320
227 524
227 588
227 706
227 712
228 332
228 714
228 795
228 919
229 964
230 378
230 881
231 310
231 532
231 543
231 686
231 762
232 464
232 539
232 610
233 301
233 449
233 475
233 847
233 963
234 893
234 996
235 585
235 997
236 377
236 604
236 677
237 341
238 676
238 729
238 841
238 945
239 523
239 575
239 849
240 303
240 332
241 313
241 906
242 265
242 980
243 247
243 256
243 501
243 816
244 494
244 581
244 642
244 707
244 792
244 793
244 851
244 970
245 332
245 589
245 778
245 793
246 333
246 417
246 421
246 499
246 680
247 321
247 515
247 780
247 873
247 915
248 719
248 856
249 479
249 721
250 473
250 668
250 676
250 841
250 971
251 281
251 402
251 611
251 612
251 682
251 761
252 492
252 851
253 583
253 758
253 920
254 433
254 647
254 955
255 862
256 288
256 465
256 815
257 598
257 607
257 883
257 952
258 515
258 528
258 598
258 651
259 548
260 387
260 598
260 751
260 862
260 911
261 497
261 521
261 615
261 930
262 432
262 503
262 509
262 568
262 728
263 411
263 626
264 288
264 369
264 900
265 425
265 632
265 863
266 359
266 564
266 847
266 875
268 583
268 617
268 697
268 785
269 996
270 920
270 980
271 420
271 539
271 942
272 285
273 696
273 868
273 998
274 596
275 538
275 552
275 667
275 746
276 288
276 429
276 966
277 425
277 653
277 712
278 302
278 348
278 542
278 552
279 574
279 613
279 998
280 620
280 628
280 640
280 810
282 580
282 647
282 687
282 919
282 995
283 312
283 607
283 863
284 461
284 913
284 988
285 489
285 991
286 664
286 741
286 782
286 872
286 936
287 327
288 474
288 523
288 850
289 606
289 715
289 729
289 840
289 867
290 300
290 899
290 985
291 321
291 475
292 346
292 762
292 887
293 374
293 454
293 923
293 965
294 692
294 936
295 524
295 654
295 687
295 987
296 404
296 421
296 513
296 680
296 748
296 957
296 971
297 358
297 438
297 550
297 857
297 909
298 467
298 747
298 920
299 315
299 433
299 434
300 421
300 453
300 700
301 564
301 633
301 645
301 704
301 926
302 349
302 369
302 568
303 804
304 584
304 637
304 810
305 536
305 580
305 669
305 726
305 744
305 792
306 313
306 395
306 578
306 700
306 941
307 436
307 785
307 888
307 966
308 324
308 913
309 334
309 369
309 465
309 539
310 469
310 484
310 821
312 501
312 639
312 800
313 334
313 516
313 552
313 749
313 806
314 447
314 814
315 348
315 687
315 926
315 943
316 528
316 831
316 832
317 322
317 798
317 954
318 504
318 746
318 964
319 690
319 987
320 806
320 912
321 701
322 706
322 723
322 928
323 382
323 489
323 495
323 618
323 779
323 901
324 902
325 409
325 470
325 750
326 996
327 845
328 409
328 615
328 894
329 454
329 694
329 702
329 932
329 979
330 480
330 537
330 541
330 615
331 540
332 447
333 408
333 507
333 556
333 606
333 751
334 352
334 616
335 598
336 505
336 587
336 666
336 805
336 854
336 994
337 764
338 461
338 564
338 652
338 846
338 918
338 976
339 361
339 418
339 522
340 695
340 836
341 364
341 390
342 491
342 503
342 652
342 805
342 902
343 553
343 774
343 808
344 987
345 510
345 623
346 479
346 672
346 848
346 931
346 971
347 481
347 527
347 778
347 841
347 904
348 480
348 544
348 584
348 802
349 848
349 970
350 441
350 463
350 834
351 492
351 716
351 791
351 951
352 374
352 398
352 588
352 804
352 826
353 842
354 713
354 763
354 873
355 907
356 366
356 476
357 707
357 739
357 743
358 384
358 396
358 403
358 702
359 627
360 802
361 567
361 877
361 881
361 924
361 958
362 516
362 595
362 729
362 858
363 394
363 846
363 864
364 454
364 576
364 614
364 709
364 799
365 838
365 983
366 594
366 939
367 726
368 646
368 758
369 412
369 450
371 381
371 561
372 417
372 439
372 557
372 558
372 643
373 456
374 721
374 842
375 388
375 716
375 853
376 617
376 687
376 838
378 731
378 843
378 879
378 933
379 500
379 537
379 609
379 687
379 759
379 775
379 961
379 985
380 531
380 846
383 567
383 798
384 794
384 856
384 903
385 605
385 947
386 427
387 636
387 882
388 670
389 637
390 419
390 606
390 752
390 798
391 523
391 624
392 832
393 586
393 693
393 769
393 890
394 441
394 774
394 792
395 450
395 470
395 681
396 637
396 982
397 675
397 760
398 835
399 808
399 968
399 996
400 965
400 970
401 405
401 573
402 769
402 854
403 500
403 898
405 704
405 783
405 899
405 920
406 667
407 478
407 522
407 678
407 909
408 569
408 671
408 901
408 983
409 513
409 720
409 819
410 829
411 454
412 481
412 620
412 716
412 837
412 945
413 980
414 629
414 690
414 719
415 562
415 588
415 719
416 510
416 600
416 793
417 884
417 905
417 917
418 596
418 811
418 823
419 570
419 597
419 648
420 465
420 711
420 845
421 815
422 890
423 511
423 553
423 572
423 628
423 696
424 571
424 634
424 932
425 712
425 740
425 952
425 967
426 472
426 556
426 591
426 672
426 965
429 537
429 939
430 585
431 627
431 677
433 441
433 658
433 719
434 436
434 843
435 494
435 620
435 635
435 708
436 466
436 608
437 640
437 941
438 714
438 748
438 892
438 991
439 496
439 505
439 597
439 681
440 465
440 663
440 774
440 832
440 886
440 957
441 636
441 807
441 889
442 896
443 617
443 737
444 462
444 517
444 903
445 582
445 788
445 922
446 875
448 488
448 607
449 681
449 889
449 910
449 923
450 813
450 815
450 855
450 867
451 686
452 480
452 551
452 702
452 791
453 857
453 867
453 920
453 935
454 530
455 607
456 543
457 503
457 845
457 922
459 484
459 489
459 753
460 570
461 510
461 707
461 874
461 931
462 789
463 470
463 999
464 538
464 721
464 988
465 553
466 579
466 728
467 547
467 953
467 975
468 578
468 593
469 493
469 731
469 825
469 936
470 484
470 634
470 748
470 976
470 989
471 595
471 761
471 884
471 957
472 494
472 554
472 899
473 527
473 573
475 506
475 554
475 939
476 777
476 821
477 973
478 608
478 939
479 691
479 772
479 785
480 808
482 719
482 831
483 703
483 900
485 642
485 859
485 960
486 653
486 669
486 827
486 926
486 934
486 944
487 667
487 738
487 854
487 861
487 942
488 797
489 548
489 876
490 505
491 723
492 724
492 840
492 950
492 966
493 762
493 797
494 771
494 880
495 529
495 876
498 927
499 625
499 979
500 886
500 986
501 595
502 575
502 691
502 695
503 565
503 647
503 969
504 542
504 798
505 538
505 905
506 561
506 792
507 575
507 794
508 624
508 799
508 916
509 662
509 996
510 823
510 853
511 945
512 753
512 767
514 919
514 947
516 737
516 898
517 706
519 559
519 804
520 600
520 827
520 911
522 959
523 572
524 654
525 623
525 681
526 630
526 696
527 617
527 801
527 879
528 549
528 680
528 976
529 563
530 867
531 779
531 878
532 792
533 807
533 968
534 970
535 689
535 929
535 987
536 776
536 871
536 942
538 877
538 919
539 829
540 863
540 896
541 701
541 952
541 998
542 749
542 909
542 992
544 829
545 873
545 891
546 899
547 866
548 777
548 886
548 935
548 951
549 768
550 679
550 946
551 585
551 626
552 693
552 708
554 997
555 901
556 780
556 921
556 971
557 732
557 773
557 968
559 592
559 594
560 696
560 891
561 916
562 831
563 874
564 797
565 789
565 817
566 760
566 868
566 889
567 594
568 623
568 629
568 931
568 934
569 602
569 936
570 820
571 629
571 742
572 589
572 967
573 938
574 926
574 983
577 934
581 638
581 677
581 830
583 846
585 797
585 987
586 632
586 755
586 811
586 823
587 590
587 682
588 703
589 594
590 756
591 632
591 699
592 764
592 908
593 737
593 836
594 660
594 707
594 910
594 956
596 668
596 777
596 826
596 884
597 622
597 657
600 792
601 694
602 703
603 873
604 677
604 772
604 839
605 639
605 701
605 767
605 914
605 946
605 954
606 690
606 824
606 858
606 923
606 956
608 709
608 718
608 786
609 714
610 619
610 737
610 765
610 983
612 673
612 899
612 977
614 727
614 806
614 818
614 890
615 732
616 791
616 828
616 838
616 926
617 698
617 917
618 906
618 916
619 833
620 651
620 724
620 733
620 954
621 799
621 806
622 647
623 942
624 968
625 890
625 995
626 865
627 785
628 892
628 894
629 698
629 764
629 875
630 810
631 945
631 951
633 802
633 820
634 676
634 797
635 781
636 665
636 749
636 879
637 684
637 710
637 818
638 674
638 975
639 955
640 662
640 682
640 855
640 862
641 920
642 780
643 748
644 833
645 673
645 770
645 909
646 950
647 804
649 766
649 957
650 715
650 974
650 981
651 990
652 916
653 886
653 917
655 858
657 880
658 888
658 896
659 671
659 898
660 934
662 714
663 925
664 784
665 993
666 710
667 964
668 801
669 905
669 922
670 736
670 788
670 800
670 821
671 709
671 787
672 701
672 717
672 730
672 980
673 867
673 884
674 692
675 849
676 869
678 926
679 734
679 902
680 887
683 843
684 743
684 913
684 948
685 705
686 820
688 757
688 970
689 775
689 784
689 913
689 946
690 766
690 908
691 925
691 992
692 760
692 788
697 813
697 891
697 918
698 919
698 982
699 875
701 708
701 817
703 756
703 862
703 968
705 741
706 963
711 842
714 966
715 743
717 802
717 850
720 809
722 897
723 758
723 849
726 784
727 898
728 843
729 757
729 822
729 827
729 906
733 803
733 918
734 970
735 861
735 943
735 996
737 881
738 862
740 783
741 849
743 948
748 972
750 989
751 765
752 757
752 788
753 942
754 778
754 991
755 973
758 791
758 815
759 903
761 828
762 969
763 768
765 845
766 835
766 996
767 873
768 833
769 868
769 938
770 923
771 890
772 877
774 851
774 907
774 925
778 782
781 788
782 916
783 859
785 975
786 844
786 967
787 948
789 981
790 821
790 922
794 989
795 835
796 837
796 866
796 900
796 922
797 828
797 972
799 903
802 982
803 952
804 918
805 919
806 813
810 885
812 943
814 863
815 960
816 902
818 851
818 941
818 982
819 961
821 831
822 831
823 837
825 923
827 930
830 905
830 960
831 999
834 864
834 910
837 915
837 988
839 939
841 964
842 963
843 844
850 856
852 886
854 858
856 999
857 882
857 996
859 904
859 967
860 869
862 904
862 915
864 885
865 943
866 889
866 938
870 943
870 964
870 980
871 931
875 942
882 945
882 969
885 984
886 949
888 983
889 894
889 949
894 931
895 911
897 978
899 918
907 994
908 985
914 915
915 918
917 934
919 985
921 970
925 967
931 957
931 969
931 984
937 988
940 968
943 984
947 958
950 960
956 991
969 980
0
10 999
