1000	2058	 1
0 91
0 341
0 373
0 954
1 84
1 260
1 434
2 426
3 154
3 804
3 859
4 85
4 93
4 152
4 361
4 399
4 643
4 647
4 680
4 747
4 890
4 904
5 412
5 469
5 817
6 656
6 688
7 104
7 244
7 575
7 806
8 331
8 633
8 683
8 892
9 99
9 109
9 187
9 601
9 844
10 192
10 222
10 442
10 454
10 492
10 537
10 790
11 100
11 350
11 563
11 598
12 27
12 109
13 669
13 940
13 999
14 319
14 380
14 459
14 627
14 642
14 863
14 872
15 293
15 365
15 625
15 880
15 931
16 155
16 766
16 860
17 97
17 365
17 998
18 280
18 785
18 830
19 188
19 287
19 649
19 906
20 144
20 751
20 958
21 214
21 700
21 723
21 998
22 312
22 590
22 879
23 194
23 273
23 358
23 415
23 453
23 507
23 530
23 648
23 897
23 925
24 34
24 692
24 917
25 615
25 843
26 139
26 329
26 462
26 585
26 843
26 940
27 107
27 233
27 304
27 306
27 364
27 597
27 903
27 958
27 982
28 30
28 257
28 394
28 891
28 906
28 929
28 950
29 427
29 770
29 894
29 916
30 474
30 691
31 343
31 518
31 783
32 222
32 429
32 573
33 191
33 458
33 472
33 952
34 370
34 455
34 691
34 877
35 225
35 763
35 831
36 105
36 608
37 261
37 587
37 713
37 759
38 566
38 706
39 109
39 127
39 269
39 344
39 355
40 418
40 734
40 987
41 81
41 646
42 179
42 397
42 511
42 559
42 900
43 72
43 158
43 400
43 443
43 501
43 971
44 259
44 551
44 907
45 170
45 566
45 872
46 290
46 339
46 533
46 611
47 151
47 356
47 506
47 803
48 509
48 869
49 363
49 626
50 426
50 881
51 207
51 274
51 463
51 995
52 811
53 352
53 488
53 607
54 184
54 726
55 739
55 789
55 997
56 362
56 467
56 580
56 955
57 196
57 709
57 722
58 363
58 433
58 747
58 798
58 891
59 192
59 207
59 458
59 691
59 728
59 764
60 391
60 521
60 681
60 927
61 74
61 260
61 802
62 81
62 199
62 607
62 896
63 110
63 220
63 824
64 77
64 359
64 496
64 569
64 599
64 627
65 384
65 391
65 475
65 520
65 840
66 268
66 310
66 374
66 758
67 228
67 259
67 275
67 784
68 485
68 861
68 917
68 967
69 565
69 771
69 886
70 165
70 427
70 581
70 982
71 330
71 576
72 195
72 654
72 668
73 220
73 242
73 294
73 644
73 918
73 974
74 217
74 686
74 814
74 907
74 965
75 368
75 419
76 323
76 542
76 850
77 133
77 502
77 610
77 961
78 110
78 669
78 798
78 857
78 996
79 446
79 540
79 767
80 291
80 292
80 431
81 114
81 283
81 766
81 807
82 93
82 160
82 366
82 806
82 927
83 526
83 577
83 843
83 955
84 435
84 573
84 703
84 832
84 850
85 210
85 232
86 92
86 143
86 208
86 317
86 670
86 881
87 236
87 371
87 588
88 366
88 472
88 629
89 227
89 366
89 369
89 480
89 717
89 842
89 928
90 328
90 679
91 276
91 406
91 460
91 534
91 606
91 680
91 935
92 591
92 902
93 470
94 315
94 339
94 636
94 784
94 969
95 128
95 174
95 177
95 194
95 302
96 162
96 328
96 376
96 409
96 956
96 975
96 991
97 235
97 722
97 781
98 380
98 550
98 868
99 195
99 563
99 703
99 924
99 938
99 995
100 232
100 854
101 150
101 157
101 352
101 801
102 594
102 617
102 651
102 678
102 734
102 845
103 311
103 420
103 703
103 994
104 378
104 697
104 916
105 701
105 765
105 866
105 874
106 741
106 783
106 967
107 470
107 573
107 590
107 786
108 533
108 793
108 956
109 170
109 520
109 631
110 966
110 985
111 167
111 211
111 673
111 823
112 384
112 560
113 336
113 339
113 541
113 662
113 787
113 798
114 181
114 437
114 469
114 788
114 798
114 817
114 844
114 922
115 145
115 274
115 407
115 738
115 773
116 232
116 543
116 824
116 850
116 899
116 915
117 171
117 204
117 576
117 714
118 242
118 316
118 418
118 862
119 178
119 188
119 304
119 713
120 362
120 543
120 782
120 846
120 859
120 916
121 577
121 682
121 699
121 811
121 980
122 152
122 255
122 746
123 468
123 768
124 417
124 561
124 720
125 192
125 590
125 627
126 303
126 467
126 809
127 262
127 299
127 444
127 624
127 921
128 210
128 380
129 345
129 448
129 692
129 786
130 553
130 660
130 839
131 282
131 922
131 938
132 185
132 253
132 470
132 511
132 686
132 689
132 956
133 259
133 495
133 660
134 251
134 255
134 273
134 362
134 760
135 260
135 294
135 436
135 447
135 570
135 657
135 815
136 176
136 177
136 375
136 611
136 658
136 676
136 876
137 262
137 613
137 711
137 936
138 204
138 231
138 462
138 514
138 522
138 826
139 170
139 267
139 348
139 585
139 890
140 552
140 628
140 674
140 730
140 771
140 797
140 865
141 164
141 372
141 593
142 457
142 481
142 828
143 173
143 249
143 319
143 526
143 765
143 813
144 576
144 714
144 718
145 208
145 537
145 752
145 959
146 168
146 486
146 688
146 795
146 868
146 976
147 318
147 506
147 661
147 736
148 322
148 338
148 352
148 546
149 246
149 341
149 396
149 510
149 775
150 380
150 517
150 518
150 697
150 872
151 715
151 722
152 780
152 906
153 700
153 999
154 335
154 425
154 435
155 227
155 278
155 326
155 380
155 479
155 770
156 163
156 379
156 542
156 729
157 395
157 698
158 351
158 357
158 467
158 768
159 369
159 493
159 533
160 193
160 235
160 286
160 839
160 973
161 283
161 335
161 441
161 522
161 661
161 721
161 903
161 908
162 166
162 190
162 234
162 507
163 301
163 335
164 835
165 390
165 437
165 501
165 555
166 533
166 535
166 625
166 664
167 289
167 426
167 442
167 594
167 727
167 976
167 999
168 265
168 398
168 652
168 911
168 988
169 454
169 495
169 958
170 233
170 676
171 306
171 452
171 709
171 949
172 470
172 521
172 577
172 774
172 924
172 999
173 263
173 473
174 444
175 769
176 459
177 302
177 358
178 797
178 945
179 644
179 692
179 706
179 985
180 455
180 634
181 281
181 319
181 474
182 853
183 218
183 585
184 239
184 344
184 480
184 506
184 657
184 770
184 919
185 274
185 491
185 565
185 722
185 911
186 236
186 399
186 965
187 830
187 914
188 353
188 898
189 200
189 345
189 377
189 397
189 757
189 983
190 269
190 503
190 707
190 915
190 993
191 489
191 572
191 744
192 211
193 363
194 248
194 642
194 660
195 467
196 274
196 462
196 555
196 884
197 556
197 578
197 708
197 843
197 974
198 533
199 287
199 328
199 502
199 622
199 920
200 348
200 810
201 289
201 337
201 465
201 622
202 419
202 877
203 216
203 298
203 405
203 461
204 298
204 315
204 748
204 782
205 751
205 902
206 268
206 295
206 306
206 503
206 591
206 628
207 395
207 648
207 721
207 777
207 831
208 424
208 718
209 243
209 433
209 820
209 827
210 307
210 926
211 972
212 242
213 729
213 949
214 247
214 378
214 521
214 541
214 584
214 735
214 992
215 277
215 403
215 482
215 729
216 414
216 482
216 872
216 920
217 354
217 441
217 583
218 520
218 682
218 801
219 797
219 897
219 983
220 288
220 476
221 376
221 959
221 962
222 742
223 457
224 269
224 882
224 909
225 393
226 260
226 402
226 669
226 702
226 758
227 281
227 463
227 695
228 522
228 546
228 572
229 266
229 398
229 790
229 893
230 235
230 390
230 400
230 535
231 959
232 403
232 459
232 787
233 285
233 914
233 919
234 252
234 329
234 349
234 367
234 648
234 965
235 838
235 928
236 238
236 733
237 438
237 855
238 265
238 516
239 285
239 564
239 648
240 321
240 612
240 637
240 688
240 815
240 857
241 493
241 745
241 953
242 747
242 935
243 759
243 765
243 776
244 817
245 453
245 475
245 925
245 998
246 247
246 534
247 490
248 367
248 395
248 427
248 789
249 626
250 305
250 356
250 729
251 773
251 843
252 402
252 694
252 771
253 392
253 632
253 766
253 962
254 448
254 480
255 596
255 641
255 858
256 402
256 688
256 710
257 872
258 342
258 482
258 790
258 995
259 352
259 421
259 771
259 823
260 724
260 765
260 770
260 951
261 263
261 944
262 487
263 293
263 593
263 714
263 838
264 881
264 917
265 783
265 841
266 505
266 598
266 712
266 799
267 301
267 394
267 546
267 772
268 329
268 481
268 521
268 794
268 798
268 822
268 831
268 955
269 410
269 774
270 639
270 759
270 917
271 880
271 881
272 293
272 750
273 515
273 587
273 588
273 668
274 705
274 876
274 936
275 310
275 430
275 476
275 985
276 957
277 354
277 420
277 761
277 902
278 475
278 808
279 289
279 359
279 776
279 868
280 403
280 666
280 736
280 762
280 989
281 441
281 522
281 533
281 719
282 537
282 788
282 971
283 740
283 851
283 961
284 458
284 519
284 563
284 648
284 883
285 553
285 614
285 851
285 938
285 979
286 513
286 760
286 770
286 933
287 295
287 375
287 537
287 674
288 431
288 582
288 796
289 292
291 824
291 955
292 629
292 832
293 355
293 668
293 745
294 522
294 600
294 731
294 784
294 816
296 339
296 444
296 917
297 876
297 883
298 614
298 769
298 844
298 881
298 892
298 965
299 321
299 383
299 647
299 748
300 469
300 645
300 918
301 383
301 829
302 312
302 824
303 405
303 777
303 885
304 616
304 633
305 313
305 385
305 406
305 501
306 589
307 325
307 451
307 579
307 937
308 399
309 461
309 696
309 944
310 546
310 830
311 559
311 757
311 900
312 535
312 576
313 427
313 678
314 692
315 627
315 956
315 988
316 365
316 882
316 943
317 579
317 807
318 955
318 981
319 745
320 329
320 643
320 929
321 398
321 628
322 590
322 786
323 582
323 816
324 450
324 777
324 822
324 880
324 896
324 907
324 944
325 400
325 421
325 461
325 632
326 938
327 443
327 709
327 877
328 561
328 653
328 804
329 534
329 537
329 757
330 523
331 963
332 719
332 853
332 972
333 441
333 746
333 772
334 450
334 615
334 624
335 338
335 439
335 790
335 795
335 898
336 362
336 520
336 534
336 896
337 385
337 866
337 902
337 925
338 478
339 568
339 911
340 397
340 732
340 853
341 500
341 833
342 448
342 654
342 680
342 958
343 514
343 887
343 942
344 878
345 369
345 874
346 419
346 477
346 706
346 725
346 963
347 589
347 619
347 756
347 865
348 429
348 515
348 549
349 986
350 356
350 431
350 534
350 564
350 616
351 356
351 416
351 450
351 755
351 784
352 439
352 556
352 565
353 395
353 769
355 472
355 819
355 866
355 962
356 397
356 463
356 531
357 416
358 709
359 398
359 481
359 662
359 705
359 797
359 865
359 946
360 417
360 931
362 389
362 705
363 520
363 646
363 823
364 476
364 524
364 643
364 711
364 905
365 575
365 579
365 634
366 517
366 550
366 887
368 736
368 868
369 449
369 481
370 660
371 598
371 615
371 797
371 927
372 630
372 922
372 937
373 988
374 428
374 555
376 706
376 861
377 440
377 834
377 942
378 517
378 950
379 503
379 780
379 819
379 892
380 766
381 441
381 575
381 945
382 766
382 844
383 462
383 574
383 789
384 710
385 591
386 454
386 645
386 932
387 441
387 914
388 442
388 909
388 924
389 691
389 936
389 993
390 410
390 726
390 770
391 415
391 646
391 801
392 677
393 526
393 575
393 869
393 965
394 397
395 397
395 428
395 579
396 704
396 765
397 962
398 624
398 764
398 827
399 409
399 526
401 671
401 712
401 780
402 957
402 983
404 439
404 901
404 903
404 973
405 433
405 557
405 564
405 599
405 602
406 458
406 488
406 545
407 424
407 918
407 991
408 615
408 949
409 885
410 628
410 864
411 605
411 741
412 534
413 685
413 706
413 848
414 521
414 841
415 430
415 716
415 829
415 993
416 424
416 478
416 544
417 421
417 488
417 653
417 916
418 620
418 754
419 685
419 989
420 972
421 735
422 460
422 791
422 837
422 979
423 816
423 892
424 482
424 531
424 978
425 610
425 870
426 536
426 659
428 495
428 898
428 945
429 471
429 755
430 436
430 747
431 473
431 558
431 926
432 436
432 603
432 837
433 692
434 620
434 694
435 926
436 569
436 583
436 584
436 609
436 779
437 444
437 626
437 903
438 573
438 895
438 931
438 968
439 472
439 636
439 649
439 801
440 617
441 569
441 692
441 799
441 843
442 629
443 630
443 959
443 991
444 457
444 540
444 982
445 575
445 736
445 762
446 492
446 711
447 968
448 502
448 908
448 934
449 525
449 978
449 998
450 986
451 464
451 545
451 699
451 777
451 933
451 969
452 959
453 843
454 707
454 805
456 745
457 608
457 825
459 671
459 951
459 989
460 595
460 788
460 858
461 505
461 646
462 491
462 654
462 905
463 860
463 961
464 834
464 920
465 771
465 803
466 477
467 586
467 757
467 966
467 978
468 726
469 505
470 953
471 538
472 519
472 670
474 526
474 569
474 634
474 647
475 538
475 688
475 757
475 773
475 954
476 673
476 778
477 808
478 617
479 524
479 988
480 502
480 639
480 674
480 796
482 491
482 529
483 761
483 862
483 883
484 840
485 794
485 838
486 736
486 784
486 804
487 515
487 594
487 746
487 851
488 498
488 508
488 620
488 706
488 814
488 927
490 541
490 896
491 509
491 525
491 561
491 609
491 617
491 655
491 681
491 941
492 662
492 751
492 946
493 541
494 801
494 857
495 622
495 795
496 729
497 581
497 832
497 999
498 611
498 752
498 786
498 885
498 920
498 931
499 539
499 579
499 828
500 529
500 612
500 678
501 691
501 737
501 902
501 973
502 534
503 621
503 637
503 831
504 634
505 682
505 852
505 855
505 892
506 973
506 996
507 693
508 592
508 616
508 697
508 922
509 550
509 874
510 516
510 582
510 872
511 717
512 610
512 643
512 685
512 843
513 538
513 686
514 720
514 879
514 893
514 921
515 732
518 631
518 767
518 846
518 887
519 557
519 604
519 777
519 878
521 725
521 876
521 937
522 821
522 907
523 612
523 689
523 731
524 916
525 991
527 810
527 888
528 578
528 627
529 577
529 853
529 926
530 670
530 704
530 784
530 807
530 859
530 905
530 914
531 909
532 820
532 917
532 926
533 912
534 936
536 604
536 665
536 667
536 910
537 571
538 913
539 629
540 659
541 765
541 825
542 671
542 892
543 721
544 605
544 707
544 805
544 970
545 580
546 787
546 942
547 571
547 598
547 616
547 636
548 690
548 841
548 889
549 862
551 813
552 709
552 990
554 584
555 621
555 840
556 815
556 870
557 659
557 941
558 639
559 751
559 769
559 959
560 565
560 954
561 843
561 894
561 971
562 669
562 704
562 771
562 884
562 892
563 957
564 890
565 656
565 849
565 855
565 908
565 954
567 708
567 754
567 873
567 892
568 637
568 931
570 755
570 836
571 574
572 598
572 821
572 846
573 787
574 681
575 872
576 636
576 703
576 783
576 978
577 886
579 998
580 597
580 704
580 811
580 984
581 749
583 717
583 803
584 732
584 808
584 907
585 619
586 866
587 647
587 748
588 654
590 734
591 782
591 814
591 943
593 928
593 986
594 673
596 917
596 957
597 717
597 789
598 656
598 977
600 968
601 779
601 856
602 850
603 743
603 767
603 953
603 962
604 620
605 763
606 691
607 778
608 762
609 621
609 875
610 630
610 804
610 917
611 758
614 801
614 879
615 627
615 631
617 716
617 800
617 886
618 791
619 884
619 996
620 848
622 664
622 888
623 658
623 772
623 863
624 816
625 650
625 881
626 739
626 755
626 810
627 945
628 809
629 643
629 658
629 873
629 925
631 747
632 757
632 774
632 903
634 854
635 949
635 966
636 960
638 968
639 708
639 776
640 657
640 767
641 823
643 651
646 699
647 962
649 749
649 780
649 793
650 780
650 881
651 981
653 767
654 787
655 847
655 868
655 999
659 964
660 687
660 737
661 826
661 960
662 829
662 865
663 853
663 898
663 963
664 818
664 854
665 727
665 888
665 965
666 709
667 695
669 773
669 834
670 939
671 681
671 821
672 683
672 897
673 761
674 678
674 702
674 780
675 718
675 869
679 770
679 803
679 808
679 923
680 738
681 829
683 736
683 947
683 980
684 856
684 916
684 990
685 854
685 926
689 773
689 822
689 851
689 934
692 910
693 887
694 841
694 962
695 759
695 844
695 895
695 959
696 888
698 909
698 999
699 845
700 785
700 901
701 979
704 733
707 743
707 789
707 830
707 869
707 884
707 991
709 860
709 970
711 792
711 968
712 844
712 960
714 721
714 810
714 963
716 796
716 957
716 999
717 789
717 801
717 877
719 738
719 855
721 847
721 849
723 899
723 948
723 975
724 748
724 975
725 966
726 914
727 758
728 754
728 890
728 987
729 931
730 737
730 879
730 901
730 950
732 753
732 908
733 889
735 740
735 765
735 778
739 993
740 889
741 931
742 835
742 842
745 799
745 951
746 915
747 749
747 753
747 894
748 942
749 853
749 919
749 940
750 751
752 767
754 915
755 839
758 965
759 779
759 863
763 842
763 849
764 796
764 895
764 941
765 833
766 908
768 821
769 776
769 986
770 860
776 814
776 980
777 788
778 935
779 883
779 987
785 908
787 976
788 967
789 881
789 935
789 941
789 974
790 819
791 958
792 839
794 835
794 936
795 910
796 941
797 837
797 907
800 932
800 992
801 985
802 841
803 944
807 856
808 863
808 948
809 833
810 843
811 938
812 944
812 952
813 943
814 880
816 882
818 879
818 988
819 891
820 860
820 921
823 968
824 839
825 915
830 881
831 914
832 869
833 915
834 871
837 933
840 879
840 937
844 909
844 952
852 984
853 931
853 946
854 909
855 992
857 975
861 954
862 908
864 894
864 999
867 880
868 957
873 928
873 929
875 988
878 977
882 919
891 972
892 893
894 996
895 911
897 915
899 917
901 935
902 998
904 909
904 989
907 986
911 917
912 926
918 999
922 985
924 949
926 980
926 983
930 974
932 957
934 993
935 962
938 960
939 997
944 963
949 958
955 992
966 971
971 980
0
10 999
