1000	1990	 1
0 29
0 181
0 381
0 894
1 218
1 341
1 445
2 313
2 422
2 874
2 917
2 982
3 166
3 385
4 112
4 875
5 120
5 689
5 729
5 796
6 568
6 835
7 147
7 394
7 409
7 641
8 191
8 194
8 535
9 455
9 534
10 284
10 398
10 441
10 756
10 831
11 271
11 483
11 525
12 319
12 785
12 794
13 19
13 67
13 600
13 693
13 846
14 35
14 390
14 716
14 739
14 851
15 323
15 396
15 578
15 585
15 968
16 66
16 108
16 373
16 571
17 548
17 580
18 150
18 350
18 689
18 768
18 944
19 160
19 210
19 312
19 445
19 450
19 497
19 678
19 730
19 933
19 948
20 585
20 750
21 115
21 493
21 557
21 681
22 237
22 620
23 145
23 410
23 580
23 669
24 58
24 434
25 104
25 655
25 746
25 807
26 268
26 317
26 441
26 623
26 740
26 835
26 930
27 51
27 152
27 431
27 780
28 363
28 439
29 91
29 382
29 815
30 585
30 909
31 259
31 294
31 774
32 222
32 447
32 557
32 688
33 413
33 446
33 502
33 665
33 787
34 289
34 413
34 497
34 510
34 638
34 855
35 78
35 94
35 106
35 375
35 921
36 64
36 216
36 420
36 477
36 641
36 799
36 886
37 89
37 123
37 772
37 812
38 93
38 236
38 263
38 699
38 815
39 305
39 448
39 592
39 621
39 758
40 163
40 552
40 657
40 692
40 741
41 267
41 554
41 876
42 46
42 478
42 837
43 199
43 207
43 228
43 303
43 433
43 929
44 117
44 140
44 151
44 373
44 547
44 828
45 390
45 461
45 679
45 723
45 764
46 204
47 473
47 723
47 792
47 815
48 110
48 191
48 226
48 479
48 565
48 685
48 773
49 223
49 801
49 802
49 842
50 332
50 401
50 950
51 525
51 868
52 54
52 128
52 169
52 244
52 633
52 764
52 819
52 902
53 339
53 694
53 854
54 246
54 360
54 574
54 677
54 816
54 952
55 219
55 413
55 430
55 460
56 534
56 673
56 793
57 395
57 733
57 749
57 786
57 956
58 323
58 518
58 765
58 774
59 782
60 116
60 217
60 463
60 543
60 622
60 649
60 874
61 100
61 541
62 575
63 363
63 870
64 434
64 436
64 484
64 579
64 734
64 923
64 957
65 534
65 943
66 78
66 297
66 711
67 131
67 148
67 488
67 773
68 523
68 824
69 142
69 402
69 718
70 251
70 403
70 611
70 626
70 831
71 472
71 501
71 529
71 710
71 891
71 996
72 176
72 187
72 354
72 715
73 179
73 710
73 822
74 250
74 253
74 507
74 689
74 957
75 267
75 388
75 983
76 338
76 631
76 910
77 254
77 607
77 751
77 977
78 286
78 960
79 87
79 254
79 552
79 896
80 265
80 801
80 831
80 966
81 403
81 760
82 512
82 691
82 949
83 394
83 701
83 764
83 912
84 306
84 362
84 401
84 429
84 604
85 177
85 462
85 554
85 721
85 760
86 97
86 633
86 803
87 166
87 209
87 532
87 646
88 674
89 291
90 798
90 995
91 261
91 476
91 483
91 704
92 283
92 357
92 990
93 267
93 614
93 694
93 937
94 294
94 341
94 364
94 672
95 371
95 545
96 220
96 349
96 426
96 450
96 634
96 812
97 428
97 752
97 985
98 167
98 174
98 322
98 360
99 257
99 804
100 145
100 910
100 952
101 152
101 672
101 774
101 933
102 115
102 702
103 327
103 684
104 830
104 952
105 106
105 258
105 417
105 876
106 310
106 974
107 114
107 357
107 524
107 948
108 438
108 523
108 800
109 428
109 477
109 625
109 682
110 289
110 772
110 871
111 471
111 554
111 618
111 704
111 873
111 965
112 275
112 608
112 613
112 623
113 207
113 215
113 301
113 411
114 273
114 492
114 499
114 816
114 958
115 968
117 251
117 280
117 368
117 400
118 247
118 354
118 741
118 858
118 985
119 200
119 356
119 551
119 666
119 811
120 184
120 245
120 354
120 368
120 695
120 782
121 502
121 706
121 999
122 132
122 190
122 300
122 765
122 965
123 684
124 501
124 755
124 986
125 259
125 416
125 834
126 269
126 325
126 808
127 615
127 721
129 914
130 575
131 290
131 329
131 568
131 684
131 691
131 786
132 303
132 546
132 621
132 623
132 626
132 661
132 925
133 818
134 504
134 724
135 281
135 403
135 640
135 695
135 837
136 750
136 902
137 699
138 485
138 502
138 506
138 590
138 783
138 808
138 858
139 450
139 780
140 147
140 294
140 442
140 630
141 348
141 488
142 169
142 389
142 402
142 665
143 273
143 293
143 778
143 815
143 939
143 970
144 461
144 657
145 338
145 386
145 414
145 733
145 759
145 833
145 854
146 242
146 294
146 541
146 621
146 959
147 560
147 796
147 881
147 903
148 282
148 884
149 264
149 342
149 801
149 956
150 225
150 452
150 500
150 635
150 893
151 301
151 543
152 522
152 624
152 662
153 218
153 460
153 513
154 185
154 201
154 421
154 426
155 163
155 397
155 839
155 925
156 817
156 821
156 847
157 490
157 546
157 861
158 165
158 173
158 267
158 728
158 785
158 837
159 163
159 249
159 332
159 509
159 780
159 794
159 938
159 942
160 281
160 611
160 974
161 282
161 313
161 448
161 481
161 602
161 767
161 985
162 494
162 591
162 629
162 868
163 576
163 847
164 171
164 346
164 517
164 682
165 183
165 335
165 417
165 566
165 680
165 922
166 426
166 547
166 616
166 717
167 654
167 700
167 943
168 408
168 615
168 736
169 240
169 252
169 269
169 724
169 782
169 853
170 293
170 336
170 488
171 299
171 600
172 288
172 494
172 850
173 935
173 940
174 367
174 382
174 444
174 918
175 379
175 719
175 989
176 309
176 384
177 280
177 380
177 411
178 393
178 746
179 242
179 320
179 941
179 982
180 238
180 584
180 720
180 767
180 872
181 220
181 355
181 479
181 508
181 627
181 730
181 817
182 337
182 396
182 531
183 570
183 724
183 754
184 527
184 551
184 705
185 345
185 377
185 739
185 842
185 878
186 226
186 286
186 553
186 664
187 408
187 638
187 706
187 988
188 295
188 611
188 617
189 379
189 779
190 563
190 824
191 524
191 804
191 905
192 367
192 390
192 529
192 655
192 861
193 279
193 325
193 607
193 797
193 834
194 374
194 445
194 694
195 586
195 994
196 310
196 654
197 565
197 843
197 893
197 905
198 347
198 504
198 550
198 600
198 771
199 293
201 316
201 588
201 756
201 802
202 303
202 344
202 356
203 605
203 801
203 998
204 262
204 288
204 329
204 843
205 461
205 516
206 255
206 335
206 352
206 384
206 418
206 453
206 558
206 761
207 350
207 673
208 481
208 681
208 794
208 885
209 598
209 747
210 324
210 500
210 501
210 660
210 741
211 579
211 631
212 232
212 370
212 414
212 489
212 840
212 923
213 265
213 440
213 652
213 964
213 998
214 589
214 634
215 357
215 521
215 562
215 723
216 321
217 244
217 330
217 346
217 723
217 971
218 271
218 475
218 641
219 594
219 874
219 928
219 940
220 314
221 230
221 652
222 311
222 389
222 521
222 714
223 265
223 441
223 485
223 552
223 595
223 696
223 761
224 325
224 328
224 593
224 988
225 365
225 682
225 728
225 810
226 276
226 757
227 606
227 748
228 301
228 306
228 467
229 252
230 940
231 233
231 423
231 439
231 636
231 834
231 874
232 289
232 305
232 340
232 464
233 473
233 871
233 970
234 255
234 292
234 486
234 574
234 606
235 309
235 383
235 703
236 248
236 956
237 256
237 533
238 392
238 482
238 918
238 928
239 775
239 878
239 954
240 290
240 876
241 471
242 954
243 586
243 703
244 560
244 643
244 930
245 250
245 327
245 625
246 306
248 461
248 711
248 880
249 302
249 385
249 449
250 468
250 539
250 627
250 836
250 983
251 311
252 328
252 429
252 499
252 671
252 689
253 641
253 823
254 273
254 296
254 403
254 658
254 734
254 910
255 550
256 670
256 762
256 771
257 339
257 536
257 642
257 710
257 835
258 416
258 482
258 504
258 558
258 800
259 306
259 457
259 568
260 307
261 391
261 603
261 609
261 764
261 948
262 739
262 810
262 888
263 363
263 668
263 791
263 885
264 540
264 813
265 569
266 332
266 380
266 903
267 290
268 388
268 447
268 707
269 548
269 552
269 614
270 779
270 855
271 442
271 769
272 313
272 641
273 551
273 555
273 628
273 839
273 857
274 321
274 350
274 709
274 746
275 364
275 604
275 831
276 402
276 430
276 612
276 778
277 323
277 468
277 743
277 869
277 926
278 498
278 613
278 767
278 866
279 468
280 669
280 711
280 991
280 996
281 539
281 825
281 905
282 627
282 769
283 397
283 598
284 446
284 746
284 794
284 955
285 515
285 888
286 729
286 905
287 343
287 524
287 530
288 354
288 491
288 725
288 749
288 917
289 318
289 494
289 503
289 890
289 910
289 952
289 959
290 307
290 520
290 566
290 788
290 802
290 817
291 513
291 610
291 934
292 485
292 675
292 871
293 390
293 817
293 934
295 963
296 547
296 785
297 416
297 421
297 599
297 651
297 786
298 573
298 855
299 473
299 552
299 661
299 692
299 936
300 695
300 818
300 870
301 856
301 868
302 369
302 554
302 688
303 342
303 529
303 596
303 893
304 401
304 736
304 923
304 969
305 911
306 597
306 823
306 848
306 915
306 973
307 694
308 564
309 363
309 492
310 558
311 356
311 421
311 855
312 654
312 793
312 895
312 925
313 653
314 789
314 861
314 927
315 353
315 516
315 593
315 978
317 366
317 489
317 554
317 673
318 568
319 866
320 326
320 648
321 720
321 808
321 870
322 370
322 424
323 627
323 667
323 883
324 389
324 400
324 999
325 725
325 936
326 421
326 860
326 870
326 974
327 740
327 780
328 375
328 686
328 702
328 988
329 456
329 735
330 408
331 350
331 454
331 696
332 366
332 489
332 520
332 595
332 941
333 344
333 428
333 442
333 538
333 576
334 509
334 837
335 337
335 340
336 603
336 634
337 410
337 785
338 346
338 478
338 637
339 524
340 713
340 836
340 849
340 993
341 517
341 518
341 634
342 960
343 465
343 674
343 846
343 967
344 580
344 845
345 534
345 627
345 651
345 653
345 775
346 574
347 836
348 731
348 909
349 512
349 516
349 626
349 969
350 662
351 757
351 850
352 713
352 805
353 397
355 514
355 641
355 748
355 750
355 762
355 938
356 502
356 509
357 450
357 648
357 875
358 369
358 697
359 398
359 791
360 515
360 980
361 627
361 835
361 869
362 385
362 719
363 437
363 619
363 760
363 889
364 538
364 647
364 720
365 574
365 636
365 738
365 914
366 790
367 457
368 601
369 524
370 378
370 851
371 571
371 708
371 723
372 546
372 866
374 426
374 568
374 997
375 739
375 974
375 990
376 422
376 518
377 623
379 380
379 493
379 842
379 854
379 920
380 393
381 468
382 404
382 573
382 722
382 860
383 491
383 772
384 455
384 504
386 477
386 936
387 846
387 937
388 878
390 416
390 853
391 547
391 706
391 790
391 938
391 963
392 732
393 698
393 957
394 697
396 743
397 706
397 772
398 508
398 556
398 798
398 959
399 676
399 755
400 425
400 432
401 659
401 776
401 780
401 851
402 885
403 677
404 629
404 680
404 749
405 569
405 589
406 618
407 855
408 779
408 933
409 551
409 994
410 626
411 580
411 594
411 745
411 910
412 601
412 659
412 667
413 525
413 694
414 437
414 742
414 826
415 429
415 626
415 689
416 519
416 643
418 424
418 591
418 855
418 988
419 491
419 622
419 783
419 821
419 926
420 744
420 968
421 424
421 803
421 843
421 900
422 947
423 472
423 494
423 765
423 805
423 994
424 645
424 690
424 704
424 716
424 726
424 997
425 681
425 733
425 755
425 921
426 572
426 826
427 781
427 804
427 947
428 553
428 575
428 848
428 865
428 921
429 640
429 958
430 606
430 656
431 681
431 725
431 844
431 895
432 575
432 935
432 983
433 715
434 859
434 921
435 501
435 578
435 826
436 443
436 536
437 665
437 702
438 748
438 770
438 899
438 977
439 748
440 589
440 792
440 827
440 948
440 950
442 714
442 732
442 747
443 829
443 924
444 496
444 592
444 827
445 677
445 766
446 794
446 974
447 529
447 683
447 870
448 466
448 601
449 473
449 954
449 990
451 490
451 948
451 949
452 469
453 596
453 725
453 751
453 919
454 678
454 769
455 470
455 968
456 774
456 843
457 700
458 981
459 628
459 686
460 647
460 893
462 532
462 702
462 706
464 672
464 719
464 974
465 601
465 926
466 532
466 869
468 472
469 925
469 951
469 961
470 583
470 687
471 827
472 640
472 681
472 979
473 683
473 780
473 872
473 932
474 763
474 806
474 884
475 562
475 683
475 907
476 531
476 747
477 879
479 812
480 646
480 669
481 539
481 765
481 789
482 632
482 856
482 989
483 896
483 999
484 573
484 691
485 607
485 880
486 502
486 730
486 848
487 554
487 598
488 874
488 983
489 612
489 708
490 935
491 495
491 498
491 505
491 645
492 525
492 761
492 949
493 562
493 794
493 914
494 581
494 696
495 736
495 893
495 913
496 708
497 674
498 604
498 833
499 671
500 911
501 650
502 874
503 724
503 821
504 580
504 915
505 914
505 918
506 597
506 666
506 760
507 512
507 541
507 614
507 621
507 855
507 967
507 996
508 541
509 605
509 640
510 645
510 875
511 692
511 941
512 592
512 608
512 987
513 786
513 916
514 593
514 923
514 958
516 905
516 987
518 951
519 592
520 889
521 748
522 545
523 711
523 804
523 811
523 818
523 902
524 661
524 771
524 841
524 895
525 970
526 680
526 933
527 549
527 652
527 712
528 704
528 963
530 571
530 626
530 734
530 750
531 658
532 955
533 556
533 635
533 814
534 878
535 605
535 715
535 917
536 656
536 719
537 542
537 544
537 592
537 798
537 992
538 785
538 890
538 983
539 762
540 558
540 704
540 969
541 893
542 766
542 921
543 892
544 840
545 550
545 666
545 858
545 929
546 672
547 566
547 670
547 821
548 737
549 752
549 821
549 886
549 897
549 962
550 818
550 825
551 577
551 691
554 864
555 559
555 846
555 907
555 913
556 718
556 869
557 709
557 777
557 915
558 899
558 946
559 586
559 745
559 755
560 923
561 606
562 818
562 957
564 592
564 673
564 777
564 899
565 575
565 672
565 843
565 848
565 869
565 879
566 696
566 732
566 976
567 597
567 753
568 582
568 583
568 609
568 794
569 675
569 988
570 602
571 597
571 742
571 994
572 800
572 841
572 912
573 621
573 763
573 826
574 646
574 738
575 972
576 632
576 881
578 773
578 782
579 670
580 638
580 753
581 788
581 888
582 764
582 790
583 639
583 827
583 932
584 627
584 705
584 992
585 682
585 771
585 957
586 659
586 729
586 802
586 854
587 960
589 591
589 962
591 750
591 940
592 650
595 678
595 741
597 620
598 670
598 909
599 681
599 694
599 861
601 712
601 869
601 960
602 733
602 751
602 890
603 846
604 934
606 711
606 785
608 898
609 742
610 864
611 714
612 837
613 634
613 719
613 881
614 728
614 746
614 879
614 955
615 700
615 752
615 884
616 703
616 750
617 861
617 921
618 818
618 984
618 992
620 903
621 648
625 672
625 837
626 718
626 857
627 798
627 803
627 904
628 932
630 700
630 720
630 850
631 823
633 684
633 696
633 918
634 932
635 650
635 761
635 827
636 650
636 766
639 725
639 814
639 982
642 836
643 942
644 663
644 927
645 765
646 706
646 820
647 825
648 768
649 976
650 850
652 866
653 810
654 937
655 792
655 886
657 848
657 864
660 982
661 711
663 813
664 954
664 979
665 706
667 781
667 834
667 840
667 933
668 818
669 678
670 717
674 896
676 764
676 996
677 777
678 789
680 773
680 912
681 757
684 980
685 697
685 806
685 967
687 702
688 758
688 874
689 825
689 835
689 906
689 909
690 945
691 722
691 932
692 890
692 920
693 729
693 784
695 698
696 710
696 734
696 881
696 914
697 732
698 814
698 845
699 716
701 852
702 917
705 834
705 908
705 947
706 718
708 982
710 974
711 781
712 876
713 727
713 827
713 863
715 770
716 818
718 901
718 975
721 911
721 912
723 777
723 896
723 907
723 980
724 824
724 993
725 825
726 776
726 946
727 990
728 801
728 943
729 882
729 975
730 971
731 785
731 888
731 959
731 966
737 928
737 958
740 920
741 764
743 795
747 778
747 826
747 865
748 863
751 941
754 952
754 964
756 813
756 872
756 919
756 983
758 798
760 844
760 883
760 957
762 900
763 786
763 977
766 862
766 963
766 986
770 872
771 816
771 883
772 874
772 894
775 883
779 881
780 829
780 979
781 866
781 946
785 960
786 798
789 944
791 834
791 982
792 921
793 875
794 887
794 968
795 891
795 895
795 910
795 967
796 981
796 997
797 896
797 911
797 956
799 964
800 961
801 807
802 896
808 809
809 830
810 872
811 817
811 920
811 944
812 853
812 881
814 819
815 971
816 897
816 938
819 855
820 885
820 915
821 894
822 970
823 902
823 952
823 989
824 912
827 925
829 993
832 993
835 935
837 844
837 908
838 847
840 864
842 933
844 934
845 903
847 916
852 886
853 899
859 914
861 899
861 914
863 992
864 976
867 959
867 965
868 882
869 925
873 974
875 983
877 919
877 955
883 913
885 978
887 926
888 960
892 954
892 987
894 962
896 940
898 991
899 907
900 977
906 951
906 986
908 973
912 979
914 916
918 930
918 983
919 985
924 997
926 931
931 987
935 942
936 991
941 944
942 983
943 975
951 955
953 972
960 995
0
10 999
