1000	2014	 1
0 173
0 268
0 437
0 495
0 837
0 983
1 232
1 345
1 398
1 439
1 450
2 338
2 762
3 187
4 323
4 833
5 120
5 132
5 189
5 567
5 971
6 210
6 459
6 965
7 337
7 440
7 572
7 884
8 240
8 261
8 409
9 182
9 255
9 301
10 276
10 458
10 542
11 242
11 887
12 42
12 468
12 709
12 750
13 85
13 659
13 900
13 953
14 549
15 17
15 701
16 839
16 845
16 852
16 974
17 142
17 348
17 369
17 666
17 839
17 879
18 416
18 435
18 545
18 707
18 837
18 971
19 108
19 575
19 893
20 358
20 496
20 745
21 76
21 124
21 528
22 164
22 233
22 238
22 432
22 871
23 611
23 679
23 854
24 131
24 161
24 271
24 292
24 826
24 977
24 990
25 693
25 744
25 813
26 492
27 150
27 159
27 219
27 301
27 307
27 544
27 570
27 820
28 85
28 126
28 152
28 300
28 414
28 586
28 628
28 741
28 961
28 982
28 987
29 314
29 473
29 666
29 752
29 800
29 862
30 94
30 687
30 732
30 830
31 245
31 406
31 569
31 684
31 837
31 947
32 169
32 256
32 392
32 900
32 928
32 968
33 169
33 245
33 255
33 312
33 725
33 809
34 186
34 511
34 604
34 914
35 436
35 544
35 614
35 932
36 271
36 441
36 546
36 847
37 356
37 450
37 502
37 715
37 965
38 58
38 320
38 413
39 235
39 326
39 614
39 922
40 77
40 186
40 197
40 570
41 711
41 735
41 879
42 122
42 186
42 204
42 351
42 980
43 393
43 420
43 655
43 823
43 899
44 180
44 318
44 575
45 200
45 301
46 84
46 676
46 840
47 260
47 613
47 675
47 702
47 772
47 840
47 909
47 946
48 345
48 354
48 671
48 881
49 74
49 824
50 341
50 793
51 243
51 398
51 867
52 894
52 919
53 334
53 474
53 519
53 703
53 721
54 241
54 483
55 281
56 176
56 330
56 360
56 435
56 552
56 562
56 611
56 634
56 953
56 992
57 990
58 202
59 105
59 527
60 226
60 372
60 736
60 973
60 994
60 995
61 283
61 850
62 406
62 445
62 523
62 537
63 171
63 349
63 541
63 548
63 725
64 162
64 261
64 360
64 441
64 973
65 93
65 382
65 611
65 677
66 850
66 925
67 72
67 145
67 280
67 344
67 604
67 632
67 740
67 912
68 337
68 770
68 785
69 318
70 937
70 954
71 145
71 165
71 438
71 952
72 120
72 149
72 748
72 760
72 777
72 855
73 389
73 837
74 114
74 520
75 364
75 915
76 332
76 778
76 860
76 864
77 114
77 261
77 524
77 601
78 376
78 556
78 897
78 929
79 396
79 591
79 595
79 609
79 681
80 269
80 805
80 894
80 981
81 125
81 794
81 835
81 873
82 254
82 643
82 685
83 301
83 930
84 166
84 405
84 456
84 640
84 934
85 379
85 756
85 808
86 968
86 983
87 569
87 777
88 234
88 486
89 288
89 592
89 732
90 136
90 158
90 213
90 322
90 796
91 189
91 306
91 456
91 919
92 468
92 582
92 716
92 946
92 968
93 163
93 182
93 760
95 136
95 230
95 638
95 708
95 936
96 233
96 353
96 422
96 856
97 124
97 186
97 332
97 539
97 792
98 127
99 175
99 225
99 391
99 688
100 523
100 556
100 700
100 749
100 990
101 558
101 929
102 490
102 747
102 791
102 891
102 892
103 549
103 584
103 822
103 921
104 512
104 712
104 838
105 269
105 810
106 354
106 506
106 883
107 153
107 254
108 125
108 338
108 368
108 380
108 393
108 783
108 802
108 976
109 313
109 339
109 556
109 920
109 994
110 385
110 603
110 612
111 163
111 194
111 375
111 418
111 644
111 762
112 612
113 779
113 958
114 181
114 262
114 408
114 430
114 847
114 930
114 965
115 539
115 569
115 678
116 273
116 435
116 868
116 907
117 164
117 203
117 435
117 529
117 578
118 506
118 708
119 387
119 403
119 420
119 590
119 752
119 923
120 201
120 627
120 673
120 956
121 319
121 969
122 481
122 612
123 253
123 400
123 542
123 876
123 908
124 653
124 794
125 556
126 195
126 586
126 945
127 383
127 539
127 971
128 497
128 540
128 736
128 985
129 192
129 340
129 384
130 342
130 483
130 764
130 770
131 217
131 417
131 463
131 542
131 687
132 296
132 502
132 862
133 481
134 254
134 283
134 332
134 927
134 932
135 227
135 880
136 289
136 404
136 547
136 577
137 649
137 755
138 760
138 789
138 969
139 369
139 445
139 506
140 284
141 263
141 282
141 386
141 697
142 374
142 396
143 184
143 690
143 838
143 863
144 341
144 446
144 805
144 867
145 337
145 671
146 550
146 583
147 177
147 199
147 297
147 340
147 404
147 616
147 761
148 319
148 713
148 833
149 344
149 510
149 876
150 579
150 787
150 883
151 222
151 829
152 273
152 415
152 426
152 586
153 804
153 876
154 235
154 319
154 907
154 926
155 220
155 264
155 470
155 483
155 932
156 417
156 463
156 676
156 829
157 209
157 739
157 882
157 967
158 308
158 522
158 978
158 992
159 646
159 659
160 228
160 292
160 644
161 249
161 260
161 819
162 169
162 222
162 377
162 942
163 303
163 664
163 696
163 914
164 481
165 199
165 248
165 361
166 428
166 904
167 417
167 482
167 859
168 241
168 593
168 979
168 998
169 482
169 503
170 193
170 385
170 408
170 510
170 516
170 697
170 812
170 832
171 186
171 302
172 476
172 639
172 960
173 207
173 236
173 472
173 626
173 695
173 775
173 785
173 805
174 300
175 864
175 969
176 457
176 568
176 631
176 851
177 359
178 466
178 602
179 199
179 205
179 397
179 463
179 657
179 807
180 264
180 302
180 418
180 689
180 770
180 963
181 230
181 736
181 803
182 188
182 853
183 205
183 355
183 415
183 431
184 373
184 766
185 198
185 203
185 277
185 542
185 585
185 921
186 264
186 451
186 732
186 864
187 455
187 793
187 843
188 672
188 802
188 904
189 485
189 513
189 832
190 424
191 443
191 878
191 937
191 994
192 379
192 423
192 581
193 516
193 806
193 831
193 856
193 929
194 447
194 649
195 521
195 758
195 825
196 653
196 981
197 925
198 465
198 493
198 607
198 768
198 844
199 803
200 605
200 918
201 243
201 292
201 870
201 892
202 277
202 357
202 371
202 643
203 435
203 515
203 789
204 403
204 621
204 821
204 844
204 979
205 241
205 344
205 676
205 692
205 787
206 289
206 858
207 392
207 609
207 752
207 953
208 237
208 417
208 928
209 259
209 679
209 909
210 405
211 442
211 464
211 615
211 774
211 900
212 235
212 443
212 488
212 937
213 625
213 636
213 660
213 666
213 833
214 225
214 386
214 698
214 826
215 238
215 437
215 547
215 654
215 705
216 465
216 694
217 295
217 665
217 749
217 765
218 472
218 842
219 375
219 434
220 761
221 322
221 471
222 539
222 648
222 680
222 778
223 497
224 347
224 678
224 882
224 891
225 285
225 745
226 284
226 362
226 368
226 501
226 862
227 404
227 454
228 632
229 404
229 470
229 541
229 654
229 689
230 250
230 711
230 860
230 881
231 415
231 460
231 935
231 957
232 441
232 848
233 376
233 600
233 948
234 243
234 362
234 726
234 842
235 366
235 425
235 428
235 468
235 602
236 584
236 691
236 727
237 248
237 969
238 456
238 634
239 538
239 829
240 888
241 440
242 645
242 817
243 676
243 987
244 317
244 492
244 895
245 252
245 471
245 575
246 593
246 889
247 539
247 657
248 440
248 987
249 510
250 547
250 569
250 579
250 682
251 483
251 742
252 751
253 669
253 760
253 794
254 565
254 802
255 451
255 459
256 534
257 368
257 377
257 595
258 579
259 401
259 439
259 597
259 671
259 751
259 802
260 332
260 987
261 695
262 715
263 273
263 995
264 269
264 316
264 997
265 480
265 544
265 694
266 326
266 481
266 950
266 955
267 288
267 321
267 501
267 762
268 890
268 924
269 461
269 976
270 315
270 358
270 486
270 946
270 972
271 340
271 419
271 449
271 635
271 684
271 722
271 831
272 422
272 871
273 815
274 527
274 630
274 816
274 969
275 331
275 394
275 552
275 609
275 846
276 289
276 486
277 295
277 902
278 452
278 480
278 623
278 927
279 392
279 442
279 459
279 522
279 696
279 852
280 650
281 399
281 602
281 919
282 341
282 420
283 626
283 710
283 740
283 918
284 497
284 534
284 537
284 547
284 776
284 960
284 986
285 669
285 767
285 791
285 819
285 985
286 683
286 786
287 374
287 408
287 451
287 708
287 804
287 966
288 747
289 786
289 983
290 325
290 477
291 502
291 887
291 981
292 361
292 413
292 683
292 868
293 508
293 811
293 884
294 413
294 673
294 677
294 784
294 885
295 304
295 544
295 870
296 691
296 795
296 815
297 658
297 809
298 627
299 329
299 597
299 654
299 809
299 951
300 447
300 496
300 508
300 879
301 336
301 371
301 384
301 514
301 571
301 728
301 911
302 720
303 408
303 888
304 757
305 422
305 758
305 867
305 961
306 308
306 309
306 371
306 768
307 606
307 788
307 795
307 941
307 969
308 521
308 544
308 565
308 720
309 430
309 470
309 882
310 518
310 583
311 330
311 920
312 325
312 527
312 652
313 655
313 778
314 499
314 585
314 857
314 970
315 547
315 734
315 783
316 399
316 565
316 610
316 831
317 400
318 331
318 969
318 973
319 848
320 352
320 375
320 436
320 725
321 437
321 760
322 867
322 900
323 465
323 943
324 589
324 680
324 742
324 780
325 884
325 957
326 401
326 985
327 467
327 641
327 731
328 675
329 370
329 461
330 615
330 735
331 364
331 990
332 350
332 902
333 401
333 720
333 880
334 338
334 370
334 591
334 703
334 801
335 385
336 831
337 726
337 833
338 686
338 854
338 858
338 977
339 488
339 600
339 953
340 512
340 851
341 702
341 825
341 897
342 447
342 451
342 638
343 507
343 851
343 888
344 557
345 763
345 769
345 825
345 913
346 865
346 899
347 495
348 382
348 902
348 999
349 754
350 485
350 952
351 366
351 770
351 798
351 823
352 585
352 793
352 891
353 992
354 502
355 701
355 731
355 767
355 781
355 938
356 503
357 393
357 507
357 648
357 664
357 799
359 728
360 472
360 668
360 673
360 814
361 442
361 543
361 623
362 448
362 702
363 399
363 593
363 667
363 848
363 990
364 372
364 648
364 788
365 581
365 756
365 906
366 826
366 881
367 429
367 592
368 838
368 984
369 533
369 550
370 416
370 492
370 554
370 645
370 805
370 824
370 847
370 908
371 421
371 453
372 508
372 527
372 656
372 701
373 414
374 459
374 955
375 596
375 660
378 517
378 522
378 890
379 645
379 648
380 515
380 584
380 997
381 599
381 893
382 741
383 394
384 462
384 572
384 637
384 657
385 508
385 631
385 906
386 918
386 950
387 768
388 488
389 455
389 648
389 816
389 853
389 972
390 628
390 950
390 986
391 399
391 651
391 729
391 873
392 587
394 492
394 610
394 613
395 482
395 677
395 807
395 861
395 882
397 476
397 752
398 755
398 902
398 947
399 441
399 475
399 486
399 592
399 668
399 707
399 755
400 627
400 680
400 941
400 961
401 446
401 454
401 462
401 499
401 599
401 773
401 820
402 576
402 940
403 594
403 681
403 817
403 969
404 540
405 528
405 627
405 689
406 471
406 523
407 533
407 623
407 985
408 830
408 923
409 500
409 641
409 716
410 497
410 510
410 946
411 506
411 954
412 540
413 595
414 677
414 989
415 468
415 729
415 908
416 514
416 551
416 557
417 450
417 490
417 813
417 964
417 983
418 503
418 532
419 552
419 737
420 440
420 911
421 466
421 506
421 733
421 872
422 427
422 728
422 776
423 441
423 486
423 647
423 820
423 966
424 537
424 754
425 562
425 646
425 954
426 694
426 747
427 440
427 451
428 894
429 809
429 957
431 438
431 768
431 833
431 889
432 525
432 548
432 651
433 476
433 696
433 996
434 779
435 650
435 872
435 943
435 958
436 941
436 960
437 446
437 530
437 552
437 660
437 683
437 886
438 484
438 696
438 763
438 783
439 455
439 631
439 929
440 542
440 589
440 710
440 778
440 956
441 884
441 958
441 989
442 734
442 890
443 788
443 890
444 632
444 792
445 549
445 958
445 986
445 996
446 681
447 761
449 521
449 806
450 808
450 851
452 536
452 642
452 892
453 790
454 554
454 620
454 724
455 477
455 722
455 805
455 818
455 871
455 898
456 579
457 485
457 841
457 971
459 588
459 782
459 947
460 559
460 729
460 896
460 934
461 530
461 736
462 488
462 626
462 878
462 930
462 998
463 607
463 818
464 517
464 723
464 816
464 948
465 492
465 524
465 751
467 499
468 780
469 476
469 478
469 605
469 691
470 532
470 901
470 920
471 656
472 623
472 754
472 993
474 954
475 618
475 663
475 864
476 791
477 515
477 649
478 925
479 497
480 822
481 781
481 828
481 850
481 910
481 925
482 694
482 775
483 497
483 963
483 986
484 903
484 944
485 861
487 554
488 929
489 717
490 577
490 703
490 718
490 822
491 509
491 671
492 803
493 536
493 562
493 591
493 762
493 893
494 639
494 877
494 901
496 527
496 714
496 738
497 667
497 977
498 530
498 623
498 681
498 712
498 755
499 560
499 657
499 982
499 990
500 515
500 803
500 824
500 868
501 855
501 974
502 621
503 747
504 926
505 771
505 794
505 815
505 973
505 974
506 799
507 550
507 869
510 533
510 695
510 771
511 660
512 518
512 662
515 764
515 964
516 590
516 646
516 779
516 934
517 559
517 602
517 883
517 934
518 706
518 960
519 936
520 525
521 559
521 693
521 704
521 806
521 853
522 763
523 983
525 663
525 838
526 615
526 868
526 912
527 563
527 725
527 808
528 665
528 761
529 598
529 712
529 983
531 575
531 580
531 597
531 890
532 747
532 889
532 890
533 855
533 885
534 541
534 809
535 877
536 797
536 808
538 629
538 714
538 930
539 794
539 834
539 967
541 967
542 914
542 925
542 942
543 731
543 779
543 841
544 707
544 713
545 584
545 908
546 555
546 817
547 653
548 638
549 672
549 883
552 886
553 690
554 589
554 799
554 980
555 558
556 742
556 770
556 802
557 921
558 565
558 943
558 945
559 825
559 900
560 640
560 731
560 933
561 637
561 721
561 907
562 814
562 824
562 888
562 979
563 592
563 607
563 697
563 704
563 775
564 611
564 696
564 716
564 965
565 822
566 621
566 962
567 667
567 898
568 578
568 613
568 722
569 780
570 671
570 965
571 639
571 741
571 973
572 608
572 615
572 831
572 911
573 632
573 676
573 965
574 798
574 939
575 836
575 875
576 717
576 849
577 597
578 690
578 787
578 839
578 864
579 784
581 802
581 867
581 952
582 850
583 597
583 607
583 610
583 909
583 964
583 975
583 990
584 922
589 650
590 674
590 974
591 595
591 778
592 807
592 879
594 607
594 849
595 861
596 660
596 939
597 616
597 881
598 624
598 864
599 648
599 654
599 695
599 782
600 894
600 919
601 808
603 636
603 848
605 851
607 649
607 725
607 870
607 939
608 642
608 669
608 736
608 810
609 721
609 831
610 695
610 891
610 892
611 673
612 872
613 846
614 678
616 987
617 708
617 798
617 874
618 806
618 902
619 635
619 991
620 726
620 792
621 666
621 928
621 997
622 858
622 943
623 743
624 960
625 667
625 669
625 812
626 913
627 733
628 841
629 839
630 650
630 715
631 854
632 706
632 721
633 837
633 854
633 855
634 721
634 886
635 743
636 725
637 966
638 785
642 705
642 811
643 653
643 657
643 663
643 862
645 688
646 647
646 689
646 739
647 939
648 675
648 908
648 979
650 982
651 772
651 932
652 718
652 754
652 847
652 996
653 757
654 779
654 955
654 994
657 917
658 953
660 894
660 933
661 769
661 800
661 857
661 911
662 945
663 729
663 880
663 989
664 690
665 684
667 808
668 982
669 809
669 832
670 904
671 756
671 775
672 780
673 845
673 968
673 993
674 785
675 850
675 890
677 711
677 742
677 813
678 838
680 950
682 685
682 810
682 911
685 875
685 908
685 982
686 927
686 943
688 697
688 746
688 878
688 912
690 832
690 964
692 716
693 765
693 884
694 794
695 743
695 770
696 901
698 699
698 829
698 971
699 999
701 729
701 876
702 725
702 792
702 977
704 898
705 711
706 732
706 984
707 733
707 865
707 956
709 759
709 853
712 751
712 808
716 724
716 738
719 726
719 738
720 759
720 982
721 789
721 961
722 777
724 798
725 949
726 773
727 820
727 871
727 886
728 865
729 740
729 841
730 842
731 891
731 926
732 752
732 798
732 801
732 859
732 912
733 774
736 813
737 765
738 851
739 806
741 885
744 804
744 818
744 943
746 841
746 860
746 881
747 840
747 938
747 970
749 991
751 944
753 801
753 862
756 829
756 981
757 788
759 945
759 995
760 932
760 992
761 936
762 820
763 784
765 933
766 817
766 826
767 867
768 799
768 959
770 883
772 781
777 984
779 909
780 797
780 907
782 926
784 823
785 815
789 957
790 976
793 957
794 801
796 876
797 929
798 990
799 970
801 809
803 897
804 940
804 977
805 838
808 897
809 827
809 861
809 932
810 822
810 946
811 981
812 852
815 858
818 931
819 865
820 863
821 888
823 827
823 916
823 925
823 962
827 991
828 839
828 899
830 944
833 866
834 897
834 923
836 865
839 980
841 870
841 983
843 965
845 966
848 939
852 871
853 904
853 933
855 962
859 974
860 994
861 943
861 962
863 945
864 884
865 905
865 986
866 900
867 986
868 917
868 961
871 880
871 930
872 951
874 981
879 912
890 916
890 991
894 998
897 958
908 991
912 994
913 973
922 924
923 981
925 998
930 975
933 939
945 978
949 967
959 961
959 988
960 970
966 988
980 994
988 989
0
10 999
