1000	1964	 1
0 141
0 304
0 919
0 944
1 545
1 934
2 854
3 35
3 199
3 382
3 573
4 108
4 121
4 512
5 70
5 737
5 830
5 932
6 47
6 279
6 647
6 852
7 314
7 355
7 514
7 597
8 970
9 30
9 33
9 315
9 491
9 782
10 186
10 438
10 741
11 241
11 254
11 946
12 99
12 216
12 275
12 499
12 774
12 945
13 194
13 235
13 691
13 789
14 370
14 497
14 669
14 867
14 907
15 162
15 206
15 301
15 547
15 639
15 826
15 891
15 917
15 920
16 28
16 69
16 145
16 148
16 232
16 266
16 352
16 705
16 941
17 39
17 529
17 700
18 89
18 171
18 331
18 542
19 400
19 768
20 359
20 692
20 862
21 313
21 386
21 677
22 96
22 297
22 577
22 672
23 134
23 145
23 193
23 545
23 564
23 695
23 876
24 31
24 51
24 286
24 306
24 957
24 986
25 260
25 527
25 661
25 753
26 77
26 674
26 812
26 983
27 107
27 426
27 480
27 871
28 308
29 568
30 330
30 359
30 448
30 616
30 989
31 45
31 107
31 359
31 527
31 576
31 581
31 725
32 568
32 570
32 871
32 975
33 272
33 331
33 333
33 462
33 889
34 288
34 417
34 769
34 956
35 52
35 55
35 225
36 683
37 460
37 466
37 506
37 908
37 951
38 199
38 221
38 652
38 694
39 418
39 419
39 509
39 800
40 245
40 647
40 850
40 997
41 345
41 480
41 993
42 161
42 262
42 286
42 575
42 587
43 550
43 556
43 773
44 163
44 637
45 369
45 525
45 781
46 334
46 478
46 687
46 872
47 334
47 465
47 846
48 177
48 278
49 648
49 686
50 166
50 253
50 317
50 576
50 656
50 722
50 731
51 486
51 777
51 820
52 240
52 319
52 668
52 749
52 815
53 86
53 559
53 882
53 890
54 149
54 154
54 712
54 975
55 78
55 139
55 416
55 431
55 514
55 564
55 604
56 76
56 388
56 839
56 977
57 144
57 254
57 426
57 777
58 343
58 465
58 477
58 591
58 742
58 766
58 806
59 184
59 403
60 440
60 811
61 152
61 647
61 820
62 366
62 692
62 952
63 211
63 272
63 390
63 730
64 162
64 397
65 262
65 719
65 769
65 891
65 908
66 101
66 115
66 276
66 750
67 300
67 634
68 391
68 469
69 402
69 578
69 747
70 265
70 268
70 434
70 477
70 610
71 726
71 815
71 831
71 895
72 472
72 832
72 981
73 190
73 201
73 569
73 794
74 874
74 947
75 163
75 367
75 452
75 887
75 988
76 150
76 697
77 237
77 329
77 408
78 296
78 495
78 701
78 707
79 296
79 407
79 441
79 899
80 235
80 462
80 596
80 932
81 351
81 406
81 667
81 747
82 314
82 565
82 682
82 888
83 633
83 786
83 792
84 555
84 764
85 666
85 774
85 858
86 230
86 484
87 304
87 583
88 376
88 385
88 511
88 554
88 812
89 388
89 749
90 604
90 995
91 733
91 902
91 948
92 186
92 297
92 306
92 484
92 942
93 122
93 165
93 699
94 489
94 855
94 860
94 902
95 354
95 710
96 234
96 703
97 484
97 683
97 911
98 271
98 759
99 177
99 213
100 210
100 228
100 829
100 863
101 354
101 507
101 816
101 926
102 112
102 738
103 438
103 596
103 773
104 193
104 195
105 292
105 401
105 423
105 539
105 800
105 834
105 933
105 996
106 144
106 589
107 120
108 413
108 971
109 341
109 494
109 570
109 608
109 685
110 207
110 399
110 456
110 577
110 623
111 358
111 450
111 498
111 504
111 543
111 566
111 908
112 125
112 152
113 690
113 697
113 748
114 677
114 687
114 872
114 887
114 898
114 906
115 131
115 218
115 325
115 487
116 391
116 471
116 561
116 755
116 761
116 777
116 827
117 309
117 409
117 902
117 920
118 622
118 644
119 475
119 991
120 827
120 995
121 194
121 341
121 608
121 846
121 953
122 186
122 295
122 404
122 574
122 708
123 186
123 558
123 683
124 373
124 418
124 513
124 742
125 396
125 807
126 131
126 550
126 723
127 404
127 452
127 556
127 690
128 271
128 273
128 301
129 483
129 804
130 196
130 289
130 933
130 962
131 154
131 869
132 135
132 273
132 274
132 490
132 790
132 952
132 972
133 147
133 436
133 677
133 762
133 883
134 200
134 326
134 807
134 939
134 943
135 822
135 894
136 293
136 528
136 671
136 697
136 843
137 314
137 546
137 869
138 396
138 415
138 644
138 772
138 855
139 337
139 433
139 836
140 545
140 805
140 925
141 223
141 448
141 584
141 681
142 248
142 313
142 386
142 393
142 505
142 713
142 716
143 611
144 155
144 230
144 567
144 862
144 908
145 238
145 277
145 537
145 730
146 203
146 332
146 596
147 196
147 353
148 250
148 959
149 295
149 851
151 435
151 595
151 604
151 856
152 153
152 252
152 410
152 453
152 812
152 973
153 440
153 467
154 761
155 314
155 425
155 922
155 956
156 344
157 204
157 259
157 563
158 328
158 485
159 900
159 928
159 978
160 432
161 274
161 427
161 545
161 965
162 186
162 508
162 715
162 745
163 200
163 510
164 300
164 361
164 566
164 743
164 834
164 852
165 724
165 752
165 904
166 757
166 951
167 223
167 675
167 688
167 744
167 841
167 983
168 571
168 832
169 736
170 245
171 525
171 697
172 612
172 649
172 905
172 967
173 245
173 384
173 446
173 683
174 486
174 605
174 745
174 935
175 231
175 279
175 557
175 706
175 762
176 513
176 655
176 791
177 807
178 527
178 662
178 776
179 443
179 595
179 923
180 379
180 536
180 550
180 757
180 785
180 991
181 222
181 758
182 221
182 818
183 205
183 375
183 651
183 882
184 335
184 386
184 523
184 764
185 232
185 411
185 485
186 398
186 452
186 576
187 505
187 590
187 769
187 809
187 983
188 344
189 303
189 322
189 517
190 251
190 289
190 510
190 513
191 204
191 211
191 227
191 458
191 574
191 669
191 774
191 829
192 638
192 705
192 952
193 229
193 288
193 365
193 598
194 229
194 260
194 737
195 553
196 357
196 414
196 432
196 442
196 556
196 573
196 637
196 976
197 588
197 775
197 850
197 891
198 700
199 350
199 361
199 870
200 283
200 400
200 566
200 954
201 653
201 890
202 550
202 885
202 977
203 398
203 819
203 827
204 433
204 488
204 592
204 806
205 366
205 461
206 220
206 303
206 763
207 257
207 528
208 863
209 575
209 868
210 233
210 881
211 397
211 814
212 351
212 380
212 390
212 447
213 235
213 293
213 626
213 714
213 807
213 905
213 943
213 999
214 987
215 310
215 667
215 772
216 484
216 734
216 744
217 417
217 627
218 230
218 375
218 586
218 776
219 695
219 894
220 483
220 522
220 870
221 430
221 466
221 484
221 555
222 514
222 716
222 788
223 310
223 409
224 337
224 922
224 943
225 322
225 731
226 714
226 940
227 355
227 406
227 619
227 775
228 415
228 769
230 808
230 859
231 547
231 638
231 862
232 516
232 574
232 698
232 716
233 267
233 906
234 238
234 356
234 735
234 995
235 441
235 872
236 616
236 893
237 540
237 770
238 319
238 708
238 754
239 483
239 632
240 527
240 908
240 923
241 321
241 876
241 911
242 439
242 628
242 907
243 337
243 597
243 644
243 938
244 295
244 584
245 589
246 443
246 538
246 899
247 490
247 555
247 616
248 327
248 904
249 322
249 350
249 584
249 637
249 725
249 916
250 753
250 759
251 259
251 441
251 551
251 712
251 909
252 278
252 609
252 817
253 393
253 455
253 545
253 879
253 953
255 917
256 650
256 656
256 861
256 944
257 345
257 482
257 815
257 851
258 319
258 427
258 913
259 353
259 623
261 383
261 619
261 729
263 974
264 304
264 731
264 877
265 273
265 281
265 403
265 424
265 464
265 466
265 716
265 832
265 942
265 966
266 282
266 923
267 325
267 374
267 712
269 511
269 708
269 728
269 957
270 323
270 653
270 715
270 808
271 325
271 438
271 502
271 765
271 784
271 824
272 513
273 346
273 527
273 635
273 639
273 733
273 861
274 676
275 383
275 469
276 407
276 418
276 603
276 608
276 746
276 775
276 882
277 760
278 411
278 420
278 618
279 432
279 634
279 777
279 821
279 930
280 558
280 888
282 767
283 411
283 457
283 815
284 528
284 895
285 778
286 664
286 772
286 828
287 539
287 593
287 636
287 666
287 790
287 842
287 921
288 303
288 559
288 591
288 953
289 349
289 545
289 615
289 688
289 854
290 414
290 622
291 728
292 346
292 581
292 600
292 724
294 351
294 804
295 351
295 482
295 849
296 427
296 861
297 476
297 574
297 997
298 602
299 330
299 452
299 474
299 752
299 937
300 452
300 856
301 591
301 890
301 908
302 819
303 559
303 830
304 601
304 648
305 444
305 584
305 586
305 652
305 717
305 787
306 346
306 588
306 885
307 705
308 373
308 711
308 724
309 335
309 794
310 355
310 390
311 676
312 515
312 604
312 785
312 898
312 940
313 363
313 797
313 823
314 357
314 379
314 574
314 694
314 848
315 674
316 385
316 730
316 764
316 895
316 979
317 336
317 454
317 501
317 725
318 645
318 797
319 388
320 433
320 862
321 339
321 531
321 551
321 682
322 625
323 704
324 369
324 931
326 834
327 721
327 801
328 516
328 608
328 881
328 891
328 917
329 942
330 389
330 418
330 431
330 564
330 613
330 903
330 933
331 800
332 412
333 994
334 753
334 889
335 831
336 349
336 385
337 483
337 861
338 350
338 602
338 684
339 356
339 397
339 869
340 505
340 584
340 787
341 752
342 425
342 863
342 931
342 966
343 596
344 764
344 894
345 434
345 521
345 977
346 418
346 648
346 955
347 707
347 854
348 661
349 431
349 530
349 631
350 384
350 453
350 547
350 694
351 434
351 480
351 581
351 622
351 994
352 423
352 791
352 838
352 920
353 360
353 570
354 431
355 519
355 697
355 813
355 938
356 557
356 701
356 705
356 996
357 392
357 482
357 892
358 510
358 587
358 766
358 856
358 901
359 954
359 994
360 502
360 935
361 678
361 934
361 974
362 580
362 995
363 441
363 824
363 908
364 379
364 917
365 393
365 454
365 526
366 588
367 832
367 834
367 873
368 700
368 915
369 762
369 776
369 990
370 541
370 859
371 467
371 494
371 842
372 432
372 499
372 773
373 770
373 796
374 413
374 533
374 684
374 956
375 434
375 477
375 796
375 888
375 978
376 425
376 630
377 650
378 407
379 651
380 455
380 556
380 645
380 661
380 681
380 697
381 568
381 621
381 679
381 956
382 752
382 941
383 518
383 831
384 655
384 658
384 827
385 411
385 563
385 892
386 924
387 513
387 888
387 909
389 761
390 481
391 688
391 888
392 397
392 656
392 730
394 553
395 902
396 658
396 712
397 475
397 977
398 625
398 780
398 982
399 733
400 638
401 516
401 614
401 798
401 942
402 802
403 544
403 627
403 644
403 778
404 586
404 715
404 954
405 909
406 533
406 599
407 560
407 892
408 526
408 633
408 977
409 538
409 703
409 936
409 961
410 494
410 667
410 769
411 578
411 598
411 840
412 547
412 817
412 976
413 516
413 585
413 821
414 435
415 561
416 725
416 843
417 637
417 840
418 527
419 608
419 997
420 449
420 533
420 540
420 546
420 837
421 793
421 839
421 855
421 912
422 758
422 885
422 995
423 520
423 727
423 732
423 947
424 655
424 662
424 692
424 700
424 947
425 435
425 436
425 564
426 609
427 478
427 640
427 788
427 794
428 555
428 646
428 843
429 535
429 919
430 691
430 949
431 829
431 844
432 500
432 866
432 949
433 959
434 595
434 663
434 910
435 490
436 892
436 980
437 837
438 924
438 954
439 739
439 927
440 788
440 818
441 476
442 809
442 883
443 571
443 925
443 975
444 793
444 884
444 974
445 537
445 750
445 879
447 473
447 512
447 883
448 506
448 869
449 595
449 609
449 665
450 490
450 652
450 676
451 613
452 462
453 532
453 937
454 501
454 921
454 958
456 620
456 770
458 735
458 850
458 964
459 960
461 530
461 947
462 924
463 641
463 854
464 481
464 766
465 490
465 571
466 640
466 760
466 884
467 813
468 487
468 885
468 943
469 890
469 970
470 615
471 516
471 773
473 731
474 592
474 986
475 626
476 568
476 579
476 581
476 713
476 915
477 620
477 947
478 574
478 601
478 999
479 550
479 695
479 893
481 522
482 502
482 512
482 810
482 993
483 760
483 768
483 915
484 550
484 841
485 597
485 741
485 790
486 736
486 932
486 999
488 966
489 524
489 664
489 923
489 954
490 547
490 907
491 531
491 869
491 939
492 732
492 752
492 829
493 814
494 681
494 701
494 800
494 909
495 499
495 960
496 657
496 792
497 538
497 625
498 805
498 814
498 845
498 966
499 933
500 694
500 821
501 741
502 582
502 650
502 714
502 779
502 785
502 836
503 596
504 560
504 655
505 711
506 702
507 778
507 895
508 525
508 809
509 614
509 703
509 839
509 991
510 602
510 937
511 589
511 646
512 688
512 882
512 957
513 584
515 586
515 630
515 983
516 718
516 760
516 960
516 967
518 729
518 781
518 799
518 881
519 868
520 900
521 954
522 546
523 808
524 680
524 725
524 929
525 608
525 666
525 679
525 819
526 717
526 882
526 985
528 534
528 555
528 636
528 776
528 931
528 988
529 668
529 676
531 618
531 795
532 997
533 567
534 684
535 827
535 847
536 664
536 706
536 965
536 989
538 595
538 795
538 797
538 918
539 840
539 881
540 786
540 918
541 592
541 603
541 745
541 786
541 972
542 579
542 627
542 854
543 790
544 579
544 715
546 814
546 875
546 911
547 672
547 822
548 695
548 705
548 787
549 906
549 918
549 922
550 825
550 949
550 969
551 924
552 755
553 589
553 762
553 832
554 945
555 690
556 654
556 776
557 735
557 874
557 927
558 607
558 628
559 770
560 662
560 789
560 814
560 984
561 589
562 564
562 689
562 721
562 727
562 897
565 632
566 722
566 959
567 910
567 995
568 810
569 848
570 592
570 605
571 868
572 578
572 988
573 676
573 872
573 912
574 648
575 805
576 625
576 835
577 790
578 975
579 652
579 721
579 960
580 722
581 930
582 618
582 764
582 832
582 977
583 943
584 668
584 723
584 738
584 976
585 604
585 716
586 866
586 950
587 617
587 847
588 836
588 848
590 762
592 865
593 994
594 632
596 607
597 751
597 852
598 612
598 658
598 946
599 721
602 674
603 785
604 815
604 902
604 990
605 625
606 675
606 896
607 615
607 791
607 810
608 729
608 897
608 979
610 678
611 625
611 983
612 931
613 917
613 919
614 629
614 630
615 626
615 684
616 622
616 895
617 844
617 985
617 991
618 663
618 868
618 946
618 959
619 805
619 840
620 653
620 880
621 675
621 757
621 892
624 762
624 891
625 794
626 787
626 822
626 939
627 731
627 983
629 751
629 786
630 677
630 681
630 780
631 633
632 850
633 754
633 902
633 910
634 760
634 907
635 744
635 856
637 755
637 924
637 942
638 703
638 721
640 711
640 777
641 750
641 997
642 930
642 957
643 737
643 785
646 698
646 763
648 832
648 847
649 864
649 912
650 878
650 994
651 843
651 937
651 964
653 758
653 781
654 916
655 710
657 666
657 880
657 965
658 763
659 757
659 780
659 796
660 692
661 868
661 876
662 916
663 667
663 897
664 854
665 687
666 746
667 959
669 825
670 957
671 987
672 897
673 878
673 900
673 909
673 933
674 928
674 951
676 823
677 906
677 915
677 960
679 877
680 732
680 768
680 942
681 994
682 715
682 942
683 886
685 698
685 699
686 738
687 753
687 783
690 908
691 775
691 945
692 703
693 848
694 778
695 712
695 830
696 712
696 845
699 785
699 894
700 763
700 879
702 927
705 902
707 821
707 867
708 914
709 711
709 724
709 727
709 790
709 944
711 712
711 755
712 917
713 846
713 883
713 893
714 903
714 931
715 916
715 947
716 787
717 791
717 792
719 816
719 913
720 721
720 846
721 761
721 867
721 890
721 978
724 813
724 835
725 814
726 937
727 847
728 771
728 872
729 882
730 866
731 740
731 756
731 786
731 956
731 991
733 889
734 852
734 853
734 878
736 929
738 770
739 837
739 885
740 795
740 805
740 898
741 812
741 953
743 801
743 834
744 928
745 958
746 945
749 908
749 973
750 950
750 953
751 848
751 882
754 893
754 967
756 935
757 764
757 874
758 812
758 945
758 992
759 856
759 979
761 882
762 957
764 972
765 959
767 848
768 857
768 872
770 802
770 935
770 962
773 829
773 954
774 891
776 790
776 798
777 789
777 989
778 916
779 974
780 916
786 833
788 934
789 832
791 961
792 895
792 903
797 890
802 932
802 933
803 915
805 896
806 911
806 947
806 966
813 827
815 916
816 844
816 936
817 881
817 976
818 878
820 855
821 870
823 962
824 958
826 964
828 892
828 995
830 886
830 978
830 987
831 980
833 860
833 971
833 984
834 968
837 962
838 946
842 882
843 910
848 924
848 944
849 885
849 891
849 930
852 865
852 874
853 999
854 937
855 862
857 888
858 998
862 971
872 891
872 910
872 982
873 904
873 924
873 992
874 914
880 884
880 986
883 901
885 963
886 910
888 967
889 897
893 988
894 907
897 960
899 982
903 928
904 992
906 930
906 934
911 971
924 953
928 941
928 989
932 938
936 987
950 978
968 989
972 981
983 989
0
10 999
