1000	2020	 1
0 291
0 634
0 772
0 933
1 59
1 207
1 476
1 887
1 889
1 966
2 323
2 349
2 811
2 935
3 136
3 918
4 947
5 97
5 289
5 538
5 789
6 72
6 115
6 498
6 638
6 671
6 933
7 43
7 263
7 510
8 65
8 786
9 112
9 360
9 362
9 812
10 148
10 381
10 882
10 896
11 18
11 326
11 659
11 990
12 463
12 706
12 775
12 798
12 880
12 905
13 434
13 528
13 680
14 94
14 117
14 706
14 943
15 637
16 79
16 331
16 597
16 721
16 795
16 920
17 375
17 982
18 538
18 662
18 687
19 388
19 673
19 699
19 715
19 800
20 403
20 490
20 497
20 581
20 712
21 185
21 269
21 365
21 412
21 581
21 612
21 630
21 871
21 987
22 323
22 479
23 604
23 974
24 330
24 681
24 945
25 135
25 256
25 280
25 501
25 599
25 760
25 763
25 882
26 82
26 83
26 129
26 748
26 971
27 178
27 191
27 494
27 547
27 552
27 558
27 611
27 729
28 135
28 141
28 192
28 333
28 386
28 594
28 636
28 725
28 730
28 736
29 483
29 711
29 886
29 968
30 293
30 815
31 120
31 441
31 532
32 119
32 322
32 708
32 845
32 857
33 780
33 840
33 943
34 92
34 444
34 526
34 776
35 41
35 246
35 348
35 558
35 559
35 616
36 50
36 340
36 533
36 725
37 56
37 131
37 467
37 494
37 534
37 588
38 92
38 571
38 573
38 649
38 679
38 753
39 314
39 348
39 517
39 998
40 44
40 50
40 95
40 202
40 236
40 697
41 67
42 223
42 584
42 587
42 617
42 696
42 932
42 999
43 136
43 203
43 216
43 687
43 844
43 951
44 364
44 447
44 979
45 62
45 425
45 621
45 693
46 61
46 88
46 176
46 440
46 497
47 231
47 274
47 445
47 522
47 862
48 232
48 368
48 560
48 814
49 595
49 969
50 112
50 335
50 385
50 714
50 775
50 844
51 254
51 268
51 590
52 362
52 492
52 945
53 330
53 562
53 714
54 774
54 804
54 962
55 109
55 204
55 427
55 738
55 743
56 280
56 473
57 193
57 272
57 596
57 687
58 127
58 392
58 507
58 935
59 229
59 699
59 872
59 936
59 979
60 168
60 511
60 678
60 785
60 934
60 950
60 991
61 190
61 301
61 375
62 110
62 136
63 116
63 152
63 232
63 239
64 199
64 810
64 934
65 433
65 573
65 603
66 489
67 486
67 810
68 296
68 342
68 745
68 902
69 229
69 533
69 534
69 702
69 953
70 96
70 166
70 646
70 652
70 765
70 766
71 634
71 793
72 418
72 471
72 493
72 546
73 119
73 259
73 942
73 978
74 339
74 342
74 364
74 797
74 816
74 906
74 955
75 425
75 589
76 294
76 607
76 677
76 806
76 883
76 922
77 250
77 550
78 323
78 395
78 403
78 880
79 145
79 219
79 539
79 700
79 821
79 846
79 896
80 483
80 579
80 768
81 186
81 680
81 933
82 883
83 105
83 122
83 274
83 590
83 656
84 507
84 724
85 124
85 135
85 833
86 247
86 344
86 713
86 920
87 108
87 234
87 447
87 532
87 678
88 295
88 339
88 711
88 732
89 463
89 988
90 163
90 217
91 340
91 422
91 613
92 361
92 476
93 630
93 637
93 845
93 988
94 288
94 428
96 484
96 585
96 672
96 902
97 152
97 331
97 470
97 534
97 587
97 850
97 931
97 981
98 216
98 224
98 405
98 819
99 113
99 491
99 541
99 596
99 683
99 851
99 990
100 387
100 705
101 126
101 431
101 514
102 299
102 538
102 608
102 660
102 889
103 183
103 319
103 752
103 849
103 937
103 965
103 974
104 240
104 288
104 309
105 278
106 143
106 151
106 884
107 149
107 164
107 410
107 488
107 918
108 409
108 561
108 649
108 796
109 300
109 327
109 883
110 317
110 460
110 473
110 564
110 568
110 705
110 783
110 920
111 323
111 352
111 909
112 600
112 644
112 842
113 445
113 555
114 193
114 398
114 473
114 648
114 683
115 280
115 331
115 411
115 662
116 249
116 292
116 770
116 782
117 265
117 394
117 438
117 583
117 751
117 819
117 848
117 850
117 923
118 337
118 547
118 705
118 835
118 937
119 387
119 525
120 439
120 562
120 696
121 349
122 332
122 643
123 413
123 506
123 689
123 792
124 161
124 373
124 467
125 293
125 444
125 619
125 711
125 713
125 786
125 940
125 957
125 991
126 325
126 449
126 519
126 700
126 721
126 839
127 197
127 237
127 334
127 422
127 733
127 831
128 324
128 366
128 463
128 525
128 829
128 894
129 442
129 453
129 852
130 161
130 601
131 194
131 590
131 728
131 863
131 945
132 326
132 529
132 932
132 954
133 144
133 475
133 654
134 334
134 452
134 461
134 658
134 806
134 846
134 926
135 307
135 467
135 480
135 537
136 176
137 170
137 300
137 404
137 756
137 840
137 944
138 257
138 292
138 800
138 813
138 891
139 224
139 395
139 409
139 659
139 679
139 729
140 269
140 521
140 849
141 598
141 767
141 808
141 856
142 253
142 276
142 300
142 575
142 595
142 833
142 870
143 315
143 425
143 433
143 526
144 189
144 261
144 625
144 915
145 628
145 633
145 927
146 589
146 915
146 941
147 203
147 605
147 721
148 446
148 635
148 737
148 950
149 501
150 215
150 297
150 513
150 523
150 603
150 675
150 901
151 931
152 302
152 801
152 852
153 225
153 288
153 381
153 619
153 660
153 776
154 204
154 284
154 396
154 518
154 654
154 706
154 891
155 310
155 970
156 261
156 357
156 470
156 498
157 424
157 715
157 807
157 893
158 195
158 234
158 388
158 619
158 656
158 862
158 953
159 531
159 628
160 495
160 641
161 196
161 377
161 382
161 474
161 775
161 982
162 230
162 378
162 498
162 955
162 993
163 215
163 307
163 461
163 693
164 433
164 696
164 813
165 273
165 368
165 723
166 200
166 792
166 976
167 335
167 457
167 531
167 571
167 750
168 750
168 934
168 980
169 223
169 306
169 309
169 426
169 545
169 720
170 533
170 689
170 992
171 194
171 287
171 398
171 491
171 812
171 993
172 582
172 749
172 796
173 192
174 603
174 967
175 522
176 500
177 462
177 549
177 814
177 895
178 189
178 300
178 859
179 300
179 972
180 389
180 523
181 285
182 211
182 522
182 704
182 841
182 927
183 617
183 945
184 432
184 682
185 276
185 356
186 756
187 358
187 408
187 785
187 984
188 534
188 587
189 295
189 731
189 783
189 951
189 978
190 220
190 452
190 519
190 991
191 371
191 464
191 641
191 746
191 767
192 382
192 390
192 662
192 869
192 926
194 295
194 374
194 557
194 775
195 258
195 468
195 519
195 877
195 898
196 620
196 643
197 597
198 378
198 414
198 441
198 443
199 946
200 240
200 919
200 936
201 261
201 668
201 712
201 761
201 789
201 942
202 283
202 337
202 601
203 231
203 279
203 481
203 563
203 709
203 745
203 842
204 209
204 329
204 532
204 900
204 937
205 260
205 269
205 287
205 758
205 788
205 816
205 874
206 552
206 586
206 860
206 985
207 510
207 612
207 659
207 868
208 311
208 468
208 794
208 804
208 982
209 282
209 409
209 614
209 923
210 414
210 474
210 741
210 768
210 829
211 212
211 301
212 270
212 354
212 679
213 274
213 306
213 359
213 385
213 502
214 383
214 495
214 708
214 740
214 864
215 703
215 715
216 580
217 296
217 624
218 852
220 578
220 765
220 897
221 356
221 441
221 673
221 958
222 286
222 300
222 358
222 628
223 649
224 313
225 233
225 754
225 879
225 894
226 351
226 854
226 861
226 929
226 978
227 630
227 752
227 907
228 348
228 521
229 492
231 259
231 298
231 459
231 581
231 872
231 887
232 464
232 491
233 389
233 481
233 585
233 950
233 989
234 373
234 439
234 499
234 505
234 509
234 736
235 442
235 580
235 652
235 868
235 959
236 561
237 551
237 958
238 422
238 760
238 839
238 960
239 242
239 801
239 942
239 945
240 289
241 448
241 469
241 591
242 865
243 512
243 925
243 934
243 994
244 380
244 655
244 657
244 795
244 923
245 469
245 621
245 937
246 428
246 562
246 747
246 826
247 284
247 542
247 905
247 947
248 617
248 765
248 947
249 272
250 732
250 757
251 268
251 418
251 919
252 300
252 304
252 708
252 815
252 840
252 914
253 312
253 663
253 849
253 928
254 296
254 502
254 943
255 455
255 537
255 708
255 779
255 969
256 723
256 804
257 656
258 297
258 340
258 410
258 658
259 266
260 906
261 649
261 666
262 320
262 349
262 496
262 825
263 494
263 576
263 767
263 822
263 996
264 382
264 433
264 559
264 622
264 676
264 964
265 393
265 680
266 552
266 785
266 786
267 279
267 301
267 737
268 567
269 570
270 412
270 501
270 524
270 861
271 407
271 542
271 822
272 447
272 457
272 630
272 684
272 713
272 728
272 836
272 939
272 998
273 485
273 832
274 477
274 944
274 990
275 366
275 577
275 605
275 783
276 337
277 741
277 770
277 794
278 487
278 521
278 649
278 953
279 406
279 431
279 450
279 586
279 588
279 659
279 953
280 306
280 431
280 484
280 602
281 416
281 440
281 564
281 785
282 782
282 791
283 316
283 838
284 394
285 383
285 408
285 437
286 325
286 540
286 915
286 926
287 431
287 638
288 534
288 937
289 311
289 714
290 416
290 634
290 720
291 300
291 350
291 395
291 402
291 464
292 605
292 643
293 389
293 832
293 944
294 628
295 524
295 601
295 857
296 451
296 642
296 644
297 520
297 622
297 843
297 969
298 427
298 682
298 836
299 387
300 640
300 835
300 947
300 984
301 714
302 428
303 323
303 501
303 633
304 571
304 897
305 381
305 686
305 804
306 309
306 743
306 855
307 360
307 420
307 727
308 387
309 374
309 578
309 984
310 480
310 802
310 941
311 354
311 542
311 614
311 975
312 423
313 646
313 790
313 920
314 328
314 391
314 534
314 992
315 532
315 664
315 757
316 397
316 703
317 462
317 610
317 954
318 553
318 905
319 359
319 407
319 550
319 705
319 754
320 615
320 984
321 656
321 882
321 900
322 469
322 914
322 999
323 623
323 712
323 765
323 880
324 455
324 587
325 501
327 340
327 702
327 948
328 655
328 921
329 399
329 591
329 594
329 730
329 876
329 880
330 728
331 700
332 457
332 806
332 931
333 394
333 676
333 801
334 335
334 620
335 843
335 897
336 676
337 607
337 742
337 754
338 812
338 974
339 911
339 924
339 970
340 694
341 680
341 695
341 730
341 736
343 388
343 628
343 742
344 501
344 697
344 726
344 791
344 996
345 453
345 491
345 820
345 949
346 535
346 615
346 704
346 744
346 765
346 778
346 879
347 462
347 484
347 525
347 816
348 407
348 833
349 788
349 893
349 938
349 953
350 356
350 753
351 612
352 986
353 379
353 398
353 775
353 825
353 980
354 918
355 577
355 902
356 484
356 611
357 443
357 626
357 842
357 994
358 380
358 708
360 441
361 379
361 393
361 451
362 769
362 777
363 524
363 868
363 942
364 375
364 396
364 541
365 371
365 477
365 661
366 367
366 465
367 476
367 509
368 862
368 892
369 478
369 507
369 948
370 836
370 877
370 891
371 437
371 455
371 629
372 474
372 554
372 791
373 600
373 628
373 766
373 805
374 544
374 701
374 880
375 670
375 977
376 619
376 681
376 763
377 716
377 740
377 753
377 959
378 515
378 532
378 726
379 663
379 819
379 883
380 414
380 672
381 393
381 871
382 614
382 680
382 837
383 539
383 649
383 679
384 751
384 870
385 448
385 491
385 716
385 904
386 593
386 784
387 726
387 742
387 878
387 929
387 960
388 504
388 700
388 853
389 532
389 717
389 881
390 774
390 794
390 886
390 912
391 651
391 758
391 807
391 822
391 935
392 409
392 452
392 622
392 808
393 475
393 536
393 822
393 933
394 418
394 419
394 474
395 542
396 574
396 956
396 999
397 436
397 773
397 797
398 857
398 913
399 433
399 653
400 483
400 545
401 737
402 617
402 995
403 428
404 759
405 561
405 947
406 407
406 974
407 926
408 619
408 683
409 479
409 862
410 440
410 636
411 985
412 737
413 662
413 806
414 454
414 734
414 752
415 768
415 938
417 451
417 543
417 800
417 899
417 910
418 808
420 433
420 573
420 649
421 437
422 425
422 786
423 567
423 962
425 817
426 660
426 785
426 904
426 975
427 493
427 552
429 571
430 622
430 632
432 503
433 573
433 640
433 820
433 894
434 583
434 636
434 650
434 970
435 681
435 775
436 571
436 897
437 526
437 636
437 881
438 630
438 721
439 518
439 581
440 549
440 651
440 696
440 767
440 997
441 596
441 988
442 755
443 576
443 825
444 482
444 837
445 575
445 576
446 550
447 467
447 739
447 766
448 874
448 898
449 651
449 652
449 819
449 956
450 667
450 980
451 494
451 561
451 578
452 855
452 872
453 523
455 527
455 657
455 738
455 911
456 464
456 704
456 985
457 555
457 720
458 551
458 826
459 645
459 843
460 486
460 617
460 649
461 579
461 695
461 913
462 709
463 618
463 770
463 828
464 739
464 921
465 661
465 928
466 685
466 950
467 908
468 608
468 860
468 999
469 815
470 583
470 891
472 532
472 657
473 753
473 955
474 618
474 684
474 685
475 660
475 723
475 725
476 640
476 773
476 969
477 826
478 975
479 888
479 898
479 930
481 499
481 941
483 847
483 962
484 600
485 845
486 543
486 778
486 930
486 945
487 722
488 605
488 660
488 919
489 590
489 657
490 678
490 973
490 989
491 871
492 888
492 909
492 935
493 825
494 564
494 699
495 605
495 858
495 912
495 922
496 827
497 960
498 678
500 618
501 519
501 528
501 633
502 796
503 614
503 624
503 734
504 554
504 816
504 916
504 944
506 537
506 849
506 915
507 540
508 837
509 694
509 802
510 802
510 962
511 707
512 553
512 865
513 807
513 870
513 986
514 534
514 781
514 790
515 591
515 592
515 996
516 532
518 562
518 902
520 592
520 683
520 937
520 973
521 603
521 617
521 773
521 828
521 853
521 889
522 753
522 971
523 621
527 594
528 628
528 963
529 737
530 604
530 688
530 761
530 940
531 694
532 550
532 560
532 784
534 981
535 756
536 542
536 940
537 585
537 618
537 621
537 789
537 867
538 777
538 929
539 837
540 567
540 718
540 741
541 818
541 908
543 579
543 636
543 691
544 671
544 681
544 693
544 814
544 969
546 588
546 612
546 763
547 819
547 821
548 582
548 697
549 612
549 900
549 976
550 604
550 981
551 808
552 882
554 876
555 607
556 793
556 844
557 865
557 939
558 635
559 732
561 652
561 711
561 716
561 750
561 765
561 816
561 867
563 633
563 880
564 667
564 982
565 881
565 888
566 656
567 882
568 688
568 941
569 672
569 809
569 941
570 604
570 826
570 890
571 603
571 861
571 872
572 648
572 970
573 821
574 629
578 810
578 884
579 789
579 933
581 818
581 990
583 890
584 781
584 898
585 841
586 901
587 724
587 831
588 690
588 906
589 658
589 679
590 767
590 902
590 998
591 863
592 696
592 715
592 995
593 662
593 911
595 684
595 952
596 741
596 977
596 980
596 998
598 706
598 885
598 897
599 699
599 795
601 823
602 985
604 746
604 923
606 616
606 694
606 873
609 617
609 747
609 869
610 685
611 951
613 659
613 899
614 973
615 758
615 784
615 868
615 965
616 701
616 702
616 908
617 668
617 779
617 804
617 875
619 905
621 681
623 835
623 888
624 773
625 651
625 657
627 824
628 916
629 797
629 872
629 948
630 632
630 710
631 792
631 799
631 958
631 991
632 949
633 810
633 975
633 998
634 670
634 727
634 833
634 885
635 851
635 896
635 965
636 641
637 638
637 729
637 765
638 779
638 899
639 708
639 898
639 920
640 734
640 785
640 883
641 937
642 659
642 711
644 647
644 709
645 760
645 847
645 983
646 662
646 769
646 906
646 952
647 846
649 923
650 763
651 735
651 805
653 780
655 734
658 722
658 873
659 846
660 754
660 848
661 749
662 683
663 837
665 865
667 690
667 787
667 938
667 984
668 920
669 721
669 800
669 913
670 672
670 678
670 830
671 881
671 993
673 776
673 777
673 992
674 907
674 948
675 987
676 921
677 798
680 817
681 699
682 856
686 779
686 913
687 857
688 779
688 963
689 773
689 832
689 972
690 913
692 871
693 825
693 998
694 811
694 829
695 866
695 931
695 973
696 799
696 929
696 947
696 969
697 900
698 965
701 742
701 756
701 780
702 845
702 869
703 751
703 972
704 869
705 821
706 744
707 759
707 853
707 899
707 970
709 762
709 890
710 963
711 881
713 811
713 898
713 981
714 744
715 975
716 917
717 791
718 890
719 866
720 743
723 958
724 846
726 943
727 762
727 771
728 763
728 852
728 948
728 982
728 985
728 993
729 932
732 905
733 746
735 782
735 856
735 877
735 892
735 970
736 798
737 814
737 943
738 779
739 814
743 760
747 772
748 754
748 851
749 808
749 999
751 856
752 760
752 813
752 949
754 859
757 807
761 925
763 912
763 969
764 831
764 908
765 799
768 909
769 933
771 857
775 952
776 929
776 943
777 806
777 958
779 782
780 874
783 878
783 956
784 877
785 874
787 962
789 795
792 913
792 942
793 802
793 993
794 876
797 921
800 847
803 895
804 902
811 868
813 904
819 879
820 862
820 887
822 931
823 866
824 883
824 935
826 966
828 845
830 896
833 968
834 950
836 861
838 983
840 908
843 957
851 966
852 986
854 907
854 945
856 995
857 968
859 937
860 977
861 999
868 903
868 951
869 915
870 884
871 947
872 965
872 997
874 928
878 954
881 946
888 994
889 993
895 976
896 919
897 911
899 951
901 938
902 952
908 971
909 980
911 989
917 961
917 976
922 960
922 991
931 984
932 971
937 970
938 952
949 973
963 968
970 994
981 983
0
10 999
