1000	2005	 1
0 119
0 269
0 361
1 32
1 226
1 396
1 480
1 595
1 596
2 5
2 21
2 228
2 299
2 386
2 626
2 657
2 763
3 74
3 298
3 336
3 652
3 740
3 909
3 996
4 807
5 121
5 183
5 325
5 332
5 864
5 934
6 527
6 707
6 852
6 960
7 285
7 505
7 674
7 837
7 903
7 959
8 287
8 443
9 245
9 821
10 584
10 617
10 938
11 631
11 760
11 853
12 36
12 152
12 571
13 184
13 493
13 679
14 230
14 276
14 373
14 399
14 630
14 783
15 210
15 387
15 774
16 464
16 591
16 659
16 842
16 845
16 893
16 905
16 939
17 175
17 799
17 868
17 907
18 65
18 246
18 334
18 465
18 472
19 56
19 222
19 435
19 668
19 930
20 52
20 295
20 438
21 285
21 378
21 395
21 706
22 188
22 245
22 465
23 345
24 137
24 345
24 566
25 430
25 747
26 357
26 681
27 476
27 584
28 85
28 110
28 632
28 804
28 891
29 678
30 197
30 249
30 739
31 49
31 833
32 473
32 541
32 606
32 723
32 754
33 575
33 825
33 937
34 170
34 342
34 395
35 172
35 535
36 509
36 713
36 912
36 957
37 88
37 254
37 540
38 260
38 485
38 624
38 655
38 913
38 935
39 313
40 192
40 221
40 280
40 587
40 702
40 703
40 884
41 449
41 465
41 576
41 591
41 623
41 789
41 871
42 229
42 318
42 673
43 419
43 599
43 630
43 703
44 157
44 159
44 228
44 258
44 320
44 419
44 765
45 108
45 866
45 959
46 107
46 132
46 332
46 355
46 405
46 966
46 978
47 177
47 332
47 407
47 455
47 881
48 113
48 127
48 282
48 319
48 548
49 495
50 72
50 199
50 696
50 765
51 185
51 216
51 234
51 543
51 551
51 712
51 740
52 133
53 250
53 358
53 441
53 682
53 760
53 880
53 918
54 165
54 283
54 360
54 897
55 163
56 427
56 589
56 759
56 783
56 999
57 84
57 121
57 553
57 713
58 343
58 368
58 602
59 116
59 232
59 612
59 761
59 991
60 160
60 165
60 239
60 344
60 562
60 625
61 417
61 436
61 718
61 733
61 825
61 956
61 992
62 157
62 199
63 534
63 568
63 821
64 349
64 587
64 978
65 286
65 327
65 406
65 674
65 929
66 498
66 991
67 161
67 476
67 529
67 642
67 663
67 789
67 910
68 85
68 89
68 337
68 373
68 510
68 550
68 578
68 754
68 782
68 985
69 152
69 833
69 961
70 727
71 303
71 699
71 970
71 976
72 200
73 139
73 395
73 451
73 840
74 365
74 833
75 211
75 738
75 835
75 910
76 135
76 894
77 181
77 490
77 922
77 964
78 138
78 280
78 622
79 89
79 468
79 482
79 879
79 963
80 338
80 552
81 153
81 732
82 548
82 750
82 815
83 92
83 519
83 766
83 788
84 175
84 372
84 420
85 495
85 827
85 932
86 88
86 395
86 693
86 870
86 992
87 115
87 534
87 691
87 811
88 534
88 557
88 668
89 393
89 523
89 818
89 867
89 949
90 831
90 916
91 417
91 668
91 883
91 956
92 188
92 283
92 675
92 695
92 742
93 154
93 484
94 268
94 365
94 653
94 987
95 428
95 488
95 892
96 446
97 100
97 472
97 712
97 905
98 261
98 482
98 519
98 809
99 454
99 478
99 517
99 955
100 102
100 544
100 845
101 372
101 662
101 694
101 912
102 164
102 357
102 383
102 458
102 478
102 553
102 569
103 129
103 205
103 920
104 143
104 228
104 530
104 651
105 384
105 471
105 593
105 609
105 998
106 117
106 445
106 482
106 741
106 894
107 333
107 461
107 711
107 921
108 284
108 401
108 419
108 852
109 203
109 346
109 956
110 455
110 555
110 581
110 955
111 384
111 398
111 825
112 421
112 868
112 965
113 519
113 617
113 969
114 155
114 201
114 641
114 662
114 932
115 414
115 554
116 750
116 782
117 150
117 415
118 501
118 789
118 791
118 811
119 136
120 185
120 568
120 643
120 840
121 254
121 464
121 833
122 672
122 731
123 540
123 800
123 828
123 920
124 172
124 300
124 367
124 741
124 933
125 177
125 254
125 348
125 428
126 447
126 486
126 612
126 671
127 404
127 524
128 139
128 221
128 360
128 909
129 377
129 446
129 606
129 750
130 253
130 513
130 681
130 690
131 174
131 309
131 459
132 481
132 579
132 891
133 445
133 525
133 844
133 889
134 773
134 866
134 898
134 978
135 433
136 183
136 442
136 598
136 740
136 819
136 854
136 989
137 290
138 767
139 305
139 387
139 616
139 718
139 796
140 218
140 307
140 447
140 634
140 653
141 206
141 245
141 290
141 380
141 913
141 944
141 957
142 337
142 343
142 786
143 202
143 612
143 772
144 330
144 351
144 625
144 654
144 752
144 778
144 851
144 872
145 477
146 239
146 333
146 393
146 672
146 675
146 849
147 520
148 294
148 385
148 400
148 446
148 486
148 573
149 171
149 191
149 562
149 972
150 630
151 376
151 431
151 518
152 400
152 522
152 560
152 682
152 923
152 967
153 232
153 422
153 609
153 639
153 894
154 785
154 833
155 290
155 334
155 470
155 554
155 842
156 258
156 399
156 469
156 510
156 549
156 887
156 949
157 178
157 405
157 744
157 947
158 748
158 891
158 947
159 162
159 277
159 503
159 895
160 365
160 369
160 471
160 677
160 697
160 898
160 993
161 321
161 375
161 532
161 855
162 232
162 317
162 416
162 480
162 554
162 556
163 169
163 270
163 376
163 563
163 577
163 598
163 729
164 260
164 966
165 711
165 841
166 763
167 213
167 260
167 300
167 323
167 349
167 567
167 775
168 722
168 856
169 208
169 368
169 885
169 891
170 316
170 443
170 828
171 185
171 194
171 335
171 806
171 831
171 902
172 463
172 480
172 615
172 731
173 342
173 376
173 412
173 544
173 585
173 649
173 938
174 451
175 300
175 660
176 209
176 281
176 459
177 366
177 959
178 187
178 745
178 791
179 471
179 662
179 881
180 242
180 894
181 541
181 775
181 933
182 720
183 216
183 564
183 589
183 658
184 464
184 498
184 755
185 223
186 316
186 319
186 468
186 684
188 483
189 792
189 812
189 960
190 212
190 338
190 395
191 487
191 842
192 361
193 347
193 639
194 281
194 396
194 539
194 566
194 625
195 227
195 296
195 314
195 711
195 757
196 694
196 960
197 252
197 390
197 630
198 216
198 277
198 586
198 736
198 848
198 856
198 951
199 217
199 855
200 524
200 636
200 785
200 825
200 853
201 304
201 357
201 444
201 726
201 738
201 749
201 939
201 967
202 219
202 591
202 686
202 756
203 583
203 791
204 374
204 500
205 525
205 537
205 719
206 418
206 449
206 735
206 780
206 879
207 276
207 627
207 766
207 852
208 545
208 675
209 220
209 310
209 665
210 342
210 488
210 831
210 947
211 324
211 958
212 387
212 798
212 941
213 504
213 524
213 684
214 459
214 698
215 285
215 724
216 252
216 515
216 687
217 541
218 338
218 469
218 610
218 640
219 326
220 241
221 940
222 392
222 432
222 496
222 824
223 240
223 424
223 492
223 608
224 358
224 521
224 760
224 790
224 921
225 430
225 574
225 660
225 885
226 511
226 641
226 692
226 738
226 787
227 647
227 780
227 985
228 468
228 861
229 429
229 971
230 283
230 362
231 355
231 535
231 554
231 692
232 303
232 613
233 374
233 547
233 562
233 942
234 551
234 553
234 569
235 478
235 768
236 259
236 481
236 611
236 793
237 805
238 572
238 863
238 884
240 397
240 885
241 831
241 913
242 652
242 884
242 932
242 952
243 429
243 803
243 832
243 915
243 998
244 506
245 340
245 406
245 498
245 504
246 994
247 798
247 976
248 856
249 314
249 985
250 357
250 415
250 492
250 846
250 909
251 704
251 891
251 968
253 470
253 577
253 582
253 596
253 937
254 944
255 313
255 498
256 394
256 556
256 647
256 696
257 386
257 390
257 423
257 444
257 761
258 585
258 747
258 990
259 526
259 553
259 920
260 318
260 350
261 583
261 870
261 878
261 905
261 988
262 492
262 595
262 634
263 348
263 599
263 600
263 719
263 812
263 987
264 674
264 828
265 329
265 805
265 926
265 950
266 267
267 968
268 663
269 613
269 967
270 374
270 889
270 908
271 297
271 534
271 566
271 833
271 958
271 959
272 425
272 644
272 778
272 797
272 848
273 402
273 719
274 492
275 316
275 523
275 918
275 945
277 481
277 698
277 801
277 850
278 410
278 559
278 965
279 737
279 874
281 816
282 715
282 924
283 311
283 534
284 378
284 423
284 979
286 365
286 394
286 622
286 685
286 922
287 288
287 715
288 574
288 681
288 862
289 722
289 976
290 491
290 768
291 322
291 598
291 942
292 700
292 951
292 974
293 401
293 652
293 857
293 963
293 982
294 549
295 340
295 480
296 498
296 520
296 805
297 311
297 536
297 902
297 931
298 362
298 577
298 775
299 592
299 598
299 834
299 846
301 674
302 670
302 804
302 948
303 388
304 482
304 658
304 870
305 563
305 628
305 784
305 992
306 307
306 826
307 444
307 927
308 335
308 491
308 492
308 724
309 531
309 673
309 752
309 767
309 794
310 668
310 962
311 529
311 791
312 843
312 878
313 363
313 768
313 781
314 609
314 689
314 965
315 404
315 546
315 583
315 622
315 759
315 812
316 371
317 394
317 702
318 350
318 511
318 766
318 848
319 373
319 757
319 903
320 478
320 568
320 860
320 975
321 430
321 653
322 555
322 664
322 763
323 694
323 866
323 927
324 364
324 750
324 805
325 673
326 446
326 502
326 614
327 392
327 764
327 841
328 502
328 661
328 947
329 502
329 600
329 683
330 453
330 471
330 899
331 666
331 749
331 801
331 821
332 627
333 482
333 600
333 763
333 841
333 865
335 861
335 950
336 379
336 578
337 416
337 421
338 832
339 767
339 859
340 746
340 945
341 890
341 981
342 740
342 757
342 797
343 506
343 852
344 468
344 693
345 421
345 616
345 671
345 871
345 950
345 953
346 807
346 821
346 932
347 638
347 704
348 592
348 596
348 791
348 929
349 710
349 754
351 678
351 728
351 760
352 648
353 808
353 824
353 885
354 364
354 600
354 711
354 822
355 399
355 427
355 440
355 684
356 507
356 686
359 367
359 848
360 443
360 530
360 834
360 911
360 938
361 414
361 445
361 883
362 478
363 384
363 606
363 676
363 697
363 866
364 924
364 934
365 892
365 965
366 783
366 841
366 858
366 874
366 989
367 518
367 621
367 996
368 635
368 739
370 487
370 717
370 762
371 461
371 619
371 965
373 895
373 967
373 993
374 537
374 803
374 948
375 411
375 957
376 400
376 896
377 528
377 576
377 688
377 759
377 887
378 454
378 547
378 814
378 919
378 928
379 707
379 718
379 733
380 386
380 696
380 766
381 506
382 685
382 732
383 460
384 769
385 407
385 522
386 484
387 608
387 965
388 604
388 850
388 904
389 400
389 713
389 898
390 561
390 635
391 648
391 665
391 759
392 398
392 849
393 522
393 887
394 514
395 510
395 700
395 849
395 973
396 502
396 892
397 822
397 870
398 601
399 555
400 448
400 838
400 943
402 575
402 652
402 740
403 856
403 869
403 880
404 600
404 693
404 700
404 726
404 888
405 689
405 868
405 969
406 637
406 888
406 977
407 574
407 869
408 448
408 659
408 803
409 434
409 482
410 727
411 670
412 442
412 475
413 450
413 518
413 779
413 975
414 482
414 504
415 956
416 490
416 856
416 910
416 926
416 999
417 689
417 714
418 519
418 924
418 978
419 499
419 663
420 519
420 708
421 813
422 465
422 498
422 502
423 793
424 578
424 671
425 638
425 770
426 689
426 697
427 583
427 813
428 921
429 661
429 678
429 786
429 944
430 558
431 606
431 771
432 493
432 574
432 608
432 899
432 917
432 940
433 540
433 710
434 499
434 515
434 786
434 927
435 735
435 808
436 669
436 798
437 440
437 727
437 874
438 646
438 957
439 705
439 849
440 576
440 693
440 848
442 469
442 700
442 874
442 979
443 607
443 636
443 759
443 876
444 762
444 902
445 733
445 837
445 853
445 948
446 890
446 975
447 452
447 481
447 633
447 642
447 995
448 647
448 777
449 896
450 514
450 968
451 611
452 673
453 468
453 806
453 991
454 521
454 678
454 912
454 968
455 476
455 624
455 811
455 947
456 610
456 767
456 830
457 589
457 718
457 883
457 889
459 524
459 539
459 735
459 876
460 814
460 860
460 994
461 813
462 506
462 901
462 904
463 605
463 618
463 659
465 658
465 869
466 808
467 761
467 859
468 818
468 847
469 526
469 563
469 588
470 481
470 610
470 950
470 982
471 633
471 861
472 760
472 830
472 845
472 920
472 981
473 496
473 531
473 664
473 733
473 817
474 513
474 524
477 530
477 682
477 829
478 499
479 614
479 686
479 769
479 791
479 882
480 763
480 979
481 524
481 601
481 648
481 782
481 990
482 496
482 513
482 674
482 779
483 954
484 601
484 755
486 533
486 550
486 887
487 574
487 633
487 714
487 720
488 509
488 976
488 993
489 879
490 685
491 980
492 634
494 612
494 787
494 801
495 737
495 871
496 861
496 920
497 559
497 699
498 946
500 648
500 789
500 886
501 517
501 850
501 866
502 584
502 619
503 838
503 843
504 528
504 662
504 683
505 520
505 588
505 712
506 656
506 661
507 785
507 838
507 988
508 942
508 963
509 634
509 642
509 976
510 905
510 932
511 814
512 594
512 751
512 816
514 719
514 901
515 536
515 595
515 660
516 818
517 540
518 824
518 876
519 547
519 553
520 918
521 867
522 562
522 873
522 906
522 976
523 895
523 973
524 774
524 834
526 634
526 747
526 983
527 648
527 766
528 935
529 683
529 726
530 917
531 597
531 738
532 927
532 988
533 690
534 681
534 935
535 687
536 571
536 618
538 605
538 791
539 651
540 643
540 807
540 874
541 723
541 803
542 543
542 666
542 770
542 784
542 823
542 904
543 658
543 874
545 901
546 553
546 645
546 748
547 591
547 600
547 789
547 791
548 626
548 962
549 555
549 597
551 644
551 727
552 679
552 733
553 788
553 835
554 940
555 831
555 888
555 980
558 804
558 879
559 733
559 909
561 805
562 681
562 690
563 667
563 985
564 640
564 759
565 738
565 890
566 972
567 802
567 872
567 924
568 650
568 673
568 989
569 870
569 997
569 998
570 603
570 612
570 616
570 706
570 900
571 705
571 707
572 734
572 745
572 753
572 966
572 973
575 606
575 655
575 664
576 691
576 812
577 743
577 851
577 882
578 800
579 705
579 802
580 699
580 705
580 735
580 963
581 705
581 900
583 735
583 914
584 775
584 777
585 781
586 798
586 964
587 793
587 923
588 742
589 648
589 730
590 694
590 893
591 972
592 891
593 875
594 646
594 702
597 690
597 702
597 750
598 832
598 861
598 890
598 913
599 891
600 694
600 784
600 854
601 646
601 832
602 632
603 775
603 823
603 868
604 863
605 746
608 699
608 738
609 999
610 841
610 936
611 739
612 812
613 651
613 931
613 980
614 714
614 839
615 703
615 861
616 627
616 930
616 933
616 984
618 856
619 879
620 731
620 933
620 950
621 749
621 866
622 701
622 711
622 854
623 763
623 958
624 857
624 959
625 629
625 651
626 789
626 848
626 899
627 705
627 961
628 766
629 684
629 743
630 639
631 872
632 801
634 810
634 894
634 994
635 901
637 733
637 994
638 652
639 751
639 756
640 660
640 678
640 886
642 872
642 890
643 648
644 900
645 786
646 752
646 852
646 937
647 659
647 849
647 910
647 944
648 929
649 692
653 864
654 927
655 710
655 734
656 672
656 862
656 976
656 999
657 662
657 918
659 885
660 777
661 992
662 975
663 724
665 728
665 828
665 997
666 915
667 720
667 762
670 711
671 701
671 865
672 930
674 877
676 927
676 998
677 973
678 890
679 785
680 754
680 910
680 960
682 724
682 906
682 908
683 811
683 872
684 700
684 877
685 698
686 768
686 808
686 830
686 874
686 970
688 937
689 700
690 784
691 692
691 882
692 788
692 838
692 854
693 742
693 790
694 709
694 760
695 698
695 761
698 714
699 759
700 761
701 731
701 937
702 857
702 953
702 957
702 965
703 811
703 904
704 853
705 768
710 823
711 790
712 915
712 920
712 984
714 922
714 987
715 813
715 850
715 918
715 954
716 841
716 873
716 931
717 786
717 891
718 778
720 908
721 767
721 933
722 889
722 899
723 797
724 917
725 788
726 760
728 829
729 730
729 777
732 957
735 986
736 880
736 973
737 803
739 763
739 790
741 779
742 894
742 910
743 841
745 929
745 936
746 940
747 871
749 864
751 795
751 834
752 935
755 973
758 799
760 817
763 853
764 789
765 945
767 993
769 983
770 851
770 905
771 838
772 786
772 817
773 987
774 841
776 878
777 882
779 848
779 896
779 909
780 966
781 827
782 993
784 956
786 870
786 885
788 822
791 849
791 916
793 931
793 988
796 870
796 920
797 966
799 820
799 930
800 942
800 949
800 968
801 946
804 824
805 923
806 879
806 895
807 904
807 925
809 977
813 832
813 901
813 977
814 993
816 903
817 836
817 920
822 979
823 849
824 925
825 975
826 931
827 924
832 875
833 987
838 859
838 906
839 981
842 897
844 937
846 935
847 900
849 918
849 965
849 976
850 879
850 925
853 916
855 890
857 862
860 969
861 943
863 956
865 994
869 877
869 971
871 929
871 934
873 997
874 906
874 992
877 946
878 932
879 994
882 935
884 952
885 966
886 959
888 945
892 937
892 977
893 924
893 941
894 898
909 988
915 962
916 925
919 981
924 938
926 927
926 970
932 965
948 964
958 998
968 987
970 995
972 992
974 986
976 993
0
10 999
