1000	2026	 1
0 172
0 287
0 678
0 802
1 446
1 525
1 573
1 664
1 777
1 779
1 784
2 60
2 122
2 185
2 502
2 588
2 732
2 813
3 121
4 64
4 271
4 340
4 589
4 780
5 151
5 211
5 297
5 952
6 63
7 202
7 325
8 243
9 290
9 682
9 723
9 907
10 213
10 392
10 422
10 524
10 740
10 771
10 901
10 915
10 983
11 48
11 148
11 199
11 517
12 51
12 304
12 440
12 626
12 756
12 829
13 446
13 566
13 663
13 691
13 892
13 957
14 137
14 190
14 447
14 557
15 129
15 503
16 98
16 266
16 417
16 617
16 726
16 976
17 172
17 219
17 285
17 358
17 833
18 911
18 916
19 112
19 623
19 643
19 663
19 704
19 925
19 941
20 128
20 395
20 532
21 30
21 140
21 167
21 570
21 630
21 675
22 165
22 269
22 310
22 396
22 521
22 830
23 269
23 471
23 707
23 911
23 957
24 215
25 655
25 727
26 387
26 608
26 807
27 475
28 119
28 190
28 300
28 391
29 75
29 194
29 219
29 378
29 533
29 585
29 882
30 209
31 404
31 501
31 889
31 969
32 402
32 403
32 492
33 45
33 309
33 488
33 691
33 881
33 925
34 141
34 246
34 668
34 991
35 193
35 218
35 427
35 468
36 398
36 502
37 431
37 786
37 911
37 950
37 975
37 994
38 319
38 324
38 513
38 818
39 725
39 841
39 883
39 907
40 535
40 626
41 55
41 96
41 337
41 665
41 702
41 806
41 817
41 876
42 227
42 367
42 488
42 600
43 628
43 703
44 205
44 217
44 763
44 965
45 279
45 311
45 738
45 874
46 159
46 472
46 499
46 620
47 539
47 607
48 89
48 108
48 399
48 417
48 470
48 968
49 261
49 286
49 470
49 653
49 673
49 703
49 872
50 419
50 498
51 289
51 558
51 913
52 284
52 598
52 627
52 682
52 913
53 530
53 587
53 908
54 327
54 432
54 459
54 822
54 888
55 777
56 132
56 479
56 550
56 663
56 679
56 681
57 239
57 490
57 872
58 104
58 768
59 154
59 170
59 745
59 962
60 232
61 173
61 883
61 982
62 229
62 418
62 619
63 211
63 650
63 689
64 954
65 164
65 177
66 105
66 252
66 267
66 533
66 590
66 915
67 257
67 452
67 737
67 802
67 830
67 908
68 102
68 404
69 246
69 354
70 679
70 838
71 77
71 164
71 245
71 347
71 471
71 477
71 489
71 648
71 757
71 979
72 254
72 428
72 490
72 882
72 940
72 988
73 679
73 826
74 221
74 262
74 361
74 408
74 570
74 770
74 850
75 256
75 936
76 596
76 652
76 778
77 314
77 435
77 981
78 282
78 519
79 168
80 440
80 771
80 938
81 169
81 393
81 653
81 668
81 675
81 877
81 997
82 543
82 750
82 929
83 90
83 729
84 330
85 577
85 810
85 849
86 322
86 565
86 786
86 853
87 261
87 405
87 417
87 641
88 397
88 567
88 938
89 96
89 734
89 837
90 491
90 521
90 702
90 715
90 732
90 755
90 771
90 945
91 138
91 300
91 694
91 993
92 273
92 719
93 470
93 869
93 970
94 188
95 158
95 256
95 454
96 437
96 566
97 128
97 370
97 527
97 754
98 179
98 684
98 873
99 228
99 451
99 702
99 814
100 130
100 175
100 304
100 331
100 333
100 424
100 888
101 148
101 263
101 394
101 516
101 747
101 871
101 963
102 215
102 243
102 603
102 757
103 322
103 394
103 466
103 844
104 161
104 338
104 933
105 453
105 559
105 614
105 956
106 509
106 512
106 610
106 783
107 183
107 573
107 737
107 903
107 972
108 281
108 556
108 667
108 723
108 988
109 440
109 611
109 696
109 988
110 482
110 726
110 766
111 467
111 481
111 787
111 843
112 643
113 485
113 616
113 952
114 155
114 192
114 227
114 331
114 561
115 120
115 212
115 534
115 631
115 697
115 761
116 154
116 666
116 707
116 894
116 991
117 737
118 304
118 447
119 367
120 226
120 420
120 924
121 238
121 305
121 359
121 456
121 551
121 605
121 609
121 839
121 882
122 566
122 884
123 306
123 445
123 837
123 870
123 926
124 144
124 416
124 546
124 629
125 450
125 583
125 663
126 292
127 434
127 635
127 989
128 171
128 273
129 339
129 760
129 815
130 151
130 421
131 523
131 621
131 672
132 393
132 995
133 358
133 734
134 262
134 611
135 190
135 258
135 555
135 577
135 946
136 374
136 444
136 611
136 641
136 715
136 965
137 206
137 374
138 150
139 153
139 254
139 447
139 507
140 329
140 372
140 503
140 573
141 228
141 990
142 244
142 442
142 560
142 677
143 244
143 895
143 960
144 172
144 246
144 401
144 762
145 950
146 303
146 731
147 303
147 558
147 605
147 736
148 554
149 235
149 374
149 601
149 725
150 210
150 259
151 994
152 220
152 722
152 932
153 382
153 421
153 527
153 566
153 767
153 830
154 281
154 313
154 357
154 370
154 647
154 823
155 260
155 570
155 587
155 958
156 268
156 272
156 295
156 302
156 440
156 628
156 769
156 893
157 285
157 423
157 427
157 744
158 379
158 457
158 826
158 911
158 927
158 994
159 196
159 613
159 634
160 585
160 588
160 809
160 861
160 868
161 373
161 596
161 922
162 292
162 297
162 373
162 622
163 287
163 544
164 530
164 656
164 868
164 943
165 549
165 594
166 181
166 458
166 543
167 298
167 321
168 713
168 967
168 994
169 231
169 782
169 978
170 380
171 291
171 295
172 793
172 920
173 581
173 686
174 949
175 324
175 515
175 636
175 699
175 759
175 981
176 241
176 297
176 996
177 469
177 628
177 777
178 372
179 293
179 308
179 428
179 591
179 843
180 343
180 511
180 756
180 774
180 859
180 947
181 920
182 216
182 472
182 517
182 590
182 691
183 391
183 663
184 564
184 620
184 807
185 196
185 534
185 820
185 896
185 924
185 941
186 686
186 895
186 984
187 332
187 485
187 643
188 274
188 747
188 934
189 255
189 259
189 265
189 592
189 656
190 426
190 657
190 942
191 757
191 899
191 962
192 206
192 627
192 649
192 887
193 319
194 302
194 583
194 682
194 999
195 306
195 446
195 822
196 308
196 390
196 561
197 320
197 352
197 468
198 679
198 987
199 464
200 284
200 568
200 876
200 877
201 246
201 591
201 748
201 872
202 433
202 691
202 902
203 433
203 705
203 733
203 892
203 959
204 209
204 360
204 751
205 867
206 396
206 790
206 848
206 973
207 267
207 645
207 847
207 865
208 287
208 324
208 642
208 674
208 788
209 233
209 355
210 254
210 334
210 444
210 455
210 681
210 755
211 291
211 383
211 452
212 743
212 755
212 918
213 244
213 282
214 619
214 977
215 256
215 320
215 593
215 723
216 377
216 614
216 813
216 842
217 246
217 275
217 317
217 447
217 815
217 838
218 866
218 963
219 700
220 224
220 252
220 717
221 520
221 616
221 986
221 991
222 267
222 762
223 291
223 347
223 710
223 979
224 579
224 679
224 768
224 833
225 475
225 694
225 707
225 742
226 735
226 841
226 863
227 308
227 372
227 382
227 707
227 757
227 989
228 407
228 416
228 428
228 564
228 865
229 341
229 764
230 738
230 740
230 861
232 621
232 771
233 552
233 957
234 482
234 536
234 603
235 498
235 764
235 850
236 391
237 660
237 918
238 569
238 997
239 548
239 685
240 246
240 297
240 336
240 445
240 525
240 557
241 432
241 514
241 558
241 734
242 762
243 394
243 879
244 388
244 821
246 353
246 399
246 586
247 609
248 297
248 377
248 567
248 778
248 959
249 276
249 621
250 534
250 840
250 899
251 391
251 561
251 642
252 410
252 937
253 267
253 380
253 426
253 760
253 789
253 840
253 851
254 432
255 374
255 542
255 724
255 959
256 382
258 453
259 766
259 856
259 885
260 594
260 647
260 685
260 883
261 679
261 764
261 876
261 946
262 267
262 355
262 819
263 460
263 507
263 582
263 623
263 804
263 915
264 522
264 570
264 669
264 982
264 997
265 279
265 412
265 486
265 494
265 924
266 440
266 770
267 363
267 561
267 948
268 291
268 493
268 880
269 345
269 434
270 383
270 542
270 779
271 377
271 729
271 750
271 880
271 893
272 351
272 698
272 944
273 629
273 736
274 375
274 485
274 530
274 713
274 863
275 679
275 953
276 489
276 806
277 385
277 495
277 559
278 679
278 686
278 884
278 912
279 481
279 842
280 525
280 537
280 759
281 690
281 806
281 873
282 624
283 835
283 855
283 943
284 553
285 517
285 712
285 859
286 463
286 596
286 834
287 428
287 803
287 902
288 358
288 543
288 779
289 345
289 924
290 450
290 584
290 689
291 691
291 718
292 468
292 469
292 786
292 841
292 849
292 935
294 490
294 545
294 576
295 562
296 566
297 561
297 975
297 983
298 568
298 593
299 600
299 604
299 746
299 786
300 500
301 745
301 865
302 325
302 481
302 622
302 678
302 714
302 862
303 324
303 406
303 738
304 859
305 573
305 647
305 747
307 512
307 586
307 802
307 860
307 993
308 724
308 797
309 716
309 769
309 855
310 354
310 458
310 525
310 622
310 750
310 757
311 458
311 602
312 448
312 449
312 688
312 915
312 936
313 768
313 879
313 961
314 341
314 552
314 586
314 744
314 796
314 923
314 953
315 478
315 761
316 713
317 341
317 823
317 890
318 346
318 352
319 342
319 498
319 609
319 715
319 923
319 983
320 462
320 605
320 652
321 504
321 552
321 798
322 486
322 630
322 839
322 928
323 786
324 333
324 433
324 548
324 556
324 591
325 466
325 762
325 807
325 859
326 827
326 870
326 894
327 652
328 525
329 391
329 396
330 397
330 581
330 608
330 844
330 943
330 952
331 392
331 660
331 799
331 825
332 496
332 501
332 600
333 663
334 339
334 539
335 408
335 414
335 687
335 940
336 394
336 738
336 921
337 563
337 722
338 348
338 402
338 879
339 541
339 689
339 869
339 922
340 467
340 552
340 626
341 361
341 502
341 698
341 991
342 448
342 813
343 542
344 633
344 775
344 952
345 623
345 722
345 795
346 374
346 448
346 912
347 377
347 663
348 375
348 966
349 368
349 933
350 372
350 644
350 921
351 603
351 966
352 386
352 646
352 655
353 508
353 614
354 592
355 372
355 522
355 700
355 932
356 485
356 544
356 681
356 717
357 824
357 990
358 762
358 901
359 793
359 952
359 955
359 976
360 484
360 783
360 955
361 908
362 567
362 691
362 776
363 496
363 677
363 727
363 742
363 841
363 877
363 977
363 994
364 851
364 905
365 606
365 672
365 839
365 861
366 550
366 579
366 763
367 856
368 620
368 776
368 898
369 569
369 882
370 395
370 412
370 462
370 872
370 904
371 644
373 604
373 605
373 659
373 692
373 791
374 881
375 947
375 961
376 717
376 844
377 666
377 767
378 419
378 625
378 632
378 688
378 755
378 762
379 468
380 518
380 529
380 744
380 745
381 728
381 756
381 806
381 954
382 464
382 664
383 402
383 505
383 818
383 939
384 849
384 896
385 396
385 475
385 615
385 992
386 626
386 708
387 447
387 464
387 702
387 930
388 527
388 605
388 636
388 692
388 760
389 825
390 565
390 572
390 745
390 861
390 969
391 508
391 704
392 468
392 712
392 721
392 961
392 980
393 551
393 789
393 845
394 920
395 705
395 854
396 733
396 828
397 766
397 782
397 858
398 876
399 650
400 763
401 552
401 557
401 571
401 995
402 540
402 947
403 958
404 493
404 797
406 539
407 597
407 638
407 856
407 931
408 607
408 677
409 437
409 488
409 575
409 632
409 662
409 665
410 680
410 761
411 811
412 545
412 783
413 443
413 584
413 760
414 415
414 416
415 518
415 531
415 794
416 578
416 700
416 818
416 832
417 527
417 587
417 618
417 859
418 447
419 433
419 575
419 638
419 923
420 537
420 663
421 547
421 640
421 828
422 483
423 503
423 628
424 487
424 983
425 483
425 779
425 859
425 924
426 460
426 807
427 683
427 880
428 651
428 759
428 838
428 916
428 933
428 983
429 634
429 686
429 972
430 645
430 685
431 984
432 569
432 652
432 735
432 843
432 945
432 949
433 580
433 784
434 638
434 668
434 805
435 494
435 747
435 850
435 976
436 657
436 694
437 494
437 639
438 441
438 504
438 532
438 791
439 445
439 641
439 718
440 753
440 847
440 889
441 914
442 530
442 987
443 961
443 987
445 558
445 651
445 721
445 883
445 975
446 695
446 717
447 564
447 834
448 820
448 848
449 547
449 571
449 607
449 700
449 717
450 553
450 837
450 911
451 930
452 473
452 602
452 677
452 954
453 711
453 805
453 850
454 753
454 802
456 575
456 858
456 861
457 650
457 680
457 843
459 563
459 691
460 479
460 588
460 860
460 879
461 709
461 998
462 594
462 612
462 654
462 701
463 582
463 819
463 965
463 982
464 581
464 953
465 469
465 662
465 815
466 621
466 930
466 962
466 987
466 995
467 658
469 595
469 599
469 625
469 720
469 993
470 673
470 712
471 499
472 527
472 532
473 483
473 611
473 652
473 949
474 646
474 792
474 890
475 834
475 888
475 996
476 964
477 569
477 705
477 906
478 758
478 823
478 987
479 662
480 715
480 718
481 531
481 850
482 543
482 616
482 949
483 632
483 690
483 710
483 772
483 790
483 828
483 924
484 575
484 582
484 782
485 832
486 987
488 728
488 782
488 900
489 526
489 551
489 720
489 750
489 801
489 831
489 947
490 755
490 818
490 878
490 949
491 508
491 777
491 828
492 547
493 589
493 896
494 557
494 691
494 959
495 698
495 898
496 499
496 542
496 628
496 706
496 732
497 799
499 849
499 867
500 510
500 561
500 735
500 743
501 742
501 817
502 718
502 850
502 954
503 538
503 951
504 776
504 918
504 990
505 798
505 874
506 537
506 940
508 516
508 657
509 913
510 962
511 946
513 533
514 528
515 717
515 861
516 539
516 610
516 646
516 830
516 864
517 701
517 743
518 599
518 968
519 694
519 722
519 744
519 834
519 886
520 613
522 931
523 807
523 904
525 880
526 891
527 568
527 658
527 716
527 886
528 816
529 622
529 778
529 968
531 663
531 687
532 557
532 754
532 903
533 553
533 922
533 963
533 975
534 573
534 811
535 709
536 565
536 713
536 907
537 623
538 595
538 631
538 706
538 732
539 879
540 985
542 622
542 774
542 838
542 969
543 795
543 865
545 893
546 690
547 549
547 937
547 971
548 785
549 720
549 804
550 688
550 810
551 639
552 773
552 845
554 563
554 566
554 581
555 742
555 856
555 912
556 627
556 710
557 692
558 854
558 900
559 820
560 605
560 651
560 815
560 952
561 589
561 712
561 984
562 718
563 637
563 709
564 696
564 709
564 816
564 987
565 957
568 795
568 851
568 855
569 708
569 885
569 922
570 640
571 881
572 932
574 903
574 928
575 605
575 899
576 948
576 995
577 842
577 894
578 831
578 916
578 969
578 998
579 775
579 986
580 850
582 972
584 662
584 745
585 636
585 882
585 913
586 666
586 774
586 992
587 597
587 714
588 663
589 635
589 795
589 827
591 727
591 917
591 923
592 848
595 840
595 968
596 631
596 681
596 982
597 740
597 777
598 757
599 656
599 850
599 909
599 920
600 769
601 717
602 974
603 891
604 671
607 805
608 911
609 656
609 671
609 739
610 694
610 834
610 955
611 846
612 664
612 848
613 632
613 869
614 768
615 683
615 737
617 981
618 671
619 632
619 744
619 877
620 668
620 705
620 781
621 859
621 932
622 652
622 950
622 962
623 735
623 851
624 737
624 802
625 643
625 779
625 942
625 987
626 893
628 962
628 972
629 931
629 988
630 772
630 878
630 906
631 907
632 866
632 869
632 959
633 659
633 825
634 709
634 805
634 973
635 804
636 799
636 820
637 926
640 682
640 980
641 772
641 984
642 917
643 817
644 655
645 864
646 688
646 888
647 963
647 972
648 780
648 872
649 761
652 790
653 898
654 713
655 851
655 926
657 860
657 996
658 670
658 690
659 684
660 682
660 892
661 963
662 732
662 772
663 678
664 852
665 723
665 782
667 712
667 777
667 783
667 895
668 930
669 836
670 790
670 941
670 968
670 992
671 935
671 953
672 895
674 949
675 905
676 775
676 808
676 909
676 916
676 951
676 964
677 846
677 926
678 998
680 752
680 868
681 735
681 833
682 895
682 932
683 693
683 982
685 705
685 951
686 797
687 880
688 960
689 868
690 785
691 713
692 956
693 725
695 714
695 730
696 897
698 892
699 868
700 842
702 978
704 956
708 980
710 884
710 886
710 945
711 767
711 827
713 864
713 870
713 939
716 815
716 929
717 951
718 893
718 940
720 964
721 804
721 865
722 872
724 835
726 742
726 769
727 835
727 851
730 789
730 825
730 862
730 863
731 734
731 982
732 747
733 785
737 985
739 997
741 795
741 810
741 814
741 884
742 860
743 840
746 764
748 815
749 880
749 942
750 800
751 891
752 777
752 805
756 972
759 769
761 987
762 810
762 936
764 845
765 895
767 812
767 844
767 889
769 994
770 985
771 796
772 809
773 848
773 996
774 936
777 830
778 944
778 958
779 994
780 824
780 915
781 919
785 959
786 962
786 974
787 880
789 880
792 808
792 927
794 866
797 907
800 962
803 874
803 910
805 978
806 829
807 817
808 940
811 842
811 977
812 826
812 834
814 961
816 850
817 996
819 963
821 901
823 838
823 854
824 938
826 923
827 896
828 855
828 890
829 833
829 911
833 863
833 969
836 882
836 900
837 963
838 973
841 907
845 869
847 935
851 896
852 957
852 990
857 978
857 987
858 923
860 928
861 916
862 935
863 867
866 909
866 955
866 988
870 974
872 884
875 980
882 884
882 928
882 950
886 963
887 890
888 931
888 933
889 913
893 904
894 961
894 962
896 918
899 921
909 977
910 912
911 958
914 973
915 960
918 993
923 962
926 976
926 999
937 951
940 946
944 983
954 998
956 964
0
10 999
