1000	2041	 1
0 31
0 121
0 306
0 314
0 328
0 838
1 47
1 106
1 193
1 485
1 678
1 912
2 33
2 59
2 288
2 350
2 582
2 618
2 872
3 440
3 504
3 937
4 513
5 280
6 67
6 306
7 156
7 249
7 384
7 429
7 482
7 655
7 807
8 84
8 95
8 101
8 272
8 471
8 475
9 28
9 95
9 145
9 421
9 523
9 562
9 663
10 86
10 355
10 764
11 31
11 166
11 347
11 782
11 815
12 161
12 797
13 452
13 531
14 18
14 635
15 139
15 617
15 671
16 306
16 720
16 727
16 964
17 80
17 250
18 29
18 88
18 149
18 209
18 253
18 430
18 754
19 377
20 68
20 581
21 177
21 187
21 359
21 476
21 488
21 876
22 40
22 641
23 113
23 831
23 948
24 185
24 410
24 820
24 973
25 608
25 723
25 744
26 226
26 475
26 635
26 674
27 731
27 830
27 890
28 90
28 146
28 234
28 404
28 464
28 520
28 701
28 936
29 176
29 627
29 867
30 202
30 910
31 139
31 213
31 221
31 398
31 660
31 704
31 737
31 997
32 243
33 47
33 302
33 653
33 715
33 846
33 869
34 234
34 320
35 224
35 416
35 574
35 642
35 839
36 105
36 123
36 962
36 990
37 38
37 168
37 205
37 355
37 588
37 726
37 801
37 815
38 128
38 167
38 447
38 748
39 248
39 400
39 736
40 188
40 209
40 448
40 456
40 972
41 67
41 193
41 262
41 355
41 471
41 720
41 796
42 116
42 163
42 241
42 272
42 939
42 968
43 82
43 244
43 267
43 691
44 315
44 410
45 233
45 291
45 300
45 748
46 493
46 716
46 870
46 886
47 472
47 486
48 195
48 332
48 675
48 693
49 122
49 186
49 215
49 913
50 285
50 583
50 599
50 685
50 725
50 936
51 56
51 97
51 275
51 301
51 545
52 141
52 219
53 278
53 344
53 495
53 634
54 142
54 330
54 522
54 551
54 591
54 592
54 876
55 136
55 211
55 602
55 845
56 266
57 431
58 215
58 442
58 769
59 139
59 238
59 286
59 371
59 727
59 766
59 888
60 371
60 516
60 633
60 759
60 905
61 359
61 422
61 700
62 434
62 550
62 559
62 590
62 778
62 896
63 531
63 718
63 937
64 100
64 110
64 188
64 546
64 891
65 114
65 256
65 273
65 467
65 521
65 548
65 654
66 215
66 232
66 276
67 627
67 687
67 735
67 793
68 255
68 961
69 586
69 825
69 852
69 996
70 105
70 540
70 919
71 353
71 616
71 758
71 786
71 868
71 896
72 121
72 451
72 564
72 617
72 972
73 609
73 677
73 907
73 962
74 148
74 154
74 408
74 574
74 840
75 229
75 699
75 755
76 562
76 637
76 784
76 928
77 265
77 321
77 333
78 423
78 519
78 668
78 785
78 909
79 351
79 696
80 826
80 913
81 207
81 319
81 853
81 887
82 347
82 380
82 470
82 807
82 887
83 401
83 821
84 170
84 326
84 789
84 953
85 357
85 732
85 743
85 844
85 903
85 976
86 602
86 707
87 366
87 441
87 731
87 768
88 494
88 681
89 515
89 678
89 720
90 102
90 286
90 313
90 510
90 644
90 884
90 951
91 152
91 443
92 365
92 521
92 650
93 138
93 230
93 950
94 198
94 685
94 712
94 950
95 497
95 746
95 898
95 938
96 116
96 179
96 868
97 240
97 283
97 348
97 419
98 256
98 496
99 201
99 292
99 372
99 428
99 519
99 701
99 887
100 234
100 301
100 605
100 612
100 887
101 356
101 669
101 710
101 950
102 400
102 685
102 786
102 982
103 486
103 524
103 837
103 906
104 111
104 202
105 243
105 275
105 982
106 849
107 680
107 850
107 915
107 974
108 390
109 179
109 244
109 949
110 130
110 337
110 487
111 550
111 694
111 883
112 200
112 277
113 153
113 327
113 357
113 654
114 481
114 521
114 542
114 731
114 946
115 406
115 409
115 576
115 687
116 520
116 942
116 978
116 992
117 166
117 404
117 515
117 959
118 296
118 410
118 615
118 744
119 170
119 437
119 449
119 478
119 877
120 667
121 210
121 300
121 492
121 557
121 620
122 296
122 345
122 355
122 853
123 364
123 547
124 160
124 909
125 140
125 188
125 231
125 566
125 602
126 128
126 264
126 540
126 702
127 431
127 487
127 544
127 744
128 666
128 807
128 930
129 171
129 283
129 294
129 453
130 202
131 461
131 516
131 579
131 594
131 639
132 197
132 276
132 619
133 145
133 698
133 739
134 919
134 995
135 229
135 268
135 352
135 355
135 828
135 849
136 223
136 644
136 837
137 437
137 692
137 790
138 281
138 630
139 473
139 606
139 817
140 919
141 508
141 636
141 791
141 816
142 524
142 584
142 801
142 980
143 751
144 158
144 300
144 330
144 486
144 607
145 188
145 360
145 631
145 892
146 251
146 340
146 509
146 777
147 481
148 541
148 632
148 699
148 711
149 322
149 397
149 690
150 359
150 426
150 630
151 179
151 253
151 415
151 482
151 561
151 683
151 787
152 190
152 679
153 222
153 383
153 387
153 492
153 644
153 916
154 396
154 566
154 663
155 308
155 511
155 625
155 736
156 646
156 723
156 751
156 927
157 582
157 843
157 916
158 253
158 358
158 851
159 180
159 242
159 269
160 185
160 393
160 760
161 226
161 238
162 446
162 567
163 326
163 331
163 547
163 690
163 949
164 284
164 437
164 487
164 609
164 634
164 747
165 323
165 682
165 753
165 885
166 380
166 731
166 975
167 353
167 437
167 657
167 670
167 735
168 972
169 304
169 576
169 831
169 840
170 199
170 373
170 393
171 433
172 471
172 700
172 980
173 260
173 353
173 403
173 761
173 970
174 226
174 727
174 882
175 176
175 374
175 466
175 682
175 898
175 948
176 490
176 530
176 631
176 659
176 797
176 906
177 311
177 508
177 590
177 621
178 196
178 709
179 447
180 466
180 652
181 484
181 747
181 871
182 418
182 708
182 802
182 938
183 825
184 239
184 431
184 699
185 253
185 394
185 430
185 433
185 634
185 757
185 801
185 983
186 324
186 428
186 556
186 915
187 369
187 568
188 207
188 368
188 601
188 765
188 780
188 958
188 964
189 226
189 292
189 387
189 912
190 611
190 674
190 838
190 936
191 303
191 648
192 383
192 413
192 549
192 577
192 652
193 332
193 414
193 790
194 719
194 762
195 377
195 874
196 282
197 993
198 249
198 426
198 587
198 638
199 749
199 967
199 993
200 755
200 815
201 581
202 296
202 462
202 792
202 975
203 268
203 733
204 225
204 382
204 880
205 279
205 698
205 908
206 500
206 672
206 691
207 280
207 564
207 584
207 906
207 945
207 999
208 526
208 622
208 927
209 233
209 551
209 594
209 922
210 258
210 285
211 353
211 395
211 606
212 343
212 376
212 550
212 614
212 680
212 869
213 722
213 950
214 502
214 599
214 639
214 744
215 703
216 257
216 316
217 499
217 787
218 443
218 505
218 902
219 554
219 579
219 882
220 276
220 351
220 735
221 270
221 454
221 792
222 245
222 509
222 816
222 836
222 929
223 402
223 425
223 454
223 809
223 938
224 410
224 531
224 783
224 817
224 861
225 261
225 626
225 815
226 335
226 446
226 484
226 693
226 806
226 862
226 958
227 433
227 641
227 700
227 774
227 888
227 974
228 360
228 513
228 539
228 726
228 935
229 231
229 378
230 500
230 679
231 290
231 596
231 624
231 786
232 700
232 704
232 769
232 965
234 524
234 888
234 913
235 329
235 661
235 824
236 459
236 632
236 863
237 403
237 710
237 784
237 918
237 981
237 987
238 622
238 920
239 254
239 679
239 739
239 798
240 443
240 702
240 903
240 996
241 276
241 373
242 831
242 895
242 958
243 405
243 828
243 947
244 415
244 417
244 787
245 326
245 468
245 781
245 857
246 266
246 407
246 524
246 625
246 626
247 656
247 963
248 688
248 899
249 632
249 791
250 682
250 719
250 870
251 410
251 440
251 521
251 727
251 975
252 500
252 525
252 584
253 389
253 483
253 543
255 828
255 954
256 609
256 658
256 768
257 891
258 443
258 493
258 548
258 719
258 933
258 998
259 357
259 581
259 822
259 954
260 262
260 528
260 815
260 961
261 565
262 425
262 482
263 731
264 408
265 278
265 549
266 319
266 625
266 859
267 321
267 434
267 868
267 874
269 432
269 763
269 806
269 875
269 926
270 288
270 852
270 957
271 310
272 499
272 710
272 947
273 330
273 466
273 490
273 793
274 819
275 540
275 605
276 301
276 361
276 452
276 958
277 386
277 422
277 531
277 692
277 764
277 973
278 804
278 914
280 400
280 628
280 773
280 978
282 340
282 539
282 566
282 745
282 749
283 655
283 717
283 908
284 373
284 768
285 689
285 824
285 913
285 980
286 298
286 596
286 913
287 382
287 560
287 877
287 960
288 486
288 510
288 628
288 747
288 864
289 410
289 559
290 362
290 979
291 293
291 344
291 402
291 685
291 692
291 798
291 806
292 909
293 617
293 823
293 947
294 761
294 777
294 870
294 928
295 402
295 460
295 600
295 700
296 494
296 878
296 885
297 872
297 961
298 625
298 715
298 907
299 437
299 692
300 687
300 715
302 664
302 927
302 935
303 466
303 728
303 819
304 646
304 741
304 932
305 775
306 367
306 420
306 489
307 627
307 951
307 980
308 529
309 602
309 914
309 930
310 341
310 416
310 720
310 721
311 626
312 419
312 838
312 945
313 428
313 811
313 926
314 470
314 552
315 518
315 756
315 887
315 927
315 944
316 496
316 890
317 415
317 488
317 550
318 406
318 485
318 887
318 945
319 698
320 440
320 515
320 631
321 334
321 750
322 595
323 817
324 367
324 867
325 366
325 921
325 997
326 333
326 382
326 746
326 813
327 899
328 544
328 591
328 656
328 774
329 351
329 681
330 744
330 896
331 837
331 860
331 950
332 407
332 723
333 395
333 583
333 897
334 475
334 614
334 854
335 710
335 762
335 785
335 949
336 552
336 597
336 634
336 735
336 860
337 398
338 497
338 562
338 697
338 937
339 690
340 597
340 667
340 668
340 800
340 857
341 624
342 775
342 961
343 657
343 689
344 897
344 918
345 973
346 741
346 833
346 982
348 580
348 638
348 660
348 678
348 797
348 944
349 568
349 589
349 844
350 721
351 590
351 823
352 470
352 811
352 968
353 552
353 669
354 449
354 557
354 595
355 630
356 620
356 666
356 824
357 363
357 364
357 526
357 642
357 765
357 945
357 968
357 975
359 560
359 731
360 484
360 942
361 793
361 879
362 535
362 629
363 456
363 539
363 625
363 800
363 822
363 984
364 891
365 422
365 549
366 623
366 880
366 960
367 641
367 680
367 945
368 565
368 571
368 894
369 790
369 825
370 562
370 676
370 869
371 840
372 892
373 448
373 619
373 734
373 860
373 967
375 658
375 676
375 871
376 498
376 519
377 694
377 712
377 933
378 633
378 740
379 499
379 690
379 719
379 783
379 829
379 935
380 415
380 839
380 997
381 418
381 690
381 855
382 976
383 481
383 513
383 601
383 944
384 480
384 639
384 855
385 403
385 456
385 991
386 436
387 533
387 672
387 827
388 898
389 526
389 816
389 833
390 522
390 786
390 853
390 957
391 443
391 508
391 791
391 928
392 441
392 702
392 737
393 496
393 723
394 665
395 473
395 641
395 690
395 898
396 910
397 511
397 642
397 676
399 665
399 680
400 648
400 692
400 960
400 993
401 464
402 572
402 729
402 905
404 754
404 762
404 763
404 855
404 986
406 413
406 781
406 866
406 881
407 930
408 540
409 758
411 880
411 957
412 549
412 669
412 696
412 864
413 498
413 616
413 893
413 958
416 847
417 478
418 767
419 421
419 570
419 801
420 475
420 762
420 892
420 976
421 632
421 669
421 849
422 625
423 587
423 954
424 810
425 568
425 625
425 969
426 539
426 714
427 489
427 490
427 889
428 600
428 654
429 468
429 553
429 571
430 496
430 532
430 760
430 763
431 840
431 992
432 557
432 883
432 996
433 980
434 595
434 628
434 684
434 690
434 909
435 610
436 651
436 879
436 902
436 987
437 514
437 623
437 740
437 853
438 606
439 517
439 558
439 845
440 968
441 620
441 726
442 450
442 456
442 714
442 810
443 451
443 804
444 711
444 720
444 936
444 987
445 774
445 904
446 453
446 803
447 615
447 856
447 884
448 820
448 844
448 911
449 516
449 699
449 796
449 902
449 936
449 966
450 458
450 608
450 652
450 770
450 878
450 966
451 952
455 549
455 742
455 991
456 698
457 960
458 769
459 465
459 519
459 960
460 484
460 620
461 539
462 479
463 545
463 592
463 598
463 646
463 709
463 876
464 806
465 548
465 660
465 999
466 469
466 536
466 555
466 564
466 673
466 749
467 634
467 643
467 674
467 788
467 834
469 526
469 827
470 579
470 612
471 618
471 761
472 722
472 732
472 737
472 863
472 888
474 529
474 549
474 665
475 774
476 504
476 900
476 935
477 712
477 721
478 537
478 599
478 860
478 895
478 908
479 670
479 817
479 998
480 597
480 971
482 533
482 937
483 870
485 488
485 713
485 749
486 959
487 513
488 707
488 985
489 556
489 632
489 770
489 776
489 955
490 585
490 780
491 649
491 751
492 582
492 935
492 947
492 998
493 518
493 956
493 996
494 506
494 626
495 830
495 843
496 527
496 859
497 826
497 994
498 605
498 676
498 698
498 940
499 569
500 790
501 578
501 961
501 966
501 981
502 680
503 561
503 574
504 598
504 922
505 930
505 962
506 688
506 745
506 825
507 672
507 746
507 816
508 830
508 846
511 732
512 690
512 864
512 877
513 591
513 668
513 772
513 808
513 983
514 532
514 661
516 649
516 854
517 864
517 970
518 560
518 752
519 574
519 799
519 887
520 560
520 632
520 993
521 731
522 635
522 668
522 959
523 614
524 531
524 597
524 769
524 920
525 686
525 706
525 910
526 567
527 916
528 696
529 711
529 829
532 614
533 729
533 732
533 772
534 734
534 757
534 875
535 572
535 761
535 763
535 797
535 983
536 900
537 577
537 584
537 620
537 986
538 587
538 604
538 777
538 784
538 794
539 571
539 684
539 776
540 806
540 994
541 648
541 802
542 685
543 759
543 923
544 691
545 567
545 745
545 813
545 957
546 892
546 970
547 652
547 984
548 642
548 693
548 937
549 646
549 713
550 613
550 700
550 728
551 904
553 652
553 685
553 711
553 723
553 988
554 641
554 805
554 880
554 950
555 597
555 943
555 981
556 593
557 800
557 803
558 992
559 609
560 885
561 671
563 670
563 685
563 748
563 802
564 818
564 951
566 898
566 942
567 786
568 591
569 862
570 720
570 945
571 748
572 599
573 598
573 689
573 906
575 580
575 876
576 675
576 892
577 871
577 974
578 765
579 852
579 963
580 590
580 766
580 827
580 856
580 892
580 941
580 977
581 729
581 838
582 652
582 658
584 650
584 686
585 749
585 883
585 971
586 646
586 703
586 755
586 806
586 864
586 968
586 983
587 980
589 856
590 737
591 615
591 737
592 629
592 644
592 868
593 755
593 774
594 667
594 676
594 924
594 958
595 795
597 605
597 642
597 685
597 783
597 850
598 706
598 921
598 937
599 863
601 718
601 755
601 867
601 888
601 894
601 969
601 989
602 827
603 893
603 899
603 900
604 663
604 680
606 627
606 700
607 636
607 698
607 721
607 736
610 956
611 879
612 855
612 937
612 964
613 779
614 797
615 905
618 774
619 629
619 647
619 695
620 695
620 712
621 660
621 829
621 927
622 881
623 740
623 792
624 677
625 837
625 919
627 765
627 961
627 994
628 889
629 689
629 861
630 775
630 998
633 826
636 715
637 923
637 945
639 927
640 658
640 704
640 705
640 852
641 775
642 903
643 680
644 724
645 763
645 779
645 955
646 923
647 787
648 995
649 775
649 949
650 735
651 854
651 965
652 870
652 912
653 831
653 863
654 725
655 704
655 741
656 752
656 777
656 800
656 958
658 820
658 833
659 846
659 939
660 697
660 965
661 915
662 852
662 857
663 670
664 672
664 895
665 750
665 814
665 919
665 995
666 840
667 797
667 819
667 822
667 824
667 929
668 867
668 962
669 895
670 983
671 740
672 786
673 760
674 982
675 748
675 876
675 886
676 704
676 977
677 719
678 708
679 863
679 956
679 958
680 900
680 963
680 971
681 958
682 950
683 730
684 907
685 902
686 694
688 707
688 771
688 940
689 992
690 944
690 994
691 927
691 998
692 777
692 814
692 857
693 955
694 866
694 939
695 700
695 801
695 924
695 925
696 982
697 799
698 779
700 846
704 724
709 717
709 757
709 825
710 992
711 835
712 853
714 738
714 750
714 805
714 878
715 858
716 974
716 975
717 718
717 742
717 958
717 997
722 827
722 985
723 757
724 865
725 843
725 995
727 754
728 731
729 931
729 994
730 773
730 854
731 957
732 752
733 957
734 788
738 984
740 822
743 959
746 847
749 802
749 872
749 889
750 992
751 841
751 953
752 937
753 891
754 915
755 782
755 826
755 938
756 771
757 776
757 958
760 887
763 789
763 889
764 993
767 810
768 920
769 851
769 910
771 797
772 825
775 896
776 791
777 815
777 924
777 930
778 849
780 923
781 874
781 980
781 990
784 952
785 918
785 967
786 825
786 940
787 997
793 846
794 998
796 804
796 892
799 873
800 827
802 983
803 973
804 899
804 939
805 989
808 852
808 865
809 912
809 917
810 961
812 862
815 816
817 939
819 864
819 956
820 821
820 865
821 826
821 841
821 949
823 963
824 917
824 960
825 975
829 885
829 916
831 989
832 879
832 934
834 888
835 995
835 998
836 866
836 938
838 956
840 877
842 943
843 880
844 877
845 980
847 969
848 998
849 947
851 861
851 999
853 888
854 921
855 976
856 970
858 979
861 873
862 985
862 991
867 992
868 962
873 936
876 877
879 980
886 974
891 965
896 985
898 934
899 918
901 911
901 926
902 928
906 954
911 927
916 931
920 978
921 970
924 990
926 932
931 935
952 966
954 961
961 994
965 979
965 988
969 979
0
10 999
