1000	1993	 1
0 86
0 251
0 348
0 664
1 388
2 307
2 475
2 507
2 744
3 292
3 851
3 860
4 187
4 686
4 870
5 375
5 970
6 52
6 498
6 941
7 469
7 612
7 626
7 666
7 915
7 918
8 47
8 425
8 695
8 705
9 13
9 369
9 681
10 94
10 195
10 559
10 586
10 777
10 881
10 889
10 953
11 207
11 873
12 373
13 190
13 388
13 830
13 840
14 234
14 275
14 682
14 728
15 551
15 628
15 778
16 105
16 298
16 750
17 75
17 82
17 93
17 789
17 841
18 203
18 613
18 862
19 237
19 387
19 417
19 421
19 932
20 131
20 326
20 331
20 510
20 528
20 734
21 477
21 745
22 55
22 69
22 321
22 326
22 383
22 481
22 518
22 843
23 153
23 227
23 368
23 599
23 793
23 844
23 993
24 333
25 384
25 392
25 867
26 711
26 911
27 58
27 70
27 396
27 521
27 592
27 792
27 967
28 344
29 56
29 180
29 194
29 200
29 382
29 405
29 476
29 477
29 561
29 829
30 78
30 392
30 560
30 563
30 676
30 959
31 94
31 188
31 213
31 306
32 212
33 241
33 718
33 973
34 179
35 236
35 603
35 626
35 672
35 678
35 684
35 913
36 176
36 460
36 519
36 564
36 623
37 269
37 551
37 804
38 231
38 609
38 708
38 788
38 960
39 106
39 312
39 367
39 588
39 655
39 978
40 67
40 309
40 557
41 246
41 300
41 400
41 440
41 546
42 123
42 302
42 763
42 773
43 74
43 350
43 646
43 811
44 720
44 740
44 775
45 73
45 174
45 481
46 52
46 110
46 136
47 333
47 740
48 201
48 270
48 330
48 341
48 413
48 550
48 936
49 540
49 678
49 902
49 978
50 63
50 183
50 394
50 745
50 993
51 91
51 181
51 525
51 778
52 174
52 302
52 591
53 305
53 621
53 863
54 131
54 394
54 398
55 279
56 212
56 333
56 380
56 640
56 897
57 531
57 985
58 310
58 797
58 830
58 885
58 897
59 149
59 775
59 850
59 851
60 160
60 181
60 209
60 299
60 704
60 802
60 912
61 64
61 528
61 761
62 107
62 143
62 174
62 452
62 992
63 437
63 697
63 700
64 285
64 488
64 771
64 803
64 844
64 906
65 492
65 534
65 893
66 141
66 158
66 488
66 592
67 455
67 680
68 179
68 483
68 657
68 715
69 529
69 582
69 700
69 761
70 194
70 655
70 741
71 285
71 385
71 481
72 305
72 306
72 410
72 886
73 156
73 194
73 762
73 791
73 935
73 970
74 426
74 448
74 555
74 749
74 820
75 223
75 371
75 437
76 95
76 382
76 521
76 588
77 90
77 558
78 333
78 479
78 635
78 830
79 427
79 440
79 780
79 886
80 171
80 247
80 296
80 344
81 258
81 267
81 861
81 913
81 932
82 596
83 264
83 323
83 668
84 536
84 555
84 598
84 919
85 324
86 248
86 585
86 675
86 873
87 125
87 552
87 557
87 724
88 292
88 409
88 566
88 718
88 936
89 404
89 435
89 501
89 550
89 651
90 231
90 591
90 684
90 786
90 932
91 661
91 749
92 533
92 729
92 783
93 176
93 764
93 880
93 990
94 384
94 809
94 896
95 366
95 478
95 623
96 934
97 263
97 433
97 459
97 972
98 270
98 367
98 727
99 194
99 553
100 434
100 601
100 676
101 208
101 366
101 391
101 496
101 663
102 504
102 627
102 646
103 133
103 499
103 652
103 789
103 790
103 897
103 904
103 983
104 316
104 802
105 331
105 859
106 150
106 290
106 565
106 578
106 592
106 994
107 306
107 611
107 960
108 251
108 274
108 439
109 590
110 276
111 230
111 328
111 358
111 394
111 476
111 644
111 841
111 899
112 300
112 335
112 412
112 620
112 710
113 134
113 635
114 169
114 240
114 547
114 994
115 605
115 632
116 382
116 842
116 904
117 355
117 480
117 504
117 640
117 693
118 281
118 573
119 122
119 289
119 791
120 336
120 365
120 461
120 696
120 824
121 158
121 246
121 253
121 334
122 280
122 375
122 376
122 740
123 354
123 543
123 546
123 802
123 849
124 330
124 504
124 563
125 131
125 290
125 603
125 970
126 620
126 844
127 128
127 304
127 414
127 661
127 806
127 978
128 192
128 262
128 284
128 541
129 304
129 375
129 411
129 434
129 541
129 910
130 217
130 764
130 864
131 346
131 487
131 747
132 141
132 182
132 391
132 903
133 380
133 416
133 763
133 916
133 936
134 373
134 483
134 492
135 202
135 445
135 761
135 972
136 617
136 803
136 871
137 229
137 355
137 629
138 189
138 645
138 712
138 741
138 822
139 482
139 507
139 659
139 898
140 310
140 418
140 657
140 719
140 934
141 310
141 419
141 617
141 826
142 315
142 320
142 826
143 309
143 407
143 998
144 840
145 440
145 474
145 577
146 218
146 494
146 860
146 867
147 159
147 188
147 525
147 641
147 850
148 528
148 758
148 841
148 947
149 420
149 550
149 576
149 598
150 465
150 628
150 913
150 977
150 995
151 742
152 188
152 339
152 404
152 595
152 701
152 738
153 259
153 642
154 311
154 751
155 445
155 508
156 344
156 643
156 796
156 878
157 366
157 621
158 519
158 770
158 828
158 951
159 238
159 374
160 552
160 555
160 742
160 919
161 180
161 275
161 348
161 495
162 326
163 422
163 424
163 661
163 955
164 742
164 929
165 372
165 599
165 722
165 932
165 975
166 254
166 417
166 472
166 596
166 931
167 610
167 710
168 523
168 708
169 215
169 417
169 541
169 544
169 581
169 725
170 191
170 444
170 676
170 790
171 342
171 445
171 814
172 392
172 442
172 570
172 991
173 423
173 453
173 596
173 847
173 930
174 560
174 641
174 660
174 678
174 822
174 916
175 444
175 597
175 833
176 543
176 639
176 730
177 187
177 764
177 935
178 463
178 735
179 502
179 818
180 258
180 908
181 243
181 560
181 822
181 834
182 184
182 366
182 964
182 983
182 996
183 385
183 777
183 849
184 238
185 649
185 686
185 981
186 414
187 508
187 521
187 546
187 826
188 245
188 694
189 897
190 407
190 498
190 598
191 286
191 342
191 349
191 406
191 513
191 855
191 874
192 411
192 574
192 647
193 291
193 663
193 750
193 879
194 340
194 712
195 884
196 478
196 676
197 397
197 598
197 709
197 843
198 404
198 446
199 341
199 384
199 587
200 907
201 285
201 423
201 888
201 978
202 618
202 687
202 727
203 978
204 434
204 511
204 540
204 545
204 661
205 221
205 399
205 425
205 645
206 268
206 512
206 835
207 279
208 223
208 320
208 788
208 829
208 986
210 274
211 810
211 842
211 987
212 377
212 402
212 547
212 685
212 724
212 960
212 979
213 219
213 267
213 425
213 798
214 670
214 922
215 320
216 361
216 645
216 795
216 904
217 258
217 665
217 807
217 879
218 486
218 801
218 808
218 835
219 238
219 481
219 715
220 323
220 698
220 903
221 491
222 251
222 959
223 761
223 867
224 294
224 649
224 781
224 882
224 914
224 935
225 396
225 593
226 250
226 358
226 490
226 724
226 733
226 857
226 969
227 251
227 286
227 826
227 886
228 460
228 741
229 295
229 427
229 560
230 381
230 471
231 467
231 590
231 794
232 249
232 688
232 802
232 914
233 347
234 394
234 549
234 612
234 979
235 557
235 715
235 896
235 942
236 567
236 996
237 410
237 741
238 255
238 496
238 502
238 518
238 865
239 311
239 795
240 592
240 615
240 778
240 816
241 509
241 618
241 829
241 951
242 329
242 611
242 629
243 302
243 349
243 724
244 864
244 881
244 997
245 656
246 439
246 443
246 671
246 869
247 775
247 814
248 332
248 722
248 876
249 353
249 631
249 728
249 790
250 349
250 712
252 483
253 291
253 976
254 688
254 757
254 893
255 532
255 785
255 795
256 548
256 673
256 741
256 785
256 848
256 857
257 279
258 519
258 606
259 662
259 784
260 301
260 530
260 661
261 801
262 295
262 406
262 448
262 687
262 957
263 336
264 478
264 689
264 701
264 712
264 904
265 270
265 310
265 337
265 340
265 396
265 403
265 491
266 292
266 336
267 375
267 856
267 912
268 602
268 683
268 751
268 774
268 818
268 968
270 703
270 726
271 351
271 383
271 655
271 685
271 744
272 722
272 852
272 932
273 439
273 548
273 690
273 743
273 846
274 413
274 709
274 866
274 879
274 961
275 684
275 830
276 432
276 733
277 493
277 550
278 325
278 407
278 456
278 614
279 326
279 414
279 524
279 897
279 939
280 769
281 705
281 746
281 760
281 923
282 309
282 359
282 409
282 902
283 490
283 584
283 714
284 452
284 515
285 301
285 393
285 425
285 561
285 694
286 311
286 638
287 540
287 630
287 635
287 805
288 597
288 606
288 645
288 667
289 378
290 748
290 887
291 621
291 762
291 777
292 453
292 729
292 756
292 845
292 918
293 347
293 884
294 363
295 378
295 788
296 658
296 725
297 349
297 414
297 809
297 936
298 554
298 564
299 646
299 680
300 436
300 833
301 722
301 839
302 776
302 880
303 326
303 355
303 424
303 527
304 523
304 734
304 940
305 393
305 872
305 957
305 979
305 999
306 503
306 667
306 810
307 992
308 325
308 463
308 546
309 592
309 639
309 807
309 871
310 415
310 665
310 832
311 375
311 389
311 529
312 352
312 465
312 588
312 800
312 992
313 419
313 548
313 944
314 394
314 736
314 807
315 539
316 627
317 338
317 412
318 754
318 757
318 930
319 500
319 623
319 955
320 619
320 747
321 382
321 658
321 880
322 762
322 836
322 922
323 372
323 717
323 923
324 390
324 574
324 762
324 823
327 343
327 533
328 664
328 869
328 879
330 869
330 900
331 497
331 500
331 603
333 434
333 638
334 663
334 995
335 635
336 465
336 628
336 675
336 872
336 994
337 347
337 719
337 986
338 373
338 414
338 574
338 676
338 695
338 703
338 881
339 406
339 494
339 510
339 515
339 646
340 618
340 691
340 765
341 385
341 466
341 527
341 738
341 843
341 872
341 933
343 423
343 552
343 988
344 423
344 428
344 542
345 394
345 485
345 512
345 919
345 991
346 357
346 483
346 581
346 944
347 395
347 853
347 958
348 411
348 450
348 608
348 818
348 942
349 452
349 615
350 482
350 659
350 709
351 656
352 470
353 707
353 745
353 831
354 451
354 505
354 875
355 673
356 521
356 674
357 624
357 732
358 468
358 512
358 740
358 806
358 894
358 951
358 958
359 607
359 697
360 394
360 494
360 607
360 920
361 457
361 936
362 669
362 958
362 963
363 943
364 698
364 889
365 631
365 702
366 468
366 525
366 719
367 417
367 692
368 732
368 970
369 719
369 797
369 921
370 467
370 595
371 772
371 944
372 509
372 922
372 952
373 479
373 644
373 656
373 703
375 564
375 670
375 761
375 811
376 859
377 674
377 827
378 646
378 672
379 515
379 619
379 721
379 815
379 946
379 948
380 701
381 433
381 625
381 698
381 915
381 925
381 950
382 449
382 582
382 949
383 836
383 854
383 933
383 995
384 458
384 548
384 903
384 935
384 942
384 973
385 421
385 597
385 972
386 439
386 628
387 672
387 831
387 921
387 944
387 960
388 536
388 753
388 863
389 575
389 777
390 431
390 927
391 573
391 596
392 739
392 840
392 873
392 922
393 713
393 984
394 627
395 442
395 537
395 580
396 580
396 598
396 602
396 676
396 704
396 741
397 599
397 834
398 839
399 588
399 659
399 747
400 499
400 542
400 906
400 995
401 492
401 529
402 723
402 771
402 906
403 609
403 871
403 899
403 959
404 417
404 556
404 681
404 739
404 848
404 944
405 461
405 473
405 500
405 610
405 975
406 623
407 490
407 663
407 820
407 977
407 986
408 549
408 700
408 826
408 863
409 753
410 759
410 823
411 673
411 700
412 814
412 858
413 777
414 687
414 777
415 555
415 752
416 457
416 568
417 629
418 431
418 502
418 929
419 615
419 914
419 956
420 608
420 632
420 659
422 726
422 755
423 453
423 580
423 650
425 507
426 742
426 803
426 886
428 999
429 444
429 557
429 808
430 433
430 685
430 715
430 802
430 820
431 668
432 559
432 883
433 613
434 728
434 963
434 970
435 498
435 701
436 629
437 639
437 918
438 457
438 498
438 768
440 791
441 672
441 830
442 530
442 582
443 531
443 822
443 853
445 842
445 991
446 617
446 626
446 916
447 775
447 866
447 890
447 934
448 452
448 853
448 868
448 881
449 533
450 465
450 520
450 599
450 842
450 969
451 468
451 493
451 580
453 461
453 614
454 552
454 735
454 909
455 719
455 765
456 514
456 615
457 663
457 829
458 622
458 651
459 665
459 704
459 787
459 899
460 751
461 474
461 677
461 750
461 851
461 973
462 466
462 680
463 853
464 717
464 918
464 925
464 977
465 572
465 595
465 643
465 845
466 821
467 530
467 679
467 916
467 920
468 770
468 831
469 470
469 943
470 651
470 818
470 974
471 593
471 624
472 616
472 625
472 770
472 937
473 948
474 723
475 619
475 752
475 831
475 869
477 603
477 706
477 710
477 970
477 981
478 647
478 655
478 679
478 787
478 911
478 944
479 949
479 975
480 722
481 736
481 962
482 695
482 823
483 769
484 787
485 637
485 861
485 903
485 932
488 738
489 564
490 534
490 543
490 719
491 822
492 558
492 834
493 673
493 736
493 892
493 935
493 981
494 619
495 607
495 792
495 985
496 502
497 646
497 682
497 798
498 693
498 840
499 689
499 738
499 885
499 901
499 911
501 627
502 816
502 937
503 905
504 599
504 600
504 698
504 935
505 639
505 749
506 550
506 640
506 860
506 876
507 631
507 919
508 896
509 576
509 578
509 612
510 906
511 568
511 831
512 728
512 848
513 544
513 775
513 881
514 839
515 530
515 910
516 933
517 816
518 840
520 533
520 677
521 781
522 525
522 784
523 706
524 677
524 680
524 781
524 812
524 906
524 919
524 989
525 555
526 557
526 776
526 921
527 763
528 647
528 751
528 768
528 807
530 946
530 998
531 787
531 832
531 948
532 717
533 622
533 859
535 737
535 821
537 626
537 860
537 972
538 609
539 896
540 719
541 793
541 800
541 917
542 785
542 925
543 605
543 687
543 747
544 579
545 739
545 773
546 583
546 679
546 689
547 780
549 660
549 839
550 552
551 610
551 643
551 913
552 732
553 804
553 997
554 727
555 995
556 673
556 834
557 692
557 778
557 838
557 895
558 711
558 742
559 639
559 817
559 851
559 947
559 995
560 913
561 572
561 799
561 846
561 969
562 600
564 782
564 802
564 929
565 643
565 845
566 910
567 625
567 739
568 725
569 915
569 994
570 578
570 783
571 657
571 787
571 821
571 986
572 975
573 859
574 672
574 678
574 919
576 740
577 875
577 917
578 603
578 692
578 767
578 990
579 639
579 767
580 781
582 694
582 995
583 732
584 930
585 752
586 773
586 908
587 700
588 683
588 794
589 728
590 933
591 855
592 782
592 910
592 997
593 615
593 811
593 899
593 999
594 726
594 857
594 950
595 599
595 603
596 614
597 724
598 969
599 685
599 862
600 805
601 618
601 654
601 843
602 851
602 990
603 786
604 669
604 748
604 757
604 921
605 713
605 760
605 866
606 817
606 818
606 829
606 839
606 974
607 826
608 647
609 664
609 846
611 969
611 993
613 861
614 903
614 910
615 687
615 702
615 721
615 963
616 851
617 634
618 657
618 717
620 653
620 671
620 926
622 930
624 662
624 876
625 725
625 801
626 968
627 901
627 959
628 879
629 792
630 774
632 788
633 858
635 870
635 920
636 884
637 987
638 656
639 716
639 811
639 830
641 953
641 965
642 703
642 789
644 823
645 873
646 871
647 657
647 711
648 679
649 770
649 892
649 911
649 975
650 993
651 743
652 702
654 925
655 808
656 710
656 774
656 864
657 895
661 739
661 820
661 902
661 958
661 990
662 934
663 722
665 842
665 859
665 973
666 965
666 975
667 923
668 891
669 715
669 816
670 771
674 829
674 832
675 681
675 709
675 876
677 847
677 945
680 759
681 858
682 768
683 740
687 692
688 736
689 820
691 809
691 925
692 712
692 967
694 951
695 714
695 734
695 919
696 758
696 891
696 934
696 991
698 825
698 873
699 733
699 816
700 827
701 927
702 901
702 946
703 813
703 982
704 854
705 964
708 767
710 886
711 859
711 882
711 998
713 781
713 968
715 861
716 867
716 975
716 989
717 973
718 778
718 922
719 895
720 822
721 909
721 923
722 753
722 964
724 746
724 797
725 891
726 916
727 951
728 950
729 848
729 969
731 894
731 962
733 851
737 980
740 857
740 920
740 924
740 996
741 817
741 934
743 870
743 945
743 968
744 912
745 790
746 962
747 764
752 801
753 877
753 953
753 971
754 860
754 920
755 756
758 825
761 767
761 837
762 991
765 938
766 957
768 858
768 943
769 786
770 838
770 898
773 942
774 868
774 913
776 901
779 981
780 783
781 910
782 962
783 800
783 926
787 825
787 866
788 888
788 940
789 809
790 897
790 898
790 935
791 868
792 912
797 878
797 945
801 808
801 888
801 901
803 962
804 969
806 885
806 930
809 908
810 837
811 833
812 882
813 972
818 912
818 937
819 914
819 938
820 846
822 983
823 889
823 926
826 888
840 903
840 950
844 851
845 851
845 857
845 893
846 931
848 875
849 987
850 970
856 880
856 907
860 878
860 913
860 944
862 961
862 963
863 934
865 929
865 970
869 873
875 894
879 994
880 884
880 928
882 988
887 888
888 952
892 939
892 954
899 908
909 952
912 956
914 941
914 950
917 954
920 981
924 972
934 938
946 955
956 969
966 973
971 989
987 996
0
10 999
