1000	1965	 1
0 120
0 208
1 79
1 554
1 555
2 117
2 601
2 833
2 997
3 163
3 717
3 754
4 247
4 670
4 971
5 18
5 113
5 406
5 910
6 260
6 351
6 413
6 527
7 368
7 370
8 60
9 287
9 318
9 626
10 117
10 257
10 295
10 536
10 555
11 238
11 986
12 154
12 261
12 662
13 293
13 506
13 846
14 53
14 617
15 173
15 427
15 599
15 679
16 447
17 155
17 160
17 349
17 564
17 601
18 347
18 589
18 600
18 736
19 377
19 474
19 785
20 933
20 946
20 952
21 272
21 405
21 593
22 370
23 75
23 102
23 229
23 243
23 651
24 262
24 315
24 437
24 822
24 978
25 43
25 115
25 145
25 192
25 203
25 610
26 211
26 655
26 877
26 885
26 966
26 970
27 174
27 211
27 597
27 611
27 859
28 502
28 695
29 80
29 535
29 984
30 43
30 653
31 239
31 694
31 920
31 948
32 185
32 208
32 536
32 668
32 738
32 746
33 116
33 431
33 536
33 777
34 767
34 778
34 876
35 294
35 349
35 793
36 61
36 95
36 670
36 724
36 961
37 281
38 175
38 248
38 316
38 429
38 516
38 732
39 522
39 739
40 49
40 115
40 442
40 723
41 111
41 453
41 682
41 878
42 846
43 53
43 136
43 790
44 176
44 203
44 484
44 888
45 448
45 998
46 265
46 331
46 535
46 788
46 909
47 49
47 211
47 252
47 565
47 615
48 157
48 865
50 218
50 292
50 611
50 679
50 899
51 471
52 931
53 614
53 961
53 987
54 210
54 310
54 498
54 650
54 909
54 991
55 108
55 219
55 289
55 537
55 738
56 495
56 608
56 682
56 685
56 714
57 167
57 227
57 435
57 450
57 743
57 763
58 234
58 506
59 121
59 576
59 704
60 93
60 443
60 471
60 514
60 521
60 535
60 781
60 848
61 99
61 304
62 793
63 67
63 662
64 147
64 155
65 665
65 854
65 946
66 300
66 563
66 581
66 637
66 707
66 820
66 828
67 80
67 133
67 155
67 326
68 517
68 606
68 719
68 743
68 801
69 427
69 450
69 970
70 199
70 257
70 365
70 409
70 669
70 763
71 104
71 471
71 532
71 936
72 351
73 609
73 701
73 896
74 83
74 970
75 102
75 132
75 920
76 274
76 310
76 596
77 272
77 363
77 377
77 704
77 758
78 285
78 439
79 335
79 626
79 811
79 854
80 513
81 515
81 526
81 855
81 979
82 149
82 367
82 517
82 528
83 194
83 595
83 642
83 717
83 732
84 403
84 536
84 755
84 867
85 530
85 734
86 101
86 126
86 723
87 204
87 247
87 504
87 808
87 887
88 289
88 636
88 986
89 126
89 337
90 266
90 598
90 727
91 321
91 490
91 757
92 551
92 649
92 661
92 759
92 914
93 350
93 852
93 925
93 995
94 447
94 555
94 843
95 249
95 268
95 611
95 637
95 750
96 324
97 523
97 548
97 609
97 773
97 893
98 175
98 235
98 299
98 305
98 425
98 471
98 923
99 273
99 334
99 576
99 803
100 520
100 528
100 740
100 825
101 944
101 952
102 130
102 861
103 170
103 611
103 627
104 422
104 634
104 644
105 118
105 385
105 726
105 842
106 181
106 353
106 900
107 167
107 399
107 699
107 852
108 362
108 420
108 634
108 816
109 203
109 628
109 782
109 822
110 482
110 560
110 671
110 946
110 951
111 192
111 525
111 607
111 892
112 224
112 425
112 686
112 739
113 257
113 499
113 861
114 261
114 359
114 393
114 600
114 783
115 242
115 892
115 985
116 405
116 486
116 586
116 647
117 602
117 615
117 941
118 152
118 346
118 919
118 938
119 263
119 355
119 641
120 142
120 283
120 504
120 610
120 952
120 959
121 324
121 904
122 127
122 174
122 248
122 323
122 450
122 558
122 986
123 539
123 621
123 846
124 342
124 348
124 362
124 370
124 640
125 223
125 292
125 635
125 719
126 218
126 243
126 383
126 386
126 640
128 179
128 211
128 581
128 585
128 587
128 945
129 396
129 447
129 485
130 497
130 708
131 458
131 476
131 649
131 720
131 820
132 177
132 801
132 809
132 991
133 385
133 451
134 358
134 367
134 479
134 673
135 187
135 285
135 287
135 501
135 535
135 913
137 367
137 709
138 690
138 795
138 926
139 278
139 453
139 687
140 417
140 900
141 157
141 476
141 660
141 686
142 556
142 950
142 963
143 646
143 674
143 700
143 746
144 353
144 458
144 488
144 547
144 560
144 579
145 250
145 934
146 190
146 669
146 868
146 961
147 331
147 440
147 534
147 899
147 909
147 952
148 653
148 793
149 200
149 294
149 428
149 602
149 935
150 462
150 838
150 889
150 910
151 352
151 398
151 434
151 766
152 386
152 715
152 747
152 766
153 428
153 957
154 676
154 914
155 744
155 884
156 813
156 898
157 396
157 755
158 389
158 495
159 402
159 919
159 980
160 518
160 531
160 554
160 945
161 244
161 373
161 397
161 995
162 315
162 449
162 561
162 580
162 728
163 663
163 947
164 319
164 660
164 791
165 505
165 705
165 787
166 439
166 658
166 908
167 254
167 756
167 888
168 348
168 684
168 711
168 921
168 953
169 327
169 746
169 929
169 968
170 769
170 928
171 244
171 366
171 707
172 304
172 421
172 632
173 576
173 631
173 708
173 823
174 472
174 616
175 224
175 322
175 465
175 471
175 644
175 735
175 838
175 919
176 237
176 529
176 585
176 761
176 877
177 854
178 306
178 357
178 364
179 324
179 612
179 741
180 473
180 660
180 874
180 932
180 941
181 629
181 713
182 432
182 454
182 569
183 655
183 934
184 379
184 513
184 744
185 282
185 550
185 594
185 659
185 799
185 959
186 736
186 870
186 913
187 395
187 617
187 752
187 956
188 688
188 839
188 964
189 455
190 274
190 407
190 461
190 512
190 560
190 698
190 774
191 303
191 572
192 536
192 934
193 366
193 527
193 769
193 936
194 510
194 854
195 468
195 737
195 743
195 795
195 899
195 991
196 398
196 510
196 845
197 207
197 387
197 456
197 774
198 300
198 976
199 573
199 670
199 720
200 455
200 822
200 843
201 358
201 557
201 770
202 431
202 511
203 991
204 243
204 302
204 627
205 688
205 914
206 304
206 733
206 791
207 359
207 470
207 556
207 893
208 456
208 480
208 702
209 322
209 559
209 740
210 219
210 606
210 915
211 297
211 475
211 531
212 373
212 388
212 439
212 443
212 658
212 819
212 953
213 322
214 414
214 593
214 902
215 300
215 386
215 505
215 686
215 722
215 905
216 449
216 641
216 666
216 886
217 455
217 866
217 867
218 303
218 369
218 592
218 780
219 342
219 751
219 856
220 262
220 606
220 610
220 634
220 678
220 792
220 825
220 862
220 905
221 647
221 648
221 731
222 442
222 596
222 667
223 383
223 488
223 657
223 674
223 835
223 890
225 272
225 317
225 468
225 706
226 871
227 378
227 523
227 659
227 983
228 281
228 458
228 661
229 422
229 635
229 859
230 276
230 280
231 397
231 500
231 593
231 602
231 876
232 581
232 715
232 812
232 821
233 675
234 348
234 689
234 738
235 798
235 939
236 329
236 391
236 705
237 389
237 487
237 661
237 849
238 350
238 523
239 464
240 441
240 461
240 551
240 709
240 819
240 937
241 610
241 712
242 929
244 490
245 303
245 325
245 640
245 687
245 708
245 916
246 423
246 476
246 931
247 421
247 960
248 422
248 620
248 738
249 397
249 838
250 685
250 762
251 582
251 980
252 279
252 410
252 496
253 667
253 811
254 510
254 712
255 578
255 685
255 907
256 280
256 352
256 399
256 727
257 352
257 404
257 493
257 534
257 691
257 783
257 801
258 634
258 887
259 887
260 305
260 547
260 576
260 596
260 720
261 804
261 823
262 414
262 508
262 937
263 347
263 393
263 442
263 626
263 634
264 402
264 518
264 729
264 789
264 903
264 911
264 953
265 270
265 311
265 779
266 337
266 347
266 482
266 550
267 476
267 724
268 423
268 465
268 582
268 648
268 988
269 333
269 651
269 878
269 917
270 402
270 477
270 483
271 290
271 476
272 500
273 298
273 545
273 586
274 466
274 589
274 627
275 939
275 943
276 677
277 446
277 451
277 692
277 858
277 938
278 288
278 293
278 773
278 842
279 898
280 297
280 358
281 288
281 300
281 314
281 331
281 582
281 733
282 433
282 477
282 494
282 507
282 842
282 931
283 587
283 711
284 318
284 435
284 876
285 428
285 566
285 627
286 697
286 824
287 364
287 460
287 726
287 728
288 591
288 594
288 955
289 311
289 927
290 691
290 700
290 764
290 946
291 344
291 439
291 598
291 815
291 853
292 320
292 608
292 886
292 892
292 959
295 422
295 500
295 625
295 674
295 998
296 337
296 349
297 594
297 621
297 757
298 306
298 424
298 772
299 752
300 374
300 652
300 831
300 838
301 456
301 483
301 574
301 702
301 881
302 685
302 817
303 347
303 554
304 421
304 561
304 578
304 654
304 757
304 865
304 976
305 545
305 610
305 910
306 351
306 677
306 831
307 348
307 672
307 771
308 491
308 992
309 465
309 708
309 819
309 940
310 316
311 472
311 737
312 440
312 520
313 386
313 495
313 595
313 741
313 830
314 703
314 961
315 402
315 680
315 814
316 356
316 570
316 682
316 797
316 976
317 487
317 777
317 784
318 713
318 720
319 423
319 957
320 325
320 388
320 439
320 575
321 403
321 465
321 985
322 430
322 588
322 779
323 671
324 342
324 492
324 505
325 443
325 851
326 423
326 641
326 680
326 778
326 831
327 602
327 773
328 409
328 451
328 639
328 678
328 694
329 351
329 600
329 725
329 858
330 439
330 679
330 890
331 919
332 758
332 800
333 408
333 532
333 729
334 455
334 526
334 676
334 868
335 920
336 811
336 933
337 641
338 439
338 471
339 472
339 665
340 496
340 539
340 726
340 794
341 662
341 792
341 957
341 982
342 385
342 449
342 554
342 830
342 930
342 988
343 606
344 468
345 378
345 384
345 510
346 586
346 803
346 813
347 545
347 601
348 366
348 396
348 769
349 480
351 710
351 839
353 618
353 730
353 827
354 416
354 426
354 562
354 764
354 834
355 527
355 785
355 805
355 963
356 495
356 595
356 886
357 397
357 454
357 950
357 999
358 538
358 638
358 721
358 863
359 609
360 902
361 576
362 603
362 664
362 941
363 397
363 415
363 562
363 792
363 841
364 920
365 659
365 830
365 878
366 765
366 952
367 506
367 684
367 860
368 666
368 874
368 969
369 395
369 671
369 897
370 394
370 473
370 684
370 785
370 793
371 650
371 653
371 654
372 420
372 421
373 523
373 613
373 630
373 799
374 381
374 453
374 490
374 538
374 637
374 845
375 419
375 620
375 801
375 876
376 467
376 653
376 661
377 448
377 590
378 427
378 806
379 689
380 690
381 438
381 709
381 881
381 934
382 583
382 832
382 933
383 408
383 586
383 609
384 680
387 775
387 853
388 416
388 957
389 411
390 622
390 979
391 568
391 597
391 610
391 990
392 526
393 437
393 449
393 467
394 703
394 965
395 716
395 747
396 855
397 598
397 638
397 645
398 447
399 529
399 620
400 409
400 804
401 981
402 404
402 493
402 562
402 950
403 485
403 939
404 459
404 542
404 712
404 909
405 781
406 826
407 649
408 540
408 967
409 522
409 976
409 986
410 586
410 825
410 936
412 744
412 762
413 628
413 750
414 899
415 610
416 572
416 584
416 664
416 931
416 979
417 451
418 454
418 726
418 788
418 975
419 549
419 786
419 809
420 438
420 676
421 461
421 552
421 783
421 881
422 675
422 758
422 957
423 578
423 974
424 626
424 970
425 436
425 486
425 825
426 575
426 727
427 574
428 677
428 805
430 670
430 954
431 484
432 443
432 960
433 471
433 542
433 756
434 441
434 627
434 901
435 642
436 446
437 466
437 616
437 645
438 488
438 706
438 772
439 962
440 643
440 808
441 823
442 478
442 611
442 821
443 777
443 891
444 446
444 741
444 862
444 874
445 601
446 560
446 739
448 629
448 785
449 687
449 949
450 537
450 727
451 861
451 874
451 935
452 816
452 871
452 879
453 714
454 862
455 541
456 494
456 601
456 607
456 738
456 913
457 572
457 700
458 518
459 477
459 755
459 831
459 854
460 502
460 952
463 519
463 624
463 763
463 845
464 610
466 478
466 645
467 545
468 829
468 875
469 991
470 599
470 933
472 693
472 702
473 750
473 887
473 931
474 570
474 740
474 929
475 502
475 527
476 540
476 575
477 565
478 937
479 482
479 691
480 809
480 823
480 916
481 688
481 908
482 615
482 797
483 510
483 714
483 912
484 500
484 556
484 563
485 794
488 501
488 502
488 713
489 673
489 929
491 701
491 907
492 503
492 767
493 619
493 926
494 778
495 687
495 865
495 871
496 780
496 944
497 534
497 666
497 674
497 883
497 975
498 567
498 800
498 825
499 756
499 828
502 554
502 561
502 677
502 681
502 930
503 694
503 741
503 953
504 534
504 888
505 855
506 530
506 600
506 732
506 750
508 602
509 624
510 983
511 554
511 592
512 610
512 638
512 770
512 781
513 515
513 540
513 976
513 979
515 609
515 702
515 748
516 651
517 986
518 619
519 820
520 558
520 769
520 850
520 993
521 734
521 789
521 847
521 941
522 666
522 882
522 972
523 677
524 881
525 867
526 533
526 660
526 791
526 967
527 570
527 641
528 577
528 624
528 893
529 717
529 797
529 894
530 558
531 573
531 705
532 568
532 641
533 569
533 740
533 981
533 993
534 672
534 775
535 765
535 809
535 925
536 614
536 678
537 606
538 880
539 707
540 997
541 810
541 874
543 655
543 682
543 763
543 785
543 819
543 922
543 960
544 885
545 719
545 806
546 618
546 865
547 843
547 851
548 734
548 961
549 898
550 826
551 581
552 594
552 769
553 582
555 579
555 877
556 811
556 962
557 583
557 605
557 840
558 815
558 901
558 903
558 923
559 691
559 763
559 796
560 896
561 943
562 588
563 564
563 595
563 621
563 622
563 851
565 814
565 855
566 897
566 939
567 751
568 632
568 688
568 742
569 872
569 957
570 982
571 636
571 851
571 943
573 749
573 977
574 712
574 754
574 805
575 604
575 954
576 631
576 941
578 805
579 757
581 660
581 923
582 965
583 584
584 804
586 671
586 755
587 656
587 724
587 766
587 779
587 822
587 969
588 657
588 711
589 672
589 809
589 938
589 993
590 756
591 613
591 624
592 609
592 906
593 645
593 840
593 845
594 697
594 750
595 909
595 943
595 968
598 626
598 743
598 758
598 767
598 839
599 699
600 834
600 957
601 603
601 837
603 845
603 963
604 685
604 926
605 819
605 866
607 765
608 804
608 826
609 727
609 869
610 623
613 620
613 726
613 856
614 618
614 704
615 871
617 951
617 969
618 777
619 682
619 696
620 631
620 793
620 897
621 792
621 931
622 873
622 911
622 992
623 743
623 980
625 776
625 793
625 805
626 901
628 683
628 729
628 811
630 767
631 679
631 790
632 677
632 683
632 741
633 697
633 728
634 653
634 728
634 937
635 947
635 990
639 857
639 929
639 948
639 980
640 656
640 933
644 818
644 886
645 650
646 726
646 732
648 779
651 672
651 844
653 788
653 810
653 908
656 716
656 854
657 870
658 702
658 909
659 719
660 695
660 887
660 937
661 984
662 894
664 804
665 974
666 926
667 679
667 705
667 952
669 824
669 887
674 683
674 830
675 816
675 820
675 906
676 733
677 942
678 802
680 793
680 916
680 987
681 819
683 723
683 886
684 924
684 973
685 737
685 814
686 768
687 735
687 825
687 888
688 846
689 690
689 763
690 838
690 936
690 999
691 836
692 724
692 746
693 747
693 917
694 973
696 773
697 797
697 965
698 763
698 913
699 970
700 815
700 903
700 911
700 939
701 711
701 821
701 828
702 761
702 855
702 904
703 766
703 860
704 958
705 842
706 948
707 817
708 872
708 895
710 971
711 746
711 995
712 717
712 718
712 898
715 805
715 810
715 955
716 826
716 960
717 932
718 851
719 811
721 762
721 763
723 799
724 824
724 832
725 807
725 986
726 756
729 860
730 736
730 879
730 882
730 891
731 870
731 899
733 960
734 969
735 769
735 781
735 956
735 980
736 990
737 846
737 963
738 961
739 803
739 989
740 870
740 877
740 940
740 955
741 901
741 922
741 941
743 904
745 827
746 884
749 841
750 910
753 766
753 983
756 840
756 856
757 795
758 819
759 854
759 915
760 960
762 771
762 883
762 958
763 821
764 986
765 795
767 801
767 960
769 890
773 788
773 832
773 840
774 987
776 980
777 823
780 921
781 943
783 984
784 802
785 853
786 852
787 941
788 913
788 990
789 858
792 835
792 925
795 962
797 966
798 863
798 878
800 840
801 837
801 972
802 834
803 978
804 842
805 864
805 870
807 869
810 850
810 952
810 974
812 816
813 866
813 924
815 817
817 893
818 916
830 870
836 913
837 946
837 960
839 872
840 996
847 922
848 890
848 957
849 895
849 971
853 928
854 918
854 985
855 997
856 876
856 918
857 929
857 991
859 983
865 873
865 946
866 905
875 902
875 914
876 999
877 977
883 957
888 964
889 975
894 994
896 927
900 970
904 909
906 938
909 917
909 981
914 945
919 944
921 953
923 968
923 991
924 949
930 990
938 986
940 978
945 976
959 996
961 991
964 978
967 971
981 983
985 987
0
10 999
