1000	2049	 1
0 3
0 69
0 154
0 198
0 281
0 905
1 176
1 275
1 805
2 225
2 613
2 737
2 808
2 968
3 25
3 56
3 200
3 566
3 574
4 405
4 785
5 81
5 833
5 889
5 967
6 10
6 58
6 308
6 466
6 804
6 959
7 232
7 568
7 766
8 400
8 470
8 898
9 105
9 673
9 847
9 943
10 109
10 329
10 952
11 48
11 278
11 328
11 578
11 954
12 371
12 423
12 860
13 191
13 479
13 680
13 857
13 877
14 153
14 214
14 407
14 725
14 784
14 906
14 989
15 671
15 727
15 802
16 639
17 383
17 784
17 843
17 928
18 320
18 327
18 462
18 728
18 883
19 182
19 397
19 466
19 971
20 582
20 729
20 744
21 236
21 349
21 422
21 533
21 738
21 821
22 41
22 232
22 525
22 633
22 941
23 458
23 512
23 675
23 696
23 746
23 774
24 675
24 874
25 562
25 572
25 673
25 780
26 409
26 647
26 823
27 340
27 579
27 656
28 352
28 438
28 457
28 576
29 477
29 579
29 780
30 319
30 448
30 489
31 276
31 550
31 561
31 710
31 869
31 965
32 721
32 743
32 846
32 923
33 996
34 448
34 769
35 166
35 204
35 790
35 860
35 903
35 949
35 979
36 182
36 541
36 849
37 47
37 103
37 126
37 522
37 543
37 740
38 599
38 602
38 965
39 43
39 199
39 269
39 584
40 151
40 355
40 510
40 739
41 45
41 56
41 250
41 332
42 106
42 312
42 451
42 571
42 621
42 734
42 747
42 770
43 651
43 702
43 981
44 141
44 176
44 418
45 330
45 384
45 412
45 743
45 816
45 854
46 259
47 402
47 417
47 505
47 655
48 434
48 535
48 756
48 951
48 990
49 217
49 322
49 503
49 733
49 820
49 886
50 307
50 392
50 399
50 641
50 681
50 817
50 969
51 227
51 669
51 701
51 723
52 176
52 179
52 791
52 827
53 136
53 206
53 799
53 872
54 294
54 657
55 295
55 315
55 803
56 389
56 440
56 592
56 668
57 211
57 274
57 539
57 640
57 863
57 902
57 978
58 120
58 518
59 155
59 436
59 560
60 118
60 324
60 341
60 454
60 591
60 635
60 641
60 745
61 403
61 413
61 624
62 233
62 296
62 432
62 534
62 958
62 972
63 433
64 206
64 503
64 802
65 386
66 69
66 310
66 967
67 181
67 216
67 479
67 634
67 711
67 849
67 998
68 251
68 332
68 519
68 557
68 619
69 141
69 651
69 769
69 809
70 168
70 805
70 991
71 826
71 879
71 899
72 102
72 485
72 522
72 808
73 185
73 492
73 548
73 567
73 873
73 976
74 391
74 440
74 675
74 686
74 832
75 454
75 561
75 682
76 141
76 239
76 301
76 444
76 961
77 142
78 779
78 992
79 145
79 413
79 898
79 903
80 196
80 426
80 781
81 280
81 361
81 525
82 235
82 458
83 252
83 364
83 374
83 497
83 809
84 127
84 326
84 372
84 444
84 479
84 866
85 207
85 742
85 970
86 267
86 505
86 683
86 892
86 935
87 341
87 458
87 790
88 129
88 633
88 770
88 836
88 914
89 110
89 446
89 617
90 91
90 216
90 486
91 95
91 490
91 664
91 793
92 250
92 266
92 564
93 403
93 437
93 512
93 778
93 964
93 997
94 233
94 576
94 675
95 413
95 530
95 803
96 274
96 360
96 614
97 108
97 319
97 578
97 936
97 956
98 957
99 497
99 647
99 683
100 115
100 141
100 147
100 690
100 775
100 929
101 209
101 323
101 351
101 732
102 220
102 337
103 147
103 395
104 222
104 277
104 336
104 466
104 673
104 774
104 887
104 941
105 256
105 564
106 252
106 743
107 439
107 458
108 124
108 132
108 219
108 355
108 609
109 245
109 661
109 855
110 216
110 386
110 544
111 114
111 261
111 299
111 504
111 746
111 902
111 914
112 228
112 353
112 403
112 421
112 453
112 595
113 517
113 602
113 708
114 267
114 443
114 910
115 693
116 145
116 435
116 578
116 792
116 947
117 229
117 396
118 237
118 315
118 335
118 562
118 844
119 160
119 555
119 573
119 579
120 386
120 703
121 439
121 635
121 863
122 325
122 704
122 763
122 893
122 903
123 233
124 477
124 606
124 661
124 950
125 216
125 420
125 832
126 236
126 343
127 347
127 545
127 609
127 915
128 365
128 523
128 803
128 946
129 266
129 351
129 610
129 617
129 763
129 895
130 161
130 277
130 284
130 368
130 431
130 433
131 237
131 740
131 825
132 164
132 207
132 630
132 764
133 380
133 711
133 822
134 830
134 906
134 958
135 164
135 446
135 496
135 531
135 684
135 820
136 185
136 188
136 619
136 756
136 895
137 441
137 669
137 836
138 541
138 636
138 748
138 902
139 294
139 577
139 701
139 888
139 920
139 945
140 575
141 827
141 855
141 960
142 497
142 651
143 149
143 218
143 565
143 619
143 699
143 942
144 162
144 354
144 786
145 260
145 282
145 725
145 867
146 390
146 535
146 834
146 998
147 282
147 288
147 576
147 783
148 405
149 323
149 524
149 656
150 177
150 822
151 226
151 685
151 713
151 827
151 897
152 475
152 553
152 633
152 834
153 287
153 751
153 993
154 708
155 351
155 411
155 457
155 704
155 820
156 386
156 411
156 898
157 306
158 219
158 422
158 442
158 918
159 203
159 681
159 961
160 179
160 518
160 615
160 689
160 709
161 195
161 555
161 632
161 713
161 924
162 422
162 818
163 329
163 380
163 483
163 493
163 936
164 526
164 727
165 380
165 801
166 288
166 600
166 706
167 262
167 447
167 868
168 477
168 715
168 763
169 252
169 286
169 393
169 450
169 484
169 832
169 909
169 969
170 200
170 239
170 439
170 777
170 881
171 290
171 410
171 469
171 636
171 771
172 634
172 636
172 722
172 902
173 193
173 325
173 668
173 739
173 904
174 309
174 488
174 503
174 541
174 601
174 673
174 727
174 781
174 855
174 922
175 284
175 475
175 873
175 987
176 240
176 409
176 429
176 811
177 720
177 762
177 867
177 946
177 959
177 980
178 595
179 326
179 749
179 960
180 783
180 792
180 975
181 831
182 442
182 456
182 549
183 533
183 744
183 800
184 273
184 292
184 675
185 276
185 281
186 539
186 790
187 987
188 509
188 961
189 386
189 540
190 586
190 867
191 348
191 481
192 385
192 665
193 266
193 370
193 685
193 723
194 321
194 609
194 756
194 813
194 926
195 512
195 665
196 669
196 676
196 963
197 548
197 790
197 867
197 883
197 903
198 372
198 616
198 798
199 564
199 852
200 496
201 809
201 834
202 622
202 753
202 959
203 418
203 482
203 924
204 234
204 460
204 507
204 704
204 745
204 755
204 760
205 285
205 344
205 549
205 626
205 897
205 907
206 221
206 627
206 843
206 957
207 906
208 232
208 559
208 727
208 900
208 925
208 933
209 326
209 327
209 350
209 425
209 455
209 678
209 990
210 252
210 873
211 561
211 590
211 803
211 819
211 916
212 356
212 574
213 445
213 691
214 620
214 683
215 618
215 717
215 940
216 537
216 633
217 241
217 296
217 332
217 437
217 536
217 803
218 548
218 595
218 924
219 518
219 847
220 301
220 314
220 437
220 691
220 928
221 661
221 955
222 241
222 613
222 622
223 252
223 587
223 779
223 834
224 323
224 592
224 684
224 957
225 248
225 547
225 702
225 907
225 931
225 969
226 239
226 311
226 338
226 356
226 646
227 302
227 791
228 268
228 296
228 311
228 428
228 631
229 577
229 586
229 623
230 267
230 289
230 567
230 619
231 624
231 756
232 733
233 256
233 284
233 955
234 313
234 384
234 478
234 495
235 487
235 964
236 428
236 706
237 253
237 687
237 782
238 290
238 355
238 410
238 600
239 423
239 591
239 641
239 934
240 474
241 558
241 651
241 662
241 668
242 485
242 587
243 530
244 347
244 518
245 545
245 627
245 897
246 275
246 531
246 701
246 704
246 833
247 386
247 408
247 939
248 303
248 326
248 736
249 619
249 921
249 958
250 307
250 675
251 375
251 591
251 816
252 881
253 396
253 730
254 471
254 496
254 598
254 966
254 986
255 524
255 560
255 601
256 533
256 756
257 260
257 507
258 281
258 453
259 316
259 342
259 470
259 586
259 697
259 742
259 748
260 265
260 563
260 664
260 893
261 278
261 638
261 925
262 555
262 610
263 305
263 476
263 730
264 440
264 543
264 618
265 682
265 752
265 816
265 975
266 327
266 715
268 635
268 692
268 845
269 367
269 370
269 727
270 309
270 357
270 761
270 981
271 380
271 821
272 588
272 706
272 718
272 864
273 638
273 745
273 970
274 289
274 496
274 657
275 315
275 348
275 534
276 394
276 506
276 634
277 308
277 750
277 762
277 842
277 976
278 388
278 935
279 441
279 686
279 776
279 779
280 373
280 468
280 502
281 515
281 574
282 793
283 640
283 765
283 769
283 975
284 587
284 727
284 785
284 827
285 338
285 429
285 480
285 810
285 918
286 318
286 406
286 544
286 592
286 853
286 925
287 735
287 862
287 869
288 327
289 352
289 645
290 638
290 718
290 740
290 960
291 530
291 580
291 676
291 935
291 967
291 997
291 999
292 293
292 467
293 350
293 378
293 704
293 988
294 690
294 718
294 726
294 835
295 921
295 957
296 573
296 847
297 460
297 499
297 500
297 693
297 714
298 377
298 390
298 439
299 485
299 993
300 481
300 678
301 893
301 968
301 981
302 311
302 520
302 928
303 370
303 698
304 515
304 856
305 423
306 461
306 506
306 536
307 398
307 588
307 845
308 328
309 997
310 504
310 647
310 925
311 681
312 418
312 439
312 789
313 544
313 950
314 450
314 486
314 594
314 820
314 847
314 898
316 381
316 453
316 501
316 576
316 886
317 477
317 641
317 779
317 956
318 532
319 404
319 551
319 597
319 829
320 358
320 699
322 466
322 845
323 556
323 756
324 332
324 831
325 370
325 775
325 900
326 526
327 541
328 549
328 969
328 990
329 588
329 662
330 484
330 545
330 754
330 965
331 461
331 564
331 949
332 549
332 590
332 652
332 771
332 834
332 908
332 943
333 393
333 536
333 930
334 550
334 812
335 401
335 873
336 413
336 500
336 828
336 835
336 965
337 349
337 442
338 443
338 830
339 425
339 442
339 498
339 532
339 624
339 915
339 927
340 465
340 653
340 682
340 925
340 966
342 370
342 376
342 675
342 798
343 585
344 611
344 751
344 785
344 898
344 958
345 771
345 826
345 870
346 400
346 453
346 569
346 698
347 960
348 798
348 896
349 408
349 491
349 522
349 659
350 537
350 718
350 799
350 948
351 807
352 388
352 979
353 683
353 728
353 902
353 912
354 694
355 546
355 568
355 578
355 808
355 878
356 416
356 752
356 860
356 975
357 416
357 962
359 711
359 946
360 599
360 743
360 929
361 436
361 670
362 598
362 691
362 778
362 914
363 487
363 501
363 614
363 714
363 832
363 849
364 865
365 406
366 417
366 751
366 767
367 463
367 512
367 931
368 408
368 520
369 411
369 565
369 872
370 395
370 433
370 510
370 540
370 638
371 529
371 538
371 723
371 766
372 777
373 733
373 910
374 499
374 651
375 394
375 416
375 940
376 876
377 722
377 776
377 810
378 900
379 794
379 882
380 475
380 535
380 838
381 802
382 539
382 558
382 677
382 908
382 926
383 469
383 472
383 526
383 707
383 821
384 646
384 957
384 979
385 395
385 408
385 522
385 711
385 827
386 636
386 787
387 556
387 574
389 422
389 593
389 829
389 944
390 420
390 693
390 841
391 785
391 814
391 839
392 547
393 548
394 646
395 420
395 757
395 863
395 955
396 565
397 428
397 796
398 440
398 516
398 802
398 953
399 741
400 626
401 702
401 985
402 792
403 415
404 464
404 762
404 888
405 556
405 593
405 978
406 429
407 759
407 785
408 459
408 926
408 928
409 468
409 620
409 751
410 717
410 999
412 538
412 835
413 711
413 874
414 434
414 997
415 787
415 835
415 884
416 769
416 846
416 886
418 534
418 580
418 660
418 819
419 745
420 773
421 609
421 723
421 849
421 921
423 602
423 625
423 700
424 729
425 685
426 520
426 624
426 626
426 687
427 510
427 540
427 571
427 651
427 764
427 965
428 757
428 987
429 527
429 540
429 768
429 821
430 493
431 711
431 839
432 449
433 699
433 846
434 440
434 593
434 673
434 700
434 887
435 569
435 769
435 939
436 994
437 896
438 584
438 800
439 986
440 473
442 888
443 542
444 564
444 942
445 596
445 888
446 540
446 674
446 797
446 899
447 635
448 708
448 850
448 868
449 458
449 564
450 818
450 877
450 892
451 975
452 749
453 494
453 640
453 662
454 547
454 672
455 530
455 551
455 643
455 850
456 745
456 874
457 472
457 784
457 838
458 726
458 995
459 482
459 731
459 814
460 800
460 869
460 880
460 936
461 585
461 648
461 936
463 541
463 744
463 808
463 828
464 571
465 708
466 725
466 880
466 902
466 927
466 940
467 649
467 665
467 872
468 471
468 800
468 812
468 817
469 815
469 856
470 811
470 969
471 667
471 809
471 832
471 944
472 599
472 677
472 721
472 953
473 614
473 618
473 912
473 944
474 660
474 685
474 744
474 806
474 864
475 593
475 659
475 979
476 542
476 677
476 706
477 760
477 826
478 870
479 571
479 705
479 797
480 505
480 984
480 992
482 666
482 791
483 606
483 656
483 799
484 604
484 629
485 674
485 773
485 831
486 527
486 768
486 798
486 857
487 762
487 966
488 493
488 701
489 655
489 737
490 835
490 889
490 925
491 565
491 733
491 770
491 804
492 660
492 942
493 667
494 694
494 719
494 952
495 609
496 537
496 800
496 923
497 528
497 672
497 690
497 703
497 780
498 968
499 633
499 740
499 751
499 801
500 911
500 942
501 648
501 829
501 962
501 978
502 652
502 842
503 741
503 790
503 901
505 892
505 954
506 547
506 564
506 594
507 545
507 561
508 603
509 558
509 597
509 720
509 828
511 609
511 691
512 531
512 654
512 930
513 624
513 699
514 582
514 933
515 706
515 739
516 975
517 742
519 844
519 863
520 665
520 844
520 929
521 708
521 778
521 966
521 990
522 628
522 723
522 732
523 747
524 623
524 882
525 607
525 689
525 914
525 987
525 994
526 597
526 609
526 754
527 630
527 772
528 863
529 895
530 841
530 883
530 923
532 558
532 721
532 917
534 692
536 738
536 849
537 572
537 643
537 937
537 947
538 779
538 784
539 619
539 891
540 772
541 642
542 656
542 716
543 787
543 941
544 655
544 733
544 827
545 582
546 641
546 717
547 736
548 602
548 681
549 703
549 852
549 979
551 575
551 576
551 922
552 608
553 834
553 888
553 975
554 808
554 837
554 856
554 862
554 916
555 852
555 947
556 564
556 566
557 658
557 755
558 572
558 720
559 644
560 712
561 666
561 719
562 695
562 824
562 885
563 712
563 758
564 740
564 859
565 769
566 585
567 728
568 794
569 680
569 866
569 878
570 865
570 969
572 863
573 908
574 618
574 656
579 609
581 667
581 750
581 875
581 910
581 958
582 584
582 737
583 753
584 951
585 833
585 848
586 824
587 929
588 819
589 818
589 876
589 981
590 926
591 649
592 649
592 745
592 779
593 813
594 651
594 823
595 633
596 747
597 773
597 786
599 858
600 624
601 923
601 988
602 787
603 921
603 981
605 797
605 878
605 911
606 807
606 948
606 959
607 645
608 712
608 813
608 930
609 625
609 850
609 876
610 697
612 681
612 868
612 939
613 748
613 816
613 919
614 970
615 918
615 945
616 709
617 631
617 885
618 758
619 791
621 839
622 819
623 890
623 960
623 982
624 766
625 651
626 853
628 718
629 809
630 810
631 653
631 705
632 995
633 912
636 664
637 877
638 839
638 962
639 796
640 714
640 783
641 851
641 915
641 954
644 763
645 763
646 770
646 830
648 766
648 777
648 785
648 860
649 840
650 772
650 815
650 828
651 990
652 935
653 771
654 697
654 704
654 867
654 963
656 791
656 962
657 665
658 674
662 669
662 682
662 705
662 889
662 998
663 873
663 883
664 766
664 974
667 881
667 883
667 964
668 810
668 836
671 800
671 913
675 733
675 791
675 885
676 729
676 839
676 844
678 933
678 977
679 814
679 894
680 840
682 710
682 792
684 784
686 906
687 974
687 990
688 802
688 808
689 741
689 772
689 932
690 710
690 951
691 890
694 857
695 975
695 994
696 724
696 940
697 748
697 803
697 866
698 903
699 754
699 789
700 722
700 988
701 840
701 848
703 719
704 742
704 884
708 822
708 863
709 739
709 780
709 916
709 950
709 994
710 996
712 916
712 991
713 858
713 871
716 814
716 828
716 948
717 926
718 838
721 926
722 829
723 875
723 925
724 726
724 843
725 883
725 895
726 871
726 961
728 946
729 908
731 766
731 972
731 977
734 832
734 898
734 905
735 848
736 894
737 894
737 956
739 822
739 850
739 956
741 799
741 831
746 963
747 786
747 805
747 954
749 844
749 853
752 808
752 890
753 919
755 757
755 905
757 836
758 795
758 898
759 813
761 790
761 815
763 788
763 830
763 844
763 894
765 835
766 948
767 887
768 802
770 894
770 983
772 776
772 930
774 816
774 928
776 803
776 948
782 892
782 938
782 987
783 906
783 957
784 796
784 970
792 988
794 958
796 860
796 986
797 838
797 868
798 805
798 942
802 956
803 839
806 825
806 842
806 855
808 943
809 832
809 957
810 916
812 864
812 988
815 850
817 883
819 894
819 972
821 869
823 866
826 911
828 943
829 991
832 846
835 938
837 850
838 894
839 859
840 922
842 992
844 875
844 978
849 932
850 973
851 999
852 910
852 974
853 996
856 997
857 901
858 897
861 865
862 962
862 991
863 872
863 917
864 948
865 979
866 867
869 909
872 932
874 908
877 993
879 885
884 896
885 990
886 956
889 968
892 975
892 976
892 995
892 996
893 898
898 909
898 928
900 962
903 921
904 996
905 927
906 912
911 941
911 993
913 921
920 922
921 932
921 983
924 947
926 964
929 955
930 934
931 943
933 952
935 954
947 960
948 952
949 993
973 980
975 987
980 985
0
10 999
