1000	2038	 1
0 278
0 452
0 646
0 766
1 155
1 424
1 938
1 985
2 12
2 242
2 904
3 40
3 154
3 694
3 711
3 772
4 274
4 718
4 797
4 995
5 200
5 721
5 862
6 740
7 36
7 226
7 405
7 831
8 543
8 686
8 816
8 866
8 908
9 672
9 678
9 953
10 550
10 848
10 862
11 250
12 208
12 589
12 771
13 118
13 407
13 478
13 917
14 33
14 43
14 683
15 201
15 209
15 454
15 711
15 866
16 45
16 142
17 60
17 66
17 639
17 722
18 87
18 713
19 108
19 596
19 642
19 803
19 836
20 91
20 416
20 503
20 751
20 989
21 49
21 64
21 332
21 680
21 719
22 265
22 860
23 218
23 263
23 561
23 800
23 904
24 189
24 759
24 806
24 854
24 855
24 941
24 987
25 54
26 166
26 242
26 272
26 452
26 688
27 679
27 909
28 306
28 482
28 767
28 781
28 933
29 66
29 129
30 202
30 684
30 999
31 549
32 294
32 313
32 524
32 530
32 956
32 989
33 367
33 477
33 570
33 577
33 607
33 740
34 77
34 153
34 622
35 136
35 251
36 94
36 547
36 916
37 490
37 596
37 916
38 332
38 438
38 587
39 112
39 596
39 665
39 859
40 796
41 218
41 284
41 675
41 804
42 311
42 384
42 671
42 724
42 924
43 133
43 199
43 424
43 426
43 551
43 558
43 731
43 744
44 494
44 547
44 913
45 320
45 747
45 871
46 78
46 96
46 151
46 326
46 351
47 383
47 454
47 479
48 95
48 182
48 571
48 578
48 668
49 109
49 434
49 611
49 791
50 177
50 266
50 304
50 475
50 500
50 839
51 666
51 806
51 867
52 387
52 420
52 699
52 758
52 805
53 342
53 491
53 880
54 222
54 594
54 797
54 969
55 343
55 815
56 230
56 830
57 69
57 692
57 707
57 764
58 332
58 346
58 355
58 459
58 828
59 265
59 966
60 809
60 914
61 75
61 95
61 271
61 568
61 760
62 168
62 606
62 686
62 802
62 930
63 195
63 654
63 659
63 704
64 329
64 363
64 703
65 536
65 606
65 682
65 780
66 160
66 445
67 229
67 500
67 642
67 650
67 948
68 361
68 583
68 649
68 886
70 86
70 219
70 808
71 319
71 598
71 661
71 839
71 866
72 865
72 933
73 535
73 545
73 797
73 799
74 802
74 936
75 170
75 933
76 288
76 693
76 728
76 989
76 990
77 304
77 697
77 749
78 106
78 125
78 348
78 808
78 871
78 926
79 314
79 559
79 952
80 395
80 619
80 710
80 786
81 140
81 254
81 509
81 626
81 693
81 898
82 385
82 624
82 674
82 985
83 172
83 258
83 280
83 442
83 600
84 294
85 114
85 154
85 225
85 597
86 367
86 448
86 563
87 154
87 267
88 194
88 211
88 425
89 157
89 635
90 193
90 476
90 562
90 708
90 994
91 261
91 568
92 502
92 657
92 817
93 315
93 384
93 940
94 134
94 206
94 437
94 975
95 108
95 731
95 746
95 885
96 522
96 693
96 922
97 295
97 662
97 879
98 114
98 511
98 724
99 156
99 339
99 518
99 617
99 683
99 773
100 153
100 282
100 626
100 684
100 710
101 626
101 642
101 749
101 921
102 509
103 141
103 217
103 247
103 702
104 151
104 252
104 290
104 413
104 465
104 778
104 879
105 205
105 512
105 795
105 890
107 200
107 465
107 812
107 861
107 965
108 293
108 340
108 503
108 758
108 765
108 883
109 167
109 211
109 217
109 659
109 863
109 876
110 384
110 397
110 850
111 112
111 342
111 455
111 632
111 674
111 742
111 750
111 889
111 901
112 701
112 775
112 776
113 517
113 637
114 136
114 340
114 684
115 146
115 279
115 427
115 960
116 314
116 625
117 168
117 173
117 262
117 875
118 126
118 279
118 389
118 416
119 392
119 472
119 492
119 581
119 730
119 776
119 963
120 293
120 357
120 840
121 205
121 386
121 933
121 987
122 130
122 168
122 452
123 427
123 485
123 681
123 687
123 692
123 747
124 331
124 602
125 657
126 452
127 414
127 952
128 333
128 592
128 970
128 997
129 297
129 933
130 396
130 606
130 899
131 196
132 255
132 261
132 301
132 358
132 821
132 846
133 903
134 449
134 530
134 688
134 790
134 817
135 307
135 489
135 538
135 580
136 384
136 462
136 678
137 271
137 283
137 462
137 610
137 719
137 922
137 994
138 200
138 225
138 923
138 933
139 350
140 172
140 311
140 388
140 605
141 559
141 833
141 976
142 448
142 744
142 827
142 861
142 982
143 308
143 431
143 565
143 652
144 535
144 779
145 576
145 653
146 340
146 465
146 717
146 939
147 162
147 615
147 726
147 870
148 167
148 285
148 585
148 828
148 874
149 160
149 615
149 653
150 214
150 303
150 413
150 630
150 801
150 885
151 328
151 839
152 282
152 586
152 615
153 285
153 315
153 391
153 775
153 828
154 344
154 596
154 623
154 648
154 910
155 322
155 593
156 186
156 777
157 169
157 240
157 754
157 936
157 942
158 627
158 722
158 761
158 794
159 589
160 896
160 925
161 545
161 631
161 730
161 772
162 528
162 554
162 920
163 403
163 533
163 540
163 562
163 573
164 374
164 447
164 458
164 795
164 928
165 191
165 701
165 819
165 937
165 960
166 236
166 601
166 717
167 932
167 961
168 393
168 609
168 862
169 353
170 363
171 421
171 689
172 201
172 309
172 445
172 795
173 452
173 682
173 980
174 451
174 497
174 576
174 652
175 180
175 378
175 401
176 184
176 853
176 965
177 332
177 353
177 371
177 406
177 457
177 520
177 994
178 243
178 560
178 621
178 666
178 733
178 986
179 623
179 853
180 231
180 261
180 367
180 604
180 618
180 735
181 209
181 247
181 327
181 422
181 439
181 538
181 596
181 701
182 193
182 347
183 225
183 407
183 604
184 575
184 606
184 803
185 621
185 942
186 904
186 950
187 423
187 546
188 199
188 332
188 357
188 456
188 921
188 976
189 543
189 741
189 903
189 907
190 427
190 517
190 632
190 953
191 514
191 944
191 991
192 376
192 907
192 924
192 972
193 272
193 344
193 368
193 436
194 323
194 482
194 763
195 274
195 751
196 331
196 378
196 565
196 621
196 877
197 442
197 693
197 990
198 308
198 329
198 601
198 702
198 845
198 910
199 258
199 348
199 421
199 661
199 799
199 836
199 934
200 375
200 427
200 647
201 359
201 398
201 479
201 508
202 472
202 655
202 696
202 811
203 369
203 688
203 716
203 964
204 276
205 379
206 417
206 490
206 753
206 771
206 838
207 248
207 495
207 520
207 854
207 902
207 903
207 982
208 317
208 854
209 569
209 825
210 560
210 821
211 463
211 573
211 644
211 851
211 869
211 986
212 361
212 746
212 985
213 323
213 724
213 836
213 933
214 484
214 972
215 926
216 339
216 662
216 732
216 870
216 986
217 253
217 279
217 583
217 761
218 756
219 245
219 696
219 834
220 274
220 276
220 470
220 560
220 600
221 270
222 270
222 672
223 613
223 616
223 677
223 846
224 236
225 422
225 562
225 996
227 299
227 485
227 526
227 826
228 835
229 427
229 622
229 880
230 294
230 505
230 745
231 329
231 759
232 584
232 747
233 357
233 465
234 576
234 667
235 279
235 355
236 396
236 525
236 904
237 486
237 958
237 984
237 989
238 782
238 856
238 932
238 949
239 353
239 400
239 723
240 297
240 690
240 834
241 576
241 728
241 854
243 267
243 284
243 313
243 386
243 453
243 469
243 689
244 354
244 690
244 704
244 746
245 605
245 735
245 742
245 752
245 794
246 385
246 568
246 935
246 954
247 277
247 589
247 590
247 806
247 944
248 543
248 709
249 285
249 396
249 921
250 410
250 498
250 553
251 847
252 290
252 606
252 988
253 382
253 391
253 813
254 659
254 902
254 929
255 271
255 661
256 852
256 976
257 481
257 547
257 712
257 896
257 950
258 455
258 490
259 274
259 361
259 572
259 612
259 887
260 682
261 582
261 694
262 339
262 471
262 771
262 778
263 331
263 342
263 763
263 846
263 897
264 584
264 634
264 758
264 896
265 345
265 434
265 549
265 957
266 316
266 562
266 904
266 919
266 937
267 320
267 373
267 715
268 597
268 806
269 343
269 881
269 964
270 374
270 477
270 716
271 537
271 627
271 638
271 643
272 760
272 899
273 496
273 506
273 573
274 563
274 916
275 492
275 772
276 596
276 799
277 877
277 882
277 974
278 917
278 994
279 474
279 657
279 769
280 536
280 750
280 805
281 380
281 529
282 508
282 569
282 855
282 908
283 998
284 305
284 512
284 780
284 958
285 389
285 575
285 577
285 635
285 734
286 355
287 392
287 472
287 599
287 636
287 905
288 345
288 561
288 594
289 291
289 393
289 434
289 622
289 697
290 389
290 435
290 913
291 621
292 344
292 701
292 831
293 460
294 352
294 423
294 733
294 753
294 768
294 782
295 438
295 445
295 496
295 509
295 634
295 676
296 423
296 558
296 714
296 757
297 446
297 501
297 515
297 977
298 383
298 462
298 654
298 822
299 479
299 819
299 977
300 622
301 518
301 544
301 582
301 583
301 607
302 799
302 931
303 442
303 766
303 935
303 970
304 379
304 433
304 688
305 559
306 363
306 612
306 668
306 902
307 349
307 440
307 611
307 856
308 315
308 613
308 825
308 832
308 849
308 898
309 448
309 505
310 779
310 827
310 891
311 463
311 770
312 509
312 740
312 807
312 992
314 373
314 656
314 785
315 905
316 627
316 741
316 753
316 815
317 459
317 776
318 372
318 698
318 891
319 421
319 708
319 780
320 513
320 914
320 992
321 690
322 365
322 475
322 494
322 963
322 977
323 372
323 455
323 551
323 798
324 597
324 794
325 372
325 439
326 370
326 416
326 609
326 856
326 886
327 617
328 347
328 970
330 417
330 705
330 769
331 867
331 868
332 791
332 891
332 911
332 932
332 945
333 437
333 470
333 538
334 415
334 729
334 777
334 945
335 425
335 454
335 652
335 664
336 546
336 619
337 621
337 744
338 768
339 527
339 534
339 566
339 582
339 652
340 504
340 802
340 913
340 926
341 613
341 626
342 431
342 548
343 408
343 738
344 732
344 925
345 850
346 551
346 561
346 654
347 742
348 574
348 704
348 965
349 412
350 436
350 581
351 498
351 773
351 901
351 909
351 931
352 378
352 670
353 385
353 443
353 516
354 532
354 695
354 744
354 824
354 887
354 976
355 602
355 932
356 824
356 907
356 939
357 782
357 913
358 362
358 534
358 651
358 684
359 963
359 997
360 422
360 435
360 449
360 450
360 767
360 802
361 539
361 798
361 936
362 529
362 705
363 613
363 884
363 893
363 973
364 705
365 458
365 579
365 580
365 675
366 630
366 936
366 996
367 402
368 420
368 673
368 769
368 854
369 375
369 743
369 804
369 849
370 371
370 420
370 499
370 705
370 734
370 766
371 415
371 488
371 623
371 697
371 794
372 947
373 927
374 406
374 442
374 598
374 608
375 402
375 578
375 585
376 588
376 733
376 851
376 870
377 516
379 582
379 785
380 567
380 621
380 651
381 447
382 751
382 938
382 972
382 974
383 684
383 736
384 394
384 799
385 793
385 946
386 486
386 666
386 762
386 869
387 484
388 670
388 859
389 586
389 726
389 855
390 418
390 485
390 552
390 742
391 735
391 857
392 654
392 688
393 970
394 800
394 955
395 410
395 629
395 683
396 637
396 678
396 741
397 790
397 952
398 470
398 562
399 476
399 555
399 727
399 897
400 426
400 432
400 641
400 731
400 789
401 765
401 903
402 773
403 461
403 581
403 850
403 932
404 648
404 789
405 519
405 868
405 956
407 432
407 599
407 928
408 424
408 691
408 765
408 855
409 628
409 851
410 869
411 461
411 688
411 764
411 949
412 501
412 662
412 680
413 576
413 766
413 932
413 962
414 441
414 566
414 631
414 771
416 493
416 589
416 609
416 655
416 968
417 581
417 654
417 682
417 684
419 597
419 640
419 856
420 609
420 727
420 882
421 974
422 581
422 624
423 981
424 498
425 523
425 592
425 671
426 757
426 768
427 524
427 565
427 860
428 597
428 798
428 812
429 990
430 573
430 617
431 839
432 488
432 496
432 809
433 467
433 514
433 722
434 699
434 798
435 483
438 955
439 602
439 705
439 783
439 830
440 566
440 833
440 864
441 572
441 851
442 461
442 863
442 929
443 466
443 737
443 999
444 576
444 651
444 937
445 628
445 952
446 713
446 986
447 486
447 778
447 933
447 993
448 542
448 738
448 883
448 918
448 990
449 650
450 509
450 665
450 820
451 591
451 771
451 981
452 757
453 550
453 679
454 549
454 622
454 774
455 770
455 847
455 995
456 508
456 524
456 783
457 490
457 561
458 878
458 893
459 686
460 894
461 619
462 496
464 600
464 739
464 805
465 998
466 782
466 809
466 870
466 943
467 490
467 827
467 870
468 735
468 852
469 768
469 840
471 611
473 512
473 574
473 699
473 754
473 777
473 935
474 585
474 626
474 749
474 772
474 834
475 503
475 559
475 905
476 511
476 760
476 807
477 552
477 614
478 780
479 493
479 607
479 798
480 610
480 702
480 756
480 946
481 840
481 897
482 867
483 829
483 945
484 819
485 578
485 983
486 564
486 968
487 632
487 967
487 980
488 748
489 565
490 542
490 799
490 912
491 758
492 552
493 562
493 677
493 982
494 634
495 590
495 733
496 961
497 897
498 951
499 993
500 668
500 920
501 589
501 748
501 820
501 942
501 954
503 571
503 766
503 946
504 696
504 716
505 892
506 554
506 748
506 961
507 957
509 720
509 977
510 522
510 737
510 826
510 867
512 716
512 854
512 861
513 660
513 775
513 907
514 827
515 546
515 923
516 665
516 735
516 866
516 930
517 878
517 964
517 966
518 664
518 682
519 892
520 858
520 866
521 558
521 609
522 542
523 637
523 713
523 745
523 981
524 711
524 743
525 756
525 780
525 863
526 637
527 843
527 904
528 676
528 881
528 928
529 795
529 837
529 921
529 975
531 704
531 837
531 838
531 928
531 999
532 568
532 847
533 854
535 541
535 730
536 599
536 631
537 948
538 556
538 734
539 541
539 953
540 713
541 883
542 550
542 653
542 819
542 974
544 613
544 742
544 808
544 824
544 838
544 988
545 571
545 627
545 817
546 903
547 956
548 621
548 768
548 778
549 591
549 950
550 569
550 592
550 936
551 711
551 793
551 824
552 636
553 716
553 842
553 912
554 686
554 797
554 853
555 809
556 768
556 811
556 882
557 815
557 943
558 819
558 884
559 606
559 694
559 701
560 797
560 845
563 776
564 575
564 989
565 860
565 986
566 950
566 991
567 691
567 870
567 963
568 908
569 702
569 777
570 847
571 910
571 951
572 701
572 720
572 859
574 823
575 838
576 862
577 632
577 728
577 753
579 933
579 965
581 888
582 714
582 823
582 862
583 683
583 825
583 880
583 963
584 951
586 724
586 971
587 722
587 810
588 602
588 653
588 929
589 598
591 639
591 837
592 677
592 814
592 924
593 744
594 797
595 997
596 935
597 718
597 859
598 971
599 630
599 638
600 620
600 754
601 697
601 778
602 671
603 892
603 998
604 896
604 978
605 755
605 939
606 819
606 997
607 639
609 695
609 813
609 948
610 846
610 867
611 720
611 796
611 960
612 800
612 843
612 923
613 979
615 669
615 788
615 802
615 810
615 914
616 629
616 691
616 922
618 851
619 663
619 729
620 960
621 668
622 830
623 669
623 855
624 737
624 904
626 690
626 908
627 647
627 671
628 709
628 715
629 788
629 797
629 998
632 704
632 875
633 908
635 822
636 686
636 856
636 886
636 936
636 956
637 917
638 699
638 727
638 752
638 990
639 729
639 778
640 929
641 803
642 708
642 750
642 831
642 900
643 686
643 844
643 868
644 659
644 903
645 918
645 963
646 951
646 960
646 974
646 980
647 726
647 800
648 672
651 722
651 724
651 951
653 932
654 734
654 868
656 890
658 775
658 909
659 817
660 841
660 978
661 728
661 784
662 720
662 755
662 863
666 707
666 891
667 962
669 854
669 933
673 951
676 804
677 700
677 888
678 769
679 680
680 826
681 770
681 794
681 841
682 802
682 848
683 800
683 871
683 872
683 995
685 814
685 899
686 766
687 799
687 875
688 743
689 735
691 909
692 924
692 946
696 751
696 775
696 810
697 750
697 837
697 849
697 930
698 984
702 941
703 720
704 896
705 791
705 865
706 844
707 948
709 753
709 797
710 737
711 783
711 946
711 954
711 977
712 968
714 845
714 973
715 777
715 975
716 792
717 836
717 869
720 755
723 920
724 987
725 998
726 915
727 847
727 984
730 787
730 962
731 780
731 978
733 977
736 947
737 890
737 967
738 767
738 933
739 844
739 955
740 921
741 743
741 972
742 771
742 921
743 980
743 992
744 780
745 934
745 956
746 873
748 837
749 761
749 905
752 797
756 943
758 907
759 795
759 818
763 767
763 856
764 814
764 865
764 889
765 886
765 920
765 953
767 937
768 786
768 843
768 938
769 905
770 872
772 913
772 973
774 792
774 840
774 914
778 820
778 835
778 892
778 989
780 855
781 818
781 905
781 931
782 783
784 873
785 826
786 926
787 824
789 863
790 891
790 989
792 847
793 795
795 828
796 823
797 912
798 873
799 832
799 874
800 807
801 941
804 847
804 950
805 948
807 825
807 967
808 940
808 959
809 864
812 893
813 928
815 872
815 926
815 990
821 907
822 973
824 845
824 854
825 851
825 887
827 908
829 842
830 907
832 895
833 872
834 914
834 950
835 976
836 938
839 841
840 876
841 880
841 893
841 987
842 986
843 970
851 998
853 870
857 946
858 867
863 893
863 894
863 988
866 942
869 971
869 994
870 893
871 926
875 983
876 879
876 997
877 944
877 975
881 987
885 938
885 965
887 937
888 906
890 986
893 907
894 909
895 987
897 929
900 970
901 912
905 913
908 924
908 974
918 942
920 999
921 969
922 968
933 986
937 940
937 941
946 980
950 978
956 964
956 966
983 990
987 991
0
10 999
