1000	1948	 1
0 194
0 324
0 886
0 920
1 177
1 214
1 397
1 468
2 19
2 103
2 363
2 468
3 107
3 130
3 520
3 577
3 700
3 717
4 98
4 434
4 510
5 21
5 134
5 319
5 551
5 854
5 863
6 380
6 450
6 689
6 873
7 844
7 983
8 139
8 454
8 638
8 702
8 967
9 61
9 384
9 758
9 764
9 791
9 998
10 830
11 281
11 607
12 76
12 414
12 903
13 170
13 402
13 416
13 594
14 81
14 739
15 332
15 595
15 648
15 947
16 88
16 195
16 281
16 962
17 80
17 308
17 862
17 889
17 994
18 57
18 245
18 473
18 785
18 788
19 97
19 277
19 463
19 741
20 283
20 300
20 521
20 712
21 237
21 808
22 169
22 402
22 736
23 404
23 466
23 700
23 854
23 917
24 891
24 923
24 966
25 374
25 503
25 939
26 37
26 142
26 419
26 575
26 787
26 941
27 64
27 281
27 321
27 493
27 648
28 154
28 198
28 768
28 878
29 46
29 773
29 822
30 122
30 167
30 315
30 380
30 416
30 588
30 853
31 536
31 875
32 188
32 281
32 638
32 787
32 854
33 104
33 667
34 220
34 618
34 898
35 57
35 102
35 327
35 753
35 893
36 143
36 190
36 505
37 217
37 583
37 670
38 925
38 949
39 996
40 217
40 363
40 370
40 583
40 658
41 573
41 805
42 305
42 605
42 942
43 65
43 192
43 365
43 527
43 652
43 715
43 804
44 331
45 336
45 736
46 684
46 703
46 717
46 915
47 318
47 927
47 980
48 290
48 694
48 813
49 186
49 212
49 542
49 817
49 861
50 722
50 793
50 928
51 144
51 568
52 100
52 728
52 889
53 234
53 350
53 668
53 935
54 80
54 517
54 940
54 941
55 114
55 317
55 500
55 637
55 687
55 768
56 103
56 963
57 177
57 338
57 841
58 196
58 279
58 581
58 848
59 186
59 333
59 377
59 448
59 654
59 776
59 995
60 288
60 684
61 109
61 393
62 302
62 730
62 743
63 279
63 485
63 520
64 509
64 539
64 902
65 110
65 369
66 701
66 828
66 943
67 242
67 407
67 705
67 901
68 299
68 511
68 823
68 878
69 589
69 594
70 295
70 339
70 450
70 655
71 169
71 216
71 365
71 468
71 479
72 196
72 560
72 779
73 289
73 533
73 720
73 793
74 611
74 624
74 734
74 831
74 975
75 86
75 153
75 573
76 179
76 469
76 519
76 555
77 121
77 504
77 706
77 741
77 866
77 966
78 244
78 281
78 502
78 570
78 694
78 834
78 870
78 896
78 954
78 965
79 434
79 497
79 884
80 393
80 757
80 890
81 116
81 699
82 368
82 382
82 834
82 941
83 239
83 689
84 233
84 799
84 955
85 214
85 565
85 872
85 913
86 112
86 206
86 350
86 509
86 513
87 119
87 393
87 438
87 691
87 890
87 897
88 132
88 704
88 821
88 859
89 164
89 965
90 187
90 251
90 320
90 416
91 264
91 489
91 581
91 650
92 261
92 333
92 394
92 703
93 265
93 295
93 546
93 654
93 885
94 440
94 603
95 159
95 232
95 879
95 994
96 136
96 478
97 571
97 744
97 874
97 888
97 909
97 935
97 990
98 296
98 428
98 763
98 837
99 150
99 745
99 885
100 229
100 578
100 802
100 864
100 921
101 481
101 638
101 826
101 858
101 945
102 156
102 660
102 758
102 876
102 993
103 378
103 580
103 778
103 887
104 645
104 868
104 961
105 225
105 327
105 870
106 414
106 705
106 857
107 166
107 248
107 341
107 481
107 522
107 542
107 690
108 114
108 779
109 165
109 460
109 834
109 836
110 426
110 989
111 428
111 445
111 751
112 153
112 187
112 626
113 631
113 748
114 398
114 415
114 485
114 771
115 608
115 614
115 722
115 899
116 283
116 392
116 473
116 621
116 960
117 455
117 533
117 716
117 774
118 183
118 379
118 528
118 963
119 201
119 289
119 723
119 757
119 922
119 997
120 566
120 809
121 394
121 743
121 804
122 189
122 204
122 617
123 193
123 724
123 987
124 131
124 213
124 394
124 414
124 686
124 782
125 591
125 659
125 693
125 921
126 736
126 765
126 768
127 212
127 552
128 775
128 818
129 492
130 346
131 268
131 391
131 679
131 691
132 216
132 619
133 218
133 430
133 946
133 962
134 190
134 573
134 779
134 817
134 829
135 162
135 195
136 444
136 789
136 794
137 144
137 612
137 945
138 505
138 545
138 635
139 328
139 456
139 516
139 996
140 678
140 679
140 794
140 937
141 243
141 749
141 878
142 274
142 288
142 309
142 358
142 440
142 477
142 650
142 699
142 977
142 987
142 995
143 264
143 382
143 921
144 195
144 469
145 451
145 547
145 724
146 176
146 364
146 833
147 680
147 767
148 512
148 640
148 721
149 220
149 288
149 673
149 777
150 153
150 163
150 342
150 609
150 639
150 730
150 899
151 161
151 292
151 671
151 985
151 999
152 158
152 573
152 921
154 367
154 375
155 867
156 310
156 543
156 753
157 354
157 788
157 853
157 878
157 897
158 209
158 318
158 418
158 995
159 870
160 540
160 761
160 893
161 572
161 773
162 549
162 567
162 666
162 675
162 828
162 877
163 224
163 332
163 666
164 397
164 716
165 199
165 206
165 391
165 570
165 726
166 285
166 303
167 504
167 930
168 188
168 371
168 617
169 461
169 731
169 888
169 981
170 197
170 604
170 767
170 964
171 203
171 780
172 570
172 705
172 729
172 759
172 794
173 804
174 304
174 609
175 436
176 265
176 595
176 602
176 663
176 832
176 912
177 574
177 949
178 506
178 669
179 333
179 566
180 389
180 941
181 574
181 620
181 632
181 712
181 827
182 438
182 697
182 882
183 478
183 592
183 641
183 809
184 414
184 531
185 299
186 508
186 611
186 883
187 698
188 357
188 481
189 344
189 626
189 740
189 865
190 302
190 329
191 510
191 766
192 361
192 944
193 447
193 508
193 740
193 810
194 474
194 485
194 689
195 411
195 808
196 592
196 607
196 674
196 833
196 842
196 935
197 349
197 495
197 590
198 207
198 261
198 574
199 335
199 635
199 842
199 903
199 921
200 251
200 673
201 843
202 507
202 578
202 737
202 757
202 777
202 962
203 322
203 602
203 774
203 865
204 427
204 518
204 600
205 415
205 508
205 620
205 885
206 273
206 339
206 720
207 258
207 853
208 450
208 583
208 670
208 967
209 275
209 782
210 235
210 601
210 626
210 871
211 335
212 595
212 598
212 619
212 913
213 622
214 382
215 259
215 512
215 993
216 326
216 571
216 738
216 778
217 275
217 306
217 563
218 307
219 477
220 287
221 275
221 399
222 407
222 517
222 903
222 970
222 983
223 582
224 608
224 648
224 944
225 491
225 807
226 259
226 843
227 323
227 506
227 809
227 899
227 987
228 252
228 337
228 399
228 671
228 795
229 349
229 705
230 282
230 329
230 515
230 614
230 633
231 712
231 758
231 883
232 271
232 285
232 583
232 778
232 890
233 543
233 766
234 264
234 585
234 945
236 318
236 583
236 795
236 911
237 404
237 419
238 434
238 469
238 786
239 295
239 947
240 356
240 531
240 816
241 269
241 343
241 844
242 271
242 942
243 309
243 377
243 431
243 760
243 987
244 347
244 583
245 424
245 889
245 955
246 858
247 403
247 652
248 275
248 510
248 520
249 445
249 944
250 546
250 946
251 479
251 703
251 744
251 830
251 926
252 313
252 421
252 889
253 480
253 509
253 795
253 944
254 953
255 513
255 600
255 611
255 702
256 675
256 914
256 981
257 849
257 880
257 885
257 950
258 514
258 743
259 430
259 668
259 747
259 924
259 925
259 939
259 998
260 322
260 496
260 892
261 929
262 362
262 529
262 703
262 885
263 292
263 404
263 973
264 349
264 444
264 473
264 726
264 978
265 414
265 612
265 966
266 717
266 794
266 885
267 996
268 400
268 819
268 882
268 942
269 355
269 408
270 926
270 976
270 980
271 315
271 376
271 704
272 530
272 700
272 862
273 390
273 782
274 405
274 464
274 918
275 931
276 458
276 910
277 392
277 469
277 718
277 984
278 393
278 803
279 626
280 317
280 605
280 954
281 427
282 306
282 310
282 699
282 832
283 333
283 661
284 441
284 700
284 823
284 934
285 463
285 918
286 711
286 825
286 827
287 455
287 760
287 957
288 330
288 530
289 768
290 380
290 421
290 529
290 795
291 543
291 811
291 846
292 515
292 557
293 465
294 333
294 644
294 794
294 965
294 972
295 536
295 626
295 906
296 881
296 943
297 529
297 589
297 633
298 395
298 686
298 728
298 796
299 527
299 714
300 618
300 721
300 732
301 339
301 473
301 831
302 584
302 694
302 887
303 729
303 836
304 321
304 948
304 976
305 441
305 763
305 837
305 932
306 339
307 875
307 973
308 387
309 531
309 822
309 962
311 380
311 949
312 411
312 540
313 476
313 721
313 814
314 397
314 400
314 862
315 610
315 720
316 602
316 699
316 759
316 775
316 776
317 585
317 677
317 783
317 847
318 369
318 522
318 542
318 924
318 970
319 475
319 616
319 632
319 782
320 703
320 800
321 395
321 507
321 563
322 345
322 753
322 783
323 392
323 400
324 337
324 636
324 683
324 821
325 472
325 663
325 803
325 824
326 342
327 396
327 441
327 446
327 447
327 668
327 740
329 438
329 596
329 750
329 763
329 901
330 401
330 488
330 516
331 672
331 759
331 804
332 413
332 659
332 773
333 814
334 342
334 625
334 704
334 722
334 768
334 858
335 437
335 893
336 361
336 514
336 638
337 730
338 351
338 541
338 630
338 762
338 911
338 960
339 533
339 538
339 618
339 804
339 982
340 901
340 966
341 437
341 818
342 516
342 653
342 779
343 492
343 777
343 939
344 589
344 839
344 851
345 586
346 678
346 748
347 673
347 982
348 398
348 426
348 480
350 678
350 866
351 724
352 601
352 811
353 453
353 639
353 754
353 805
354 488
355 432
356 555
357 571
357 680
357 989
358 890
359 452
359 556
359 805
359 930
360 687
360 699
360 871
361 686
361 731
361 907
362 545
362 640
363 610
363 796
363 862
365 567
365 807
365 837
365 942
365 980
366 372
366 376
366 796
367 714
368 512
368 839
368 982
368 999
369 415
370 759
371 449
371 699
371 894
372 652
372 671
372 719
372 869
373 394
373 733
373 735
373 809
374 594
374 974
375 460
375 592
375 682
375 880
375 883
376 409
376 802
376 893
377 705
378 878
379 586
380 689
381 534
381 597
381 666
381 732
381 959
382 621
382 873
382 910
383 440
383 982
384 414
384 523
384 776
385 486
385 511
385 622
386 610
387 600
387 746
387 872
388 677
388 774
389 440
389 536
390 710
390 876
390 983
391 772
391 869
393 639
393 898
393 972
394 402
394 840
394 912
395 530
395 534
395 540
395 747
395 791
395 966
397 757
398 468
399 546
399 845
400 517
400 531
400 572
401 423
401 433
401 484
401 486
401 595
402 570
402 835
402 936
403 536
403 707
403 939
404 508
404 518
405 442
405 684
405 717
406 591
406 749
406 806
406 845
407 499
407 834
407 906
407 964
408 672
408 680
409 623
409 645
409 682
409 773
410 721
410 762
410 781
410 783
411 851
412 535
412 651
412 730
413 458
413 937
414 458
415 508
415 842
416 420
416 767
416 890
416 895
416 989
417 450
418 431
418 447
418 648
418 821
419 435
419 818
420 524
421 792
422 497
422 686
422 806
422 849
423 757
423 850
424 669
424 955
424 994
425 816
425 847
425 850
427 792
428 558
428 721
428 909
429 677
429 842
430 581
430 815
431 897
432 575
432 596
432 942
433 706
433 997
434 575
434 783
435 537
435 654
436 788
436 849
437 471
437 854
437 943
437 980
437 983
438 951
439 587
439 635
439 646
440 477
441 794
442 703
442 757
442 903
442 994
443 485
443 653
443 828
444 520
444 647
445 688
445 847
446 761
446 836
447 853
448 559
448 908
449 692
449 842
450 526
450 739
451 933
452 647
453 536
453 974
454 772
455 883
456 576
456 735
457 496
457 519
457 539
457 868
457 933
458 616
459 497
459 829
459 928
460 598
460 609
461 673
461 837
462 463
462 710
463 550
464 598
464 735
464 738
464 953
465 686
465 807
465 848
466 706
466 765
467 684
467 717
468 788
468 840
468 943
468 991
469 604
469 646
469 872
469 883
470 490
470 524
470 713
471 557
471 871
471 968
472 513
472 943
473 735
474 749
474 808
474 832
475 948
476 479
476 646
477 551
477 639
477 791
478 824
478 829
479 838
481 971
481 998
482 582
483 621
483 702
483 941
484 887
485 589
486 970
487 730
487 770
487 771
488 723
488 833
488 920
489 671
489 800
489 932
491 947
492 518
492 538
492 608
492 844
492 966
493 844
493 974
493 986
494 832
494 846
494 854
494 953
494 975
495 676
496 830
496 910
498 574
498 703
498 778
498 857
499 693
499 844
500 590
501 591
501 925
502 668
502 993
503 640
503 715
505 642
505 664
506 507
509 724
509 978
510 608
510 737
510 792
511 540
511 576
512 959
512 992
513 714
514 557
514 810
515 938
517 746
518 623
518 762
518 898
519 958
520 573
520 634
520 675
520 754
520 999
521 562
523 744
523 851
523 944
524 694
524 793
524 843
524 942
525 659
526 559
526 755
527 535
527 911
528 818
528 835
529 712
530 563
530 870
531 539
531 713
531 948
532 867
533 646
533 708
533 814
534 603
534 635
534 682
535 588
536 722
536 853
537 709
537 715
537 834
538 764
539 576
539 724
539 822
539 981
540 566
540 670
541 989
542 727
542 877
543 637
543 791
543 916
543 992
544 600
545 962
546 742
546 766
547 616
547 994
548 606
548 679
548 896
549 594
549 700
549 959
550 694
550 806
552 582
553 862
554 740
555 573
556 587
557 711
558 565
558 604
559 582
559 583
559 879
559 896
561 806
561 931
562 797
563 699
564 763
564 801
566 619
566 979
567 750
568 644
568 740
568 962
569 697
569 844
570 876
571 644
571 673
572 662
572 731
572 797
576 593
576 779
576 963
578 594
579 775
580 741
580 981
581 618
582 822
583 798
584 657
584 914
586 668
586 709
586 891
587 720
587 761
588 719
590 592
590 820
590 869
590 923
591 660
591 816
591 886
592 780
593 788
593 929
594 986
595 705
596 854
596 884
597 668
599 609
599 669
599 891
600 694
600 719
600 735
600 894
602 805
603 790
605 835
605 924
606 938
607 852
608 857
608 961
609 812
609 833
611 831
611 863
613 778
613 991
614 711
614 728
614 767
615 782
615 951
616 789
617 953
618 758
619 906
620 939
621 741
621 917
622 665
622 897
623 813
623 988
624 646
624 916
625 744
625 858
625 895
625 939
626 673
626 988
627 956
628 651
628 800
629 713
629 912
629 974
630 744
630 769
630 884
630 899
630 986
632 653
633 670
634 934
638 810
641 939
641 945
641 994
643 992
644 841
644 928
645 705
646 730
646 790
647 707
647 790
647 922
649 853
649 929
650 751
650 867
651 938
651 949
651 951
654 917
654 976
656 860
657 930
659 710
659 868
660 697
660 818
660 925
662 931
663 753
663 803
664 951
667 985
668 775
669 978
670 721
670 734
672 771
673 737
676 683
676 858
678 726
678 837
680 729
681 776
682 776
682 827
682 990
683 685
683 952
685 986
687 954
688 834
689 955
690 828
690 916
692 940
695 778
695 786
696 745
696 778
696 844
697 773
700 702
701 968
702 735
703 729
705 726
705 856
706 958
707 925
708 825
709 838
709 878
711 734
711 796
711 805
711 870
712 719
712 880
713 901
714 716
714 878
715 773
715 936
718 866
719 966
720 811
722 950
723 841
724 919
724 934
725 766
725 976
726 925
727 751
727 765
728 754
728 900
728 957
729 771
730 769
730 836
731 865
732 759
733 799
733 837
734 815
734 953
735 750
736 942
737 840
737 905
741 821
743 752
743 831
743 911
744 837
745 970
747 808
748 814
750 797
752 761
752 904
753 900
754 859
755 772
755 783
755 843
755 872
756 792
756 870
756 875
756 981
757 913
757 950
760 867
760 928
761 821
763 924
763 969
763 977
764 826
764 921
765 852
765 890
765 943
766 786
766 899
768 898
769 943
771 968
772 899
773 938
773 980
774 816
775 981
776 802
777 964
777 966
778 923
779 825
779 855
779 949
780 829
781 923
784 846
785 923
786 865
787 819
787 927
788 798
788 837
791 793
791 928
792 863
792 915
795 934
799 869
799 953
800 935
801 804
801 863
803 846
804 845
808 938
809 928
809 979
812 981
816 853
816 861
817 952
818 860
819 883
821 844
822 920
823 860
824 830
824 926
826 951
826 991
828 847
829 863
830 939
832 934
832 981
833 836
833 998
834 873
835 840
838 844
839 916
842 882
843 925
843 948
844 972
846 996
847 902
847 973
848 906
850 876
850 895
851 854
851 876
853 888
854 874
855 915
856 953
857 869
863 957
866 906
866 961
869 923
871 872
872 901
872 905
875 926
875 931
875 957
876 886
878 915
878 978
882 900
885 993
886 935
889 892
889 933
889 936
894 939
894 991
897 983
897 984
906 949
914 991
916 952
924 983
927 928
932 939
937 989
940 950
942 968
946 992
947 958
955 979
956 967
959 969
963 980
974 999
980 986
985 995
0
10 999
