1000	2026	 1
0 13
0 156
0 666
1 92
1 569
1 630
1 789
2 334
2 630
2 920
3 213
3 977
4 190
4 191
4 216
4 654
4 708
4 846
5 67
5 218
5 717
6 530
6 665
6 880
7 182
7 775
8 565
8 790
9 391
9 397
9 414
9 600
9 765
9 804
9 876
9 967
10 87
10 124
10 470
10 614
10 635
11 237
11 403
11 481
11 895
11 964
12 611
12 684
12 941
13 521
13 932
14 55
14 729
14 827
15 37
15 119
15 221
15 438
16 766
16 857
16 890
16 909
16 950
17 952
18 146
18 425
18 714
18 725
18 733
18 939
19 708
20 125
20 306
20 331
20 470
20 516
20 652
20 656
20 706
20 915
21 153
21 649
22 96
22 289
23 69
23 128
23 433
23 588
23 932
24 204
24 762
25 414
25 500
26 149
26 186
26 544
26 618
26 796
26 837
26 919
26 921
27 135
27 291
27 767
27 841
27 942
28 114
28 206
28 207
28 405
29 109
29 305
29 550
29 604
29 887
30 129
30 133
30 416
30 518
30 576
30 587
31 150
31 553
32 207
33 49
33 775
33 820
33 857
34 96
34 405
34 634
35 133
35 230
35 706
35 857
35 981
36 128
36 218
36 514
36 784
37 315
37 461
37 555
37 917
38 281
38 463
38 465
38 822
39 485
39 863
40 151
40 220
40 460
41 301
41 428
41 884
41 944
42 296
42 360
42 386
42 417
42 554
42 804
42 813
43 243
43 249
43 892
44 706
44 869
45 241
45 263
45 458
45 580
45 698
46 221
46 242
46 302
46 338
47 903
47 948
48 781
48 845
49 349
49 829
49 876
49 985
50 261
50 274
50 386
51 57
51 334
51 359
51 845
52 737
53 531
53 609
53 816
53 849
54 593
54 816
55 187
55 218
55 317
55 710
56 89
56 117
56 196
56 459
57 448
57 893
58 207
58 237
58 996
59 240
59 369
60 365
60 805
60 939
60 962
61 104
61 287
61 337
61 379
61 485
61 575
61 704
61 938
62 173
62 401
62 435
62 714
62 755
63 761
64 564
65 154
65 382
65 443
65 823
65 828
66 480
66 572
66 885
67 771
68 184
68 478
68 747
68 883
69 128
69 337
69 419
69 660
69 934
69 941
69 945
70 197
70 341
70 457
70 673
70 891
71 86
71 113
71 240
71 650
72 112
72 164
72 432
72 731
72 773
72 871
73 106
73 797
73 852
73 856
73 963
74 112
74 256
74 503
74 584
75 474
75 528
76 385
76 506
76 518
77 245
77 316
77 376
77 582
78 112
78 133
78 287
78 554
78 611
78 947
79 180
79 458
79 884
80 179
80 368
80 599
80 953
81 749
81 819
81 931
81 967
82 95
82 190
82 842
83 131
83 196
83 279
83 772
84 129
84 183
84 281
84 305
84 492
84 652
84 702
84 784
85 102
85 294
85 604
85 690
85 779
85 865
86 94
86 178
86 503
86 569
86 937
87 401
87 495
87 565
87 849
88 147
88 594
88 843
88 856
90 380
90 716
90 814
90 846
91 367
91 791
91 979
92 426
92 457
92 690
92 826
93 279
93 404
95 298
95 809
95 828
96 792
96 845
97 523
97 554
97 632
98 270
98 295
98 720
98 723
99 939
100 260
100 434
101 247
102 163
102 586
102 628
102 704
103 251
103 462
103 670
104 338
104 413
104 681
105 335
105 496
105 585
106 287
106 473
107 130
107 508
107 538
107 677
107 731
107 748
108 166
109 114
109 341
109 586
109 590
109 687
109 690
110 178
110 253
110 283
110 387
111 494
111 661
113 121
113 224
113 491
113 523
113 659
113 706
113 897
114 171
114 811
114 866
114 892
115 633
115 837
116 653
117 442
117 467
117 611
117 751
118 378
118 536
118 569
119 129
119 169
119 175
119 400
120 357
120 906
120 976
121 514
121 674
121 836
122 279
122 363
122 703
122 849
123 198
123 212
123 859
123 991
124 186
124 205
124 355
124 961
125 463
125 683
126 229
126 280
126 289
126 472
126 567
126 686
126 996
127 223
127 237
127 349
127 833
128 149
128 229
128 345
128 727
128 851
129 249
130 421
130 427
130 859
130 943
131 363
131 622
132 686
132 809
133 222
133 240
133 517
133 609
133 998
134 265
134 335
134 579
135 293
135 521
135 548
135 608
135 612
135 817
136 296
136 596
136 637
137 416
137 450
137 898
138 595
138 641
138 689
138 752
138 949
139 615
139 719
139 775
139 798
139 837
139 874
139 892
139 922
140 176
140 527
140 711
141 213
141 599
141 846
142 160
142 415
142 996
143 554
143 661
143 914
144 419
144 582
145 405
145 477
146 538
147 332
147 428
147 557
148 151
148 228
148 411
148 854
149 319
149 517
149 696
150 236
150 446
150 732
150 844
150 959
151 471
151 845
152 252
152 318
152 620
152 702
152 854
153 205
153 312
153 349
153 812
154 399
154 881
154 903
155 402
155 468
155 474
155 531
155 761
156 244
156 801
157 421
157 777
157 830
158 343
158 412
158 578
158 855
158 947
159 221
159 311
159 364
159 414
159 511
159 748
159 815
159 997
160 546
160 683
160 765
160 946
161 223
161 232
161 612
161 859
161 920
161 928
161 948
161 955
162 219
162 343
162 387
162 399
162 720
162 844
162 877
163 262
163 640
163 694
164 218
164 779
164 799
165 605
166 309
166 594
166 782
166 949
167 247
167 453
168 600
168 655
168 731
169 523
169 577
169 953
169 981
170 545
171 581
171 688
171 883
171 977
172 202
172 235
172 358
172 750
173 348
173 859
174 469
174 713
175 287
175 299
175 857
175 979
176 443
176 520
176 650
177 374
178 654
178 783
179 960
180 370
180 434
181 395
181 592
181 889
182 291
182 516
182 519
183 948
184 230
184 274
185 587
185 700
185 723
185 862
185 922
186 371
186 544
187 310
187 354
187 801
187 931
188 247
188 363
188 382
188 526
188 800
189 567
189 609
190 417
190 508
190 644
190 672
191 232
191 279
192 404
192 419
193 203
193 994
194 362
194 532
194 746
195 390
195 590
195 646
195 842
196 500
196 638
196 694
196 880
196 995
197 273
197 596
197 735
197 749
197 756
197 896
197 925
198 251
198 330
198 391
198 680
198 867
198 903
199 242
199 260
199 265
199 436
199 887
200 381
200 442
200 547
200 682
200 977
201 286
201 368
201 427
201 567
201 580
201 779
202 254
202 394
203 229
203 536
204 261
204 389
204 697
205 444
205 897
205 963
205 985
206 270
206 300
206 737
206 747
206 988
207 398
208 332
208 474
208 562
208 670
209 588
210 268
210 379
210 650
210 653
210 871
211 303
211 412
211 518
211 639
212 322
212 356
212 890
213 554
213 569
213 792
213 817
213 936
214 389
214 850
214 998
215 540
215 961
215 986
216 274
216 551
216 843
216 896
217 302
218 243
218 332
218 381
218 736
218 789
219 248
219 313
219 373
219 377
219 601
220 348
220 522
220 564
220 757
220 807
220 818
221 425
221 647
221 848
221 899
222 436
222 496
222 527
222 737
222 742
223 244
224 419
224 448
224 450
224 851
224 912
225 640
225 669
225 675
226 470
226 667
226 812
226 854
227 339
227 368
227 751
227 951
227 967
227 981
228 266
228 420
228 930
229 265
230 406
230 685
230 710
230 937
230 943
231 389
231 723
232 415
232 761
232 848
233 276
233 559
233 585
233 640
234 528
234 684
234 709
234 712
235 405
235 530
235 582
235 667
236 387
237 282
237 416
238 332
238 483
238 547
238 828
238 885
239 320
239 453
239 454
239 479
240 296
241 292
241 411
241 474
242 906
242 980
243 702
243 898
243 905
244 247
244 451
244 455
245 554
245 938
246 569
246 750
246 884
247 249
247 259
247 328
247 593
248 255
248 342
248 355
249 320
249 399
249 591
249 768
249 812
250 383
250 962
251 431
251 474
251 660
251 718
251 840
251 996
252 924
253 314
253 517
253 521
253 628
253 758
253 775
253 833
254 470
254 551
254 563
254 587
254 747
254 929
254 986
255 745
255 760
256 290
256 400
256 424
256 595
256 828
257 646
257 687
257 718
257 741
257 809
257 889
258 547
258 799
258 821
258 946
258 952
259 872
260 500
261 483
261 503
261 506
262 396
262 670
263 329
263 372
263 723
264 695
264 808
264 892
266 436
266 907
266 988
266 989
267 712
268 485
268 845
269 364
269 428
269 841
269 860
269 911
269 913
270 502
270 650
270 746
270 760
270 795
271 430
271 613
271 897
271 901
272 310
272 342
272 500
273 299
273 436
273 533
273 566
274 323
274 464
274 530
274 817
274 858
274 937
275 308
275 392
275 462
275 596
276 595
276 980
277 366
277 513
277 515
277 785
277 838
278 530
278 599
279 327
279 517
280 285
280 492
280 780
281 286
282 311
282 315
283 553
283 601
283 701
283 956
284 423
284 480
284 506
284 557
284 577
284 901
285 308
285 443
285 466
285 571
285 755
286 357
286 375
286 659
287 753
287 869
288 868
289 610
289 613
289 711
289 888
289 904
290 319
291 369
293 402
294 573
294 840
294 995
295 478
295 497
295 605
296 556
296 652
296 822
296 980
297 759
298 692
298 765
298 877
299 422
299 463
299 530
299 842
300 751
300 759
300 762
300 815
300 944
301 587
301 781
302 355
302 497
302 603
302 651
302 918
302 969
302 979
303 333
303 430
303 976
304 470
304 886
304 927
304 949
304 975
305 443
305 494
305 606
305 682
306 393
306 414
306 426
306 455
306 550
306 669
307 317
307 326
308 647
308 714
308 754
309 564
309 666
309 788
310 354
310 359
310 410
310 549
311 516
311 900
312 738
313 481
313 567
313 974
314 626
314 958
314 969
315 361
315 808
316 379
316 917
317 754
318 429
318 591
318 650
319 355
319 387
319 940
320 378
320 704
320 960
321 463
321 528
321 660
321 698
321 881
321 918
321 948
321 996
322 709
322 717
322 777
322 894
322 930
323 716
323 873
324 379
324 803
325 932
326 541
326 752
326 933
327 953
328 845
328 870
329 661
330 359
330 903
331 721
332 409
332 527
332 578
332 721
332 793
333 646
334 481
334 803
335 461
335 631
335 675
336 440
336 947
337 510
337 618
338 444
338 963
339 363
339 464
339 759
339 964
339 971
340 537
340 692
341 610
341 823
342 405
342 611
343 480
344 608
344 615
344 696
344 707
344 916
345 447
345 492
345 739
346 536
346 781
347 617
347 870
349 452
349 758
349 979
350 354
350 396
350 667
350 976
351 408
351 470
351 645
351 828
352 557
352 590
352 743
352 972
353 382
353 584
353 703
353 712
354 710
354 771
354 790
354 968
355 439
356 860
357 804
357 914
358 594
358 722
358 988
359 495
359 573
359 777
359 814
360 810
361 410
361 511
361 602
361 615
362 370
362 590
362 652
362 726
362 787
364 503
364 542
365 458
365 540
365 541
366 549
366 586
367 707
367 820
367 821
367 927
368 503
368 623
368 702
369 743
370 372
370 616
370 862
371 541
371 815
372 436
372 459
372 529
372 662
372 834
373 434
373 748
374 524
374 805
374 973
375 801
376 546
376 765
377 512
377 904
378 391
378 646
378 755
379 515
381 546
381 675
381 796
381 982
382 588
383 395
383 499
383 604
383 649
383 705
383 717
384 572
384 581
385 470
385 593
385 939
386 586
386 630
386 779
387 617
388 562
388 674
388 870
389 513
389 731
389 877
390 649
391 454
391 547
391 552
391 622
391 934
392 659
392 714
392 968
393 794
394 578
395 798
396 725
397 447
397 480
397 485
397 941
398 726
398 939
399 694
400 403
400 481
400 554
400 940
400 972
401 446
401 640
401 845
401 928
402 504
402 805
403 786
403 895
404 774
404 847
406 474
406 633
406 750
406 825
407 432
407 537
407 875
407 961
408 621
408 911
408 957
409 472
409 556
409 559
409 706
409 721
410 647
410 777
410 861
411 590
411 703
411 722
411 797
414 620
415 563
415 934
416 472
416 501
416 509
416 700
417 648
417 862
417 900
418 470
418 646
418 650
418 844
419 473
419 572
419 826
419 895
420 890
421 755
422 790
423 802
423 806
424 688
426 555
427 491
427 520
427 688
427 822
428 483
428 658
428 972
429 850
430 872
430 932
431 902
432 830
433 479
434 771
434 869
435 821
436 474
436 546
437 791
438 611
438 622
438 803
439 525
439 557
439 961
441 451
441 571
441 877
442 821
444 717
445 869
446 491
446 631
446 735
447 558
448 989
449 650
449 837
449 958
449 999
450 529
451 497
452 718
452 965
453 594
453 831
454 763
454 883
454 941
455 561
455 581
455 656
455 830
455 936
456 464
456 660
456 670
457 622
458 637
458 682
459 692
459 962
460 613
461 687
462 695
462 715
462 762
463 739
463 757
464 677
465 491
465 558
465 984
466 507
466 582
466 888
467 507
467 922
467 927
468 521
468 565
468 727
468 968
469 616
469 944
470 645
470 844
470 961
471 753
471 862
471 913
472 866
472 929
473 759
474 822
475 987
476 804
476 870
477 684
477 855
477 879
477 975
478 590
478 767
478 869
479 848
480 713
480 919
480 954
480 992
481 504
481 797
482 595
482 738
482 779
483 665
484 493
484 513
484 710
485 494
485 601
485 799
486 890
487 965
488 739
489 908
490 703
490 714
491 712
492 636
492 932
493 773
493 820
494 531
495 610
497 542
497 567
497 847
498 670
498 749
498 987
499 833
499 840
499 887
500 624
500 862
501 699
502 561
502 969
503 740
504 676
504 832
505 955
506 563
507 698
508 786
509 878
510 512
510 630
510 715
510 893
511 609
513 721
513 966
513 998
514 926
514 999
515 598
515 911
516 578
516 836
517 588
517 797
517 975
518 592
518 614
518 704
518 869
519 734
520 739
520 812
520 848
520 931
521 658
521 902
522 999
523 563
523 689
524 705
525 689
525 812
526 736
526 764
527 559
527 598
527 668
528 539
528 830
528 950
529 989
530 677
531 901
532 576
532 725
533 655
533 683
533 817
533 920
533 948
534 588
534 691
534 739
534 847
534 851
535 796
535 900
536 919
536 930
537 792
538 659
539 582
539 773
540 652
540 879
541 851
542 678
542 693
542 746
543 603
543 980
543 990
544 618
545 681
546 983
547 736
547 833
548 721
548 771
548 944
550 626
550 772
551 622
551 769
553 924
553 952
553 965
554 562
556 908
558 560
558 702
558 968
560 791
561 588
561 598
561 660
562 571
563 747
565 605
565 747
565 884
565 933
566 608
566 698
566 926
567 631
568 678
568 986
569 820
570 710
570 780
570 917
571 707
571 956
571 971
572 758
574 757
574 923
574 931
575 764
575 813
575 948
576 641
577 723
577 934
578 975
579 616
581 823
581 933
582 649
583 620
583 847
583 960
584 639
585 863
585 904
585 982
586 729
588 805
588 822
589 592
589 621
589 728
590 694
590 963
592 629
592 666
595 955
596 682
596 883
596 973
597 732
598 887
598 912
599 659
600 820
600 863
601 611
601 653
601 942
602 617
602 652
602 713
602 949
604 802
606 629
606 702
606 720
607 807
607 974
608 774
608 847
609 892
611 798
611 936
612 716
612 805
612 985
613 723
614 806
614 852
615 663
615 761
615 820
616 633
616 894
616 895
617 747
617 971
618 830
619 763
619 873
620 726
621 633
621 725
621 918
622 638
622 718
622 831
623 870
623 888
624 756
624 880
624 931
625 733
626 766
626 907
627 854
627 882
627 890
628 838
628 983
629 728
630 689
630 852
630 890
631 856
631 977
632 917
632 951
633 777
633 845
634 753
634 860
634 904
634 948
635 705
635 719
635 732
635 937
636 987
637 822
638 945
639 735
639 907
639 997
641 668
641 947
642 751
642 789
642 979
643 763
643 886
644 928
645 896
646 762
646 820
647 769
648 815
648 843
650 861
652 712
652 943
653 689
653 913
653 995
654 798
654 873
655 721
655 955
656 660
656 965
657 741
657 954
658 687
659 816
659 861
659 964
661 967
662 694
662 975
663 787
663 843
663 901
663 938
664 963
665 793
666 668
667 794
668 993
669 805
669 915
670 890
671 898
672 858
672 926
673 685
674 753
676 760
677 874
677 879
678 769
678 789
678 993
679 910
680 969
683 870
683 964
685 956
686 970
687 853
688 724
688 825
688 827
688 872
689 849
689 939
691 708
691 829
691 833
692 903
693 811
693 976
694 809
694 824
694 959
695 801
695 812
696 791
696 836
697 955
698 727
698 956
699 707
699 851
699 955
700 937
700 951
701 759
701 893
703 732
703 793
704 817
704 959
706 866
706 885
707 734
708 995
709 723
709 822
710 844
711 970
713 909
714 931
715 806
716 790
716 971
716 983
717 795
717 879
718 781
718 855
718 903
718 989
719 841
720 835
720 941
721 759
721 800
722 950
724 795
725 807
726 845
726 917
727 865
729 900
730 841
730 878
731 785
732 818
733 740
733 922
734 859
737 818
737 932
737 960
738 740
738 751
738 880
741 846
741 989
742 951
744 823
747 997
751 896
751 910
752 901
753 847
753 941
753 948
753 956
754 791
755 922
758 905
759 803
761 831
763 942
763 968
764 819
764 993
765 925
766 985
769 789
769 796
769 824
769 928
770 836
771 935
773 836
775 856
775 974
776 931
778 862
778 893
778 896
780 787
783 946
784 979
784 988
790 831
793 886
793 960
794 827
796 898
798 864
798 880
798 924
801 870
802 868
802 986
804 832
805 845
806 832
808 836
808 898
809 831
811 978
812 823
812 930
816 989
817 846
818 968
819 839
819 935
820 892
822 896
823 902
824 967
825 903
829 860
829 972
833 899
834 976
835 836
836 864
840 876
842 937
844 889
845 947
853 947
854 938
855 950
856 897
857 966
858 957
859 864
859 994
861 884
861 926
864 912
871 968
872 902
875 909
877 882
878 892
878 911
882 914
884 913
886 934
888 948
890 979
891 924
892 961
892 984
895 916
895 993
896 897
896 905
897 935
897 989
898 947
899 953
906 909
916 978
925 932
929 949
930 952
932 933
933 949
938 986
966 969
970 989
974 994
980 991
991 997
0
10 999
