1000	1977	 1
0 714
0 838
1 189
1 214
1 646
1 667
1 810
1 993
2 235
2 248
2 605
2 728
2 844
2 944
2 971
3 19
3 477
3 573
3 700
3 733
3 742
3 797
3 818
4 712
5 156
5 159
5 325
5 441
5 452
5 682
5 959
6 716
6 833
6 951
7 31
7 140
7 296
7 448
7 561
7 601
8 83
8 353
8 747
9 57
9 191
9 289
9 510
10 187
10 497
10 710
10 778
10 784
11 49
11 575
11 667
11 902
12 823
12 938
13 203
13 866
13 968
14 149
14 268
14 287
14 301
14 605
15 368
15 399
15 781
16 191
16 324
16 472
16 574
16 789
16 836
17 35
17 610
17 774
17 988
18 208
18 341
18 402
18 533
18 734
18 848
19 412
19 564
20 144
21 48
21 518
21 722
21 727
22 113
22 374
22 464
23 535
23 730
24 259
24 506
24 552
24 607
24 917
25 54
25 296
25 505
25 805
25 998
26 78
26 350
26 777
27 55
27 310
27 432
27 566
28 36
28 127
28 405
28 747
28 988
29 74
29 173
29 787
29 804
30 314
30 550
30 720
30 776
30 796
30 921
31 294
32 503
32 588
32 913
33 349
33 713
33 869
34 43
34 72
34 408
35 66
35 512
35 728
35 859
36 184
36 349
36 387
36 453
36 606
37 52
37 346
37 738
37 836
38 308
38 375
38 548
38 618
38 700
38 703
39 659
39 711
39 833
39 971
40 134
40 459
40 691
40 697
40 726
40 981
41 179
41 244
41 968
42 61
42 233
42 292
42 616
42 961
44 473
44 868
44 897
45 282
45 356
45 800
46 132
46 520
46 648
47 292
47 298
47 389
48 126
48 731
48 884
48 917
49 104
49 243
49 656
49 730
49 807
49 855
50 424
51 566
51 678
51 879
52 424
52 778
53 211
53 455
53 564
53 632
53 802
54 118
55 286
55 523
55 605
55 636
55 700
55 920
55 988
56 112
56 348
56 853
57 149
57 221
57 322
57 463
57 602
57 711
57 963
58 83
58 136
58 198
58 223
58 324
59 417
59 563
59 574
59 662
59 694
59 732
59 763
60 419
61 86
61 198
61 200
61 721
62 266
62 344
63 129
63 172
63 396
63 478
63 823
64 451
64 908
65 276
65 312
65 523
65 559
65 737
65 905
66 442
66 700
67 672
67 837
68 126
68 275
68 845
69 70
69 203
69 246
69 287
70 663
71 274
71 382
71 457
71 559
71 590
71 673
71 751
71 917
71 974
72 126
72 762
73 78
73 858
73 974
74 574
75 110
75 127
75 133
75 635
75 792
75 996
76 94
76 237
76 728
76 756
76 851
76 938
77 198
77 207
77 262
77 664
78 155
78 268
78 375
78 424
78 544
78 941
79 413
79 489
79 612
80 461
80 545
81 150
81 201
81 334
82 318
82 377
82 413
82 825
82 881
83 110
83 513
83 783
84 108
84 199
84 231
84 348
84 442
84 613
84 685
85 454
85 480
85 603
86 870
86 882
87 329
87 382
87 654
87 760
87 867
87 868
88 453
88 868
88 920
89 94
89 550
89 662
90 212
90 262
90 268
90 461
90 752
90 972
91 370
91 391
91 664
91 807
91 850
92 408
92 652
93 171
94 539
95 661
95 678
95 882
96 139
96 317
96 393
96 497
96 706
97 112
97 615
98 173
98 591
98 732
98 940
98 945
98 967
99 597
99 610
99 733
100 204
100 570
100 660
100 870
100 957
101 681
101 789
102 211
102 235
102 361
102 999
103 269
103 748
104 245
104 485
104 581
104 659
104 706
105 776
105 806
105 979
106 432
106 500
106 551
106 772
106 990
107 165
107 189
107 283
107 710
108 373
108 521
109 119
109 128
109 923
110 117
110 135
110 250
111 128
111 193
111 216
111 593
112 139
112 203
112 274
112 279
112 460
112 634
112 808
113 206
113 368
113 911
114 428
114 864
115 290
115 340
115 362
115 741
115 777
115 812
115 943
116 521
116 881
117 788
118 160
118 225
118 321
118 439
118 599
118 682
118 981
119 749
119 880
119 951
120 136
120 530
120 795
121 572
121 722
121 900
122 379
122 739
122 977
123 207
123 255
123 304
123 561
123 591
123 759
124 357
124 399
124 923
125 158
125 449
125 503
125 735
125 848
125 946
126 311
126 534
126 766
126 848
127 341
127 380
127 535
127 781
128 683
128 780
129 873
130 228
130 379
130 766
130 774
131 364
131 398
131 442
131 666
131 734
131 789
131 917
132 149
132 509
132 627
132 724
132 944
133 246
133 582
134 432
134 897
136 202
136 839
136 923
137 211
137 453
137 676
137 984
138 367
138 424
138 447
138 591
138 622
138 748
139 362
139 944
140 735
140 924
141 277
141 587
141 732
141 796
142 163
142 350
142 396
142 536
142 576
143 433
143 701
143 728
143 840
143 871
144 206
144 253
144 268
144 297
144 487
144 547
144 567
145 807
145 943
146 230
146 256
146 397
146 477
146 813
146 859
146 987
147 224
147 424
147 617
147 721
148 162
148 330
148 429
148 616
148 727
149 180
149 628
149 813
149 990
150 289
150 447
150 523
150 661
150 796
151 600
151 788
151 964
152 191
153 278
153 554
153 599
154 520
154 892
155 216
155 339
155 432
155 911
156 623
156 694
156 807
157 463
157 499
157 662
157 974
159 442
159 470
159 650
159 739
159 787
160 743
161 196
161 699
161 958
162 172
162 592
162 662
163 201
163 220
163 296
164 284
164 301
164 309
164 459
164 498
164 505
165 938
166 230
166 286
166 632
167 354
167 590
167 811
167 857
167 904
167 975
168 715
168 887
169 637
169 749
169 957
170 175
170 629
171 452
171 639
172 410
172 484
172 603
172 642
172 751
173 252
173 443
173 849
174 249
174 319
174 961
175 271
175 394
175 674
175 886
176 186
176 235
176 278
176 346
177 446
177 722
178 293
178 699
178 869
178 870
179 210
179 357
179 442
179 491
179 637
179 817
181 545
181 882
182 298
182 502
182 642
182 786
183 373
183 460
183 518
183 669
183 908
184 403
184 409
184 591
184 676
185 628
185 869
186 354
186 857
187 655
187 958
188 488
188 525
188 660
188 773
188 811
189 194
189 320
189 576
189 837
190 191
190 257
190 264
190 335
190 354
191 778
191 802
191 991
192 216
192 395
192 741
192 966
193 261
193 279
194 222
194 239
194 402
194 549
194 569
195 310
195 480
195 734
195 870
195 915
195 979
196 253
196 312
196 991
197 373
197 391
197 562
197 640
198 259
198 276
198 277
198 345
198 593
198 618
198 711
198 827
199 482
199 854
200 299
200 305
200 841
201 417
201 479
202 347
202 428
202 665
202 730
204 465
204 505
204 563
204 835
204 904
205 300
205 559
205 618
205 780
206 420
206 852
208 368
208 921
209 960
210 386
210 397
210 755
210 888
211 411
211 526
211 624
211 647
211 994
212 583
213 277
213 313
214 524
214 967
215 256
215 777
215 868
216 753
217 655
217 681
217 736
217 857
217 880
218 300
218 752
218 878
219 667
219 788
220 226
220 553
220 712
220 756
220 953
221 239
221 586
221 745
222 228
222 559
222 717
222 820
222 842
222 998
223 256
223 462
223 467
223 469
223 492
223 757
223 828
224 747
224 770
224 881
225 248
225 758
225 986
227 240
227 317
227 695
227 748
227 776
227 884
228 471
228 832
228 877
228 973
229 341
229 435
229 593
229 690
230 400
230 532
230 914
231 247
231 269
231 588
231 610
231 934
232 774
232 983
233 446
233 584
234 331
234 432
234 483
234 627
234 748
235 426
235 608
235 656
235 958
236 548
236 673
236 794
237 241
237 306
237 373
237 420
237 481
238 794
238 808
239 245
239 642
239 805
239 932
240 332
240 400
240 455
240 862
241 259
241 441
241 760
242 269
242 433
242 762
242 769
243 741
243 804
243 921
245 407
246 849
246 944
247 358
247 862
248 750
249 595
249 626
249 807
249 915
250 503
250 647
250 656
250 792
251 520
251 657
251 737
251 858
251 962
252 474
252 539
252 666
252 682
252 792
252 948
253 546
253 599
254 300
254 333
254 418
254 804
254 816
254 949
255 422
255 831
256 374
256 560
256 604
256 891
256 929
257 339
258 303
258 760
258 780
259 418
259 561
259 981
260 371
261 356
261 535
262 296
262 494
262 877
263 311
263 541
263 559
263 934
264 766
264 985
265 536
265 810
267 289
267 537
267 629
268 446
268 486
269 632
270 620
270 684
270 776
270 811
271 540
271 633
272 297
272 941
272 943
273 538
273 668
273 690
273 977
274 502
274 558
274 661
274 852
274 889
275 729
275 740
276 543
277 996
278 369
278 573
278 790
278 876
278 905
279 408
279 475
279 544
279 736
279 902
280 589
280 843
280 865
281 488
282 711
282 744
282 944
283 384
283 817
283 900
284 525
285 440
285 667
285 814
285 839
286 290
286 810
286 816
287 997
288 345
288 692
288 742
288 823
288 881
288 892
289 502
290 558
290 820
290 930
291 757
291 947
292 703
292 777
292 948
293 358
293 982
294 481
294 683
294 725
295 378
295 857
296 652
296 815
296 941
296 974
296 995
297 351
297 416
297 476
298 420
298 428
298 538
298 612
298 725
298 799
299 576
299 624
299 671
299 775
300 425
300 450
300 453
300 769
300 910
300 984
301 419
302 447
302 470
302 509
302 761
303 311
303 397
303 537
303 836
303 878
304 506
304 533
304 952
305 509
305 721
306 796
306 976
307 309
307 672
307 674
308 917
308 956
309 891
310 353
310 357
310 422
310 907
311 512
311 602
311 677
311 688
312 540
313 784
313 827
313 839
314 404
314 493
314 513
315 496
315 566
315 834
315 915
315 920
316 774
317 352
317 579
317 795
318 659
318 848
318 942
319 833
319 953
321 332
321 603
321 819
321 895
321 950
322 509
322 574
322 734
322 771
323 939
323 996
324 338
324 715
324 887
324 931
325 390
325 496
325 633
326 493
326 647
326 673
326 898
326 991
327 385
327 416
327 515
327 543
327 854
328 336
328 580
328 923
328 946
328 964
329 772
329 836
330 452
330 720
331 393
331 760
333 348
333 379
333 643
334 391
335 857
335 901
335 995
336 534
336 753
336 791
337 435
337 489
337 659
339 536
339 644
339 678
339 719
340 402
340 801
340 873
340 897
340 958
340 997
341 640
341 837
342 379
342 741
342 836
343 602
343 751
343 827
344 578
344 885
344 906
344 915
345 656
346 671
346 989
347 519
348 462
348 499
349 703
350 419
351 437
352 387
352 493
352 985
353 517
353 653
353 861
353 967
354 542
354 700
355 564
356 452
356 913
357 524
357 605
357 772
357 786
357 879
358 541
358 697
358 796
359 458
359 469
359 663
360 750
361 407
361 815
361 919
362 390
363 571
363 622
364 466
364 988
365 399
365 469
365 488
365 691
365 706
366 444
368 400
368 579
368 641
368 829
369 391
369 915
369 939
369 973
370 479
370 510
371 901
372 391
372 497
372 645
372 696
372 872
372 896
372 958
374 425
374 843
375 933
376 385
376 462
376 832
377 604
377 853
378 532
378 588
378 619
378 646
379 416
379 856
379 928
380 610
380 687
380 894
380 926
380 938
381 483
382 611
383 475
383 583
383 872
383 886
384 525
385 463
385 689
385 861
386 430
386 521
386 620
387 403
387 674
388 743
388 794
388 931
388 987
389 562
390 509
391 802
391 911
392 468
392 788
392 952
393 525
393 728
393 832
393 956
393 971
394 687
394 745
394 753
394 919
395 553
395 968
396 485
396 599
396 681
396 808
397 548
397 577
398 902
398 987
399 862
400 765
400 839
401 796
402 738
402 852
403 482
403 484
403 720
403 878
404 695
404 984
405 420
405 596
405 986
406 705
406 728
406 809
406 969
409 565
409 864
409 935
410 592
410 776
410 949
410 986
411 638
412 674
412 847
414 416
414 509
414 628
414 825
415 916
415 955
416 555
416 819
416 830
416 836
418 662
418 853
418 874
419 627
421 601
421 616
422 673
422 785
422 963
423 544
423 577
423 790
424 558
424 898
425 472
425 521
425 672
426 499
426 741
426 750
427 485
427 582
428 431
428 897
429 539
429 597
429 774
430 825
431 582
432 454
432 495
433 954
434 649
434 657
434 658
435 663
436 909
436 915
437 491
437 926
438 686
439 473
440 744
441 448
442 554
442 893
442 903
443 468
443 608
443 758
443 825
444 538
444 618
444 645
444 772
444 912
444 993
445 516
445 599
445 841
446 803
446 908
447 692
447 748
448 541
448 898
449 759
449 819
450 625
450 771
451 662
452 471
452 559
453 483
453 625
453 707
453 741
454 665
454 831
454 909
455 494
455 497
455 535
455 883
456 597
456 904
457 504
457 552
457 575
457 936
458 530
458 703
458 715
458 784
458 856
459 485
459 520
459 986
460 594
460 638
460 847
461 464
461 520
461 801
462 543
462 825
463 537
463 641
463 704
463 901
463 972
464 988
465 597
465 920
466 703
466 800
467 704
468 984
469 576
469 848
469 892
470 491
470 745
471 736
472 723
472 778
474 554
474 624
474 923
476 480
476 617
476 728
476 858
477 573
477 806
477 982
478 501
478 931
480 646
480 849
480 890
481 640
481 992
482 722
482 862
482 877
484 557
484 625
485 574
485 628
486 629
486 656
486 704
486 755
486 856
486 862
486 956
489 505
490 727
490 942
491 695
491 765
491 955
492 499
492 643
492 835
493 835
494 642
494 678
494 993
495 645
495 674
496 925
496 979
497 572
497 664
497 726
498 809
499 592
499 715
499 918
499 947
500 555
500 701
500 818
501 608
501 693
501 712
503 715
504 773
504 960
505 807
506 686
506 943
507 613
507 707
507 794
507 930
508 632
508 786
509 526
509 708
509 789
510 656
510 673
511 724
511 899
511 933
512 906
513 537
513 603
513 851
514 594
515 612
515 641
515 749
515 766
516 524
516 896
519 603
519 757
519 953
520 669
520 926
521 755
521 919
522 653
522 849
523 548
524 674
525 783
527 644
527 860
528 588
529 588
529 618
529 845
531 590
531 978
532 896
534 630
534 797
534 970
535 803
535 980
536 736
536 757
536 946
537 900
538 589
539 704
539 901
540 586
540 608
540 866
541 996
542 564
542 849
543 572
544 586
544 738
544 952
545 578
545 630
546 950
547 677
549 887
549 912
550 673
550 946
551 671
552 714
553 899
554 600
554 894
555 584
556 607
557 826
558 751
558 773
559 698
559 727
559 798
559 867
560 736
560 832
561 930
562 752
563 616
564 741
565 568
566 778
567 732
567 814
567 976
568 623
568 626
568 927
568 974
572 883
572 938
573 718
573 756
573 805
573 967
574 875
576 723
576 748
576 761
576 824
577 740
577 759
577 934
579 984
580 884
580 944
580 949
581 912
582 695
582 890
583 671
583 843
583 896
583 906
585 641
585 721
585 876
586 719
586 902
587 592
587 677
587 781
588 902
589 660
589 768
589 871
590 984
591 775
592 767
592 880
593 691
593 765
594 705
594 775
594 833
595 914
596 965
598 688
598 697
598 769
599 683
599 928
599 999
600 605
600 614
600 803
600 970
603 711
606 686
606 754
608 961
609 750
609 844
612 631
613 922
614 847
614 984
615 782
615 823
617 745
617 951
618 921
618 924
619 812
620 689
620 708
620 903
621 705
622 766
623 892
623 992
624 961
627 764
627 775
627 981
631 801
631 838
632 702
632 706
634 824
634 923
635 828
636 649
636 779
636 937
637 686
639 816
643 681
643 960
644 875
644 976
645 888
645 931
646 777
647 733
648 791
648 996
650 806
650 974
651 871
652 933
653 773
653 842
654 863
655 668
655 675
656 821
657 928
660 740
660 968
661 679
661 746
661 769
661 791
661 846
662 848
663 831
664 815
665 668
665 896
665 916
666 997
667 710
669 747
670 742
671 708
672 733
672 846
675 991
678 766
678 846
678 852
679 962
680 750
680 966
681 709
681 759
681 799
683 717
686 905
688 833
690 810
691 812
693 743
694 745
695 724
695 951
696 942
697 841
697 968
700 889
703 783
704 903
705 898
706 716
706 752
708 922
710 954
712 826
712 886
712 961
714 788
716 718
716 879
716 950
717 801
718 847
719 953
719 963
720 994
722 948
724 820
724 974
725 745
725 758
725 804
726 775
726 946
727 811
727 933
729 816
731 744
731 802
731 962
732 788
733 889
734 907
736 822
737 779
737 834
738 876
739 764
739 791
740 788
740 794
740 849
742 892
743 923
744 793
744 943
747 755
747 985
748 779
748 821
748 956
750 870
752 989
753 818
753 885
754 921
755 891
757 980
758 860
761 864
763 828
764 770
764 955
765 892
768 811
768 951
773 822
773 869
773 998
774 800
774 959
774 999
776 815
776 853
777 950
779 914
781 790
781 854
782 804
783 962
785 932
787 935
789 801
789 814
793 868
801 847
801 849
802 979
803 819
803 843
804 810
804 882
804 955
806 894
808 960
813 868
813 968
814 993
815 909
817 994
821 915
822 824
823 944
832 869
832 949
833 903
835 989
837 982
838 858
840 984
841 867
843 850
843 888
844 852
844 862
846 943
847 904
848 955
849 974
850 851
851 908
853 864
853 880
853 910
853 918
853 985
855 895
856 995
857 950
858 862
859 964
861 922
861 987
862 883
863 917
863 936
865 967
868 885
869 991
870 898
870 971
872 874
872 902
876 898
879 996
880 940
881 898
886 903
889 915
891 975
895 942
896 996
897 926
897 927
898 909
900 980
904 943
906 908
906 963
907 926
909 959
909 992
917 965
924 977
926 951
929 964
929 968
929 999
940 954
941 978
945 996
952 957
961 976
984 998
0
10 999
