1000	2037	 1
0 455
0 468
0 708
1 146
1 398
1 743
1 902
2 268
2 477
2 830
3 89
3 407
4 94
4 105
4 574
5 304
5 553
5 682
5 919
5 947
6 364
6 502
6 528
6 562
6 587
6 905
7 465
7 558
7 759
8 42
8 86
8 314
9 18
9 48
9 668
9 733
10 31
10 61
10 316
10 400
10 513
10 591
10 731
11 37
11 119
11 497
11 530
11 576
11 620
11 765
11 817
12 400
12 423
12 458
12 564
12 594
12 922
13 358
13 376
13 380
13 505
13 542
13 557
13 946
14 89
14 136
14 202
14 339
14 542
14 857
14 889
15 36
15 241
15 257
15 455
15 748
15 787
15 815
16 176
16 303
16 354
16 527
16 779
17 555
17 603
17 939
18 34
18 605
18 888
18 987
19 311
19 349
19 672
20 59
20 162
20 675
20 811
20 864
21 454
21 991
22 277
22 293
22 399
22 445
22 737
23 201
23 204
23 448
23 511
23 557
23 639
23 849
24 551
24 714
24 980
24 983
25 405
25 843
25 905
25 970
26 67
26 422
26 438
26 449
26 724
27 596
27 611
27 832
28 385
28 446
28 845
28 873
28 948
29 48
29 98
29 471
29 584
29 630
29 762
29 904
29 909
29 955
30 328
30 570
30 985
31 157
31 320
31 349
31 697
31 762
31 913
32 159
32 757
32 797
32 886
32 929
33 227
33 264
34 48
34 349
35 438
35 697
35 760
36 113
36 488
37 414
37 579
38 494
38 680
38 719
38 749
38 993
39 308
39 384
39 475
39 809
40 207
40 525
40 718
40 944
41 146
41 191
42 82
42 284
42 326
42 530
43 44
43 89
43 375
43 409
44 104
44 137
44 604
44 835
45 253
45 484
45 567
45 599
45 650
45 799
46 56
46 425
46 575
46 677
47 790
48 193
48 444
48 476
48 487
48 657
48 976
49 446
49 666
49 764
49 796
50 97
50 288
50 374
50 720
51 84
51 597
51 674
51 683
51 927
52 477
53 233
53 294
54 142
54 813
54 929
54 966
55 202
55 821
55 923
55 934
55 954
56 192
56 330
56 681
56 787
56 797
56 837
56 958
57 240
57 385
57 448
57 473
57 848
58 357
58 392
58 661
59 111
59 314
59 688
59 743
59 873
59 903
60 280
60 325
60 378
60 983
60 999
61 91
61 99
61 432
62 95
62 394
63 156
63 267
63 450
63 755
63 846
63 885
64 433
65 85
65 230
65 478
65 863
66 123
66 411
66 475
67 318
67 588
67 642
67 662
68 252
68 288
68 333
68 386
68 500
68 517
68 694
68 697
68 824
69 581
69 688
70 412
70 490
70 665
70 887
70 914
70 938
71 197
71 234
71 397
71 498
71 988
72 587
72 605
72 927
73 81
73 242
73 980
74 164
74 192
75 431
75 907
75 914
76 156
76 707
77 289
77 310
77 802
78 415
78 453
78 542
78 555
78 583
78 944
79 100
79 633
79 695
80 91
80 299
80 395
80 648
80 829
81 297
81 723
81 899
82 582
82 817
82 909
83 303
83 321
83 326
83 558
83 565
83 825
84 348
84 423
85 715
85 941
86 636
87 88
88 489
88 597
88 610
89 500
89 566
89 767
89 775
90 343
90 463
90 979
91 209
91 306
91 423
91 910
91 973
92 176
92 500
92 615
92 763
92 895
92 901
93 243
93 878
94 119
94 265
94 429
94 471
94 716
95 646
95 987
96 431
96 674
96 740
96 934
97 262
97 263
97 292
97 409
97 527
97 876
98 332
98 882
100 246
101 157
101 729
102 285
102 339
102 386
102 640
102 670
102 690
102 767
103 104
103 244
103 359
103 607
104 402
104 507
105 258
105 529
105 616
105 799
106 321
106 333
106 684
107 303
107 495
107 717
107 889
108 564
108 868
109 269
109 439
109 857
109 943
110 265
110 284
110 363
111 408
111 593
112 166
112 846
112 859
113 231
113 351
113 646
114 756
114 805
114 937
114 953
115 175
115 908
116 266
116 599
117 236
117 278
117 450
117 543
117 674
117 779
118 208
118 775
118 847
119 595
119 778
120 565
120 961
121 479
121 539
122 515
122 563
122 632
123 254
123 308
123 734
123 920
123 940
123 986
124 218
124 479
125 580
125 955
126 684
126 836
126 901
126 941
127 334
127 580
127 662
127 816
128 341
128 377
128 834
128 862
129 279
129 302
129 888
130 181
130 452
130 555
130 814
130 946
130 999
131 709
131 989
132 676
133 153
133 753
134 541
134 596
135 156
135 182
135 910
136 929
137 487
137 978
137 988
138 196
138 601
138 691
138 910
139 894
140 246
140 595
140 680
140 858
140 872
141 381
141 431
141 714
141 717
141 965
142 692
143 185
143 700
144 442
144 733
144 967
145 222
145 648
146 300
146 391
146 506
147 236
147 525
147 575
147 654
147 967
148 727
149 613
149 651
149 667
149 956
150 688
150 821
151 199
151 528
151 914
152 563
152 705
152 807
152 838
152 945
153 226
153 393
153 782
154 441
154 472
154 514
154 885
155 440
155 458
155 679
155 862
156 296
156 347
156 730
156 793
156 815
156 827
156 860
157 191
157 223
157 561
157 832
158 747
158 814
159 320
159 357
159 436
160 205
160 492
160 706
160 863
161 914
161 951
162 225
162 265
162 773
162 983
163 201
163 352
163 458
163 669
163 696
163 941
164 562
164 997
165 175
165 535
165 848
165 919
166 245
166 546
166 773
167 257
167 385
167 599
168 738
168 840
169 326
169 440
169 447
169 807
170 606
170 873
170 891
171 184
171 189
172 426
172 598
172 900
172 928
173 462
173 765
174 177
174 288
174 384
175 561
175 790
175 995
176 409
177 419
177 962
178 472
178 972
179 187
179 237
179 310
179 474
179 901
180 251
180 342
180 387
180 681
181 565
181 816
182 361
182 755
183 243
183 630
183 921
184 205
184 382
184 496
184 617
185 203
185 522
185 743
185 983
186 233
186 354
186 470
186 522
186 644
187 266
187 359
187 372
187 531
187 621
188 622
188 758
188 921
189 251
189 588
190 242
190 917
191 626
191 795
191 876
192 637
193 244
193 337
193 688
193 822
193 917
194 353
194 407
194 416
194 672
194 768
194 890
195 369
195 370
195 414
195 492
195 709
195 880
195 921
196 256
196 847
196 887
196 908
197 303
197 442
198 343
199 376
199 420
199 893
199 972
200 219
200 756
200 968
201 227
201 291
201 766
202 419
202 521
202 751
203 699
203 810
204 367
204 473
204 745
204 809
204 997
205 580
205 646
205 668
206 287
206 443
206 877
207 450
208 430
208 787
209 322
209 811
209 902
209 947
210 251
210 303
210 418
210 489
210 910
211 342
211 875
212 321
212 342
212 597
213 258
213 307
213 481
213 743
213 820
214 509
214 641
214 823
214 958
215 783
216 639
216 673
216 692
216 843
217 898
218 887
219 555
220 245
220 328
220 473
220 623
220 920
221 379
221 416
221 601
221 624
221 691
222 421
222 989
223 310
223 808
223 965
224 329
224 434
224 798
224 883
224 939
225 440
225 474
225 862
225 884
225 917
225 928
225 984
226 345
226 422
226 547
227 327
227 505
227 600
227 680
227 818
227 825
227 991
228 480
228 565
228 759
228 825
229 318
229 559
229 893
229 995
230 488
231 341
231 591
231 849
231 882
231 912
232 733
232 754
232 795
232 824
232 939
233 477
233 758
233 914
234 740
235 369
235 828
236 499
236 879
236 940
236 948
237 554
237 652
237 713
237 742
238 302
238 358
238 781
238 975
239 590
239 685
239 725
239 801
240 408
240 604
240 962
241 543
241 716
241 909
242 261
242 311
243 250
243 569
244 611
245 617
245 686
245 895
246 463
246 514
246 695
247 563
247 566
247 654
247 793
247 831
248 369
248 577
248 880
249 499
249 820
249 877
249 958
249 962
250 931
250 943
250 971
251 456
251 742
251 952
252 341
252 992
253 938
254 528
254 631
254 726
255 353
255 714
255 961
256 729
256 770
256 898
256 996
257 397
257 428
257 702
258 307
258 401
258 710
258 826
258 844
259 335
259 541
259 657
259 831
260 757
261 298
261 401
261 787
262 344
263 343
263 693
263 715
263 847
264 710
264 890
265 330
265 652
265 892
266 287
266 314
266 671
266 800
267 348
267 362
267 520
267 767
267 839
267 919
267 983
268 636
268 932
269 544
269 938
269 963
270 383
270 465
270 686
271 298
271 665
271 705
271 989
272 276
272 352
272 433
272 768
273 934
274 367
274 731
274 971
275 767
275 981
276 777
276 950
276 957
277 517
277 875
277 942
278 369
278 988
280 399
280 460
280 571
280 696
281 290
281 420
281 580
281 999
282 531
282 834
282 860
283 443
283 577
283 700
284 767
284 948
285 322
285 735
285 806
285 979
286 355
286 447
286 955
287 457
287 583
287 876
287 965
288 289
288 355
288 372
288 506
288 593
288 650
288 666
288 811
289 478
289 592
290 699
291 813
291 886
291 957
291 982
292 628
292 820
292 881
292 968
292 999
293 419
293 624
294 501
294 611
295 406
295 458
295 722
296 361
296 418
296 627
296 647
296 678
296 741
296 919
297 865
297 884
297 909
298 832
298 841
298 898
299 488
299 632
299 770
299 929
300 817
300 872
301 519
301 689
302 397
302 964
304 487
304 542
304 546
304 856
305 403
305 573
305 677
305 781
305 991
306 354
306 406
306 649
306 744
307 352
307 357
307 930
308 718
309 750
311 614
311 619
312 552
312 683
312 717
312 744
312 850
313 376
313 435
314 364
314 766
315 332
315 609
316 527
316 725
316 755
316 837
316 886
316 960
316 989
317 359
317 836
317 929
318 550
318 590
318 603
318 681
318 812
318 830
319 419
320 425
320 441
320 829
321 610
321 650
321 855
322 558
322 676
322 884
323 582
323 933
323 995
324 741
325 464
326 464
326 580
326 707
326 715
326 802
327 564
327 907
328 748
328 922
329 730
329 945
330 366
331 470
331 869
331 870
331 882
331 941
332 824
333 381
334 472
334 753
334 906
335 371
335 376
335 457
335 948
335 992
336 472
337 602
337 726
337 770
337 924
338 646
338 866
338 906
339 819
340 615
340 731
340 967
341 373
341 612
342 348
342 377
342 573
342 828
342 967
343 448
343 457
343 803
344 583
344 781
344 964
344 972
344 995
345 390
345 533
345 762
345 951
346 451
346 768
346 795
346 861
346 886
346 912
347 511
347 571
347 674
347 808
348 426
348 545
348 586
349 379
349 679
349 798
350 732
351 505
352 641
352 936
353 356
353 364
353 407
354 404
354 690
354 734
355 730
355 904
356 536
356 623
356 702
357 434
358 701
358 750
358 783
358 922
358 971
359 419
359 966
359 974
360 552
360 789
360 893
361 717
362 562
362 656
362 681
363 791
363 908
364 441
364 462
365 487
365 662
365 896
367 427
367 586
367 598
368 442
368 480
368 718
368 958
369 656
370 621
370 647
370 956
370 988
371 400
371 541
371 961
372 525
372 812
374 552
374 892
375 443
375 799
376 727
376 907
377 461
377 481
378 856
378 867
379 574
379 742
379 903
380 661
380 711
380 751
381 461
381 620
381 840
381 974
382 905
382 986
383 591
383 892
384 927
385 650
385 734
386 393
386 621
386 693
386 820
386 865
387 488
388 509
388 935
389 467
389 837
390 511
390 655
390 884
390 971
391 637
391 701
392 756
393 397
394 401
394 671
394 692
394 768
394 794
395 442
395 516
395 737
395 982
396 427
396 442
396 738
396 822
396 833
396 837
397 438
397 553
397 683
398 413
398 499
398 501
398 883
399 480
399 518
400 894
400 911
401 709
401 868
401 989
402 532
403 906
404 527
404 900
405 551
405 626
406 428
406 488
406 543
406 610
407 763
407 783
408 594
408 613
408 901
410 554
410 698
410 738
410 838
411 431
411 559
411 567
412 577
412 798
413 420
413 654
413 713
413 840
414 724
415 607
415 672
415 706
415 901
416 515
416 645
416 824
416 939
416 968
417 568
418 613
419 699
420 445
420 559
420 779
420 846
420 931
421 524
421 728
422 426
423 882
424 435
425 714
426 751
426 780
426 898
427 472
427 608
427 614
427 633
428 526
428 579
429 558
429 759
429 844
429 867
429 997
431 443
432 529
433 578
433 616
433 739
433 956
434 642
434 888
435 470
435 590
435 679
435 883
437 613
437 970
438 846
438 860
439 619
439 950
440 568
440 604
440 811
440 835
441 856
442 454
442 523
442 551
442 603
442 882
443 532
443 709
443 746
443 807
444 550
444 690
444 782
444 783
444 953
446 948
447 494
447 523
447 882
448 749
449 506
449 615
449 637
450 466
450 965
450 969
451 522
451 721
452 696
452 858
452 949
453 662
453 979
454 489
454 519
454 685
454 921
455 860
456 561
456 841
458 531
458 699
459 582
459 680
459 713
459 816
460 478
460 966
461 824
462 643
462 969
463 565
463 569
463 690
464 745
465 490
466 591
466 834
466 990
467 928
467 964
468 696
468 722
469 650
469 783
469 895
469 966
469 969
470 639
470 719
471 529
471 591
471 948
472 638
472 645
472 761
472 858
472 895
473 511
473 863
474 697
474 758
475 702
475 854
475 870
476 694
476 929
477 701
477 824
478 514
479 609
479 875
479 918
480 648
480 980
482 529
482 682
482 881
483 530
483 634
483 836
483 916
484 809
485 630
485 631
485 994
486 492
486 929
486 936
487 512
487 702
489 567
489 708
489 712
489 745
489 809
489 853
489 926
490 778
491 900
491 958
492 501
492 656
492 790
492 891
493 635
494 774
495 669
495 947
496 574
496 708
498 568
498 757
499 506
499 810
499 883
500 645
500 877
501 597
502 513
502 620
502 673
502 834
502 975
503 541
503 614
504 556
504 880
505 563
505 661
507 513
507 794
507 889
508 643
508 739
510 791
510 824
511 540
511 790
511 822
512 873
513 521
514 530
514 932
515 800
515 980
516 533
516 572
516 867
517 713
518 629
518 788
518 894
518 932
519 820
519 877
520 677
521 568
524 877
525 851
525 971
526 690
527 695
528 696
528 933
529 837
529 930
529 954
531 933
532 770
532 957
534 970
535 743
536 559
536 677
536 925
537 756
537 857
538 752
538 766
539 664
540 830
541 801
541 838
541 991
543 738
543 959
545 567
545 692
545 877
546 709
546 732
547 625
547 949
548 860
548 880
549 628
549 642
550 660
550 709
551 613
551 896
552 665
553 569
553 677
554 836
555 691
555 765
556 883
557 843
558 703
560 934
561 564
561 904
562 838
562 954
563 784
563 912
564 973
565 612
565 745
565 849
567 631
567 678
568 659
568 733
569 613
569 639
569 797
569 809
569 884
570 857
570 930
571 612
572 661
572 954
573 956
575 945
576 609
576 624
576 787
576 959
577 956
578 844
578 881
578 973
579 981
580 648
580 870
580 912
580 968
581 728
581 887
582 893
583 827
584 761
584 773
584 836
584 957
585 634
585 740
585 971
586 602
586 873
586 945
586 948
587 600
587 745
587 750
589 648
589 887
590 656
590 715
590 744
590 908
591 647
591 673
592 773
592 794
592 929
593 727
594 872
595 977
596 774
596 780
598 881
598 957
599 619
599 683
600 897
601 727
601 750
601 951
602 862
602 904
604 727
604 848
606 610
606 866
607 847
609 845
609 887
609 899
609 907
610 894
613 616
613 851
616 641
617 786
617 851
617 874
618 644
618 795
619 704
619 732
619 805
619 944
620 858
621 705
621 979
622 804
623 700
624 821
625 675
625 966
628 640
628 929
629 665
629 676
629 736
629 979
630 839
630 840
631 744
631 899
631 914
634 753
635 879
635 944
636 754
638 719
638 936
640 708
640 750
640 896
640 913
643 982
644 717
644 739
644 944
646 928
648 794
649 744
649 771
649 864
649 867
650 767
650 837
651 944
653 789
653 802
654 732
654 784
656 793
657 775
658 990
659 667
659 850
659 936
660 991
662 675
662 676
662 809
662 878
663 737
664 839
665 992
667 735
667 823
667 857
667 944
669 695
669 748
670 725
670 854
671 831
672 756
674 831
674 912
675 840
675 892
675 990
676 889
677 999
678 719
678 754
680 772
681 737
682 690
682 849
684 881
685 913
687 832
687 950
688 765
688 782
688 909
689 772
689 836
690 805
691 793
692 765
692 864
692 995
693 782
693 982
693 986
695 950
698 943
699 803
699 981
700 715
700 929
700 987
701 801
701 881
701 944
702 942
702 976
703 873
703 972
704 811
704 999
708 822
708 916
709 819
709 980
710 999
712 760
712 884
712 952
713 728
713 783
713 958
714 757
714 960
715 742
717 843
717 977
718 955
719 790
719 792
719 821
720 959
721 748
721 857
721 902
721 935
722 894
723 831
723 915
724 865
724 976
726 729
726 832
727 962
729 885
731 929
732 946
733 784
734 735
736 875
737 755
737 772
738 953
739 923
739 945
739 985
740 813
741 850
741 876
741 906
741 917
741 984
742 935
743 755
743 835
745 885
746 773
746 878
747 947
747 968
747 990
748 812
748 864
749 885
749 973
751 822
752 754
753 993
756 861
758 894
762 814
763 876
764 911
764 918
767 816
767 843
767 868
768 922
769 816
771 798
771 871
774 958
776 875
777 813
777 860
778 993
780 887
782 861
783 788
783 897
785 787
785 934
786 815
787 887
787 935
789 790
790 943
793 986
795 978
796 963
797 899
800 921
800 971
802 832
802 835
802 910
803 886
804 824
804 841
804 898
806 814
809 949
812 867
813 916
813 994
814 866
817 983
817 998
818 839
820 854
823 958
824 871
824 895
824 961
825 929
826 844
827 949
828 913
829 954
831 899
832 927
832 960
833 952
836 914
837 848
838 910
839 855
839 914
839 985
842 862
842 985
843 906
845 852
845 857
846 898
846 976
851 947
853 966
854 868
854 990
855 917
856 859
856 876
860 935
862 937
864 955
866 937
873 977
873 982
875 973
876 919
877 894
877 994
887 953
890 963
895 896
897 909
898 952
902 942
902 985
903 966
904 970
908 931
908 941
912 962
915 975
920 982
920 996
921 965
922 976
924 977
925 942
926 985
927 956
932 999
935 971
943 948
943 964
972 978
986 990
0
10 999
