1000	2031	 1
0 29
0 788
0 842
0 950
1 344
1 355
1 485
1 731
1 805
1 897
2 89
3 118
3 341
3 613
3 847
3 950
4 71
4 238
4 513
4 654
5 12
5 70
5 993
6 18
6 513
6 628
6 773
6 849
7 83
7 105
7 291
7 434
8 332
8 808
9 666
9 830
10 85
10 205
10 592
10 604
10 854
10 930
10 978
11 410
11 490
11 550
12 462
12 931
12 988
13 110
13 160
13 720
13 743
13 804
14 254
14 286
14 418
15 678
15 889
16 44
16 95
16 228
16 248
16 523
16 595
16 988
17 74
17 101
17 366
17 639
18 62
18 497
18 816
18 887
19 676
20 87
20 299
20 319
20 395
20 482
20 635
20 814
21 228
21 408
21 469
21 564
21 715
21 778
21 976
22 184
22 273
22 507
22 514
22 560
23 204
23 561
23 611
23 693
24 173
24 221
24 719
24 901
25 31
25 365
25 381
25 387
25 901
26 223
26 750
26 780
26 850
27 48
27 119
27 150
27 863
28 280
28 400
28 551
28 694
29 579
30 740
30 978
31 505
31 746
31 885
31 975
32 48
32 748
32 777
32 876
33 527
33 743
33 942
34 155
34 464
34 677
34 811
35 36
35 129
35 330
35 359
35 395
35 696
35 793
36 81
36 251
36 256
36 676
36 925
36 997
37 145
37 363
37 839
37 865
38 226
38 247
38 321
38 755
38 921
39 181
39 183
39 710
40 146
40 594
40 792
40 926
41 343
41 398
41 399
41 904
42 410
42 695
42 836
43 536
44 139
44 614
44 905
45 53
45 173
45 255
46 95
46 924
47 236
47 366
47 403
47 704
47 732
47 819
47 991
48 319
48 643
48 883
48 962
49 126
49 363
49 599
49 735
50 118
50 777
50 934
51 226
51 475
52 235
52 633
52 981
53 115
53 558
53 755
53 866
54 260
54 414
54 489
54 730
54 868
55 175
55 430
55 733
56 92
56 471
56 594
56 848
57 183
57 570
57 582
57 755
57 759
57 826
58 394
58 791
58 812
58 848
59 423
59 485
59 575
59 815
59 940
60 160
60 303
60 354
60 605
60 679
60 816
61 70
61 714
62 553
62 668
62 782
62 956
63 209
63 814
63 930
64 129
64 211
64 280
64 402
65 349
65 552
65 624
65 730
66 141
66 166
66 704
67 427
67 798
67 905
68 231
68 284
68 502
68 855
69 191
69 198
69 661
69 846
69 915
69 994
70 188
70 221
70 345
70 583
70 931
71 657
71 703
71 748
71 783
71 854
72 258
72 639
72 837
72 969
73 687
74 227
74 356
74 595
74 715
74 931
74 933
75 188
75 299
75 423
75 751
76 215
76 930
76 960
77 117
77 136
77 150
77 153
77 509
77 888
78 257
78 578
78 602
78 690
78 952
79 341
79 546
79 657
79 851
80 610
80 734
80 764
81 162
81 390
81 433
81 455
81 657
82 361
82 490
82 786
82 993
83 634
83 822
83 906
84 135
84 650
84 910
86 396
86 570
86 949
86 982
87 313
87 794
88 226
88 501
88 604
88 795
88 850
89 748
89 884
89 886
90 232
90 571
90 660
90 664
90 728
91 545
91 810
92 319
92 591
93 605
93 998
94 691
95 164
95 366
95 451
95 564
95 750
96 152
96 204
96 213
96 841
96 844
96 960
97 122
97 124
98 215
98 491
98 667
98 748
98 873
98 905
99 141
99 315
99 459
99 530
99 586
100 207
100 285
100 575
101 211
101 475
101 513
101 571
101 928
102 182
102 552
102 665
103 557
103 995
104 780
104 881
105 217
105 419
105 447
105 535
105 716
105 777
106 191
106 410
107 342
107 504
107 644
107 781
107 941
108 407
108 554
108 914
108 962
109 562
109 698
110 155
110 221
110 313
110 468
110 651
110 664
111 597
112 177
112 400
112 477
112 634
112 854
113 149
113 301
113 522
114 302
114 460
114 823
114 921
115 259
115 663
116 267
116 363
117 476
117 494
117 583
118 490
118 569
118 681
119 220
119 660
119 914
119 989
120 247
120 300
120 629
120 747
121 485
121 683
122 390
122 392
122 403
122 504
123 153
123 219
123 847
124 977
125 398
125 638
125 792
125 876
125 917
126 184
126 188
126 264
126 728
126 763
127 369
127 466
127 479
127 678
128 546
128 915
129 689
129 906
130 506
130 592
130 666
130 898
130 973
131 191
131 364
131 498
131 769
131 787
132 206
132 255
132 331
132 433
132 961
133 373
133 729
134 348
134 576
134 630
135 709
135 817
136 146
136 375
136 557
136 924
136 989
137 183
137 281
137 374
137 566
137 629
137 697
137 998
138 686
138 691
138 729
139 442
139 623
139 684
140 323
140 473
140 485
140 489
141 556
141 640
141 705
141 859
141 885
142 292
142 516
142 648
142 758
142 938
143 552
143 683
143 801
143 952
144 160
144 247
144 326
144 380
144 569
144 976
145 336
146 265
146 432
146 466
146 471
146 526
146 701
146 990
147 325
148 223
148 268
148 451
148 626
148 872
149 609
149 633
149 855
150 378
150 754
150 907
150 923
150 971
151 372
151 669
151 786
152 199
152 224
152 583
154 298
154 381
154 721
154 859
154 972
155 259
155 454
155 544
156 477
156 814
156 930
157 255
157 493
157 609
157 857
158 515
158 849
158 850
159 358
159 428
159 580
159 699
160 311
160 975
161 811
161 879
162 187
162 450
162 456
162 906
163 248
163 305
163 579
164 314
165 241
165 583
165 916
166 874
166 963
167 336
167 517
167 829
168 317
168 367
168 504
168 598
168 968
169 233
169 258
169 640
170 306
170 635
170 961
170 992
171 468
171 605
171 626
171 736
171 883
172 485
172 597
172 621
173 682
173 886
174 266
174 374
174 662
174 945
175 237
175 749
175 856
176 207
176 543
177 264
177 539
177 992
178 455
178 971
179 873
180 626
180 811
181 300
181 407
181 503
181 697
181 758
182 510
182 649
183 376
183 704
184 216
184 498
184 897
185 303
185 428
185 505
185 850
185 948
186 797
186 882
187 345
187 520
187 768
187 890
188 231
189 528
189 539
189 588
189 608
189 671
189 720
189 752
189 861
189 906
190 229
190 317
190 394
190 744
191 332
191 697
192 256
192 520
192 846
193 575
193 663
193 801
193 924
194 284
194 379
194 559
195 286
195 382
195 582
195 856
195 897
196 404
196 605
196 784
196 916
197 509
197 661
197 768
198 520
198 546
198 840
199 483
199 764
199 961
200 434
200 592
200 871
201 691
202 237
202 618
202 687
202 948
203 217
203 310
203 591
203 973
204 548
204 772
204 989
205 297
205 444
205 452
205 610
205 629
205 775
205 803
205 812
206 265
206 279
206 505
206 666
206 737
207 306
207 350
207 982
208 568
208 684
208 865
209 219
209 387
209 671
209 687
210 511
210 578
210 634
210 841
210 862
210 956
211 674
212 467
212 892
212 967
213 554
213 688
213 772
213 980
214 523
214 857
214 944
215 738
215 750
215 959
216 722
216 822
216 923
216 954
217 999
218 232
218 544
219 482
219 506
219 747
220 653
220 810
220 835
221 340
221 506
221 548
222 322
222 596
222 944
223 341
223 346
223 422
223 817
224 286
224 367
224 777
225 388
225 567
225 766
225 845
226 466
226 517
226 737
226 994
227 779
227 838
228 320
228 962
229 338
229 613
229 652
229 674
230 255
230 607
230 808
231 473
231 560
231 633
231 645
231 817
232 601
232 734
232 755
232 779
233 235
233 260
233 432
233 620
233 672
234 265
234 325
234 517
234 873
234 887
235 379
235 543
235 804
235 965
235 985
236 395
236 513
236 639
237 339
237 528
237 914
237 919
238 504
238 828
239 436
239 513
239 667
240 496
240 597
240 659
240 786
241 538
241 909
241 925
242 343
242 407
242 468
242 680
242 693
242 732
243 331
243 646
243 823
243 894
244 320
244 362
244 363
244 704
244 864
244 908
245 540
245 660
246 386
246 453
246 461
246 480
246 942
247 415
247 696
247 818
247 878
247 922
248 347
249 446
249 595
249 609
249 861
250 344
250 676
250 684
250 897
251 595
251 701
252 341
252 707
253 312
253 404
253 623
255 420
255 594
256 260
256 330
256 535
256 575
256 973
258 643
258 932
258 981
259 473
259 880
259 942
260 534
260 891
261 363
261 798
262 266
262 391
262 465
262 936
263 564
263 875
264 959
265 431
265 528
266 914
266 956
266 964
267 294
267 462
267 577
268 387
268 579
268 991
269 325
270 343
270 493
271 391
271 397
271 529
271 704
271 706
272 285
272 411
272 472
272 590
273 310
273 578
274 390
274 895
275 529
275 775
276 406
276 670
276 775
276 895
276 938
277 620
277 664
277 666
277 968
278 585
278 600
278 921
279 291
279 618
279 928
280 326
280 729
280 830
281 284
281 838
282 957
283 863
284 491
285 386
285 769
285 948
286 502
286 522
286 552
286 599
286 724
287 327
287 700
287 839
288 313
289 459
289 581
289 848
290 296
290 442
290 599
290 725
291 417
291 467
291 657
292 487
292 615
292 763
293 479
293 969
294 538
294 733
294 785
294 815
294 962
295 659
295 762
296 320
297 329
297 339
297 343
297 495
298 570
298 642
298 677
298 766
299 684
299 770
300 583
301 342
302 471
302 581
302 675
303 312
303 580
303 824
303 874
303 931
304 633
304 689
304 843
304 981
305 344
305 428
305 538
305 617
305 909
306 660
307 432
307 502
307 709
307 908
307 916
308 361
309 450
309 476
309 480
309 549
309 564
310 527
310 559
310 619
311 429
311 737
311 988
312 421
312 470
312 604
312 682
313 374
314 546
315 639
315 790
316 563
316 802
316 837
316 926
316 961
317 451
318 369
319 365
319 467
319 598
319 627
319 660
319 918
320 412
320 543
321 494
321 652
322 351
322 503
323 415
323 429
323 687
324 467
325 385
325 462
325 548
325 560
326 589
327 445
327 468
328 611
330 526
330 897
331 392
331 411
331 684
331 769
331 890
332 494
332 500
332 731
333 563
333 727
333 884
334 893
334 950
335 511
336 456
336 726
337 455
337 489
337 679
338 421
338 879
338 901
338 925
338 987
339 413
339 803
339 879
341 440
341 701
341 853
342 354
342 555
342 669
342 888
343 573
343 900
343 927
344 433
344 435
344 790
344 842
345 430
345 647
345 913
345 994
346 381
346 618
346 866
346 921
347 620
348 481
348 589
349 480
349 571
349 978
350 491
350 666
350 699
351 402
351 461
351 763
351 885
352 479
352 540
352 572
352 937
352 977
353 561
353 585
353 670
353 847
353 903
354 488
354 491
354 564
354 797
354 966
355 564
355 609
355 761
355 929
355 940
356 677
356 700
357 775
358 542
358 646
358 823
358 955
359 597
359 870
360 509
360 816
361 589
361 745
363 993
364 741
364 921
365 368
365 373
365 567
366 512
366 839
367 535
367 667
367 837
368 628
369 851
369 930
370 491
370 600
370 995
371 389
371 727
372 394
372 679
372 860
373 580
373 883
374 504
374 591
374 676
375 406
375 652
375 672
375 970
376 524
377 607
377 723
377 936
378 387
378 552
378 961
378 985
379 660
379 727
380 663
380 671
381 554
381 678
381 857
381 982
382 559
382 852
383 789
383 986
384 579
384 824
384 832
385 529
385 725
385 862
385 930
386 833
386 974
387 437
387 886
387 958
388 801
388 916
388 977
389 525
389 531
389 538
391 498
391 583
391 624
391 975
392 877
393 650
394 923
395 453
396 787
397 699
397 784
397 802
397 838
397 911
398 461
398 563
398 615
399 612
399 731
399 783
399 791
399 826
400 516
400 778
400 868
401 435
401 498
401 973
402 558
402 691
403 607
403 853
403 930
404 585
404 758
405 517
405 588
405 601
405 752
405 770
406 683
406 736
406 789
407 926
408 740
408 991
408 998
409 904
409 928
410 413
410 504
410 573
410 726
410 954
411 913
412 604
413 704
414 460
414 485
414 531
414 850
415 840
416 778
416 791
417 631
417 653
417 674
417 699
417 763
417 821
417 838
418 460
418 521
418 525
418 542
418 566
418 673
419 737
419 771
420 564
420 589
420 615
420 892
421 855
422 441
422 729
423 518
423 594
423 709
424 437
424 523
424 706
425 785
425 853
426 695
426 951
427 433
427 449
427 734
427 993
428 767
428 845
428 945
430 777
430 781
431 675
432 566
432 806
432 954
433 575
434 711
434 803
434 938
435 643
435 778
435 946
436 528
437 622
438 548
438 661
439 475
440 849
441 496
441 572
441 850
441 864
443 493
443 522
443 844
443 860
444 510
444 537
444 757
445 598
445 692
445 819
447 491
447 505
447 700
448 578
448 849
448 998
449 479
452 808
453 698
453 758
453 907
454 873
455 464
455 560
456 678
456 765
456 869
457 499
457 575
457 695
457 711
457 834
457 921
458 581
458 724
459 930
459 987
460 731
461 732
462 521
462 558
462 705
463 835
463 965
464 474
465 500
465 815
467 561
467 665
467 836
467 966
468 511
468 643
468 688
468 788
469 779
470 548
470 794
470 844
470 909
471 607
471 680
471 861
473 519
473 812
474 667
474 853
474 914
474 918
475 482
475 555
476 579
476 726
476 741
476 782
477 661
477 676
477 772
478 637
478 777
479 606
480 880
481 576
481 646
481 687
481 708
483 624
484 813
484 921
484 924
484 988
485 539
486 502
486 536
486 839
488 501
488 726
489 962
490 493
491 733
491 779
491 918
492 770
493 998
494 599
494 603
494 637
494 670
494 681
494 756
494 885
494 935
496 518
496 617
496 636
496 846
496 863
496 954
496 981
497 660
497 822
498 827
499 753
499 774
500 701
500 780
501 721
501 966
502 737
502 780
502 790
502 909
502 949
504 631
504 909
504 935
506 835
507 548
507 844
508 600
508 918
509 575
509 929
510 813
510 935
512 536
512 615
513 552
513 567
514 919
514 953
515 535
515 857
516 544
516 558
516 637
516 904
517 616
517 810
517 949
518 605
519 855
519 988
520 891
520 912
520 941
521 591
521 609
521 723
521 892
523 754
523 957
523 983
524 984
525 602
526 672
526 676
527 736
527 754
528 746
528 889
528 905
529 941
530 776
530 823
530 864
530 870
530 943
531 789
531 832
531 922
532 538
532 665
532 903
533 537
533 982
534 639
535 714
535 848
535 903
537 614
537 816
537 847
537 852
537 856
538 590
538 596
538 676
538 718
538 933
538 948
539 953
539 965
540 703
540 936
541 609
541 661
543 902
544 924
546 975
547 746
547 843
548 879
549 575
550 834
551 591
551 805
551 809
551 933
551 971
553 635
553 700
553 992
554 880
554 896
556 748
556 793
557 896
558 616
558 945
559 631
559 822
559 983
561 770
561 806
561 897
561 984
563 658
563 683
563 855
564 717
564 951
565 624
565 831
565 890
565 919
566 763
566 840
567 939
568 764
568 783
569 671
569 872
570 639
571 635
571 920
571 943
571 954
572 734
573 586
573 885
573 932
573 946
574 991
575 692
575 713
577 850
578 916
578 966
578 978
579 599
579 798
579 928
580 698
580 950
581 727
581 758
582 682
582 751
582 760
583 662
583 808
583 970
584 724
584 759
586 588
587 666
587 886
588 675
588 730
589 795
590 743
592 765
593 812
594 640
594 765
596 749
596 925
597 650
597 785
597 828
597 915
597 932
598 630
600 652
602 701
603 887
605 684
605 960
606 632
608 799
608 927
610 636
610 776
611 715
611 722
611 744
611 918
611 980
612 711
613 630
614 704
614 944
615 850
615 858
616 718
617 801
617 956
618 761
619 916
620 706
621 666
621 697
622 755
622 810
623 789
624 851
625 649
625 784
625 802
625 925
626 876
627 721
627 929
627 971
628 837
629 696
629 987
630 682
630 915
630 947
631 664
631 906
633 898
634 647
637 929
638 702
638 789
641 710
641 711
641 953
642 944
643 670
643 847
643 918
644 654
644 721
645 761
645 810
645 878
645 996
646 655
646 745
646 749
646 824
648 764
648 835
648 971
649 755
650 866
651 820
652 665
652 677
655 993
656 729
656 919
658 795
659 709
659 771
659 840
659 862
659 878
660 792
660 973
661 838
661 975
663 710
663 816
663 954
664 788
665 889
666 773
666 885
667 917
669 692
669 758
669 998
670 800
673 908
674 698
674 832
674 921
674 996
675 736
675 790
676 973
677 770
679 832
679 849
679 881
680 700
680 781
680 917
681 736
681 807
681 839
681 960
682 870
682 881
682 950
683 861
683 902
683 939
685 689
685 973
686 747
686 973
687 771
687 863
691 837
693 799
695 757
695 866
695 947
696 707
696 880
697 833
699 782
699 903
700 842
701 995
702 799
703 758
704 852
704 986
705 926
705 976
706 889
706 923
706 952
707 744
707 753
709 893
711 713
712 870
713 838
714 769
714 911
714 951
714 968
715 740
715 752
715 846
716 991
717 979
721 894
722 841
723 758
723 848
723 975
724 800
725 837
725 897
726 773
728 801
729 732
729 747
729 871
731 740
731 767
731 858
731 950
732 899
732 979
734 930
736 755
736 923
736 951
738 772
738 966
739 951
740 814
741 932
742 886
744 763
745 899
750 835
750 886
753 817
753 978
755 938
762 837
764 820
765 804
765 827
767 941
768 812
769 845
770 779
770 887
771 877
771 942
772 842
776 879
776 892
776 984
777 897
777 995
778 815
778 872
779 914
783 986
783 997
785 853
785 862
786 796
788 955
789 808
791 878
793 797
793 835
794 847
794 879
795 849
797 837
798 999
801 818
801 921
801 988
802 992
805 953
807 875
807 928
807 961
808 983
810 950
813 818
815 975
816 847
817 905
817 968
818 867
818 909
819 853
821 985
822 852
825 905
826 921
826 948
829 911
829 912
830 944
831 921
835 987
846 893
851 866
852 971
854 912
854 991
858 970
862 918
865 870
866 907
867 937
867 977
868 880
868 976
872 920
874 913
877 886
877 913
878 925
881 890
882 885
884 887
886 964
887 961
890 893
890 934
891 975
905 990
909 946
910 942
911 917
915 942
919 924
927 938
930 941
930 944
933 936
937 981
946 964
947 958
953 962
956 977
963 988
965 988
0
10 999
