1000	2005	 1
0 105
0 314
0 355
0 560
0 611
0 754
1 100
1 319
1 381
1 580
1 803
1 860
2 198
2 315
2 491
2 514
2 557
2 747
3 767
3 871
4 94
4 308
4 427
4 463
4 569
4 881
4 907
5 234
5 514
5 898
6 304
6 852
7 553
7 618
8 73
8 822
9 60
9 100
9 151
9 601
9 630
9 757
9 839
10 111
10 145
10 495
10 510
10 853
10 959
10 962
11 180
11 446
11 646
11 840
12 254
12 544
12 764
13 61
13 170
13 995
14 620
14 661
14 745
15 198
15 561
15 852
16 301
16 551
16 763
17 82
17 186
17 373
17 655
17 784
18 124
18 213
18 429
18 970
19 357
19 570
19 663
19 678
19 734
20 348
20 397
20 798
21 828
21 927
21 934
22 284
22 362
22 936
23 706
23 756
23 914
24 94
24 397
24 472
24 475
24 808
24 993
25 193
25 256
25 507
25 848
25 917
26 183
26 472
26 483
26 543
27 38
27 91
27 122
27 533
28 486
28 595
28 614
29 311
29 338
29 643
30 35
30 196
30 258
31 67
31 103
31 124
31 566
31 601
31 608
31 762
32 75
32 420
32 905
33 126
33 352
33 517
33 657
34 496
34 635
34 647
34 697
35 320
36 374
36 498
36 518
36 798
36 985
37 196
37 442
37 580
37 700
37 709
37 717
37 769
38 452
38 801
38 883
39 139
39 321
39 512
39 944
40 539
40 662
40 705
40 735
40 856
41 229
41 909
42 187
42 552
42 805
42 959
43 704
44 515
44 548
45 62
45 448
46 76
46 636
46 757
47 130
47 419
47 677
47 698
47 918
48 413
48 867
49 242
49 332
49 353
49 561
50 754
50 761
50 903
50 916
51 95
51 622
51 754
51 929
52 76
52 370
52 498
52 629
52 636
53 104
53 524
54 146
54 278
54 346
54 569
54 608
54 678
54 853
55 406
55 635
55 669
55 961
56 963
57 85
57 196
57 899
57 930
58 724
58 738
58 953
59 409
59 735
60 210
60 287
60 325
60 576
60 640
60 740
60 812
61 576
61 759
62 383
62 577
62 868
62 976
63 238
63 258
63 398
63 598
63 719
64 369
64 481
64 753
65 392
65 547
65 779
66 67
66 205
66 252
66 772
66 932
67 341
67 523
67 542
67 597
67 763
67 905
68 260
68 268
68 360
69 233
69 454
69 570
69 591
69 896
70 143
70 316
70 674
70 810
71 88
71 96
71 555
71 707
71 859
71 941
71 999
72 468
72 745
73 475
74 414
74 415
74 505
74 919
75 131
76 623
76 651
77 548
77 666
77 709
77 955
78 188
79 182
79 245
79 274
79 296
79 584
79 877
80 183
80 442
80 626
81 121
81 342
82 133
82 156
83 562
83 801
83 914
84 99
84 192
84 295
84 703
84 857
85 298
85 423
85 436
85 790
86 265
86 369
86 694
87 98
87 247
87 525
87 550
87 787
87 816
87 950
88 240
88 292
88 511
88 746
88 805
88 898
89 644
90 498
90 552
90 735
91 462
91 578
92 833
93 280
93 299
93 426
93 470
93 561
93 779
93 942
94 176
94 507
94 574
94 655
94 692
94 739
94 896
95 109
95 124
95 406
95 934
96 105
96 319
96 412
96 446
96 495
96 953
97 99
97 234
97 397
97 607
97 625
97 673
98 237
98 392
98 402
99 246
100 141
100 224
100 582
100 832
101 678
102 621
102 771
103 148
103 462
103 822
103 959
104 428
104 430
104 573
105 477
106 500
106 719
107 119
107 338
107 383
107 391
107 653
107 664
107 860
108 258
108 402
108 489
108 521
108 602
108 635
108 789
108 792
109 369
110 325
110 824
111 224
111 695
111 931
112 157
112 379
112 802
112 887
113 553
113 857
114 191
114 290
114 377
114 572
114 750
114 993
115 289
115 406
115 708
115 838
115 983
116 290
116 776
116 941
117 788
117 831
118 132
118 376
118 714
119 446
119 512
119 674
120 737
121 144
121 189
121 337
121 433
121 600
121 990
122 381
122 383
122 545
122 732
122 768
122 904
123 189
123 468
123 509
123 606
123 643
123 677
123 797
123 841
123 864
124 209
124 314
124 365
124 575
124 913
125 147
125 224
125 856
126 154
126 164
126 286
126 506
127 249
127 364
127 591
127 703
127 931
127 996
128 157
128 198
128 366
128 480
128 633
128 763
129 392
129 554
129 588
129 756
130 265
130 752
131 141
131 521
131 623
131 663
131 733
132 718
132 758
133 249
133 487
133 552
133 710
133 812
133 959
134 735
134 757
134 775
134 851
135 489
135 531
135 656
136 157
136 477
136 897
137 293
137 368
137 473
137 668
137 825
138 260
138 320
138 373
138 819
138 942
139 364
139 598
139 618
139 769
139 900
140 458
141 432
141 534
141 741
141 796
141 938
142 586
142 589
143 789
144 648
144 832
145 740
145 792
145 895
146 235
146 355
146 404
146 413
146 536
146 808
146 947
146 969
147 194
147 887
148 403
148 544
148 599
149 254
149 320
149 656
149 824
150 238
150 697
150 752
150 946
151 271
151 489
151 871
151 888
151 915
152 519
152 717
152 838
152 846
152 848
152 999
153 538
155 190
155 224
155 377
155 458
155 891
156 264
156 424
156 581
156 584
157 185
157 260
157 282
157 590
157 982
158 580
158 676
159 814
159 941
160 518
160 896
160 899
161 186
161 437
162 437
162 483
163 258
163 401
163 571
163 832
164 185
164 851
165 296
165 538
165 562
166 548
166 805
167 616
167 639
168 750
168 765
168 842
169 335
169 599
169 613
169 837
169 896
169 939
170 290
170 635
170 866
170 937
170 980
171 187
171 243
171 281
172 953
173 432
173 525
173 928
174 221
174 553
174 674
175 663
175 837
176 268
176 417
176 740
177 300
177 367
177 621
177 623
177 671
177 845
178 400
178 736
179 234
179 273
179 509
180 456
180 507
181 257
181 457
181 707
182 868
183 319
183 957
183 995
184 368
184 916
184 960
185 391
185 640
185 945
186 299
186 728
186 979
186 988
187 194
187 220
187 286
188 216
189 235
189 485
189 597
190 356
190 612
191 221
191 775
192 648
193 506
193 700
193 959
193 976
194 789
194 880
195 272
195 399
195 625
195 669
197 263
197 980
198 295
198 432
198 589
198 702
198 738
198 751
199 218
199 350
199 646
200 502
200 563
201 204
201 311
201 561
201 726
202 337
202 475
202 628
202 822
203 208
203 280
203 351
203 519
203 566
204 867
205 257
205 685
205 921
206 270
206 325
207 236
207 785
207 788
207 939
207 964
208 380
208 384
208 545
208 835
209 298
209 461
209 607
209 630
209 782
209 862
210 691
211 647
211 670
211 704
211 723
212 449
212 566
212 570
212 896
213 352
213 370
213 411
213 493
213 512
213 928
214 378
214 673
214 684
215 623
215 864
215 928
215 957
216 587
216 772
217 266
217 743
218 517
218 893
219 245
219 862
219 892
220 275
220 397
220 496
220 678
221 649
221 697
221 812
222 388
222 475
222 745
222 908
223 303
223 410
223 565
223 622
223 803
223 944
224 520
224 531
224 939
225 749
225 846
225 982
226 271
226 301
226 771
226 957
227 469
227 604
228 304
228 938
229 344
229 497
229 814
229 855
230 295
230 472
230 488
230 633
230 818
230 947
230 984
231 253
231 972
232 439
232 637
233 358
233 456
233 583
233 603
233 944
234 456
234 829
236 482
236 952
237 371
237 535
237 746
237 783
237 789
237 897
238 445
238 608
238 693
239 379
239 655
239 722
239 860
239 901
240 470
240 515
240 842
240 862
240 887
240 960
241 349
242 262
242 421
242 438
242 692
242 781
243 421
243 556
243 959
244 462
244 919
245 556
245 742
245 886
245 999
246 283
246 302
246 336
246 545
246 619
247 301
247 322
247 745
247 909
248 274
248 852
249 393
249 684
249 708
249 855
250 425
250 581
250 736
250 953
251 276
251 386
251 502
251 835
251 957
252 305
252 374
252 846
253 994
254 405
254 639
254 737
255 750
256 317
256 712
256 933
256 988
257 311
257 567
258 542
259 567
259 696
259 991
260 699
261 876
261 915
261 957
262 943
263 529
263 725
263 740
263 803
264 339
264 518
264 711
265 594
265 688
266 451
266 777
266 853
267 414
267 450
267 476
267 762
267 775
268 479
269 306
270 340
270 872
270 968
272 309
272 851
273 579
273 778
274 504
274 591
274 652
274 902
274 956
275 463
275 467
275 876
276 419
277 405
277 647
277 974
278 431
278 654
278 736
278 828
279 357
279 397
279 527
279 554
279 585
279 768
279 799
279 890
280 314
281 534
281 952
281 997
283 475
283 602
283 634
284 446
284 758
285 473
286 377
287 304
287 408
287 526
287 527
287 688
288 429
288 881
289 315
289 551
290 521
291 303
291 531
291 551
291 662
291 864
291 956
292 310
292 516
292 665
292 876
293 525
293 686
294 820
295 512
295 622
296 531
296 656
297 340
297 363
297 412
297 474
297 602
297 654
298 936
298 955
299 353
299 368
299 562
300 369
300 400
302 440
302 460
302 837
303 532
303 561
303 805
303 822
304 624
304 863
304 944
305 349
305 794
306 353
306 660
306 713
306 909
307 523
307 784
307 882
309 510
309 753
309 867
309 970
310 892
311 384
311 588
311 848
312 425
312 527
312 528
312 900
312 983
313 742
313 942
314 510
314 924
314 981
315 425
315 716
315 876
316 317
316 719
316 724
316 807
316 895
317 325
317 456
318 414
318 785
318 868
319 830
320 336
320 349
320 638
320 652
321 481
321 599
321 609
321 658
321 730
321 893
322 566
322 680
322 827
322 958
323 361
323 465
324 440
324 653
324 929
324 937
324 986
325 646
325 682
326 487
326 870
326 899
326 926
326 941
327 593
327 667
327 738
328 509
328 513
328 714
328 733
328 827
328 841
329 353
329 716
329 784
330 359
330 410
331 518
331 541
331 547
332 526
333 459
333 542
333 658
333 846
334 445
334 601
336 831
336 943
337 706
338 630
338 949
338 977
339 624
339 733
339 790
339 953
340 680
340 804
340 933
341 515
341 555
341 954
342 470
342 639
343 546
344 683
344 741
345 452
345 768
346 458
346 696
346 800
346 858
346 874
347 377
347 392
347 444
347 675
347 911
348 518
348 921
349 542
349 937
350 951
351 565
351 801
352 365
352 380
352 559
352 807
353 885
354 606
354 979
355 932
355 995
356 363
356 617
357 438
357 835
357 989
358 387
358 532
358 644
358 826
359 641
359 837
360 375
360 584
360 666
360 839
360 980
361 425
361 493
361 546
361 891
361 917
362 505
362 523
362 552
362 666
362 731
362 806
362 824
363 506
363 645
363 752
363 790
363 815
363 863
365 470
365 891
365 987
366 426
366 470
366 471
367 585
367 613
367 780
368 623
368 704
369 956
371 398
371 421
371 853
372 393
372 423
373 631
373 706
374 638
374 747
374 798
374 928
374 981
375 664
375 747
375 789
377 704
377 768
377 807
377 823
377 843
377 946
378 766
379 738
379 967
380 544
380 594
380 652
380 818
380 820
380 861
381 769
382 434
382 582
382 944
382 957
383 477
383 677
383 839
384 403
384 436
384 937
384 987
385 506
386 541
386 887
387 502
387 551
388 402
388 404
388 857
389 787
390 431
390 704
391 533
391 557
391 778
393 882
394 662
394 789
395 644
396 690
397 443
397 453
397 644
398 535
398 901
398 995
399 509
399 547
399 860
400 479
400 740
401 626
401 811
402 420
402 885
403 458
403 553
403 911
403 985
403 986
404 703
405 743
407 642
407 953
408 454
408 508
408 523
408 960
409 587
409 679
409 708
411 774
411 866
412 821
412 845
413 959
414 468
415 850
415 936
416 686
416 731
416 849
416 914
416 993
417 631
417 698
417 742
417 831
418 722
418 864
418 910
419 428
419 857
419 888
419 918
420 434
421 989
422 567
422 645
422 725
423 468
423 784
424 576
425 473
426 531
427 731
427 890
427 926
428 536
428 768
428 810
428 929
429 739
430 495
430 612
430 719
430 772
430 975
431 445
431 711
431 841
432 475
433 596
433 751
433 819
433 876
433 922
433 939
434 839
435 757
436 656
436 705
436 770
436 925
438 798
438 914
439 802
440 573
440 674
440 831
440 873
441 632
442 618
442 654
443 586
443 621
443 713
444 516
444 555
444 764
444 785
444 908
445 677
447 556
447 840
448 550
448 986
449 845
450 453
450 639
450 868
451 629
451 685
451 857
452 475
452 712
454 751
454 755
454 762
454 800
455 658
456 587
456 920
457 664
457 766
457 990
458 994
459 461
460 562
461 501
461 562
461 988
462 626
462 990
463 889
463 975
464 627
464 770
465 509
465 652
466 623
466 890
467 562
467 891
467 916
467 973
467 980
469 747
469 750
469 845
470 499
470 546
471 559
471 707
473 541
473 726
474 485
474 669
474 866
474 900
475 608
475 624
475 718
475 774
476 496
476 698
477 566
477 786
478 483
478 526
478 704
479 773
479 895
480 760
481 486
481 517
481 961
484 521
484 743
484 829
484 997
486 867
487 548
487 634
487 927
488 507
488 660
489 528
489 603
489 980
490 615
490 883
492 601
492 659
493 707
493 803
493 880
494 558
494 578
494 918
495 646
495 684
495 690
495 712
496 498
496 703
496 891
497 524
497 567
497 579
497 597
498 754
499 832
500 620
500 686
501 649
501 650
501 911
501 946
502 588
502 932
502 952
503 775
503 808
503 809
503 819
503 891
503 972
504 803
505 769
506 841
506 923
506 982
507 528
507 999
508 648
508 692
508 859
508 869
508 905
508 935
508 949
510 576
510 894
510 949
511 863
511 968
512 652
513 638
513 812
513 962
514 573
514 577
514 600
514 862
515 663
515 672
516 756
516 758
516 802
516 978
517 715
518 618
518 779
518 930
518 990
519 540
519 549
520 701
520 811
520 884
520 906
520 966
521 599
521 949
522 632
522 660
522 794
523 827
523 884
524 720
524 854
525 652
526 837
527 577
527 641
527 858
528 552
529 775
529 825
529 977
530 641
530 730
530 998
531 661
531 813
531 850
532 697
532 720
533 803
533 827
534 605
535 676
535 748
535 882
536 554
536 631
536 837
536 840
537 762
537 792
538 697
538 967
539 567
539 916
541 764
542 631
542 730
543 620
543 847
543 955
543 976
546 851
547 899
547 996
549 799
550 872
551 736
552 925
554 943
556 680
557 769
558 631
558 692
559 851
560 708
561 993
562 878
562 964
563 701
564 913
565 802
565 861
566 682
566 980
567 647
567 691
567 910
568 735
568 817
568 920
568 934
569 794
570 683
571 676
571 772
573 786
574 580
575 632
575 637
575 683
575 699
576 600
576 873
577 745
578 682
579 773
579 946
581 649
582 614
582 623
582 642
582 822
582 827
582 902
583 641
583 707
584 631
584 845
585 883
587 669
587 803
588 635
589 607
589 981
590 602
590 800
591 634
591 711
591 821
592 732
593 771
593 955
594 795
594 882
595 707
596 779
597 608
597 621
597 836
598 943
599 635
599 721
600 983
601 767
601 856
601 961
603 760
603 799
603 865
604 782
604 915
604 925
604 936
605 858
606 963
607 777
609 687
609 744
610 828
610 879
610 965
611 792
611 818
612 695
612 874
613 695
613 762
613 846
613 965
614 751
615 871
615 934
617 740
618 894
619 782
619 807
619 932
620 621
623 686
624 761
625 867
626 843
627 655
629 704
629 840
630 761
630 871
631 823
632 998
633 812
634 998
636 988
639 650
639 992
640 715
640 772
640 940
641 728
641 895
641 933
641 991
642 962
642 984
643 657
643 814
646 747
647 690
647 748
648 793
649 684
651 754
652 697
652 848
653 974
654 708
654 930
656 970
658 852
658 908
659 884
659 971
660 789
660 972
661 965
662 779
662 834
662 912
663 836
663 876
663 952
665 730
665 767
665 877
666 779
666 783
667 754
668 794
671 887
671 950
672 897
672 984
675 730
675 764
677 724
677 856
677 878
679 680
681 756
681 781
681 813
682 694
685 831
685 967
687 720
688 786
689 694
689 791
689 843
689 918
690 999
691 760
692 713
693 716
693 776
694 962
696 827
697 720
697 970
698 944
699 922
700 770
700 794
700 918
702 775
702 940
705 902
705 939
707 931
709 865
714 798
716 868
716 998
717 718
717 840
717 965
719 843
721 797
721 892
723 903
724 814
724 864
725 821
726 732
727 728
729 742
729 825
729 901
731 884
732 867
732 926
732 961
734 748
734 749
734 786
734 865
734 905
735 948
740 759
740 909
741 874
742 760
742 888
743 861
744 885
744 932
745 901
746 912
748 759
749 782
750 889
752 805
753 830
754 857
754 998
755 808
757 974
758 910
759 776
759 834
760 806
760 895
761 828
761 988
762 844
762 855
763 922
764 773
765 821
765 949
766 868
766 943
767 771
769 770
769 860
769 893
769 987
770 950
770 978
772 848
774 831
774 924
775 893
776 808
776 826
778 844
778 989
779 815
779 859
780 904
782 895
782 921
783 927
784 790
785 994
786 996
787 908
787 944
789 954
789 998
791 969
791 986
793 918
795 975
796 913
796 949
797 883
797 921
797 952
798 902
800 896
801 835
801 984
804 819
804 826
805 918
806 994
809 900
810 970
810 994
811 834
813 817
813 833
818 865
820 830
821 923
821 986
824 832
826 945
826 983
827 843
827 851
829 876
829 918
830 892
830 914
836 869
836 922
838 846
838 900
840 900
841 871
845 922
845 955
846 996
847 917
849 927
850 884
850 971
852 914
853 928
857 954
858 884
859 866
861 895
863 906
864 878
868 902
868 923
870 955
871 947
873 907
875 978
877 973
879 956
880 936
880 948
884 964
887 994
888 939
889 999
890 992
892 932
892 977
895 980
896 998
897 926
900 921
903 909
906 990
907 933
913 928
913 981
918 992
922 997
923 953
923 971
943 976
985 989
987 992
0
10 999
