1000	1948	 1
0 14
0 342
0 793
1 305
1 549
2 58
2 110
2 262
2 488
2 718
2 955
3 36
3 324
3 448
3 679
4 99
4 698
5 366
5 424
5 722
5 838
5 960
6 252
6 727
7 30
7 80
7 155
8 762
8 825
9 245
9 609
9 749
10 368
10 672
10 854
10 893
10 894
11 547
11 739
12 732
12 881
12 938
13 590
13 903
13 934
14 621
14 992
15 105
15 222
15 233
15 580
15 602
15 747
16 355
16 401
16 569
16 727
16 961
17 191
17 425
17 471
17 475
17 497
17 518
18 72
18 355
18 367
18 634
18 728
19 184
19 987
20 129
20 655
20 707
21 764
22 175
22 452
23 122
23 255
23 330
23 522
23 636
23 647
23 718
23 743
24 845
25 137
25 345
25 471
25 749
25 915
26 251
26 288
26 320
26 495
26 513
26 619
26 711
26 732
26 833
27 435
27 665
28 326
28 529
28 938
28 989
29 254
29 998
30 289
31 799
31 901
32 286
32 310
32 365
32 875
33 133
33 317
33 545
33 579
33 596
33 803
33 860
33 999
34 304
34 470
34 948
35 98
35 409
35 747
36 76
36 148
36 652
36 929
37 125
37 214
37 574
37 587
37 906
38 43
38 243
38 736
39 189
39 257
39 507
39 661
39 849
40 138
40 168
40 446
40 924
41 698
41 794
42 264
42 467
42 722
42 741
43 813
44 61
44 219
44 659
44 706
44 912
45 340
45 378
45 884
46 173
46 252
46 845
46 945
47 128
47 685
47 806
48 913
49 224
49 774
49 941
50 117
50 198
50 592
50 984
51 149
51 175
51 307
51 438
51 496
51 584
52 73
52 390
52 719
52 777
53 500
53 737
54 70
54 111
54 758
54 781
55 467
55 482
55 757
56 328
56 766
57 88
57 183
57 227
57 422
57 604
57 933
58 88
58 169
58 216
58 442
58 657
58 694
58 822
59 197
59 400
59 969
60 174
60 326
60 507
60 722
60 899
61 71
61 171
61 457
61 630
61 657
61 683
62 80
62 216
62 600
62 728
63 368
63 611
63 639
64 241
64 294
64 404
64 817
65 76
65 88
65 421
65 628
65 697
65 833
65 894
65 928
66 403
66 874
66 957
67 135
67 380
67 825
68 237
68 684
68 692
68 810
68 866
69 839
70 146
70 278
70 837
71 130
71 460
71 517
71 639
71 838
72 733
72 989
73 229
73 474
73 480
73 539
73 858
74 133
74 270
74 829
75 254
75 407
75 458
75 612
75 624
76 257
76 514
76 857
76 941
77 92
77 305
77 336
77 509
77 679
77 992
78 267
78 287
78 636
78 995
79 194
79 238
79 359
79 656
79 731
79 869
80 297
80 402
80 772
80 790
81 170
81 215
81 259
81 315
81 956
82 153
82 278
82 363
82 749
82 785
82 879
83 498
83 818
84 254
84 276
84 489
84 578
84 790
84 807
85 163
85 731
85 887
85 937
86 820
86 985
87 133
87 708
88 243
88 408
88 516
88 823
89 184
89 208
89 209
89 891
89 927
89 930
90 187
90 217
90 342
90 481
90 922
91 121
91 200
91 331
91 551
91 763
91 860
92 368
92 516
92 732
93 589
93 675
93 905
94 261
94 285
94 752
94 887
95 122
95 910
95 987
96 268
96 919
97 111
97 321
97 396
97 397
98 120
98 239
98 274
98 367
98 560
98 757
99 108
99 309
99 402
99 873
99 981
100 246
100 587
100 721
101 417
101 435
101 527
101 836
102 157
102 162
102 546
102 680
103 705
103 958
104 802
104 890
104 920
106 348
106 391
106 605
106 837
107 121
107 215
107 619
108 185
108 295
108 455
108 472
108 479
109 451
109 737
109 945
110 117
110 355
110 667
111 139
111 382
111 697
112 353
112 416
112 437
112 968
113 300
113 378
113 577
113 769
113 979
114 972
115 783
116 177
116 281
116 312
116 448
116 511
116 885
117 540
117 973
118 331
118 338
118 777
119 475
119 946
120 375
120 399
120 449
120 490
120 617
120 668
120 717
121 147
121 385
122 576
122 846
123 318
123 680
123 953
124 252
124 925
124 928
125 191
125 393
125 718
125 887
126 365
126 490
126 602
127 282
127 776
128 337
128 522
128 744
129 286
129 610
130 424
131 934
132 432
132 620
133 660
134 731
134 829
135 404
135 476
135 644
135 677
135 792
135 928
136 163
136 213
136 512
136 683
137 254
137 867
138 551
138 626
138 787
138 916
138 953
138 974
139 169
139 342
139 570
139 949
140 200
140 545
140 759
140 816
140 990
141 159
141 958
141 971
142 235
142 937
143 309
143 571
144 326
144 672
145 200
145 264
145 577
145 613
145 955
146 347
146 628
146 660
146 863
146 907
147 405
147 652
147 707
148 259
148 276
148 631
148 633
148 714
148 789
149 619
149 683
150 421
150 471
150 530
151 263
151 313
151 362
152 166
153 328
153 366
153 437
153 792
153 897
154 791
155 537
155 566
156 699
156 780
156 957
156 965
157 388
157 511
158 279
158 910
159 921
160 245
160 260
161 233
161 329
161 422
161 762
161 812
162 675
163 540
163 962
164 374
165 521
165 779
165 968
166 182
166 250
166 600
166 656
166 879
166 901
167 218
167 414
168 571
169 253
169 737
169 894
169 902
170 184
170 281
170 324
170 403
170 414
170 573
171 273
171 743
171 964
172 187
172 379
172 460
172 678
172 774
173 357
173 562
173 908
173 982
173 996
174 338
174 405
174 651
174 982
175 428
175 995
176 181
176 212
176 307
176 678
176 895
177 298
177 765
178 652
179 883
180 445
180 884
181 276
181 423
181 682
181 843
182 360
182 710
182 747
182 885
183 281
184 265
184 360
184 751
184 829
185 232
185 295
185 475
185 598
186 771
186 938
187 743
188 304
188 332
188 574
188 642
188 839
189 241
189 253
189 341
189 447
189 487
189 538
189 596
189 944
190 620
191 240
191 625
191 866
191 948
192 435
193 242
193 495
193 563
193 720
194 430
194 659
195 270
195 495
195 539
195 895
195 975
196 230
196 323
196 356
196 410
196 753
196 792
196 872
196 888
196 913
197 220
197 229
197 487
197 543
197 553
197 589
198 366
198 597
198 826
199 381
199 480
199 676
199 700
199 740
200 795
200 979
201 245
201 365
201 567
202 441
202 692
202 927
203 210
203 222
203 373
203 430
203 435
203 489
203 569
203 615
203 682
204 239
204 436
204 531
204 913
205 686
205 824
206 370
206 552
207 260
207 518
207 697
207 764
207 866
208 253
208 546
208 623
208 679
209 219
210 594
210 639
210 644
210 686
210 717
210 979
211 235
211 580
211 649
211 973
212 454
212 871
213 223
213 506
213 775
214 338
214 347
214 459
214 481
215 368
215 419
215 814
215 908
215 948
216 306
217 637
218 285
218 405
219 249
219 297
219 516
219 846
220 475
220 614
220 861
221 292
221 538
222 323
222 336
222 586
223 461
223 511
223 553
223 598
223 687
223 736
223 904
224 394
224 496
225 242
225 497
225 585
225 838
226 383
226 522
226 746
227 624
228 237
228 271
228 409
228 555
228 694
228 797
229 268
230 855
231 834
232 260
232 428
232 937
232 978
233 261
233 264
233 551
233 608
233 935
234 397
234 871
234 944
234 975
235 298
235 341
235 390
235 464
236 275
236 300
236 688
236 707
236 937
237 291
237 304
237 538
237 559
238 745
238 784
238 937
238 967
238 974
239 971
240 294
240 357
240 500
240 851
240 860
240 990
241 433
241 650
241 718
241 914
242 520
242 564
243 541
243 701
243 916
243 937
244 509
245 265
245 388
245 442
245 631
245 658
245 665
245 811
246 272
246 286
246 288
246 531
247 462
247 642
247 756
247 881
247 907
248 783
249 451
249 720
250 303
250 564
250 893
251 305
251 418
252 536
252 790
253 543
253 617
253 723
253 847
253 996
254 430
254 443
254 481
254 838
254 881
254 964
255 487
255 915
255 985
256 349
256 888
257 704
258 714
258 734
258 893
259 262
259 688
260 277
260 427
260 548
260 786
260 828
261 466
261 552
261 989
262 344
262 518
262 538
262 663
262 931
263 305
263 357
264 458
264 902
265 399
265 695
265 879
266 358
266 444
267 401
267 456
267 519
267 906
268 643
269 938
269 940
270 777
271 400
271 856
271 881
272 710
272 746
272 807
272 882
272 917
273 406
273 745
273 826
274 339
274 380
274 990
275 295
275 361
275 630
275 649
276 613
276 872
277 510
277 848
277 915
277 935
278 615
279 329
279 869
280 537
280 752
281 655
281 954
282 348
282 645
283 538
283 559
283 674
283 713
284 490
285 344
285 390
286 498
286 522
286 596
286 831
286 841
286 882
286 959
286 995
287 386
288 453
289 669
289 677
289 700
289 718
290 347
290 393
290 540
290 787
290 984
291 631
292 329
292 451
292 496
292 803
292 806
293 598
295 524
295 661
295 729
296 383
296 554
297 387
297 637
297 993
298 497
298 527
298 584
298 942
299 664
299 854
299 888
300 420
300 734
301 474
301 655
301 754
302 577
302 839
302 843
302 877
303 325
303 675
303 678
303 748
304 384
304 641
304 776
305 841
305 929
306 363
306 492
307 330
307 431
307 487
307 709
307 929
308 870
308 952
309 315
309 440
309 850
310 441
311 500
312 785
313 544
313 617
313 845
313 896
314 579
315 412
315 486
315 994
316 394
316 539
316 697
316 962
317 653
318 438
318 576
319 507
319 656
319 693
319 850
319 951
320 628
321 777
322 439
322 441
322 579
322 613
322 723
322 819
323 574
323 768
323 806
323 901
323 946
324 458
325 435
325 723
326 709
326 779
326 890
327 446
327 456
327 461
327 476
327 552
327 753
327 894
329 544
329 581
329 623
330 399
330 545
330 610
330 728
331 571
331 835
331 847
332 388
332 665
333 669
333 842
333 967
334 338
334 361
335 494
335 914
335 975
336 680
336 731
336 756
336 793
336 805
337 607
337 674
337 776
338 646
338 676
338 763
338 790
338 869
339 984
339 996
340 527
340 865
340 866
340 997
341 352
341 525
341 533
341 619
341 943
341 958
342 366
342 851
343 946
344 478
344 644
344 928
345 361
345 858
345 896
346 751
346 792
347 549
347 966
348 362
348 670
348 819
348 827
348 983
349 446
349 699
349 789
349 871
349 941
350 445
350 543
350 586
350 698
350 812
351 371
351 550
351 647
351 825
352 497
352 552
352 666
353 531
353 674
353 773
353 809
354 807
354 833
354 857
356 525
356 558
356 704
356 976
357 957
358 406
358 577
358 597
358 636
359 461
359 548
360 372
360 559
360 696
361 777
362 614
362 625
362 813
362 946
362 977
364 490
365 400
365 425
365 923
366 484
366 531
366 725
367 846
368 999
369 904
370 560
370 953
371 763
371 887
372 420
372 552
372 614
372 733
372 927
373 688
374 479
375 574
375 684
375 729
376 477
376 521
377 391
377 412
378 528
378 605
378 934
379 515
379 625
379 689
379 862
379 939
380 735
380 942
381 436
381 647
381 842
381 913
384 578
384 714
384 812
385 417
385 425
385 639
386 457
386 508
386 667
386 687
386 805
387 996
388 972
389 561
389 661
389 779
391 973
392 619
392 749
393 562
393 602
394 541
394 781
395 495
395 833
395 910
396 801
396 833
397 422
397 829
398 983
399 406
399 837
399 961
400 718
401 943
402 449
402 592
402 631
403 462
403 691
403 840
404 532
404 894
404 963
405 617
407 480
407 633
407 815
408 702
408 803
409 499
410 416
411 751
411 816
411 829
412 500
412 895
412 970
413 428
413 630
414 522
414 692
415 433
415 483
415 729
415 762
416 644
416 686
416 726
416 738
416 743
416 762
418 838
419 711
419 793
419 812
419 913
420 691
420 831
420 909
421 680
422 521
422 858
423 793
423 883
423 957
424 444
424 491
425 613
426 428
426 431
426 717
426 761
427 712
427 822
429 447
429 634
429 769
429 898
430 500
430 740
430 931
430 961
431 606
432 465
432 516
432 641
433 449
433 545
434 864
435 761
435 806
436 513
436 662
436 706
438 775
438 813
438 906
439 453
440 506
440 722
441 718
441 739
441 984
442 817
443 514
444 957
445 486
445 701
445 844
445 858
446 611
447 934
448 608
449 533
449 843
449 861
450 474
451 489
451 740
451 992
452 651
452 652
452 777
452 795
452 826
453 744
453 934
454 757
455 510
456 846
457 639
457 734
457 993
458 924
458 957
458 981
459 570
459 715
460 548
460 984
461 596
461 603
461 815
462 568
462 571
462 694
463 486
463 495
463 816
463 922
464 553
465 525
465 775
468 583
468 896
469 545
469 799
470 654
470 955
471 840
471 873
472 727
472 917
473 635
473 707
473 884
474 477
474 514
474 537
474 558
474 735
474 843
475 498
475 628
475 675
475 781
476 652
476 681
476 816
476 923
477 732
477 832
477 869
478 579
478 956
479 677
479 787
480 779
481 808
481 927
481 969
482 497
482 660
482 735
483 516
483 744
484 663
484 766
484 800
484 883
485 629
485 747
485 854
485 897
485 904
486 886
486 919
487 602
487 687
487 884
487 918
488 991
489 814
489 847
489 975
490 685
490 798
490 937
491 704
492 809
493 985
493 996
495 532
495 828
495 960
496 502
496 681
496 938
497 556
497 631
497 912
498 561
498 882
499 671
499 699
499 781
499 796
499 836
500 562
501 516
501 750
502 907
503 799
504 534
505 523
505 893
506 882
507 563
507 848
508 575
508 576
508 618
508 752
509 556
509 622
509 710
510 590
510 791
511 874
512 691
514 748
514 974
515 527
516 537
517 988
518 577
518 608
518 697
518 832
519 529
519 715
519 757
521 922
523 567
523 753
523 843
523 914
524 732
524 826
525 628
526 638
526 867
527 545
527 740
527 982
528 582
528 601
528 911
530 710
531 590
532 668
533 834
533 839
534 554
534 643
534 902
535 667
535 751
535 925
536 676
538 803
539 764
539 803
540 667
540 712
542 751
544 878
545 856
546 591
547 653
547 892
548 655
548 694
548 919
550 608
550 845
550 905
551 560
551 578
552 742
553 639
553 881
554 728
554 942
555 812
555 975
557 875
557 913
557 996
557 998
558 959
560 656
561 974
562 916
563 672
563 734
564 666
564 681
565 993
566 800
566 837
567 572
567 581
567 710
567 956
568 607
569 580
569 626
569 714
569 846
573 640
573 725
573 975
574 698
574 712
574 713
575 713
575 755
575 818
576 705
576 822
577 833
578 900
580 676
580 697
580 776
581 880
582 821
582 920
582 980
583 734
585 669
586 597
586 947
586 977
587 627
587 760
587 823
588 648
589 879
589 995
590 707
591 626
592 723
593 682
593 836
593 870
594 897
595 671
596 676
596 872
598 766
599 814
599 823
599 866
600 808
600 955
601 761
601 768
601 808
601 908
602 920
602 971
603 827
603 936
604 829
605 885
606 945
606 975
607 623
607 692
607 737
607 791
609 661
610 723
610 871
610 905
612 680
612 989
613 651
613 905
615 640
615 692
615 930
616 761
616 800
617 644
617 837
617 933
619 716
619 735
620 819
620 955
621 746
621 783
622 800
623 909
623 959
624 810
625 793
627 867
629 688
629 751
629 796
631 639
631 762
632 963
634 773
635 744
635 745
636 927
638 933
639 814
639 899
640 877
640 962
640 970
641 886
642 696
642 729
643 657
643 669
644 768
644 952
645 734
646 710
646 753
646 801
646 807
646 947
647 790
648 926
649 899
650 764
650 852
650 933
650 937
651 704
651 752
651 775
651 870
652 654
653 668
653 756
656 742
658 749
658 827
658 987
661 767
665 666
667 781
668 917
669 770
669 905
670 690
670 930
671 706
673 764
674 784
675 804
676 778
677 875
678 975
678 985
679 692
682 969
683 946
683 997
685 783
686 837
690 992
691 875
692 955
694 894
696 766
696 845
696 878
696 912
696 944
700 986
703 880
703 977
704 774
705 788
705 865
705 918
708 949
710 726
713 847
713 910
713 925
716 886
717 738
717 828
717 997
718 925
719 941
721 931
724 792
725 970
727 796
727 805
728 843
729 911
730 785
731 898
733 805
733 841
733 904
734 930
734 949
734 998
735 778
736 765
736 811
738 876
738 899
739 982
740 904
743 825
743 865
745 772
746 792
746 885
747 809
748 832
748 850
749 777
749 834
750 952
750 985
751 869
751 918
752 814
754 776
755 952
756 967
757 826
757 915
758 800
759 776
761 781
762 856
762 910
762 940
765 775
768 860
768 947
771 858
771 939
773 859
773 864
773 907
774 854
775 887
776 800
776 862
777 799
779 932
780 973
781 853
781 854
782 877
785 835
785 978
788 801
788 932
791 863
792 831
792 836
793 809
794 802
794 859
794 893
794 984
796 965
797 875
798 949
801 952
801 958
802 917
803 979
804 866
806 897
809 974
814 898
816 932
820 857
820 900
821 952
822 889
823 841
826 950
830 864
831 885
833 836
833 940
837 844
840 929
843 902
845 885
846 932
847 869
848 876
849 945
850 937
852 873
853 911
853 998
856 941
857 920
858 926
859 929
862 939
864 898
864 937
865 881
865 981
868 874
868 893
868 965
868 979
871 951
873 887
873 931
873 954
874 920
875 942
881 917
889 951
892 995
893 966
894 983
896 962
897 961
901 972
903 957
917 959
919 991
920 937
924 987
929 991
930 990
931 991
940 960
943 998
955 970
962 966
966 971
0
10 999
