1000	1972	 1
0 21
0 230
0 719
0 925
0 932
1 295
1 632
1 878
2 69
2 918
2 957
3 154
3 462
3 653
4 652
4 739
4 770
5 546
5 668
5 766
6 280
6 300
6 499
6 603
6 667
6 784
6 789
6 873
6 901
7 60
7 387
7 490
7 611
7 630
7 838
8 486
8 899
9 296
9 333
9 341
9 538
9 744
9 843
10 106
10 279
10 337
10 768
11 192
11 327
11 522
11 670
11 802
11 992
12 58
12 411
12 979
13 24
13 146
13 379
13 475
13 587
14 35
14 426
14 500
15 19
15 57
15 190
15 191
15 246
15 644
15 676
15 727
16 477
16 903
17 54
17 244
17 529
17 668
18 93
18 630
18 853
19 138
20 32
20 288
20 499
20 586
20 611
20 826
20 871
20 979
21 173
21 396
21 455
21 904
22 416
22 488
22 550
22 640
23 230
23 724
24 286
24 550
24 822
24 908
25 171
25 695
25 816
25 902
25 981
26 300
26 379
26 667
26 684
26 835
26 905
27 324
27 460
28 485
28 619
28 803
29 315
29 542
29 572
29 806
29 974
30 811
30 859
30 938
31 65
31 172
31 654
33 180
33 397
33 487
33 793
34 317
34 473
34 743
34 896
35 789
35 971
36 99
36 158
36 182
37 127
37 131
37 297
37 354
37 508
38 175
38 715
38 731
38 843
39 474
39 504
39 888
40 539
40 635
40 967
41 136
41 381
41 767
41 775
41 826
41 845
41 995
42 228
42 423
43 132
43 193
43 353
43 724
44 102
44 841
45 330
45 653
45 794
45 841
45 882
46 126
46 146
46 257
46 449
46 935
46 938
47 293
47 599
47 747
47 824
47 938
48 141
48 286
48 726
49 90
49 185
49 435
49 646
49 964
50 618
51 385
51 523
51 857
52 106
52 321
52 495
52 667
52 812
52 874
53 162
53 535
54 152
54 336
54 356
54 464
54 727
54 991
55 449
55 471
55 903
55 958
56 59
56 200
56 311
56 319
56 443
56 553
56 647
57 278
57 534
57 906
57 913
57 915
57 928
57 936
58 534
58 824
59 70
59 114
59 515
59 834
59 978
60 646
61 223
61 262
61 500
62 234
62 244
62 310
62 968
63 433
63 476
63 650
63 814
63 937
64 150
64 296
64 347
64 380
64 683
64 873
65 477
66 477
66 544
66 742
66 815
66 937
67 154
67 297
67 920
68 521
68 542
68 547
68 726
69 85
69 532
70 250
70 778
70 856
70 905
71 232
71 451
71 498
71 590
71 606
71 849
72 485
72 907
73 529
73 546
73 670
74 223
74 978
75 374
75 422
75 531
75 766
75 797
76 138
76 434
76 549
77 485
78 145
78 249
78 275
78 329
78 824
78 942
79 132
79 704
79 770
79 772
79 996
80 606
80 607
80 838
81 94
81 332
81 789
82 392
82 408
82 551
82 598
82 692
83 168
83 223
84 326
84 502
84 787
84 994
85 810
85 939
85 953
86 144
86 211
86 250
86 864
86 898
87 132
87 158
87 307
87 511
87 656
88 394
88 653
88 837
89 617
89 637
90 264
90 295
90 347
90 693
90 761
91 93
91 135
91 362
91 592
91 687
92 154
92 973
93 173
93 294
93 718
94 548
95 199
95 323
95 829
96 205
96 354
96 487
96 576
96 578
96 944
97 315
97 340
97 612
97 684
98 116
98 151
98 200
98 227
98 337
98 382
98 561
99 280
99 962
100 140
100 739
101 118
101 813
101 991
102 394
102 516
102 563
102 713
102 925
102 979
103 158
103 786
103 998
104 497
104 640
104 864
105 227
105 381
105 938
105 941
106 158
106 631
106 708
107 219
107 643
107 885
108 446
108 569
108 896
109 473
109 706
109 883
110 300
110 742
111 357
111 360
111 905
112 142
112 196
112 423
112 479
113 378
113 652
113 795
114 151
114 515
114 525
115 262
115 368
115 393
115 647
115 832
115 900
116 162
116 343
116 399
116 625
116 829
117 335
117 580
117 921
117 963
118 160
118 547
118 673
118 717
118 860
119 164
119 219
119 246
119 343
119 454
119 549
120 727
120 898
120 921
121 289
121 772
121 805
121 958
122 293
122 546
122 626
123 209
123 431
123 574
123 685
123 854
124 165
124 316
124 365
124 464
125 726
125 738
125 790
125 970
126 137
126 298
126 470
126 956
127 490
127 710
128 171
128 326
129 225
129 467
129 791
129 863
130 147
130 650
131 254
131 690
132 182
132 435
133 964
134 174
134 349
134 532
134 962
135 154
135 561
136 654
136 902
137 259
137 492
138 995
139 161
139 358
139 514
139 540
139 683
140 342
140 569
141 209
141 256
141 299
141 448
141 815
142 257
142 604
142 666
142 968
143 357
143 476
143 641
144 197
144 391
144 499
145 486
145 597
145 975
146 184
146 407
146 415
146 451
146 702
147 366
148 195
148 641
149 223
149 255
149 334
149 352
149 447
150 518
150 574
150 674
150 982
151 663
151 828
151 931
151 964
152 195
152 220
152 752
153 281
153 444
153 636
153 647
153 715
154 270
154 295
154 618
154 784
155 173
155 240
155 278
155 825
156 355
156 450
156 481
156 643
156 814
156 822
156 850
157 222
157 488
157 603
157 766
158 959
159 456
159 488
159 502
160 405
160 790
161 308
161 564
161 725
161 864
162 599
163 370
163 971
164 855
165 652
165 839
165 979
166 375
166 386
166 635
167 284
167 312
167 391
167 423
167 893
168 329
168 883
168 961
169 582
169 651
169 789
170 379
170 628
170 769
170 962
171 198
171 223
171 686
171 875
172 934
173 675
173 819
174 545
174 731
174 740
174 747
174 936
175 259
175 307
175 430
175 698
175 812
175 904
176 310
176 419
176 488
176 639
176 884
177 281
177 981
178 218
178 485
178 628
179 402
179 487
179 650
179 737
179 901
180 329
180 685
180 998
181 380
181 459
181 516
181 857
182 239
182 499
183 603
184 658
184 753
184 811
184 871
185 415
185 994
186 404
186 646
187 485
188 397
188 509
188 581
188 585
188 830
189 247
189 549
189 724
189 747
191 330
191 832
192 302
193 232
193 319
193 572
193 989
194 308
194 374
194 507
194 584
194 633
194 824
195 455
195 548
195 572
195 926
196 295
196 332
196 668
196 756
196 967
197 492
197 689
197 723
198 987
199 949
200 696
200 839
200 847
200 927
201 399
201 461
201 540
202 688
202 840
203 270
204 366
204 752
204 907
205 349
205 459
205 632
205 738
205 828
205 930
206 246
206 363
206 494
206 587
206 671
206 678
206 701
207 456
208 492
209 318
209 340
209 947
210 307
210 530
210 794
210 916
212 251
212 312
213 283
213 358
213 554
213 566
214 284
214 405
214 582
214 650
214 737
214 846
214 999
215 498
215 548
215 580
216 504
216 824
217 388
217 616
218 291
218 771
218 783
219 856
220 780
221 346
221 582
222 292
222 300
223 458
223 884
224 451
224 936
225 987
226 747
226 989
227 421
227 485
227 571
228 286
229 379
229 748
229 859
229 860
230 237
230 706
231 526
231 568
233 306
234 439
234 950
235 691
235 958
236 321
236 577
236 617
236 900
237 683
237 760
238 260
238 386
238 397
238 418
239 576
240 426
240 460
240 477
240 964
241 329
241 506
241 767
241 841
242 335
243 298
243 392
243 580
243 657
244 368
244 619
244 699
245 520
245 607
246 301
246 440
246 615
247 498
247 543
247 554
248 355
248 684
248 947
249 454
249 467
249 524
249 824
250 402
250 943
251 397
251 624
252 512
252 611
252 728
252 962
253 392
253 689
254 542
254 924
255 826
255 844
256 383
256 990
258 407
258 480
258 622
259 262
259 420
259 545
259 881
260 319
260 684
261 360
261 536
261 778
262 385
262 688
262 725
262 848
263 339
263 500
263 685
264 268
264 441
264 569
264 695
265 288
265 322
265 379
265 582
265 641
265 786
265 847
266 398
266 540
266 638
266 669
266 824
267 463
267 655
267 682
267 808
267 873
268 505
268 702
268 730
268 920
269 461
269 842
270 312
270 360
270 444
270 525
270 702
271 308
271 331
271 382
271 460
271 710
272 287
272 480
272 546
272 886
272 894
272 906
272 986
273 426
273 476
273 964
274 404
274 450
274 911
275 373
275 709
275 879
276 314
276 495
276 713
276 828
277 714
277 826
278 635
279 286
279 784
280 398
280 739
280 840
281 363
281 583
281 825
281 917
282 393
282 537
282 581
283 325
283 364
283 459
283 736
284 297
284 471
284 481
285 385
285 460
285 898
286 724
286 777
287 356
287 614
287 753
288 387
288 412
289 422
289 564
289 734
289 960
289 963
290 755
290 858
291 295
291 933
292 810
292 830
294 379
294 439
296 429
296 477
296 810
297 743
297 961
299 330
299 878
299 957
300 477
300 648
301 306
301 428
301 716
302 304
302 744
303 469
303 497
303 772
303 814
304 423
304 910
304 977
305 324
305 551
305 803
306 356
306 664
306 907
306 986
307 921
308 754
309 532
309 657
310 569
310 842
311 349
311 528
311 625
311 706
311 891
311 955
312 369
312 875
313 808
313 858
314 682
314 816
314 941
314 997
315 808
315 958
316 746
317 396
317 538
317 759
317 814
317 826
317 836
318 380
319 479
320 734
320 898
321 353
321 598
321 671
321 825
321 880
322 388
322 522
322 570
322 870
323 531
323 537
323 770
323 793
323 835
323 909
324 411
324 595
324 671
327 443
327 475
327 616
327 754
327 954
328 658
328 694
328 736
329 358
329 509
329 751
329 797
330 528
330 547
330 653
330 820
330 921
330 947
331 419
331 581
331 642
331 962
332 508
332 814
332 909
333 529
333 546
334 346
334 445
334 571
334 687
334 861
335 528
335 766
335 869
336 460
336 528
336 625
337 556
337 610
338 412
338 650
338 661
338 720
338 808
339 599
340 813
341 701
341 856
341 883
341 944
342 402
342 472
342 877
343 405
343 536
343 581
343 934
344 429
344 492
345 352
345 442
345 574
346 566
346 590
346 674
346 852
347 463
347 630
348 458
348 576
348 934
348 945
349 533
349 577
349 827
350 477
350 513
350 610
350 660
351 378
351 684
351 804
351 982
352 368
352 461
353 354
353 732
353 773
353 952
354 511
354 751
354 966
355 729
355 958
355 978
356 634
356 943
359 373
360 384
360 883
361 854
362 377
362 849
363 470
363 833
363 940
364 408
364 470
365 402
365 808
365 908
367 410
367 467
367 537
368 714
368 838
368 995
369 486
370 512
370 823
370 873
371 594
371 613
371 676
372 440
372 790
373 452
373 508
373 607
373 761
374 963
375 508
375 861
376 741
376 786
376 899
376 921
377 570
377 819
378 435
378 556
378 898
379 427
379 640
379 905
380 828
381 674
382 946
383 915
384 690
385 500
386 455
386 468
386 703
386 816
386 957
387 637
387 844
387 914
387 972
388 469
389 612
389 772
389 845
389 938
390 502
390 565
390 666
390 932
391 997
392 831
392 960
393 468
394 580
394 766
395 421
395 827
396 735
396 955
397 664
398 675
398 725
400 672
400 886
401 686
401 901
401 983
401 997
402 516
403 524
403 913
403 937
404 572
404 592
404 666
404 922
405 422
405 699
405 965
406 721
406 928
407 647
408 484
409 471
409 500
409 762
409 793
409 953
410 494
410 714
410 907
411 491
411 542
412 595
412 761
412 976
413 457
413 744
413 983
414 605
414 818
415 822
415 853
416 447
416 522
416 546
416 772
417 690
417 722
417 994
420 575
420 746
420 848
421 781
422 522
422 529
422 675
422 772
422 823
422 840
423 690
424 655
424 775
424 926
424 936
425 531
425 543
425 773
426 667
427 613
427 842
427 876
428 760
428 828
430 465
430 921
430 924
430 980
431 519
431 667
431 714
431 860
431 895
432 570
432 937
433 575
434 778
434 802
435 755
436 481
436 590
436 729
436 765
436 788
437 633
437 638
437 705
437 774
438 670
439 486
439 691
439 872
439 897
440 634
440 676
440 904
441 811
441 843
441 946
442 454
442 579
443 476
443 852
444 607
444 740
445 673
445 851
447 925
448 651
449 566
449 914
450 627
451 705
451 897
452 750
452 949
453 632
453 766
454 575
454 633
454 662
454 766
454 805
455 583
456 703
456 867
456 900
457 489
457 735
457 870
458 501
458 619
458 712
458 757
458 918
459 808
460 618
460 980
461 640
461 974
462 484
462 581
462 892
462 972
463 519
463 550
463 569
464 663
464 924
465 866
466 709
466 761
466 928
466 972
467 733
467 758
467 845
469 488
469 509
469 540
469 556
469 902
470 796
470 948
471 672
472 533
472 749
472 874
472 931
473 500
473 818
474 491
475 637
475 709
475 721
475 880
476 513
476 603
476 607
476 774
476 801
476 978
477 554
477 629
477 709
477 761
478 487
479 532
479 633
481 554
481 771
482 580
482 672
483 550
483 605
483 659
483 679
483 685
483 887
484 615
486 496
487 566
487 756
490 582
490 800
490 828
491 541
491 579
491 720
492 522
492 794
492 965
493 819
494 606
494 731
495 548
495 633
496 559
496 912
499 692
499 801
500 651
500 838
501 640
502 627
502 709
502 800
502 968
503 841
504 745
504 788
504 832
504 869
504 981
504 989
505 721
505 909
506 657
506 676
506 828
507 701
507 805
508 581
508 887
509 549
509 816
510 585
510 796
511 752
511 792
512 955
514 811
515 900
515 992
516 563
516 658
517 804
518 546
518 681
519 545
519 605
520 522
520 660
521 962
522 902
523 613
523 782
524 634
524 844
524 935
526 753
526 865
526 920
527 618
527 668
529 582
529 664
530 556
530 597
530 948
533 658
533 717
533 818
535 576
535 666
535 940
536 712
536 740
536 743
536 799
537 629
538 548
538 810
538 861
539 721
540 613
540 817
540 867
541 557
541 757
542 579
542 690
543 651
544 955
545 621
545 968
546 736
546 856
547 965
547 990
548 697
550 870
551 769
552 883
552 978
552 988
553 707
553 743
553 948
554 555
554 961
554 998
555 647
555 808
555 955
556 640
557 763
558 638
558 759
558 839
559 919
560 580
560 833
561 663
561 695
562 705
562 917
563 804
564 604
564 665
564 781
566 580
567 608
567 702
567 738
567 824
567 867
567 892
568 933
568 937
569 611
569 802
570 937
571 613
572 843
573 650
574 660
574 701
574 894
576 677
577 831
577 859
577 959
578 671
578 789
579 657
580 670
580 737
580 825
582 746
582 885
584 744
585 620
585 747
586 712
586 880
586 912
587 635
587 989
588 640
588 933
589 945
589 987
590 848
591 612
591 830
591 855
593 711
593 959
594 747
595 787
596 901
599 629
599 956
600 656
600 847
600 903
601 656
601 681
601 964
602 866
602 982
604 900
604 915
606 653
606 665
606 779
606 815
608 616
608 668
608 763
608 785
609 662
609 873
610 784
610 800
611 976
612 934
614 870
615 651
615 876
615 983
616 744
617 729
617 891
617 915
619 682
620 894
621 644
621 862
621 910
622 643
622 646
623 710
623 861
623 878
624 684
624 885
624 961
626 708
629 652
629 660
629 675
630 798
630 904
632 919
632 970
633 901
636 667
636 686
637 850
637 935
639 780
639 963
640 946
641 755
641 847
643 648
643 839
643 898
644 736
645 745
645 977
646 814
646 842
647 828
647 967
647 981
648 661
648 687
649 733
649 805
650 769
651 726
651 960
651 971
652 730
652 997
653 698
653 922
654 702
655 848
657 799
657 875
657 948
658 988
658 996
659 670
660 705
660 942
661 702
662 797
662 808
662 911
663 821
663 865
664 761
665 927
665 973
667 785
667 884
667 933
667 947
667 986
668 722
669 751
670 808
671 758
672 692
673 695
673 976
674 697
674 996
675 693
675 818
675 827
677 791
677 833
677 841
678 895
678 926
679 764
679 792
679 978
680 946
682 782
682 824
682 923
682 949
683 910
684 688
684 902
684 988
687 786
687 911
688 988
689 709
689 990
691 931
692 717
692 807
694 872
696 979
700 726
703 910
704 802
704 814
704 883
706 728
706 819
706 939
708 961
709 963
710 833
711 870
711 989
712 761
712 912
713 894
714 741
718 815
718 965
719 828
719 950
720 839
720 872
721 763
722 775
723 953
724 758
725 959
726 851
727 930
730 766
730 853
730 887
731 796
731 961
732 802
733 780
733 818
734 942
736 755
736 851
737 849
739 841
739 997
740 964
742 900
743 921
747 982
747 993
748 749
748 985
749 809
750 781
750 813
751 976
752 936
753 829
753 907
753 911
754 860
755 803
755 878
756 806
757 843
758 908
762 791
762 910
765 940
766 967
767 779
767 802
770 868
771 874
773 795
775 875
775 961
776 912
777 974
779 801
782 809
782 851
782 927
786 931
789 920
790 955
791 907
794 873
794 995
795 850
796 820
797 862
797 993
798 957
799 894
800 990
804 821
804 825
805 913
805 914
807 976
810 983
810 990
811 899
812 874
812 896
812 997
814 842
817 827
819 858
821 979
821 993
825 983
826 839
829 850
830 954
831 888
831 908
833 977
835 866
836 876
836 945
836 978
837 931
837 981
839 972
839 975
840 883
842 996
843 918
844 890
845 995
847 943
848 885
848 917
850 895
851 946
852 913
855 932
855 945
860 984
861 872
863 931
865 879
865 973
867 895
867 922
869 966
872 929
873 968
875 988
877 960
881 975
882 910
883 889
883 938
885 888
886 893
890 953
890 958
892 969
892 990
893 993
896 940
898 936
899 985
900 951
907 999
908 979
909 998
910 944
913 979
915 919
921 946
921 998
924 935
930 976
932 971
934 936
940 943
948 979
952 954
959 967
964 985
0
10 999
