1000	2007	 1
0 75
0 418
0 468
0 816
1 41
1 45
1 123
1 244
1 508
1 845
2 131
2 364
2 431
2 763
3 49
3 404
3 433
3 666
3 747
3 950
3 981
4 184
4 408
4 412
4 738
5 415
5 628
5 891
5 916
6 775
6 951
7 273
7 528
7 773
7 888
8 376
8 423
9 22
9 147
9 612
9 652
9 657
9 687
9 884
10 233
10 900
11 172
11 270
11 866
12 234
12 255
12 678
12 947
13 196
13 514
13 584
13 733
13 778
14 56
14 472
14 672
14 825
14 876
15 358
15 635
16 166
16 375
16 541
16 569
17 326
17 769
17 947
18 288
18 533
18 630
18 992
19 27
19 290
19 595
19 888
20 155
20 916
21 48
21 128
22 185
22 471
23 387
23 501
23 550
24 682
24 870
25 143
25 697
25 829
26 134
26 504
27 470
27 946
28 88
28 529
28 617
28 780
28 783
28 988
29 520
29 853
29 982
30 35
30 124
30 200
30 297
30 305
30 327
30 842
31 350
31 635
32 336
32 615
32 746
33 57
33 280
33 371
33 422
34 69
34 735
34 817
35 280
35 293
35 509
35 522
35 966
35 978
36 349
36 480
37 250
38 449
38 730
39 323
39 609
39 839
40 138
40 499
40 956
40 958
41 124
41 796
42 76
42 329
42 498
42 755
42 766
43 329
43 522
43 615
43 793
43 923
44 287
44 454
44 485
44 487
44 579
44 625
45 121
45 447
46 193
46 708
46 713
47 382
47 577
47 687
47 918
48 131
48 459
48 514
48 937
49 147
50 202
50 321
50 360
50 688
50 717
51 109
51 124
51 167
52 533
52 672
52 710
53 278
53 438
53 946
53 947
54 830
55 66
55 301
55 447
55 493
55 782
56 718
56 762
57 118
57 618
58 353
58 390
58 542
58 699
58 704
58 953
59 100
59 239
59 407
60 402
60 767
60 857
60 897
61 615
61 625
61 933
62 623
63 233
63 304
63 475
63 520
63 547
63 933
64 94
64 639
65 454
65 469
65 480
65 639
65 661
65 683
66 133
66 902
67 886
68 570
68 587
68 895
69 143
69 160
69 692
70 168
70 257
70 296
70 677
70 812
70 928
70 977
71 135
71 213
71 918
72 312
72 929
73 394
73 443
73 787
73 796
74 99
74 176
74 245
74 459
74 589
75 234
75 414
75 422
76 316
76 318
76 564
76 874
77 583
77 876
78 172
78 437
78 660
79 397
79 563
79 896
80 204
80 382
80 978
81 266
81 322
81 895
81 908
82 310
82 587
83 233
83 536
83 596
83 800
83 837
84 390
84 515
84 702
85 310
86 398
86 540
86 869
87 247
88 182
89 122
89 494
89 572
89 744
89 831
90 437
90 646
90 948
91 121
91 411
91 516
92 174
92 418
93 119
93 341
93 598
93 721
93 979
94 198
94 236
94 275
94 303
94 316
94 519
94 833
95 544
95 547
96 315
96 448
96 481
96 684
96 704
96 720
97 307
97 480
97 507
97 615
97 831
98 117
98 358
98 642
98 863
98 956
99 370
100 823
100 857
100 925
101 138
101 424
101 963
102 262
102 362
102 531
102 540
102 564
102 869
103 433
103 447
103 563
103 644
103 672
104 125
104 340
104 486
104 763
104 828
105 737
105 826
106 140
106 581
106 732
107 352
107 666
107 868
108 623
108 676
108 870
109 202
109 211
109 582
109 614
109 821
109 912
109 971
110 293
110 296
110 404
111 187
111 550
111 696
111 743
111 934
112 287
112 961
113 779
114 204
114 410
114 443
114 721
114 889
115 180
115 214
115 432
116 129
116 299
116 396
117 396
117 453
117 526
117 582
118 149
118 218
118 595
118 936
119 165
119 515
119 787
119 812
120 236
120 252
120 271
120 539
121 375
121 570
121 855
122 164
122 638
122 646
122 661
123 284
123 614
123 749
123 764
124 300
124 490
124 832
124 950
125 524
125 701
125 958
126 197
126 766
126 863
126 944
127 251
127 836
128 214
128 727
128 968
129 315
129 582
129 829
129 839
130 482
130 903
131 319
131 469
131 555
131 695
132 474
132 499
132 663
133 186
134 340
134 447
134 644
134 663
134 719
134 809
134 970
135 885
135 959
136 419
136 590
136 603
136 921
137 175
137 434
137 551
137 736
138 249
138 412
138 438
138 488
138 968
139 308
139 318
139 383
139 448
139 677
139 739
139 772
139 856
140 186
141 290
142 801
142 833
142 855
142 918
143 372
143 569
143 640
143 706
144 356
144 755
145 648
145 673
145 801
146 432
146 509
146 536
146 574
146 779
146 907
147 478
148 218
148 345
148 425
148 691
148 741
148 972
149 203
150 801
150 828
151 272
152 721
152 860
153 414
153 569
154 763
155 578
155 676
155 714
156 210
156 722
156 881
157 725
157 924
158 173
158 568
158 602
158 610
158 950
158 984
159 303
159 752
159 793
160 274
160 295
160 542
160 616
161 583
161 777
161 868
162 164
162 253
162 793
162 903
163 304
163 764
163 920
163 941
163 951
164 509
164 528
164 556
164 893
164 976
165 248
165 690
166 290
166 473
166 607
166 633
166 667
167 593
167 924
167 929
168 565
168 908
169 418
169 612
169 619
169 794
169 926
170 241
170 961
171 243
171 570
171 672
172 600
172 690
173 415
173 618
173 974
175 268
176 511
176 809
176 870
176 992
177 401
177 450
177 459
177 664
178 296
178 385
178 526
178 529
178 598
179 242
179 791
180 325
180 363
180 466
180 799
181 230
181 239
181 607
181 699
181 861
182 483
182 759
182 860
183 715
183 791
183 929
184 369
184 920
185 407
185 585
186 599
186 660
186 734
187 303
187 316
187 317
187 452
187 670
188 391
188 676
188 837
189 465
189 911
190 427
190 446
190 551
190 589
190 823
191 441
191 517
191 622
192 396
192 617
192 716
193 245
193 310
193 603
193 787
193 888
193 921
194 602
195 522
195 672
196 238
196 306
196 461
196 682
196 762
196 772
197 565
198 312
198 381
198 420
198 431
199 315
199 337
200 628
200 817
201 365
201 439
201 589
201 620
201 717
201 943
202 362
202 454
202 765
202 849
203 463
203 662
203 667
203 904
204 346
204 814
205 879
206 311
206 532
206 737
206 908
206 991
207 894
208 211
208 480
208 643
208 649
208 908
209 252
209 472
209 889
210 432
211 213
211 659
212 427
213 357
213 428
213 967
214 348
215 616
215 835
215 879
215 937
215 939
216 528
216 540
216 677
216 799
216 981
217 518
217 892
217 960
218 347
218 413
218 729
218 796
219 489
219 684
219 763
219 908
220 527
220 688
220 759
220 897
221 656
221 689
222 309
222 389
222 460
222 770
223 375
223 696
224 293
224 517
224 879
224 993
225 877
225 891
225 964
226 472
226 806
226 966
227 450
227 539
227 746
227 747
228 246
228 557
228 565
228 867
228 886
228 913
229 255
229 567
229 569
230 556
230 586
230 673
230 765
230 984
231 261
231 497
231 729
232 278
232 548
232 573
232 855
233 906
235 855
236 468
236 481
236 647
236 745
236 865
237 382
237 476
237 561
237 713
237 774
237 850
238 613
238 732
238 822
238 876
239 427
239 610
239 611
239 666
240 294
240 967
241 678
242 832
242 965
243 272
244 429
244 829
244 833
245 365
245 639
246 581
246 808
246 857
247 349
248 660
249 432
249 512
249 916
250 520
250 548
250 771
250 830
251 864
251 889
251 926
252 391
252 888
252 890
253 288
253 606
253 872
253 978
254 530
254 592
254 629
254 832
254 895
254 900
254 910
255 290
255 324
255 644
255 838
255 989
256 460
256 976
257 569
258 334
258 757
258 792
258 968
259 469
259 769
260 354
260 666
261 587
261 669
261 722
261 946
262 605
263 442
263 472
263 942
264 538
264 591
264 819
264 898
264 972
264 987
265 408
265 626
265 840
265 888
265 898
266 761
267 633
267 767
267 969
268 562
268 650
268 794
269 270
269 934
270 328
271 298
271 444
271 523
271 746
271 780
271 881
272 357
272 608
274 560
275 421
275 452
275 695
275 762
276 464
276 651
277 501
277 631
277 877
278 840
279 645
279 738
279 837
279 957
280 299
280 442
280 635
280 880
281 396
281 604
282 458
282 585
282 802
282 973
283 949
284 382
284 512
285 890
286 365
286 446
286 712
287 467
287 594
287 872
288 292
288 511
288 882
289 598
289 856
290 479
291 754
291 784
291 915
292 322
293 537
293 789
293 954
294 405
294 619
294 627
294 766
295 974
296 560
296 950
297 313
297 473
297 668
298 518
298 565
299 689
299 913
300 436
300 907
300 984
301 666
301 825
302 343
302 525
302 662
304 309
304 900
304 902
304 998
305 391
305 397
305 731
305 757
305 762
306 356
306 719
306 871
307 872
308 559
308 629
308 778
309 530
309 786
309 959
310 404
311 727
311 884
312 444
312 651
312 847
313 408
313 437
313 655
313 694
313 793
314 501
314 596
314 938
315 344
315 397
315 561
315 649
315 770
316 440
316 671
316 790
316 912
317 625
318 447
318 641
318 682
319 850
319 961
320 632
321 348
321 804
321 990
322 411
322 437
322 440
322 657
322 679
323 408
323 750
324 604
324 757
325 626
325 849
325 876
326 540
327 499
327 547
327 680
327 739
328 398
328 618
328 683
329 966
330 355
330 368
330 417
330 588
330 733
331 429
331 675
331 746
331 775
331 799
332 405
332 468
332 726
332 808
332 976
333 543
333 679
334 570
334 790
334 977
335 491
335 502
336 579
336 705
336 848
337 591
337 668
337 969
338 428
338 578
338 924
338 985
339 375
339 391
339 413
339 929
339 985
340 528
340 557
340 699
340 820
340 952
341 360
341 471
341 761
342 573
342 667
342 945
343 398
343 490
343 872
343 900
343 985
344 444
344 453
344 599
345 681
347 377
347 557
347 979
348 393
348 548
348 790
348 934
349 552
349 625
350 374
350 376
350 380
350 537
350 651
351 885
352 404
352 725
352 834
353 707
354 453
355 565
355 607
357 378
357 451
357 718
358 478
358 807
359 968
360 366
360 403
360 550
361 690
361 747
361 923
362 380
362 742
363 545
363 641
363 751
363 898
364 886
365 463
365 660
365 674
365 755
366 554
366 586
366 610
366 914
367 631
367 677
367 822
368 617
368 645
368 891
368 973
369 538
369 718
369 915
370 565
370 796
370 933
371 911
372 591
372 627
372 829
373 453
373 988
374 845
374 922
374 951
375 458
375 722
375 828
376 457
376 472
376 839
376 981
377 683
378 594
378 709
378 786
378 940
379 644
379 774
379 880
379 948
380 661
381 697
381 765
382 843
383 772
384 478
384 550
384 592
384 726
384 991
385 595
385 671
386 523
386 614
386 675
387 607
387 985
388 877
388 882
389 509
389 845
390 409
390 697
390 916
391 488
391 815
392 739
393 774
393 843
393 957
393 982
394 562
394 722
395 464
395 910
396 540
396 661
396 811
397 745
397 793
398 578
398 694
399 504
399 987
400 483
400 560
401 599
401 698
401 789
402 633
402 679
403 484
403 647
403 653
403 852
404 809
405 430
406 539
406 628
406 650
407 435
407 647
407 652
408 762
408 918
408 945
409 417
409 495
409 795
410 558
410 667
410 711
410 769
410 945
410 987
411 828
412 550
415 630
416 646
416 735
417 474
417 539
417 638
417 659
417 703
417 738
417 878
418 589
419 446
419 562
419 629
419 686
419 711
419 725
419 887
419 980
419 999
420 806
420 865
421 455
421 464
421 472
421 531
421 828
422 808
422 851
422 998
423 433
424 495
424 552
424 697
424 951
425 470
426 773
426 872
427 882
427 957
428 493
428 540
428 678
428 698
428 830
428 901
429 636
429 785
429 972
432 506
432 668
432 793
433 455
433 665
433 693
433 819
434 498
434 703
435 461
435 568
435 728
435 848
435 951
436 476
436 709
436 803
437 453
437 730
437 783
437 805
437 911
437 952
438 630
439 450
439 768
439 903
440 550
440 654
440 932
443 498
443 686
444 549
444 779
445 464
445 472
445 805
445 992
446 780
447 950
448 532
448 896
448 927
448 996
449 609
450 651
450 870
451 533
451 773
452 832
453 463
453 671
455 786
455 808
456 506
456 600
456 736
457 631
457 635
457 730
457 745
457 790
458 522
459 495
459 523
459 888
459 973
460 568
460 580
460 669
461 497
461 542
461 564
461 583
461 667
461 846
462 551
462 746
462 834
462 903
463 589
464 864
465 529
465 594
466 505
466 631
466 702
466 860
466 882
467 739
467 771
467 875
467 910
468 963
469 569
469 690
469 725
469 856
469 960
470 516
471 510
471 745
471 993
472 571
472 682
473 681
473 873
473 919
474 790
475 599
475 619
475 695
475 842
475 860
476 500
476 740
477 591
477 608
477 888
477 892
478 879
479 535
479 893
480 824
480 931
481 760
482 797
483 561
484 860
485 525
485 621
485 888
486 558
486 609
486 733
486 750
487 788
488 654
488 902
489 646
490 541
490 799
491 623
492 678
492 914
493 589
493 634
493 828
495 511
496 600
496 675
497 511
497 868
498 580
498 928
499 560
499 752
499 914
501 680
501 950
502 617
503 615
503 643
503 735
504 583
504 734
504 862
505 552
505 645
506 584
506 645
506 928
507 662
507 670
507 840
507 982
508 510
508 706
508 999
509 531
510 591
510 912
511 567
512 601
512 614
512 710
513 548
513 628
513 700
513 989
514 613
517 535
517 577
517 590
517 787
518 983
520 883
521 639
521 723
521 793
524 546
524 560
524 611
524 744
524 905
526 527
526 714
526 822
526 848
527 812
528 594
528 617
528 661
528 692
528 989
529 747
529 748
529 787
529 982
530 681
531 567
532 540
532 802
533 551
533 554
533 844
533 877
534 604
535 921
536 861
537 766
537 784
538 774
539 912
540 575
540 815
541 555
541 598
541 607
541 949
541 999
542 702
543 676
543 858
543 948
543 968
544 810
544 968
545 578
545 905
545 958
546 609
546 736
547 596
547 647
547 850
547 912
549 776
549 867
550 868
551 584
551 780
552 881
553 574
553 949
553 962
555 794
556 603
556 812
557 893
558 785
559 622
559 689
559 960
561 628
561 908
561 961
562 847
563 686
563 720
564 681
564 722
565 581
565 676
565 753
565 989
566 657
567 920
568 819
570 631
570 654
571 813
572 746
572 825
573 935
574 939
575 727
575 924
575 929
576 661
576 748
576 851
578 878
578 929
580 684
581 804
583 721
583 802
583 955
584 783
585 888
587 637
587 894
587 909
588 705
588 763
588 885
589 597
589 920
589 986
591 650
591 690
592 804
593 788
593 963
593 983
595 691
597 633
598 735
598 973
599 673
599 789
601 818
601 860
601 982
602 845
603 892
604 842
605 785
605 812
605 905
606 933
607 945
607 954
608 898
608 993
609 736
609 790
610 611
610 665
610 724
610 757
610 819
610 962
611 623
611 875
611 899
612 890
612 941
613 723
614 639
614 740
614 771
615 830
615 922
615 937
615 948
616 710
618 860
618 957
619 732
620 903
622 655
622 829
622 868
623 871
623 921
624 666
625 765
625 998
626 673
627 716
629 632
629 651
629 744
629 993
630 740
630 879
630 994
633 958
634 803
636 896
637 748
637 939
639 710
639 761
639 815
640 653
640 822
640 901
642 853
642 907
643 804
643 882
643 927
644 851
646 785
647 719
647 724
647 880
647 909
648 709
648 794
648 801
649 694
649 821
650 759
650 961
652 828
652 934
653 722
653 781
653 916
653 917
653 918
654 688
654 716
654 848
655 741
655 758
656 705
657 756
657 970
658 864
660 746
660 824
660 853
660 917
661 998
662 853
663 719
663 769
663 852
663 853
663 893
666 678
666 953
667 712
667 714
668 797
669 676
669 818
669 898
670 874
671 807
671 828
673 680
673 976
674 776
674 785
674 805
675 773
675 866
676 687
676 752
677 797
678 740
678 916
681 846
683 842
685 823
686 746
686 780
686 941
687 817
688 801
689 863
689 963
691 910
693 882
694 846
694 856
694 882
695 745
695 832
696 940
697 958
698 715
698 750
698 798
698 903
699 784
699 803
701 951
701 995
702 800
702 971
703 726
703 881
704 766
704 854
704 874
705 844
706 721
707 811
707 917
707 987
707 998
708 934
709 932
711 762
712 784
712 989
714 719
714 815
715 945
717 997
718 808
718 968
719 882
720 730
720 792
721 999
724 991
725 847
725 946
725 973
726 881
727 786
727 813
727 876
728 793
728 824
729 768
729 824
729 844
729 945
730 959
731 884
732 754
732 976
736 990
737 789
738 780
738 941
739 768
740 758
741 951
742 758
742 780
743 853
744 752
744 775
744 858
747 755
747 873
748 835
751 906
751 977
752 846
754 794
755 902
757 854
758 843
759 788
759 984
760 831
762 804
762 945
764 813
765 813
766 775
768 828
769 777
769 779
769 801
769 858
769 904
770 780
772 814
772 992
773 862
773 881
774 800
775 804
775 832
776 906
777 794
778 816
778 916
778 966
780 797
782 866
782 971
784 806
785 986
791 954
792 932
792 978
793 924
793 941
796 892
796 977
797 947
798 820
801 839
801 996
802 812
803 847
803 848
803 870
803 983
804 896
804 999
805 864
810 931
812 947
814 876
814 986
815 855
815 922
816 887
816 924
817 862
817 936
818 924
819 916
820 893
826 867
826 921
827 901
827 954
830 956
831 964
835 864
835 871
836 982
837 937
839 913
841 980
842 942
844 852
846 935
848 928
851 990
852 953
854 869
857 920
858 929
859 950
861 869
861 988
862 913
863 936
865 996
868 984
870 931
872 937
874 885
875 998
878 884
878 927
883 960
886 935
887 921
887 945
889 926
890 919
892 998
892 999
894 989
896 913
896 938
898 914
899 966
901 916
902 984
913 917
915 989
920 984
921 955
923 975
924 952
926 935
926 988
927 983
930 941
935 939
942 944
942 977
943 949
946 982
953 994
954 962
969 991
0
10 999
