1000	1967	 1
0 215
0 859
0 938
1 254
1 376
1 412
1 991
2 311
2 342
2 413
2 517
2 544
2 645
3 22
3 885
3 891
3 904
4 85
4 493
4 840
5 158
5 182
5 904
6 100
6 392
6 545
6 610
6 965
7 295
7 322
7 440
8 302
8 834
9 303
9 514
9 682
10 102
10 113
10 506
10 806
10 987
11 80
11 167
11 186
11 289
11 388
11 525
11 838
12 29
12 137
12 234
12 274
12 398
13 19
13 195
13 346
13 523
13 556
13 596
13 629
14 168
14 209
14 466
14 469
14 845
14 970
15 200
15 617
15 744
15 782
15 822
16 147
16 697
17 114
17 296
17 307
17 536
17 574
18 419
19 64
19 482
19 496
19 616
20 100
20 314
20 370
20 496
21 129
21 379
21 757
22 32
22 343
22 765
22 771
23 77
23 78
23 710
24 844
25 673
26 181
26 282
26 489
26 706
27 369
27 487
27 692
28 495
28 825
29 37
29 97
29 209
29 340
29 357
29 535
30 214
30 426
30 488
30 557
31 263
31 482
31 525
31 770
32 264
32 308
32 360
32 511
32 841
33 70
33 133
33 178
33 266
33 517
33 540
33 553
33 656
34 167
34 571
34 931
35 187
35 338
35 746
35 983
36 295
36 564
36 809
37 451
37 557
38 196
38 577
38 697
39 971
40 75
40 292
40 521
40 586
40 714
41 176
41 510
41 696
42 230
42 262
42 665
42 973
43 383
43 847
43 926
43 964
44 579
44 695
44 720
44 983
45 51
45 485
45 725
45 735
46 121
46 194
46 516
46 576
46 738
47 91
47 713
47 875
48 59
48 257
48 375
48 408
48 538
48 589
48 663
48 791
48 831
49 76
49 497
49 501
49 699
50 487
50 595
51 540
51 686
51 977
52 325
52 489
52 565
52 588
53 354
53 427
53 461
53 762
53 869
54 746
54 831
55 106
55 223
55 420
55 555
56 327
56 604
57 295
57 555
57 625
57 766
57 867
57 919
58 403
58 506
58 575
59 88
59 108
59 186
59 309
59 475
59 999
60 643
60 836
61 574
61 781
61 855
62 82
62 506
62 812
62 974
63 382
63 411
63 538
63 915
63 996
64 332
64 693
64 700
64 875
64 947
65 128
65 383
65 713
65 758
65 767
65 862
66 331
66 446
66 936
67 240
67 251
67 283
67 693
67 710
67 938
68 380
68 821
69 227
69 411
69 457
69 825
70 164
71 465
71 468
71 478
71 703
72 766
72 792
73 865
74 131
74 574
74 603
74 778
74 980
75 167
75 196
75 283
75 601
75 780
75 810
75 887
76 84
76 180
76 349
76 655
76 981
76 987
77 88
77 260
78 295
78 371
78 404
78 409
78 813
79 724
80 94
80 483
80 531
80 813
81 232
81 393
81 805
81 891
82 130
82 326
82 626
83 155
83 653
84 592
84 749
84 753
85 794
86 513
86 819
86 883
86 936
87 390
87 459
87 683
87 880
88 808
88 825
89 491
89 893
90 186
90 355
90 611
90 940
91 95
91 100
91 402
91 410
91 589
91 713
92 243
92 410
93 419
93 777
93 860
94 160
94 181
94 389
94 424
94 425
94 666
94 705
94 720
94 985
95 233
95 751
96 434
97 143
97 537
97 539
97 634
97 683
98 276
98 316
99 104
99 181
99 297
99 511
99 575
99 805
100 447
100 562
100 762
101 489
101 933
102 172
102 212
102 252
102 334
102 420
102 839
102 962
103 148
103 384
103 468
103 570
103 921
104 185
104 232
104 457
104 480
104 558
104 930
105 226
106 661
107 417
107 581
109 297
109 781
109 931
110 196
110 277
110 317
110 524
110 603
110 668
110 855
111 361
111 365
111 628
111 671
112 261
112 276
112 724
113 115
113 395
113 678
113 729
113 868
113 914
114 909
115 220
115 253
116 812
116 929
116 961
117 621
117 681
117 938
118 122
118 502
118 905
119 210
119 242
119 582
119 623
120 381
120 545
120 559
120 835
121 457
121 563
121 765
122 217
122 446
122 525
122 703
122 913
123 171
123 335
123 738
123 880
124 238
124 266
124 309
124 348
124 737
124 864
124 894
125 893
126 312
126 352
126 626
126 710
126 712
126 750
126 994
127 312
127 347
127 757
128 504
128 610
128 679
129 367
129 435
129 453
129 538
129 870
131 498
131 600
131 668
131 743
131 957
132 360
132 384
132 752
132 880
133 552
133 665
133 676
133 738
133 988
134 157
134 275
134 417
134 463
134 935
135 198
135 210
135 345
135 517
136 314
136 443
136 471
136 595
136 907
136 910
137 245
138 504
138 523
138 744
139 338
139 503
139 686
139 773
139 987
140 442
140 624
140 940
141 418
141 608
141 637
141 967
142 191
142 593
142 711
142 751
142 879
143 601
143 772
143 888
144 359
144 507
144 553
144 709
144 802
145 805
145 871
146 224
146 290
146 935
147 286
147 439
147 787
147 825
147 974
148 337
148 397
148 689
148 755
148 990
148 999
149 317
149 610
149 894
150 345
150 479
150 482
150 707
151 297
151 510
151 692
151 800
152 433
152 531
152 884
153 505
153 528
153 563
153 815
153 957
154 225
154 396
154 791
154 792
154 837
155 535
156 694
156 825
157 161
157 320
157 510
157 576
158 389
158 691
158 871
158 925
158 973
159 531
159 724
159 742
159 953
160 373
160 903
161 606
161 799
161 828
162 276
162 306
162 743
162 826
163 488
163 700
163 812
164 274
164 470
164 881
165 297
165 755
166 893
167 188
167 191
167 206
167 488
167 719
167 764
169 255
170 197
170 213
170 489
170 851
170 966
170 990
171 177
172 375
172 600
172 791
172 856
172 862
173 223
173 465
173 774
174 653
174 657
175 257
175 353
175 472
175 576
175 728
175 958
176 194
176 378
176 515
176 545
177 671
177 768
177 846
177 905
178 371
178 864
178 891
178 970
178 991
179 393
179 505
179 516
179 523
179 598
179 764
179 969
180 242
180 561
180 811
181 340
181 380
181 482
181 768
182 183
182 193
182 389
182 460
183 243
183 536
183 540
184 214
184 725
184 839
185 395
185 401
185 938
186 214
186 332
186 737
186 867
186 971
187 280
187 603
187 632
187 676
187 703
187 831
187 918
188 419
188 473
188 655
189 811
190 191
190 340
190 742
190 833
191 455
191 601
192 283
192 508
193 268
193 636
193 778
193 834
195 314
195 600
195 633
195 692
195 945
196 444
196 781
196 815
196 839
197 614
197 704
197 834
198 485
198 680
198 706
199 813
199 849
199 936
200 336
200 362
200 677
201 510
201 559
201 715
201 734
201 786
202 710
202 859
202 942
203 359
203 497
203 863
203 903
203 918
204 281
204 401
204 697
204 810
204 900
205 220
205 406
205 900
206 315
206 390
206 436
206 492
206 561
206 596
206 814
206 952
207 925
208 430
208 680
208 788
209 315
209 370
209 423
209 545
209 556
209 622
209 723
209 795
210 856
211 476
211 792
211 814
211 971
212 550
212 578
212 795
212 896
212 950
213 615
213 966
214 559
215 640
215 679
215 843
216 418
216 674
216 733
216 859
217 239
217 915
218 226
218 395
218 495
218 553
218 639
219 309
219 472
219 602
219 899
221 241
221 243
221 254
221 285
221 369
221 486
222 744
222 809
224 386
224 854
225 429
226 351
226 744
226 764
226 830
227 723
227 991
228 256
228 520
228 584
228 654
228 684
228 950
229 426
229 715
229 800
229 915
230 586
231 581
231 656
232 247
232 591
232 644
233 312
233 313
233 718
234 478
234 625
234 764
234 805
234 867
235 539
235 567
235 875
235 900
236 277
236 356
236 433
236 435
236 727
237 252
237 345
237 450
237 717
237 896
237 990
237 996
238 583
238 773
238 905
239 414
239 454
239 534
239 595
239 726
239 914
240 250
240 606
241 432
241 612
242 486
242 508
243 253
243 704
244 278
244 753
244 978
245 441
245 537
245 699
246 279
246 508
246 615
246 635
246 677
246 700
246 717
246 785
247 325
247 700
248 576
248 760
248 847
248 979
249 350
249 814
249 870
250 596
250 601
250 686
250 750
251 257
251 498
251 835
251 945
251 946
253 260
253 392
253 494
254 896
255 330
255 609
255 647
255 706
256 881
257 808
258 472
258 783
258 803
259 463
260 652
261 408
261 434
261 437
261 993
262 361
262 635
262 699
262 709
262 738
263 319
264 537
264 759
265 668
265 677
265 904
266 313
266 584
266 653
266 847
267 732
267 799
267 938
268 724
269 630
269 694
270 958
270 963
271 416
271 450
271 470
272 502
272 525
272 723
272 835
273 584
273 835
274 279
275 618
275 751
276 286
276 326
276 720
276 918
277 466
277 470
277 613
277 721
277 767
277 809
278 603
278 605
278 619
278 797
280 383
280 418
280 592
280 876
280 991
281 421
282 953
283 353
283 450
283 815
283 943
284 666
284 672
284 796
285 342
285 472
285 739
285 981
286 336
286 980
287 881
288 919
288 938
288 961
289 441
289 571
289 577
289 791
290 303
290 336
290 529
290 714
291 641
291 691
291 854
292 517
292 804
293 385
293 436
293 880
294 403
294 449
294 501
294 505
295 610
296 930
297 449
297 995
298 586
298 687
298 781
298 971
299 375
299 909
299 989
300 360
300 853
300 907
300 948
301 463
301 610
301 807
301 815
301 842
302 719
302 775
303 371
303 402
303 666
303 885
304 364
304 460
304 540
304 753
305 610
306 880
306 937
307 333
307 604
307 654
307 841
308 728
308 813
308 913
308 937
309 343
310 415
310 871
311 564
311 770
313 934
313 937
314 844
315 371
316 385
316 408
316 703
317 474
317 505
317 636
317 692
318 444
318 500
319 531
319 914
320 551
321 462
321 581
321 844
321 901
322 371
322 376
322 386
322 812
323 495
323 519
323 683
323 725
324 502
324 960
326 919
327 388
327 424
327 658
328 363
328 382
328 847
329 409
330 950
331 708
331 797
332 491
332 532
332 824
333 442
333 821
333 827
334 379
335 633
335 719
336 436
337 348
338 750
338 897
339 541
339 909
340 816
340 986
341 843
343 598
343 650
344 456
344 539
344 976
345 779
345 857
345 927
346 518
346 692
346 819
346 906
347 528
347 558
349 455
349 499
350 838
350 853
350 889
351 507
351 525
352 435
352 872
352 893
353 375
354 541
354 719
354 804
355 700
355 798
356 708
356 864
356 959
356 997
357 470
357 895
358 476
358 488
358 848
360 736
360 837
360 913
361 527
361 529
361 666
361 881
361 999
362 753
363 372
363 660
364 643
364 872
364 887
365 698
365 771
366 647
367 929
368 683
368 701
368 829
369 450
370 823
370 825
371 700
372 686
372 704
372 707
372 894
373 485
373 512
373 644
374 589
374 620
374 825
374 829
374 911
375 467
375 639
375 679
375 780
376 500
376 612
376 751
377 644
378 908
379 849
379 900
380 563
380 794
381 593
381 879
381 890
381 996
382 615
382 733
382 986
383 507
383 547
383 597
383 860
383 941
384 394
384 625
385 969
386 482
386 700
386 801
387 425
388 636
389 529
389 548
389 893
389 976
390 518
390 552
390 662
390 841
390 914
391 394
391 499
391 821
392 552
392 809
392 811
392 973
392 983
393 818
394 448
394 635
395 489
395 566
395 682
395 727
395 833
396 403
396 421
396 444
396 480
396 523
396 548
396 645
396 664
396 692
396 808
397 715
397 751
397 852
398 677
399 699
399 793
399 874
399 882
400 401
400 450
401 552
401 862
401 956
402 613
402 803
402 874
402 991
404 450
404 465
404 645
405 484
405 886
406 418
406 601
406 652
406 837
406 965
407 683
408 705
408 820
408 896
409 442
409 982
410 868
412 438
414 560
414 679
414 967
415 418
415 444
415 546
415 628
416 772
416 857
416 937
420 473
420 682
420 932
421 993
422 481
422 561
422 916
424 671
424 702
424 995
425 504
425 754
426 689
427 589
427 836
428 477
428 515
428 564
428 703
428 859
429 549
429 630
429 782
429 913
430 572
430 759
431 491
431 778
431 880
432 974
433 557
434 457
434 486
434 608
434 614
435 540
435 950
436 518
437 516
437 708
438 596
438 671
438 711
438 904
439 719
439 949
439 965
440 697
440 709
440 857
441 675
441 694
441 746
442 594
442 786
442 954
443 757
443 910
444 454
444 471
444 741
445 702
445 801
446 497
446 575
447 502
447 704
448 892
450 707
450 767
451 725
451 742
452 574
452 905
452 944
453 468
453 528
453 593
453 650
453 910
454 511
454 641
455 498
455 660
455 860
456 598
457 601
457 629
457 728
458 671
458 713
459 581
459 824
461 640
461 690
461 799
462 584
463 654
464 548
464 736
464 738
464 941
465 550
465 811
466 522
466 605
466 698
466 722
469 953
470 534
470 979
471 627
472 486
472 487
472 581
472 880
473 793
474 706
474 939
475 596
475 769
475 781
475 985
476 708
477 495
477 880
478 536
478 723
478 876
479 522
480 491
480 762
480 816
481 512
481 837
482 508
483 574
485 807
486 498
486 726
486 924
488 561
488 810
488 851
488 921
490 749
491 598
491 638
491 786
492 613
493 545
493 856
494 684
494 896
494 920
495 726
495 906
496 512
496 609
496 875
497 656
497 766
497 828
497 862
498 609
499 680
499 831
500 608
500 898
501 970
502 589
503 567
503 621
503 826
503 909
505 675
507 971
508 654
508 878
509 591
510 823
510 917
510 973
511 810
512 948
513 603
513 782
513 842
513 963
514 895
515 708
515 834
515 848
515 916
515 936
515 952
516 684
516 774
516 790
516 813
517 595
517 806
517 850
518 746
518 980
519 577
519 632
520 589
520 850
520 955
521 815
521 900
524 713
524 883
525 734
526 648
526 762
528 726
530 724
530 830
530 882
531 761
533 677
533 801
536 620
536 690
536 735
537 700
537 760
537 783
538 655
539 986
539 998
540 673
540 784
541 699
541 806
541 826
542 740
542 789
543 858
543 938
544 664
544 737
544 887
545 881
546 594
546 769
547 743
548 637
549 877
550 750
551 678
551 901
551 930
552 623
552 682
553 579
554 754
555 817
555 962
558 572
558 578
558 705
560 588
560 884
560 960
561 772
561 925
561 940
561 981
562 846
562 899
562 955
563 684
564 789
566 796
568 583
568 662
569 815
570 741
570 825
570 848
572 579
572 603
572 911
573 589
573 817
574 654
574 734
574 771
575 619
575 660
575 767
575 784
576 774
576 984
578 773
580 627
580 880
580 918
581 986
582 685
583 719
583 747
583 851
584 609
584 754
584 884
584 905
585 786
586 624
586 989
587 632
587 711
587 716
589 983
590 744
590 838
591 646
591 710
593 768
593 905
595 788
595 797
596 597
596 845
596 873
597 765
598 659
599 606
601 628
601 693
601 889
602 820
603 609
604 657
605 614
605 625
605 639
605 668
605 781
606 608
607 724
607 818
607 843
608 918
609 719
610 992
611 612
612 919
612 938
613 616
613 770
613 881
614 719
615 730
615 891
616 621
617 721
617 970
618 938
619 707
620 800
620 952
621 677
621 697
621 808
622 861
622 921
622 977
623 919
625 962
628 941
628 967
629 704
629 793
629 856
631 996
632 783
632 976
633 771
634 840
637 898
638 716
638 853
640 730
641 865
642 689
644 797
646 805
647 919
648 994
649 699
649 733
649 745
650 705
650 978
651 680
652 831
652 887
653 863
654 738
654 745
654 883
655 800
655 896
656 736
656 802
657 793
657 799
657 869
658 761
658 948
661 756
661 846
661 860
661 899
661 951
662 684
662 912
662 959
663 741
663 770
663 797
663 955
665 996
666 808
666 870
666 878
666 991
667 706
667 869
668 731
669 745
669 848
669 918
670 747
671 917
671 957
674 761
675 834
675 966
678 993
679 965
680 765
680 862
681 731
681 859
682 834
684 961
685 803
685 820
685 877
687 840
688 868
688 948
688 973
690 692
690 890
690 946
693 877
694 709
694 988
695 779
696 959
698 833
698 972
700 931
701 921
702 827
703 753
703 776
703 865
704 824
705 837
705 867
706 776
706 921
707 775
707 892
708 839
712 845
713 805
713 898
715 743
716 866
716 892
716 919
716 982
718 953
719 791
719 794
719 934
720 802
721 783
721 974
722 784
723 730
723 984
725 737
725 952
727 771
727 943
727 955
728 909
729 866
732 946
733 837
735 978
737 757
737 890
737 891
738 773
738 915
740 859
740 868
743 981
744 753
744 804
745 936
747 943
747 993
748 832
748 960
749 871
749 957
749 967
752 945
753 767
753 839
753 923
754 773
755 900
759 930
762 894
763 886
763 910
765 823
766 923
767 840
767 967
768 858
768 963
772 862
773 798
774 829
776 908
777 914
778 963
779 811
779 895
780 834
780 976
781 826
786 950
787 812
787 899
789 956
791 854
792 896
792 976
793 850
793 935
794 893
794 939
799 903
800 857
801 855
802 958
803 873
803 959
804 966
806 954
807 822
809 960
811 958
811 967
811 968
812 848
813 993
815 933
816 826
816 947
816 996
817 918
818 850
818 947
819 866
820 865
822 998
823 908
823 917
823 976
825 854
825 880
825 883
826 827
827 962
828 861
828 957
831 931
832 988
834 858
837 984
843 891
844 997
845 920
849 859
849 893
850 907
852 890
855 969
857 983
859 902
859 993
865 872
865 972
867 958
872 966
873 928
875 993
876 946
879 960
882 979
886 973
888 954
897 985
897 986
898 922
900 923
903 939
903 941
905 991
913 982
915 969
916 963
918 967
920 975
928 944
931 976
932 975
934 939
936 988
938 970
943 975
950 996
973 977
0
10 999
