1000	1990	 1
0 121
0 290
0 594
1 330
1 609
1 748
2 16
2 630
2 742
2 815
2 990
3 144
3 145
3 759
3 941
4 156
4 540
4 597
5 411
5 963
6 137
6 394
6 405
6 727
6 858
6 890
7 256
7 465
7 516
7 940
8 731
9 206
9 847
9 865
10 285
10 868
11 178
11 383
11 529
11 601
11 605
11 640
11 693
11 887
11 924
11 966
12 84
12 225
12 442
12 649
12 832
12 859
13 97
13 434
13 557
13 974
14 35
14 91
14 242
14 697
14 956
15 111
15 704
15 775
15 988
16 51
16 218
16 268
16 885
17 159
17 167
17 456
17 701
18 20
18 121
18 490
18 738
19 177
19 213
19 334
19 475
20 464
21 340
21 412
21 646
21 654
22 189
22 235
22 256
22 316
22 346
22 826
22 859
23 363
23 395
23 471
23 554
23 762
23 833
23 844
23 962
24 56
24 85
24 333
24 477
24 623
25 755
25 772
26 28
26 218
26 484
26 498
26 811
27 35
27 390
27 538
27 566
28 321
28 469
29 38
29 44
29 250
29 329
29 736
29 943
30 947
31 286
31 321
31 349
31 757
32 103
32 148
33 58
33 895
34 122
34 273
34 320
34 540
34 660
34 889
35 652
35 760
35 820
36 780
37 53
37 69
37 273
37 572
37 903
38 53
38 267
39 228
39 409
39 515
39 778
40 108
40 657
40 707
41 593
41 880
41 976
41 985
42 210
42 482
42 606
42 637
42 860
42 935
42 974
43 153
43 157
43 186
44 190
44 267
44 392
44 534
45 184
45 230
45 279
45 591
46 63
46 78
46 313
46 692
46 805
46 807
46 839
47 636
47 746
48 765
48 776
49 167
49 317
49 762
49 977
50 262
50 786
50 867
50 976
51 332
52 422
52 649
52 680
53 819
53 866
54 209
54 236
54 375
55 195
55 293
55 766
56 529
56 536
56 710
56 801
56 973
57 656
57 729
58 505
59 102
59 319
59 656
59 871
60 301
60 536
61 64
61 666
62 344
62 526
62 720
62 779
62 918
63 133
64 193
64 338
65 317
65 799
65 985
65 999
66 467
66 610
66 631
66 870
66 987
67 299
67 320
67 421
67 987
68 269
68 367
68 411
69 173
69 514
69 875
69 902
70 312
70 546
70 682
70 821
70 866
71 98
71 519
71 661
72 217
72 327
72 338
72 500
72 753
72 798
73 577
74 304
74 842
74 982
75 161
75 290
75 744
75 835
76 151
76 206
76 214
76 254
76 268
76 484
77 126
77 127
77 604
77 978
78 291
78 386
78 516
78 895
79 176
79 191
79 289
79 868
80 168
80 191
80 524
80 582
80 874
80 917
81 461
82 139
82 404
82 728
82 803
83 129
83 521
83 529
83 655
83 868
84 381
85 220
85 580
86 578
86 868
87 192
87 296
87 556
87 689
87 918
88 190
88 232
88 506
88 988
89 319
89 384
89 612
89 862
90 186
90 258
90 291
90 324
90 397
90 713
91 215
91 300
91 306
91 465
91 582
91 658
91 738
91 995
92 380
92 486
92 846
92 906
92 942
93 201
94 408
94 480
94 668
95 110
95 638
95 807
96 115
96 257
96 263
96 299
97 704
97 739
98 812
98 881
99 152
99 299
99 517
99 619
100 174
100 916
101 368
101 547
101 693
101 763
102 301
102 370
102 452
102 870
102 883
102 950
103 202
103 237
103 423
104 158
104 474
105 106
105 752
105 963
105 980
106 661
107 125
107 651
107 794
107 882
108 703
108 821
108 918
109 574
109 581
109 646
109 948
110 272
110 422
110 670
110 702
110 713
110 979
111 308
112 117
112 359
112 432
112 628
112 763
112 945
113 126
113 203
113 269
113 392
114 236
114 761
114 868
115 174
115 192
115 200
115 233
116 213
116 652
116 807
117 161
117 529
117 545
118 194
118 291
118 534
118 546
118 595
118 788
118 906
119 558
119 742
120 209
120 360
120 424
120 567
120 683
120 759
121 166
121 894
122 149
122 487
122 636
122 697
122 894
122 901
122 962
123 519
124 146
124 240
124 456
124 505
124 827
125 209
125 226
125 605
125 767
126 241
126 440
126 476
126 962
127 179
127 250
127 673
127 920
128 150
128 493
128 548
128 636
128 762
128 915
128 922
129 636
130 354
131 550
131 632
131 715
132 570
132 798
132 993
133 425
133 503
133 526
134 246
134 525
134 845
135 244
135 356
135 596
135 899
136 210
136 398
136 748
136 842
137 411
137 690
138 174
138 657
138 736
139 184
139 209
139 679
139 830
140 645
140 743
140 883
141 205
141 263
141 288
141 463
141 669
142 185
142 277
142 924
143 457
143 679
143 840
143 843
144 365
145 209
145 381
145 448
145 463
145 486
146 306
146 366
146 992
147 494
147 610
147 891
148 437
148 718
148 747
148 773
148 807
149 228
149 359
149 436
149 636
149 741
149 745
149 999
150 258
150 739
151 207
151 266
151 923
152 649
152 790
153 345
153 461
154 530
154 556
154 926
155 319
155 475
155 822
156 196
156 396
156 785
157 418
157 454
157 580
157 678
157 707
157 760
158 657
158 664
158 954
158 973
159 839
160 264
160 367
160 873
161 587
161 735
161 839
162 912
163 457
163 853
164 171
164 178
164 910
165 189
165 661
165 781
165 855
166 531
166 750
166 771
166 787
166 877
166 921
166 946
167 360
167 423
167 549
167 604
168 453
168 596
168 651
168 727
169 432
169 459
169 736
169 740
169 981
170 266
170 290
170 298
170 539
170 561
170 621
170 890
170 949
170 962
171 805
171 871
171 889
172 242
172 967
173 304
173 325
173 358
174 263
174 422
174 448
174 534
174 716
175 183
175 188
175 430
175 581
175 647
175 967
175 971
176 608
176 819
176 972
177 214
177 691
177 993
178 258
178 388
178 528
178 539
178 643
178 658
178 706
178 840
178 914
179 204
179 535
179 572
180 328
180 439
180 953
181 624
181 770
181 833
181 975
182 462
182 684
183 437
185 264
185 478
185 513
185 563
185 783
186 452
186 665
186 708
186 942
186 996
187 264
187 502
187 540
187 680
187 822
187 880
188 392
188 416
188 997
189 233
190 607
190 773
190 796
191 907
192 837
192 877
192 897
192 990
193 460
193 568
193 938
195 835
195 970
196 464
196 629
197 245
197 461
197 513
197 666
197 710
198 615
198 717
198 952
199 214
199 217
199 438
199 681
201 357
201 359
201 644
201 883
202 347
202 361
202 694
202 895
202 975
203 238
203 561
203 608
203 665
204 358
204 797
204 989
205 318
205 668
205 723
206 705
207 240
207 821
208 966
209 242
209 275
209 400
209 411
209 482
209 856
210 310
210 876
211 579
211 786
212 597
212 772
213 505
214 262
214 492
214 888
214 903
215 414
215 588
215 849
216 334
216 643
216 808
217 566
218 839
218 903
218 909
219 495
220 419
220 425
220 881
221 242
221 304
221 477
221 945
221 988
222 226
222 307
222 323
222 754
222 809
222 841
223 443
224 266
224 343
224 604
224 611
225 336
225 730
227 452
227 742
227 919
227 930
229 261
229 333
229 361
229 428
229 617
229 933
230 957
231 375
231 850
232 282
232 301
232 916
232 928
233 376
233 966
234 322
234 760
235 474
235 665
236 733
236 843
236 931
237 587
237 910
238 759
238 954
239 315
239 596
239 710
239 758
239 810
240 528
241 339
241 806
242 271
242 619
243 587
243 663
243 889
243 895
244 792
244 910
244 930
245 335
245 353
245 433
245 591
246 328
246 485
246 919
247 654
247 712
248 442
248 454
248 636
249 645
249 876
250 497
250 902
250 924
251 443
251 555
252 690
253 556
253 602
253 698
253 702
254 429
254 628
254 858
255 562
255 714
255 781
256 346
256 577
256 659
256 752
257 377
257 570
257 609
257 633
257 712
257 981
259 465
259 738
259 783
259 815
260 726
260 982
261 419
261 489
261 492
261 504
262 439
262 462
262 974
263 567
263 948
264 331
264 521
264 553
264 847
264 868
264 972
265 541
265 654
265 710
266 349
266 475
266 869
267 578
267 607
267 825
267 896
268 556
268 786
268 866
268 984
269 566
269 570
269 885
270 971
271 721
271 808
272 280
272 507
272 913
273 311
273 516
273 561
273 708
274 297
274 621
274 730
275 770
275 801
275 878
276 586
276 614
277 321
277 327
277 487
277 764
278 414
278 789
278 901
279 398
279 476
279 523
279 973
280 339
280 866
281 473
281 572
281 720
282 444
282 533
283 404
283 844
283 909
283 930
284 831
285 434
285 451
285 614
285 712
285 968
286 374
286 389
286 875
287 368
287 458
287 576
287 817
288 393
288 472
288 667
288 700
289 363
289 598
289 753
290 472
290 586
290 908
291 634
291 698
291 999
292 441
292 465
292 821
293 390
293 661
293 859
294 447
295 509
295 611
296 733
296 763
297 870
298 323
298 711
298 923
299 563
300 442
300 984
302 429
302 667
302 911
303 361
303 466
303 641
303 780
303 936
305 384
305 453
306 323
306 777
306 989
307 333
307 475
307 553
307 902
308 372
308 639
308 806
309 440
309 635
309 638
309 926
310 314
310 565
311 508
311 570
311 662
311 749
312 690
312 824
312 838
313 330
313 577
314 407
314 957
315 397
315 399
315 731
315 774
316 330
316 851
316 864
316 920
316 937
317 464
317 686
317 806
318 598
318 892
318 982
319 622
319 851
320 416
320 461
320 487
320 582
320 825
321 352
321 664
321 840
321 886
321 895
322 600
322 610
322 757
322 822
322 847
323 697
323 916
323 941
324 438
324 953
324 974
325 574
325 740
325 943
326 479
326 576
327 796
328 439
328 603
328 700
328 787
328 912
329 355
329 460
329 922
329 958
330 412
330 946
331 519
332 787
333 730
333 820
334 580
334 820
334 871
334 881
335 644
336 537
336 997
337 380
338 762
338 893
339 445
339 677
339 998
340 376
340 565
340 672
341 390
341 585
341 678
341 830
342 594
342 780
343 506
343 953
343 991
344 424
344 775
345 655
348 694
348 898
349 490
350 574
350 590
350 802
350 864
351 639
351 732
351 959
351 977
352 520
353 379
353 404
353 509
353 710
354 381
354 536
355 516
356 478
357 945
358 421
358 445
358 509
358 670
358 804
358 884
358 920
359 369
359 710
359 973
360 537
360 832
360 998
361 535
361 620
361 789
362 419
362 808
363 531
363 671
363 701
363 712
363 934
363 942
364 836
364 902
365 937
365 987
366 489
366 597
366 636
366 862
367 528
367 601
367 767
367 828
368 716
368 734
369 375
369 383
369 479
369 550
369 647
369 801
370 768
370 805
371 514
371 536
371 717
372 823
372 884
373 517
373 617
373 623
373 638
373 864
374 420
374 580
375 723
376 460
376 494
377 584
378 541
378 617
379 796
379 818
380 537
381 659
381 711
381 878
382 560
383 632
383 717
383 910
383 936
384 559
384 616
384 733
385 482
385 576
385 782
385 802
385 920
386 431
386 512
386 920
386 935
387 423
387 592
389 596
389 805
389 896
390 458
391 766
392 776
392 900
392 923
393 487
393 875
394 958
395 512
395 704
396 818
396 882
396 922
397 491
397 513
397 840
397 898
398 543
398 812
399 665
399 770
400 606
400 639
400 682
400 837
400 870
401 502
401 615
402 468
402 557
403 465
403 528
403 604
403 796
404 586
404 794
404 875
405 719
405 891
406 766
407 969
408 496
408 636
408 746
408 831
409 784
409 951
409 995
410 774
411 951
412 712
412 793
413 463
413 731
413 765
413 894
414 860
414 982
415 808
415 813
416 568
416 981
417 926
417 962
418 530
418 675
418 967
418 981
419 480
419 502
421 560
421 965
422 522
422 573
422 688
422 762
423 480
423 702
423 831
423 863
424 660
425 572
425 951
426 549
426 608
426 711
426 934
427 530
427 802
427 804
428 980
429 740
429 987
430 601
431 475
432 446
432 677
432 778
432 974
433 964
434 905
435 873
436 493
437 769
438 520
438 604
438 747
438 975
440 544
440 920
441 609
441 841
441 897
441 956
442 451
442 931
443 654
443 863
445 626
445 756
445 929
446 882
446 897
447 623
447 717
447 719
447 942
448 654
448 698
448 703
448 751
449 458
449 725
450 453
450 579
450 592
450 837
450 842
451 791
452 500
452 576
452 798
452 855
453 745
454 588
454 788
455 779
455 899
455 972
456 504
457 521
458 812
459 470
459 529
459 617
460 498
460 554
460 598
460 876
461 759
461 871
462 963
463 619
463 737
463 823
463 979
464 622
464 736
464 920
465 567
465 809
466 480
467 823
467 911
468 825
468 940
468 977
469 643
469 685
469 742
469 770
469 980
470 506
471 570
471 571
471 934
471 980
472 757
472 759
473 604
473 785
474 646
475 597
475 866
476 480
476 599
477 935
478 564
478 643
478 919
479 633
479 741
480 527
480 786
481 839
482 863
483 914
484 703
484 822
484 984
484 986
485 816
485 954
487 514
487 705
487 758
487 983
488 627
488 848
488 877
488 944
489 607
489 683
489 783
489 981
490 775
490 866
492 782
492 876
492 987
493 538
494 579
494 725
495 507
495 662
496 594
498 503
498 766
498 866
498 928
499 526
499 880
499 979
500 977
501 786
501 798
502 756
502 767
502 851
502 937
503 966
504 647
504 860
507 712
508 510
509 600
509 717
510 533
510 832
511 572
511 869
513 753
515 625
515 723
516 841
516 872
517 658
517 935
518 679
518 971
519 545
519 887
520 883
521 551
521 842
522 621
522 630
523 588
523 720
523 739
524 870
524 873
525 701
526 545
526 750
527 755
527 785
528 712
528 724
528 944
529 610
529 721
530 701
531 609
531 692
531 705
531 829
531 848
532 614
532 740
532 867
532 996
533 648
533 992
534 637
534 653
534 960
535 776
535 790
535 836
535 871
536 726
537 778
537 970
538 595
538 998
539 752
539 824
539 828
539 830
541 895
542 627
542 762
542 951
543 557
543 679
543 974
544 679
544 861
544 880
545 699
548 695
548 871
549 863
551 732
551 981
552 603
552 756
553 642
553 793
553 903
553 949
554 653
554 748
554 971
555 587
555 689
555 892
558 983
560 643
560 665
560 779
560 849
561 814
562 594
563 920
563 943
564 697
564 920
565 917
565 975
565 978
566 871
567 603
568 784
569 605
569 800
569 870
569 987
570 724
570 847
571 856
571 957
572 706
572 844
572 933
573 824
573 905
573 935
573 989
574 784
575 653
575 971
576 739
578 628
579 937
580 784
581 616
581 951
582 713
583 889
583 963
584 633
584 738
584 784
584 840
585 755
585 970
586 768
586 795
586 832
586 878
588 697
589 859
590 687
590 975
591 928
592 716
593 784
594 640
594 961
595 927
597 687
599 611
599 849
602 706
605 731
605 758
605 956
606 655
607 766
607 806
607 928
608 609
608 971
609 680
609 734
609 879
610 649
610 729
610 994
611 647
611 744
612 636
612 848
612 887
613 841
615 640
615 902
616 618
617 776
618 854
619 645
621 690
621 835
621 932
622 956
624 921
625 701
626 798
626 834
626 933
627 666
627 907
628 670
628 713
628 897
629 908
630 806
630 974
631 920
634 705
635 784
637 758
637 868
637 904
638 782
639 891
640 851
641 991
642 837
644 874
645 923
647 746
648 671
648 684
648 755
650 698
650 760
650 788
650 998
651 722
651 946
651 985
652 713
653 996
654 695
654 910
655 718
655 833
657 669
657 957
658 726
659 750
660 935
661 824
661 861
662 705
663 938
667 672
667 731
667 753
669 813
669 834
670 724
670 823
671 870
671 876
671 998
672 710
672 936
673 725
673 824
674 800
674 856
675 780
675 938
676 851
676 966
677 704
678 830
679 728
679 855
679 923
683 900
683 959
685 732
685 937
686 745
686 812
687 690
688 826
689 769
690 895
690 988
691 709
691 809
691 843
691 900
691 946
692 867
693 697
693 732
693 834
693 863
694 805
695 864
696 760
696 903
702 814
705 770
705 890
707 906
708 877
708 883
708 888
709 742
711 714
712 816
712 902
715 733
715 889
715 954
716 830
716 886
716 887
717 760
718 768
718 871
718 934
720 776
720 886
720 912
720 954
721 774
721 779
721 872
722 921
722 979
724 834
724 918
725 978
727 794
727 824
730 753
730 763
730 801
730 858
731 901
731 947
733 860
734 970
735 753
735 976
736 740
736 878
736 947
737 880
737 884
737 905
737 934
740 778
741 752
741 762
742 781
743 751
743 843
744 749
744 864
745 756
745 790
747 773
747 818
747 976
748 997
749 870
749 968
750 852
750 907
750 993
751 803
752 770
752 913
753 767
754 940
755 907
755 997
756 934
758 811
766 810
766 968
767 863
772 811
774 907
775 776
775 827
777 850
778 994
779 811
779 814
779 914
779 999
784 855
787 788
787 958
787 963
789 820
789 895
794 808
794 840
794 894
795 860
797 935
799 843
802 858
803 845
803 901
806 951
807 887
808 844
808 932
808 937
809 877
809 962
810 836
810 838
810 965
817 994
818 847
818 982
819 850
820 833
820 923
820 984
821 984
822 829
822 992
823 848
823 872
825 866
825 882
827 839
828 845
828 959
829 831
829 853
829 976
830 894
831 955
832 834
833 997
835 857
835 873
836 890
836 946
837 973
838 974
838 990
841 867
841 931
841 941
843 955
844 913
844 982
844 983
850 932
850 951
854 885
854 938
855 900
859 907
859 997
861 867
861 886
864 933
865 950
867 896
867 985
868 986
871 972
873 922
874 978
878 885
879 916
881 897
886 935
887 929
888 971
892 920
893 905
893 991
894 909
900 928
901 926
905 990
906 946
913 926
916 921
919 969
919 997
920 987
922 951
924 974
925 984
928 955
929 949
938 963
939 956
944 963
964 999
969 972
972 995
972 998
973 991
0
10 999
