1000	1989	 1
0 268
0 553
0 934
0 994
1 95
1 516
1 776
1 888
2 173
2 367
2 416
2 897
3 436
3 689
3 702
3 844
4 25
4 199
4 487
4 491
4 868
5 151
5 193
5 463
5 893
6 574
6 584
6 603
6 760
6 830
7 108
7 151
7 549
7 723
8 117
8 245
8 308
8 425
8 554
8 641
8 648
8 843
8 896
8 969
9 16
9 627
9 864
10 189
10 387
10 565
10 566
10 967
11 164
11 347
11 694
11 840
11 864
11 869
12 214
12 344
12 478
12 733
12 902
13 71
13 204
13 231
13 375
13 583
13 740
14 308
14 481
14 491
14 592
14 665
14 994
15 138
15 215
15 478
15 544
15 706
15 967
16 225
16 371
17 129
17 455
17 924
17 928
17 958
17 978
18 241
18 358
18 363
18 455
18 538
18 589
18 880
19 112
19 222
19 554
19 564
19 705
19 859
20 44
20 243
21 545
21 634
21 656
22 70
22 300
22 399
22 711
22 730
22 738
22 788
22 979
23 359
23 820
23 866
24 26
24 423
24 515
24 818
24 872
24 935
25 215
25 442
25 721
25 772
26 36
26 130
26 645
26 844
26 891
27 727
27 812
27 950
28 167
28 343
28 787
28 865
28 870
29 202
29 511
30 71
31 451
31 588
31 631
31 876
32 729
32 791
32 794
32 874
33 403
33 575
34 62
34 156
34 263
34 412
34 746
35 36
35 428
35 824
35 838
36 628
37 246
37 562
37 672
37 790
38 97
38 247
38 751
38 839
39 224
39 573
39 593
39 677
40 184
40 472
40 742
41 135
41 257
41 386
42 565
42 770
43 86
43 202
44 357
45 190
45 436
45 599
45 926
46 180
46 258
46 578
47 527
47 623
47 872
48 268
48 340
48 350
49 160
49 568
49 630
49 967
50 65
50 99
50 279
50 642
50 643
50 683
50 741
51 337
51 555
52 73
52 755
53 346
53 701
53 808
53 892
54 376
54 575
55 96
55 462
55 679
55 685
56 169
56 744
57 702
57 962
58 70
58 123
58 970
59 412
59 723
59 761
59 770
59 968
59 988
60 231
60 468
61 563
61 895
62 215
63 96
63 493
64 85
64 329
64 404
64 435
64 883
64 936
65 142
65 171
65 705
66 575
66 669
66 839
66 843
66 884
66 984
67 206
67 450
67 695
67 977
68 90
68 127
68 128
68 770
68 910
69 270
69 373
69 386
69 478
69 490
69 658
69 907
70 151
70 212
70 421
70 590
70 606
70 655
70 891
71 907
72 342
72 593
73 193
73 589
73 897
74 186
74 359
74 561
74 828
75 335
75 633
75 720
75 754
76 755
76 974
77 228
77 314
77 631
77 903
78 85
78 156
78 828
79 263
79 472
79 517
79 577
79 761
80 85
80 338
80 457
80 549
80 568
81 335
81 898
82 193
82 576
82 753
82 901
82 913
83 155
83 982
84 137
84 185
84 287
84 399
84 429
84 568
84 773
84 778
84 810
84 828
85 551
85 593
85 788
85 894
86 292
86 356
86 457
86 605
86 991
87 217
87 227
87 812
88 116
88 229
88 424
88 590
88 764
89 657
89 875
89 906
90 153
90 235
90 295
90 379
90 428
90 639
91 272
91 290
91 633
91 646
91 674
92 598
92 637
92 730
92 813
92 891
93 190
93 358
93 394
93 583
94 736
94 841
95 106
95 594
95 840
96 117
96 512
96 547
96 636
96 648
96 760
96 839
97 375
97 452
97 461
97 809
98 159
98 182
98 536
98 622
98 772
98 945
99 397
99 443
100 286
100 840
101 242
101 313
101 345
101 573
101 651
101 840
102 119
102 283
102 562
103 564
103 881
104 221
104 224
104 521
105 423
105 631
105 857
106 377
106 417
106 686
107 177
107 207
107 221
107 502
107 629
107 701
108 378
108 479
108 608
109 285
109 455
109 485
109 687
109 707
110 386
110 851
110 949
111 278
111 586
112 547
112 829
112 841
113 321
113 989
114 277
114 560
114 775
114 916
115 458
115 604
115 614
115 693
116 509
116 609
117 200
117 428
117 606
117 621
117 629
117 715
118 455
118 639
118 726
119 145
119 196
119 692
119 909
120 485
120 525
120 974
120 985
121 258
122 202
122 213
122 280
122 443
122 452
124 164
124 459
124 550
124 828
124 924
125 366
125 511
125 652
126 675
126 747
127 425
127 531
127 919
128 481
129 286
129 405
129 557
129 945
129 958
130 525
130 628
130 631
131 687
131 735
131 933
131 938
132 602
132 614
132 833
132 885
133 339
133 831
133 992
134 284
134 999
135 502
135 513
135 521
135 794
136 826
136 970
137 335
137 966
138 496
138 602
138 956
139 337
139 488
140 665
141 174
141 208
141 378
141 410
141 604
141 611
141 856
142 473
142 559
142 930
143 148
143 667
144 605
145 149
145 932
146 149
146 926
147 921
148 489
148 749
148 865
148 870
148 930
149 205
150 154
150 168
150 257
150 559
150 590
150 655
150 822
150 963
151 504
151 764
152 424
152 641
152 687
153 648
153 796
153 896
154 326
154 502
154 756
155 228
155 238
155 281
155 333
155 433
155 499
155 538
155 555
155 567
155 661
156 287
156 420
156 440
156 847
157 221
157 409
157 497
158 326
158 576
158 596
158 609
159 187
159 252
159 441
160 428
160 673
160 686
160 715
160 731
160 976
161 197
161 297
161 422
161 659
161 883
162 260
162 285
162 423
162 739
162 830
163 355
163 725
164 226
164 405
164 416
164 547
164 853
164 987
165 333
165 640
165 991
166 200
166 241
167 261
167 441
167 497
167 577
167 742
167 896
167 947
168 304
168 830
169 865
170 425
170 550
170 736
170 899
171 412
171 896
171 973
172 191
172 518
172 768
172 809
173 260
173 445
173 450
173 615
174 754
174 963
175 379
175 757
175 758
175 803
175 852
175 988
176 241
176 378
176 424
176 439
176 508
176 542
176 589
176 951
177 887
177 950
178 283
178 388
178 703
178 901
178 902
179 750
179 994
180 413
180 523
180 919
180 983
181 395
181 715
181 716
182 351
182 404
182 489
182 625
183 543
183 943
184 332
184 571
185 194
185 204
185 403
185 465
185 656
185 737
185 829
186 190
186 833
187 339
187 787
188 267
188 355
188 439
189 488
190 241
190 296
190 459
190 637
191 388
191 478
191 485
191 700
191 902
192 355
192 397
192 515
192 535
192 770
192 919
193 548
193 557
194 232
194 320
194 325
194 361
194 460
194 791
194 819
195 309
195 344
195 396
195 642
195 674
195 824
195 912
195 990
196 250
196 798
198 298
198 470
198 642
198 984
199 592
199 688
200 349
200 416
200 436
200 548
201 466
201 763
201 872
201 879
202 212
202 806
202 941
202 991
203 229
203 239
203 656
203 699
203 835
203 939
204 345
204 577
204 984
205 356
205 565
206 400
206 491
206 506
206 667
206 817
206 821
207 709
208 291
208 319
208 362
208 522
208 832
209 259
209 308
209 478
209 530
209 909
210 345
210 435
210 866
211 302
211 306
211 492
211 541
211 576
212 406
212 656
213 531
213 723
213 726
214 784
214 873
214 904
215 489
215 670
215 698
215 912
216 274
216 475
216 533
216 609
216 707
216 921
217 865
217 880
218 371
218 666
218 793
219 399
219 724
219 739
220 617
220 748
221 488
221 534
221 594
222 733
222 912
223 371
223 717
224 379
225 473
225 574
225 747
226 425
226 719
227 300
227 666
227 732
228 474
229 729
229 765
230 448
231 452
231 683
232 455
232 849
233 334
233 463
233 837
233 850
234 315
234 480
234 693
234 744
234 820
234 922
235 244
235 370
235 566
236 466
236 549
236 725
236 890
237 539
237 806
238 575
238 766
239 381
239 773
240 403
240 908
241 401
241 747
242 411
242 775
242 803
242 854
243 516
244 471
244 603
244 634
244 692
245 297
245 738
245 773
245 812
245 886
246 438
247 628
247 641
247 914
248 961
249 700
249 851
249 900
250 454
250 614
250 695
251 391
251 598
252 855
252 942
253 411
253 466
253 545
254 549
254 862
254 879
255 282
255 369
255 496
255 790
255 944
255 978
256 323
256 373
256 957
256 968
257 292
257 397
257 449
257 778
257 881
258 755
259 421
259 793
259 863
260 515
260 538
261 615
262 722
262 809
263 491
263 534
264 437
264 507
264 868
264 966
265 634
265 753
265 955
266 507
266 587
267 565
267 827
267 990
268 407
268 463
268 479
268 851
268 997
269 427
269 526
269 574
269 583
269 658
270 309
270 565
270 920
271 344
271 540
271 668
271 746
272 317
272 475
272 834
273 277
273 871
274 744
274 962
275 409
275 737
275 842
275 974
276 808
276 926
277 776
277 830
277 977
278 565
278 577
279 514
279 648
280 617
281 363
282 340
282 519
283 492
283 541
283 573
283 598
283 635
283 669
283 700
283 898
284 535
284 540
284 942
285 296
285 338
285 566
285 575
286 471
286 864
287 663
287 986
288 419
288 457
289 321
289 777
289 792
289 937
290 321
290 697
291 398
291 745
291 973
292 863
293 567
293 587
294 443
294 445
294 459
295 422
295 746
296 334
296 917
297 661
297 980
298 425
299 696
299 767
299 874
299 967
300 502
300 697
300 913
301 599
301 700
302 564
302 648
302 987
303 504
303 673
303 751
303 817
303 992
304 611
305 397
305 819
306 509
306 522
306 562
306 730
307 569
307 650
307 728
307 931
307 947
308 324
308 495
308 655
308 925
309 556
309 782
309 920
309 961
310 330
310 363
310 426
310 789
310 795
310 848
311 328
311 445
311 567
311 782
311 845
312 649
312 774
312 959
313 529
313 848
313 886
313 927
314 442
314 538
314 933
315 602
315 933
316 637
316 794
316 856
317 444
318 378
318 434
318 645
318 760
318 940
319 373
319 528
319 669
319 934
320 388
320 605
321 454
321 980
322 405
322 520
322 806
323 732
323 877
324 775
325 696
325 783
326 700
326 828
327 786
328 486
328 507
328 596
328 834
329 455
329 520
329 754
330 351
330 702
330 831
331 341
331 404
332 463
333 408
333 677
333 802
335 574
335 937
336 366
336 502
336 797
337 762
337 852
337 928
337 947
338 456
338 528
339 430
339 607
339 616
340 495
340 829
341 516
341 821
341 860
342 348
342 371
342 453
342 465
342 968
343 467
343 558
343 637
343 735
344 594
344 625
345 707
346 619
347 485
347 661
348 486
348 558
348 584
348 858
349 574
349 726
349 739
350 449
350 468
350 607
350 771
351 659
351 858
352 556
353 545
353 675
353 771
353 880
354 663
355 423
355 671
355 735
356 693
356 874
356 904
356 943
357 469
357 554
357 583
357 759
357 835
358 447
358 657
358 950
359 901
359 971
360 727
360 893
360 979
361 537
361 589
361 814
361 969
362 506
362 910
363 420
363 461
363 884
364 435
364 924
365 455
366 531
366 620
366 821
366 890
366 966
367 376
367 853
368 390
368 843
369 626
369 719
369 897
371 757
371 817
372 650
372 733
373 805
373 922
374 580
374 912
376 452
376 539
376 633
377 994
378 394
378 894
379 388
379 456
379 509
379 571
379 608
379 795
379 822
380 771
380 996
381 667
381 754
381 790
381 817
382 718
382 927
382 985
383 716
383 727
383 769
383 965
384 445
384 679
384 864
384 983
385 492
385 763
385 929
386 776
387 436
387 685
387 828
387 962
388 450
388 615
388 741
388 885
389 415
389 501
389 798
389 814
389 876
389 883
390 732
390 899
390 968
391 524
391 782
391 954
392 528
392 534
393 434
393 791
395 562
395 664
395 691
395 804
396 535
396 844
396 921
397 483
397 499
397 515
398 427
398 761
399 529
400 768
401 427
401 664
401 903
402 496
402 611
402 706
402 717
402 961
403 431
403 689
403 882
404 661
405 521
406 484
406 738
407 558
407 659
407 818
407 982
408 736
408 783
409 510
410 414
410 447
410 564
410 618
411 445
411 587
411 817
411 835
411 850
411 952
411 985
412 710
412 735
412 858
413 690
413 785
414 436
415 489
415 972
416 754
416 880
416 912
417 432
417 600
417 819
418 474
418 643
418 882
418 918
419 595
419 631
419 780
419 791
420 429
420 914
421 440
421 713
421 805
421 906
422 459
422 522
422 542
423 514
423 709
423 789
424 584
424 958
425 458
427 526
427 535
427 624
427 745
428 968
430 701
430 739
431 501
431 573
431 679
431 970
432 896
432 905
433 719
434 531
434 675
434 717
435 687
437 619
437 695
437 896
437 996
438 571
438 917
438 948
438 956
439 493
439 510
441 524
441 639
441 858
442 454
442 499
442 680
442 907
443 676
444 656
444 701
444 794
444 876
444 991
445 478
446 519
446 612
446 775
446 943
447 657
448 457
448 634
448 792
450 530
450 728
450 751
450 840
451 836
451 887
451 959
452 453
452 909
453 585
453 621
453 671
454 530
454 929
455 532
455 654
455 842
456 472
456 829
457 547
457 997
458 493
458 642
459 884
460 522
460 590
460 783
461 525
461 601
461 852
462 659
462 716
462 742
462 955
462 972
463 657
464 510
464 598
464 931
465 772
465 861
465 892
466 498
466 611
466 625
466 774
466 795
467 742
467 776
467 887
467 941
469 506
469 530
469 865
470 837
471 475
471 518
471 609
471 672
471 729
471 781
471 873
472 730
472 957
473 670
473 858
474 851
475 680
476 911
477 599
477 628
477 638
477 750
477 876
478 526
478 782
480 952
481 582
482 551
482 801
484 760
484 860
484 989
485 638
486 708
486 777
488 687
488 699
488 890
489 592
489 669
489 957
490 727
490 733
490 934
491 705
491 785
491 907
492 520
492 613
492 916
493 954
494 613
494 860
494 994
496 528
496 827
497 900
498 839
498 958
499 541
499 556
499 605
499 982
500 930
501 647
501 859
501 860
501 963
502 622
502 656
503 533
503 852
504 687
504 721
505 645
505 735
505 861
506 887
507 983
508 911
509 902
510 512
510 865
511 529
511 599
511 638
513 829
515 552
516 628
516 954
517 563
517 729
519 551
519 805
521 580
523 548
523 987
524 713
526 736
527 594
527 860
528 616
528 654
528 803
528 807
529 984
530 665
530 975
531 864
532 824
533 963
533 988
533 998
534 579
534 653
534 708
534 723
534 853
534 999
535 625
535 767
535 858
535 884
535 913
536 708
536 893
537 608
537 688
537 809
538 558
538 593
539 542
539 747
539 846
539 895
541 732
541 925
541 962
543 606
544 620
544 816
546 632
546 638
547 769
548 788
548 867
548 938
549 736
550 937
552 665
553 811
553 918
555 771
555 891
556 664
557 591
557 605
560 785
561 837
562 849
563 912
564 652
564 749
564 752
565 623
566 702
566 709
568 644
568 689
570 879
570 900
571 723
572 651
573 651
573 788
573 865
574 589
575 983
576 815
576 970
578 664
578 946
581 639
581 967
582 621
583 596
585 616
585 831
585 856
585 907
587 890
588 730
589 608
589 862
589 966
590 725
590 849
590 952
591 789
591 847
592 697
592 890
593 706
594 866
594 987
596 679
596 690
596 857
596 965
597 774
597 779
597 822
598 886
599 686
599 735
600 602
601 910
602 628
603 656
607 986
609 972
610 957
611 800
611 813
612 648
612 738
612 767
612 810
613 846
615 855
615 922
616 739
616 860
616 971
617 763
617 821
618 772
618 822
618 919
619 780
619 902
620 632
620 779
620 950
623 690
623 824
625 784
626 901
627 837
628 636
629 794
629 795
629 970
630 705
630 775
630 827
631 664
631 984
632 681
632 701
632 838
633 662
633 884
633 923
633 999
634 934
635 667
640 870
640 879
641 829
641 992
643 674
643 781
645 701
646 672
646 681
646 840
647 802
648 745
648 971
651 683
651 799
651 820
651 877
652 698
652 728
653 924
654 928
655 671
655 866
656 682
656 830
656 896
656 912
656 940
657 911
657 986
659 989
660 932
661 845
661 873
662 917
662 995
663 757
663 842
663 919
664 674
664 830
665 689
665 960
665 963
665 990
667 831
667 999
668 964
670 695
671 782
672 737
674 712
676 721
676 805
676 962
677 974
678 706
678 710
679 941
682 926
683 792
684 834
685 960
686 877
686 979
687 713
689 752
691 976
693 704
693 709
693 728
694 772
694 866
694 935
696 867
697 832
697 955
698 815
700 819
700 873
700 988
701 774
703 905
704 977
707 795
707 834
708 873
708 903
708 909
708 931
710 875
713 933
714 942
714 961
717 738
717 976
718 734
718 854
721 796
721 954
722 988
723 727
727 870
728 762
728 898
729 887
730 748
731 735
731 923
733 836
733 871
733 995
734 751
734 838
734 852
734 970
735 762
736 864
739 926
740 924
743 878
743 968
744 763
744 922
746 985
749 861
749 965
750 848
750 955
751 850
752 762
752 994
753 863
753 932
753 993
754 777
756 960
757 863
758 840
758 980
759 921
764 979
766 977
767 804
770 997
772 789
772 922
774 823
777 885
777 931
778 880
778 997
780 803
784 893
785 856
785 953
786 844
789 889
790 825
790 952
790 954
792 923
792 950
797 905
799 923
800 852
802 808
802 832
803 987
804 961
807 857
813 818
813 916
814 876
815 997
817 828
817 935
820 879
823 991
824 870
824 996
825 910
825 942
826 941
833 837
834 926
834 943
834 962
835 842
835 923
836 906
837 870
838 925
839 873
845 871
845 909
845 915
847 980
848 947
853 949
854 874
855 885
855 928
858 914
864 936
864 942
866 946
866 997
868 897
872 992
875 960
877 924
878 898
879 918
882 885
882 934
888 954
889 915
891 982
893 915
900 935
900 981
907 979
911 997
915 976
918 942
918 956
920 999
921 999
922 970
925 971
926 989
928 962
930 937
932 937
933 953
934 950
938 973
940 964
940 973
946 965
976 994
987 997
0
10 999
