800	1871	1
0	386
0	201
0	613
0	355
1	271
1	755
1	422
2	341
3	714
3	498
3	491
3	375
3	241
3	159
4	729
5	714
5	698
5	643
5	498
5	491
5	375
5	345
5	241
5	720
5	527
5	178
6	545
6	391
6	758
6	488
7	759
7	662
7	610
7	235
7	82
8	348
8	147
9	98
9	571
9	179
9	176
10	35
10	465
10	378
11	741
11	234
11	469
11	347
11	343
11	138
11	93
12	768
12	517
12	439
12	29
12	416
12	40
13	734
13	709
13	489
13	245
13	26
14	630
14	297
14	86
14	68
14	43
14	398
14	361
15	666
15	620
15	561
15	505
15	499
15	481
15	161
16	705
16	215
16	726
16	363
16	132
17	612
17	603
17	400
17	392
17	284
18	677
19	305
19	600
19	338
19	281
19	205
19	21
20	786
20	419
20	319
20	301
20	32
20	37
21	305
21	600
21	443
21	338
21	299
21	281
21	237
21	205
22	750
22	691
22	584
22	247
22	129
22	69
22	556
23	598
23	456
23	432
23	690
23	657
23	599
23	425
23	343
23	93
23	538
24	633
24	282
24	145
24	89
24	607
25	523
25	385
25	151
26	709
26	585
26	529
26	478
27	356
27	628
27	290
27	115
28	674
28	521
29	763
29	532
29	762
29	401
30	305
30	600
30	447
31	492
31	65
31	64
31	78
32	415
32	786
32	319
32	301
32	37
33	105
33	236
34	257
34	252
35	378
35	535
35	267
36	209
36	639
36	594
36	525
36	83
37	786
37	301
37	462
38	773
38	672
38	580
38	426
38	264
38	668
39	611
39	103
39	485
39	388
39	133
40	768
40	644
40	484
40	416
40	331
40	101
40	54
40	239
41	665
41	512
41	61
42	701
43	771
43	630
43	297
43	86
43	68
44	258
44	531
44	60
45	683
45	548
45	114
46	212
46	419
46	47
47	212
47	117
48	471
48	332
48	102
48	722
48	322
49	393
49	635
49	510
49	359
49	136
50	787
50	465
51	177
51	484
51	101
52	715
52	489
52	219
52	124
52	230
52	106
53	534
53	260
53	139
54	768
54	644
54	484
54	416
54	331
54	101
54	239
55	661
55	727
55	756
55	434
56	703
56	63
56	501
56	500
57	395
57	360
57	671
57	544
57	386
57	201
57	196
58	582
58	700
58	611
58	103
58	133
59	177
59	255
59	198
59	191
60	258
61	394
62	616
62	475
62	761
62	543
62	541
62	382
62	287
62	579
63	437
64	492
64	65
64	78
64	502
64	444
64	339
65	628
65	492
65	290
65	78
66	586
66	559
66	289
66	254
67	613
67	355
67	424
67	262
68	630
68	297
68	86
68	398
68	361
69	750
69	691
69	584
69	578
69	247
69	129
70	254
70	785
70	658
70	323
70	266
71	795
71	572
72	789
72	513
72	707
72	352
73	600
73	299
73	283
73	237
73	205
74	229
74	696
74	574
74	404
74	190
75	621
75	302
75	292
76	589
77	493
77	454
77	127
78	492
79	760
79	148
79	669
79	566
79	506
79	476
79	273
79	104
80	575
80	642
81	199
81	573
81	452
81	218
81	116
81	664
82	759
82	662
82	610
82	550
82	503
82	450
82	406
82	235
83	327
83	229
83	574
84	745
84	263
84	246
84	318
84	195
84	706
84	399
84	367
84	146
85	575
86	676
86	630
86	297
86	448
86	732
87	637
87	699
87	244
88	736
88	646
89	723
89	282
89	711
89	562
89	607
90	725
90	473
90	317
90	743
90	371
90	217
91	492
91	677
91	380
92	359
92	117
92	676
93	741
93	598
93	577
93	456
93	432
93	347
93	343
93	138
94	604
95	348
95	652
95	304
95	293
96	418
96	446
96	396
96	157
96	154
97	302
99	417
99	409
99	366
99	351
99	746
100	121
101	659
101	484
101	416
101	331
102	332
102	722
102	322
103	748
103	611
103	412
103	485
104	760
104	148
104	790
104	506
104	476
104	273
104	221
105	461
105	369
105	713
105	670
105	739
106	715
106	219
106	124
106	326
106	230
107	626
107	232
107	335
107	144
108	479
108	270
108	633
108	145
109	570
109	479
109	632
109	270
110	467
110	686
111	477
111	357
112	593
112	721
112	719
113	590
113	278
114	548
114	764
115	356
115	793
115	403
115	290
116	752
116	199
116	573
116	560
116	452
116	207
117	359
118	720
118	516
118	183
119	694
119	654
119	766
119	727
120	748
120	495
121	660
121	496
121	667
122	782
122	388
122	795
123	602
123	501
123	413
123	170
123	549
123	200
123	194
124	715
124	219
124	230
125	661
125	673
125	756
125	453
125	434
126	752
126	199
126	560
126	472
127	493
127	454
127	240
128	663
128	629
128	390
129	750
129	691
129	584
129	578
129	340
129	247
130	537
130	332
130	776
130	617
130	397
130	593
131	651
131	507
131	350
131	710
131	736
131	646
132	363
132	473
133	582
133	700
133	611
133	485
134	459
134	261
134	260
134	770
134	604
135	269
135	436
135	307
135	286
136	393
136	274
136	635
136	510
136	285
137	494
137	352
138	741
138	615
138	234
138	469
138	347
138	343
139	452
139	207
140	777
140	687
140	799
140	517
140	439
140	288
140	659
140	331
141	788
141	631
141	353
141	370
142	655
142	214
142	408
142	185
143	719
143	779
143	638
143	586
143	289
143	754
144	337
144	335
144	294
144	609
144	545
145	270
145	633
146	263
146	246
146	318
146	195
146	706
146	399
146	367
148	760
148	564
148	790
148	506
148	476
148	221
149	522
149	753
150	606
150	274
151	543
151	523
151	385
152	644
152	416
152	652
152	239
153	703
153	158
154	622
154	418
154	180
154	446
154	396
154	268
155	651
155	365
155	350
155	311
155	710
155	568
156	227
156	709
156	585
156	669
156	566
156	192
157	446
157	647
157	414
159	714
159	498
159	491
159	375
159	241
160	215
160	620
160	561
160	505
160	499
160	161
160	726
160	163
161	666
161	620
161	561
161	505
161	499
162	655
162	214
162	540
162	259
162	233
163	215
163	620
163	561
163	726
163	558
164	596
164	578
164	247
165	796
166	554
166	449
166	678
166	784
167	771
167	223
167	297
167	717
168	218
169	504
169	740
169	583
169	528
169	508
169	249
169	222
169	187
170	602
170	501
170	232
170	337
170	549
170	294
171	634
171	462
171	665
172	653
172	637
172	238
173	243
173	694
174	742
174	435
174	349
174	258
175	478
175	321
175	474
175	791
176	738
176	490
176	354
176	179
177	484
178	643
178	345
178	720
178	527
178	442
178	516
179	738
179	490
179	354
180	622
180	592
180	418
180	396
181	202
181	687
181	763
181	799
181	517
181	439
181	288
182	522
182	464
182	704
182	563
183	516
184	774
184	379
184	518
184	279
184	242
185	408
186	766
186	315
186	303
187	740
187	583
187	528
187	508
187	249
187	222
188	307
188	701
189	769
189	737
189	685
189	649
189	428
189	320
189	236
190	229
190	696
190	574
190	404
191	255
191	198
192	669
192	566
193	631
193	314
193	466
193	450
193	341
194	413
194	549
194	200
195	318
195	706
195	399
195	367
196	302
196	395
196	360
196	671
196	386
197	590
197	278
198	255
199	752
199	573
199	560
200	413
200	549
201	671
201	544
201	386
201	613
201	355
202	668
202	799
203	710
203	688
203	296
204	616
204	622
204	579
204	539
204	268
205	305
205	600
205	443
205	338
205	299
206	688
206	333
206	296
206	547
206	312
206	792
207	560
207	452
208	718
208	772
208	601
208	497
208	431
209	525
210	325
210	243
210	213
210	211
211	243
211	213
211	775
211	300
211	226
212	689
212	465
213	325
213	243
213	226
214	655
214	540
214	408
215	765
215	726
216	773
216	373
216	336
217	725
217	743
217	592
217	371
218	452
219	715
219	790
219	273
220	664
220	557
220	708
220	427
220	334
221	760
221	564
221	790
221	506
221	476
221	273
222	533
222	740
222	583
222	528
222	249
223	771
223	617
224	440
224	291
224	576
224	423
224	280
225	781
225	640
225	511
225	309
225	248
226	405
226	775
226	300
227	783
227	342
227	585
227	529
228	306
229	327
229	696
229	574
229	404
230	326
231	374
232	500
232	626
232	335
233	692
233	619
233	540
233	259
234	777
234	687
234	615
234	469
234	347
235	662
235	610
235	503
236	769
236	685
236	649
236	428
236	670
236	387
237	443
237	299
237	283
237	281
238	480
238	316
238	653
239	644
239	416
239	271
239	652
239	293
240	493
240	454
240	370
241	714
241	698
241	643
241	498
241	491
241	375
241	345
242	251
242	379
242	279
243	325
244	272
244	653
244	637
244	699
245	734
245	709
245	273
246	648
246	483
246	745
246	263
246	625
246	316
247	750
247	584
247	578
247	340
248	252
248	781
248	309
249	504
249	740
249	583
249	528
249	508
250	757
250	340
251	463
252	257
253	402
253	362
253	433
253	308
254	697
254	658
254	323
256	619
256	470
256	407
256	259
258	742
258	435
258	349
259	619
259	540
260	358
260	459
260	261
261	459
262	424
262	402
263	648
263	483
263	745
263	625
263	316
263	367
264	773
264	672
264	624
264	580
264	426
264	668
265	769
265	737
265	685
265	320
265	464
266	519
266	785
266	658
266	323
266	627
266	325
267	535
267	415
267	419
267	319
268	622
268	418
268	539
269	554
269	436
270	479
270	632
270	633
271	644
271	652
271	755
271	293
272	624
272	699
273	760
273	790
273	506
273	476
274	393
274	606
275	575
275	311
276	358
276	534
277	524
277	681
277	567
278	590
278	564
279	518
280	793
281	443
281	338
282	723
282	711
282	562
282	607
283	682
284	400
284	392
284	605
284	298
284	329
285	393
285	635
285	297
286	436
287	475
287	693
287	389
287	381
287	761
287	543
287	541
287	382
288	777
288	687
288	799
288	517
288	439
288	659
289	779
289	586
289	559
289	398
289	361
289	754
290	628
291	759
291	662
291	440
291	486
291	695
292	512
292	621
292	302
292	735
293	652
293	755
293	304
294	337
294	335
294	609
294	545
295	713
295	670
295	387
295	739
295	731
295	324
295	313
296	710
296	688
296	792
296	646
297	771
297	630
298	400
298	392
298	605
298	329
298	595
299	600
299	443
299	338
300	674
300	405
300	775
301	786
301	419
301	319
301	462
302	621
303	766
303	673
303	315
304	348
304	712
305	600
305	338
306	535
306	415
306	656
308	733
308	402
308	468
308	433
309	781
309	511
310	555
311	365
311	568
312	333
312	547
313	713
313	731
313	324
313	788
314	631
314	429
315	674
315	775
315	766
316	648
316	483
316	745
316	625
317	725
317	473
317	371
318	551
318	706
318	457
318	399
318	367
319	415
319	786
319	419
320	769
320	737
320	685
321	478
322	332
322	722
322	776
322	721
323	519
323	785
323	658
324	731
324	788
324	370
325	627
326	729
326	330
328	794
328	502
328	444
328	438
328	339
329	605
330	729
330	702
330	504
331	777
331	768
331	439
331	659
331	484
331	416
332	722
332	776
333	547
334	515
334	664
334	708
334	427
335	337
335	609
336	373
336	615
337	602
337	549
338	600
338	443
339	502
339	444
339	438
340	757
340	596
340	584
340	578
341	406
342	783
343	741
343	598
343	456
343	432
343	657
343	347
344	796
344	772
344	601
344	553
344	431
344	666
344	481
345	698
345	643
345	498
345	491
345	375
345	720
345	527
345	442
346	546
346	142
347	741
347	615
347	469
348	608
349	742
349	435
350	651
350	507
350	365
350	710
350	736
351	729
351	702
351	417
351	409
351	366
351	746
352	789
352	513
352	494
352	707
353	631
354	738
354	490
354	482
354	373
355	613
357	721
357	477
358	534
359	510
360	395
360	671
360	544
361	630
361	779
361	559
361	398
362	488
363	473
364	591
364	486
364	460
364	695
365	568
366	729
366	702
366	409
366	746
367	706
367	399
368	558
368	629
369	690
369	599
369	461
369	445
369	425
370	788
371	725
371	743
372	770
372	604
373	738
373	490
373	482
374	430
375	563
375	714
375	698
375	643
375	498
375	491
376	636
377	716
377	763
377	532
378	465
379	774
379	518
380	677
380	451
381	693
381	390
381	389
381	761
382	616
382	475
382	761
382	543
382	541
382	579
383	666
383	499
384	614
385	623
385	523
385	447
387	713
387	670
388	782
388	485
389	693
389	410
389	761
390	693
391	751
391	552
391	758
391	488
392	400
392	605
393	606
393	635
394	463
395	774
395	671
395	544
396	418
396	446
397	776
397	617
397	593
398	630
398	779
398	559
399	706
399	457
400	603
401	762
401	565
402	424
402	468
402	433
403	680
403	618
403	793
404	696
404	574
405	494
406	550
406	503
406	466
406	440
407	470
407	231
409	417
410	711
410	562
411	780
412	748
413	487
413	602
413	549
414	647
415	656
415	786
416	768
416	644
418	622
418	592
418	446
418	539
419	786
420	421
420	530
421	530
421	679
422	755
422	636
423	618
423	576
425	657
425	599
425	597
425	461
425	445
426	773
426	672
426	624
426	580
426	668
427	573
427	664
427	557
428	556
428	769
428	685
428	649
428	641
430	384
431	772
431	601
431	497
432	728
432	741
432	598
432	577
432	456
432	657
433	468
434	661
434	756
435	742
437	557
437	487
438	794
438	502
438	444
439	777
439	687
439	799
439	768
439	517
439	659
441	684
441	536
442	720
442	527
442	516
444	502
445	657
445	599
445	597
445	461
447	623
448	676
448	630
448	732
449	554
449	678
450	610
450	503
450	466
451	778
451	677
453	673
453	756
454	493
455	509
456	728
456	741
456	598
456	577
456	657
457	551
457	706
457	560
458	629
460	591
460	486
460	695
461	690
461	599
465	689
466	550
466	503
467	686
468	733
469	777
469	687
471	537
471	747
471	588
472	752
473	725
474	489
475	616
475	761
475	579
476	760
476	790
476	506
479	570
480	653
481	796
481	553
481	666
482	738
482	490
483	648
483	745
483	625
485	611
485	782
486	591
486	695
488	758
488	640
488	511
489	715
489	734
490	738
491	714
491	698
491	643
491	498
491	527
492	628
495	748
495	639
495	594
496	546
496	660
496	667
497	718
497	772
497	601
498	714
498	698
498	643
499	666
499	620
499	561
499	505
500	703
500	501
501	602
502	794
503	610
503	550
504	583
504	528
504	508
505	666
505	620
505	561
506	760
506	669
506	566
506	790
507	651
507	736
508	747
508	740
508	583
508	528
509	514
510	635
511	781
511	640
512	665
512	621
512	735
512	724
513	789
513	707
514	520
516	720
517	763
517	799
517	768
517	659
518	774
519	542
519	785
519	658
519	627
520	587
520	526
521	733
522	753
522	704
524	555
524	532
524	567
524	762
524	565
525	791
525	639
525	594
526	587
527	698
527	643
527	720
528	740
528	583
529	783
529	585
530	679
531	764
532	716
532	567
532	762
532	565
535	656
536	684
536	455
537	588
537	776
538	690
539	622
540	655
541	616
541	761
541	543
541	579
543	761
544	671
545	609
548	764
550	759
550	662
550	610
551	706
551	560
552	751
553	796
553	666
554	764
555	567
556	691
556	649
556	641
558	726
559	779
560	752
561	620
561	726
562	723
562	711
562	607
563	714
564	642
565	567
565	762
566	760
566	669
567	762
569	586
569	754
569	697
569	612
571	596
572	15
573	664
574	696
576	695
577	728
577	741
577	598
577	657
578	757
578	596
578	750
578	584
579	616
580	773
580	672
580	624
580	668
581	587
581	650
581	675
582	700
583	740
584	757
584	750
584	691
585	709
586	754
586	697
587	650
588	747
589	100
591	695
592	622
593	776
593	617
593	721
594	791
594	639
595	605
596	757
598	728
598	741
598	690
598	657
598	599
599	690
599	657
601	718
601	772
603	612
608	780
610	662
611	700
612	697
614	420
617	776
618	680
618	793
619	692
621	735
621	724
624	672
625	648
625	745
626	683
626	645
627	785
627	658
630	732
637	653
637	699
638	719
639	791
640	781
640	758
641	691
641	649
643	698
643	720
644	652
644	755
645	683
646	688
646	736
646	792
648	745
649	769
649	685
651	736
652	755
653	699
654	694
654	766
654	727
657	690
658	785
659	777
659	687
659	799
660	667
661	756
662	759
668	672
669	760
670	713
670	739
670	731
671	774
673	756
674	775
675	798
677	680
677	778
678	751
678	784
679	441
682	76
685	769
685	737
686	739
686	731
687	777
687	799
688	710
688	792
691	750
693	761
694	766
694	727
697	754
698	714
698	720
701	778
702	729
704	797
705	767
705	765
707	789
709	734
711	723
712	742
713	739
713	731
717	771
724	735
725	743
727	766
730	798
730	744
731	739
731	788
737	769
744	749
751	758
751	784
760	790
763	799
765	767
766	775
777	799
0
10	800
Max deg: 11 [  5 345 375 439 491 598]
Min deg: 1 [  2   4  18  42  85  94  97  98 147 158 165 168 228 310 376 411 429 458
 515 533 542 634 663 681 749 787 797]
