600	1861	1
0	510
0	327
0	254
0	546
0	107
0	484
0	7
1	509
1	302
1	554
1	545
1	439
1	271
1	256
1	159
1	346
1	260
1	27
2	223
2	101
2	477
3	482
3	453
3	277
3	221
3	131
3	280
3	99
3	448
4	273
4	90
4	388
4	188
5	297
5	454
5	166
5	580
5	517
5	193
5	127
5	402
6	584
6	571
6	551
6	500
6	165
7	510
7	327
7	254
7	546
7	196
7	107
7	428
7	484
7	364
7	215
7	513
7	368
8	479
8	464
8	240
8	62
9	573
9	522
9	357
9	329
9	187
9	184
9	16
10	343
10	207
10	186
11	102
11	442
11	318
11	231
12	386
12	237
12	140
13	533
13	401
13	354
13	213
13	345
14	519
14	267
14	162
14	200
14	150
15	375
15	556
15	497
15	243
15	242
15	255
16	573
16	522
16	357
16	329
16	187
16	184
17	440
18	548
18	450
18	404
18	239
18	206
18	362
18	286
18	32
18	31
19	387
19	393
19	124
19	559
19	272
19	203
19	80
19	577
19	576
19	167
20	281
20	341
20	309
20	275
20	250
20	145
20	42
20	491
20	158
21	446
21	259
21	58
22	489
22	569
22	560
22	313
23	287
23	233
23	473
23	395
24	349
24	328
24	238
24	128
24	101
24	69
25	538
25	424
25	379
25	234
25	212
25	84
25	365
25	276
25	168
26	590
26	575
26	566
26	496
26	428
26	407
26	364
26	351
26	215
27	554
27	545
27	271
27	256
27	159
27	346
27	474
28	396
28	583
28	492
28	299
28	294
28	70
28	60
29	429
29	331
29	416
29	89
29	50
29	41
30	472
30	103
31	399
31	450
31	239
31	206
31	362
31	286
31	32
32	399
32	450
32	206
32	362
32	286
32	65
33	226
33	64
33	247
33	195
34	163
34	111
34	593
34	574
34	520
34	449
34	270
34	44
35	405
35	467
35	300
36	152
36	377
36	322
36	197
37	543
37	68
37	457
37	400
37	310
37	274
38	571
38	165
38	544
38	470
38	319
38	414
38	160
39	74
39	532
39	591
40	354
40	333
40	292
40	287
40	233
40	415
40	374
40	98
41	429
41	331
41	89
41	50
42	281
42	341
42	309
42	275
42	250
42	145
42	491
42	158
43	547
43	521
43	463
43	410
43	353
43	245
43	228
44	593
44	574
44	372
44	367
44	296
44	520
44	449
45	245
45	96
45	83
45	337
45	263
45	209
46	437
46	341
46	309
46	298
46	280
46	275
46	562
46	66
47	536
47	431
47	307
47	521
47	353
47	228
47	189
48	563
48	412
48	348
48	220
49	257
49	240
49	541
49	295
49	82
50	429
50	416
51	89
51	218
52	504
52	347
52	321
52	179
52	178
52	156
52	142
52	561
52	133
52	104
53	587
53	486
53	465
53	447
53	330
53	306
53	73
54	375
54	497
55	543
55	585
55	411
55	314
55	57
55	352
55	177
56	124
56	581
56	577
56	576
56	290
56	199
56	167
56	76
57	476
57	444
57	585
57	314
58	259
58	408
59	141
59	436
59	308
60	396
60	508
60	299
60	210
60	106
60	70
60	67
61	251
62	479
62	464
62	240
63	378
63	290
63	248
63	199
63	441
63	253
63	214
64	427
64	385
64	226
65	286
65	597
65	529
65	315
66	437
66	280
66	562
66	99
67	508
67	106
67	70
67	266
67	86
68	543
68	232
68	457
68	400
68	274
69	412
69	349
69	328
69	181
69	128
70	508
70	299
70	106
70	266
70	86
71	565
71	537
71	446
71	259
72	583
72	492
72	294
72	403
72	320
73	587
73	486
73	465
73	447
73	344
73	330
73	312
74	425
74	382
74	334
74	82
75	575
75	566
75	105
75	252
76	80
76	581
76	576
76	248
76	199
76	167
77	596
77	138
78	515
78	503
78	452
78	364
78	351
78	215
78	105
79	386
79	288
79	417
79	369
79	301
79	249
79	205
79	173
79	140
79	93
79	87
80	120
80	559
80	549
80	525
80	419
80	272
80	203
80	576
80	167
81	485
81	480
81	159
81	317
81	117
81	533
81	229
82	257
82	541
82	295
83	337
83	209
83	380
84	424
84	186
84	276
84	168
85	360
85	325
85	316
85	285
85	92
85	420
85	138
85	588
86	508
86	106
86	403
86	266
86	258
87	288
87	241
87	417
87	369
87	301
87	249
87	205
87	93
88	481
88	172
88	358
88	91
88	355
89	218
90	572
90	336
91	481
91	172
91	385
91	358
92	379
92	360
92	325
92	316
92	285
92	234
92	212
92	420
92	588
92	365
93	241
93	119
93	417
93	301
93	205
93	173
93	140
94	130
94	592
94	469
94	304
94	175
95	461
95	147
95	324
95	163
95	593
95	574
95	449
96	245
96	337
96	263
96	209
97	546
97	532
97	478
97	406
97	311
97	278
97	196
97	164
97	107
97	591
97	513
97	368
97	217
97	110
98	233
98	473
98	415
98	343
98	322
99	482
99	221
99	131
99	280
99	472
99	448
100	451
100	372
100	190
100	598
100	520
101	555
101	498
101	223
101	381
101	349
101	328
102	442
102	318
103	472
103	361
103	338
103	236
104	347
104	321
104	179
104	178
104	142
104	561
104	511
104	133
105	575
105	566
105	515
105	351
105	247
105	195
105	252
106	508
106	299
106	320
106	266
107	254
107	546
107	478
107	406
107	311
107	278
107	196
107	230
107	513
107	368
108	509
108	529
108	315
108	346
108	260
108	564
108	418
108	390
108	261
108	148
108	135
109	594
109	495
109	409
109	339
109	146
110	532
110	478
110	406
110	407
110	591
110	217
111	557
111	438
111	270
112	411
112	340
112	471
113	244
113	557
113	438
114	534
114	536
114	153
114	125
114	118
115	460
115	572
115	342
115	222
116	578
116	435
116	462
116	397
116	332
117	485
117	317
117	533
117	401
118	536
118	307
118	521
118	353
118	228
119	301
119	173
120	530
120	597
120	524
120	483
120	185
120	559
120	525
120	419
120	272
121	530
121	387
121	123
121	524
121	185
121	203
122	198
122	475
123	530
123	387
123	524
123	185
124	582
124	393
124	577
124	363
124	167
125	534
125	153
126	397
126	332
127	454
127	166
127	144
127	580
127	517
127	269
127	193
128	349
128	507
128	328
128	238
128	181
129	361
129	338
129	539
129	429
129	345
130	283
130	218
130	469
130	304
130	175
131	482
131	453
131	277
131	221
131	298
131	280
132	531
132	344
132	312
132	350
132	413
132	219
133	504
133	321
133	179
133	178
133	142
133	561
133	511
134	456
134	523
134	192
135	529
135	315
135	564
135	526
135	418
135	390
135	261
135	148
136	391
136	180
136	552
136	255
137	570
137	401
138	596
138	481
138	172
139	357
139	329
139	306
139	586
139	366
139	170
140	386
140	417
140	301
140	205
140	173
141	284
141	161
141	436
142	347
142	321
142	179
142	178
142	156
142	561
143	549
143	568
143	514
143	174
143	538
144	598
144	520
144	454
144	518
144	517
144	371
144	193
145	262
145	445
145	341
145	309
145	298
145	250
146	594
146	495
146	409
146	339
147	547
147	463
147	461
147	410
147	245
147	324
147	263
148	564
148	526
148	418
148	390
148	261
149	489
149	488
149	211
149	553
149	394
149	289
149	516
150	518
150	384
150	371
150	519
150	267
150	200
151	423
151	398
151	182
151	268
151	204
151	356
152	377
152	276
153	534
154	551
155	558
155	528
155	293
155	522
155	227
155	201
155	184
156	291
156	284
156	347
156	321
156	179
157	226
157	358
157	515
157	503
157	355
157	195
158	281
158	341
158	275
158	250
158	490
158	282
159	545
159	271
159	256
159	474
159	317
159	229
160	544
160	470
160	319
160	162
160	414
160	370
162	519
162	470
162	319
162	267
163	324
163	593
163	574
163	296
163	449
163	270
164	532
164	414
164	406
164	370
164	311
165	599
165	584
165	571
165	500
165	544
166	297
166	454
166	580
166	193
166	402
167	582
167	393
167	559
167	272
167	203
167	581
167	577
167	576
168	424
168	234
168	186
168	365
168	276
169	505
169	433
169	373
170	396
170	210
170	586
170	366
171	504
171	224
171	579
171	305
171	506
171	392
172	481
172	358
173	386
173	301
173	205
174	526
174	568
174	514
175	592
175	469
175	304
176	458
177	585
177	411
177	352
177	340
178	504
178	347
178	321
178	179
178	561
178	511
179	347
179	321
179	561
179	511
180	391
180	552
181	328
182	423
182	398
182	268
183	235
183	231
183	389
184	558
184	293
184	573
184	522
184	227
184	201
184	187
185	530
185	597
185	524
186	343
186	276
187	573
187	522
187	357
187	329
188	273
188	537
188	388
189	431
189	547
189	463
189	461
189	410
189	353
189	542
190	451
190	372
190	598
191	472
191	448
191	236
192	456
192	405
192	523
192	550
192	300
193	454
193	580
193	517
193	402
194	310
194	279
194	594
194	409
195	226
195	515
195	503
195	247
196	254
196	546
196	478
196	406
196	311
196	278
196	513
196	368
196	217
197	415
197	377
197	374
197	322
198	422
198	380
198	208
198	475
199	581
199	378
199	290
199	248
199	455
200	518
200	384
200	519
201	558
201	293
201	522
201	227
202	507
202	238
202	567
202	540
202	527
202	493
203	530
203	387
203	524
203	559
203	272
203	577
203	576
204	468
204	268
204	356
205	386
205	288
205	417
205	369
205	301
205	249
206	548
206	512
206	450
206	404
206	239
206	362
206	286
207	427
207	303
208	507
208	567
208	540
208	527
208	493
208	422
208	380
209	245
209	337
209	263
209	367
209	296
210	396
210	299
210	586
211	489
211	488
211	394
211	289
211	516
212	424
212	379
212	360
212	325
212	316
212	285
212	234
212	420
212	588
212	365
213	533
213	354
213	292
213	345
214	378
214	441
214	379
214	285
214	253
215	254
215	496
215	428
215	452
215	364
215	351
215	513
215	368
216	480
217	532
217	478
217	406
217	311
217	407
217	591
217	513
219	531
219	344
219	312
219	350
219	413
219	464
220	563
220	348
221	482
221	453
221	277
221	280
221	448
222	460
222	342
223	477
223	380
224	504
224	579
224	305
224	506
225	432
225	264
225	363
225	595
225	502
226	385
226	358
226	515
226	503
226	355
227	558
227	528
227	293
227	522
228	536
228	307
228	521
228	463
228	410
228	353
229	474
229	317
229	333
229	374
230	370
230	278
231	235
232	543
232	476
232	444
232	246
232	400
232	314
233	354
233	333
233	292
233	287
233	473
233	415
234	424
234	379
234	360
234	325
234	316
234	285
234	420
234	588
234	365
236	472
236	361
236	338
236	539
237	386
237	295
238	507
238	540
238	527
238	477
239	399
239	291
239	450
239	436
239	362
240	501
240	459
240	257
240	541
241	356
241	249
242	391
242	375
242	552
242	556
242	497
242	243
242	255
243	556
243	497
243	453
244	466
244	542
244	487
245	463
245	337
245	263
246	476
246	444
247	515
247	351
247	252
248	581
248	378
248	290
249	265
249	288
249	417
249	369
250	281
250	341
250	309
250	275
250	491
251	535
251	494
252	566
252	592
253	538
253	441
253	379
253	285
254	510
254	327
254	546
254	484
254	513
254	368
255	391
255	552
256	554
256	545
256	485
256	271
256	346
256	317
257	501
257	541
257	295
258	403
258	266
259	565
259	446
259	408
260	404
260	509
260	302
260	439
260	346
260	390
261	529
261	315
261	564
261	526
261	418
261	390
262	471
262	445
263	337
263	296
264	432
264	297
264	595
264	502
265	288
265	468
265	369
266	508
267	519
267	326
268	562
268	398
268	468
268	356
269	580
269	578
269	335
270	438
271	554
271	545
271	485
271	480
271	317
272	524
272	559
272	525
272	576
273	388
274	543
274	457
274	400
274	310
275	281
275	437
275	341
275	309
275	490
275	282
276	538
276	424
277	482
277	445
277	298
278	546
278	478
278	406
278	370
278	311
278	368
279	310
279	594
280	482
280	437
280	309
280	298
281	341
281	491
281	359
282	589
282	490
283	416
283	395
284	291
284	389
284	347
284	321
285	441
285	379
285	360
285	325
285	316
285	420
285	588
285	365
286	548
286	512
286	450
286	404
286	509
286	362
286	302
287	354
287	292
287	345
288	417
288	369
289	553
289	394
289	313
289	516
290	581
290	378
290	455
290	426
291	399
291	347
291	450
292	354
292	333
293	528
293	522
294	583
294	492
294	320
295	541
296	593
296	574
296	372
296	367
296	449
297	402
298	445
298	437
298	309
299	396
299	583
299	508
300	405
300	550
300	467
301	417
302	548
302	512
302	404
302	509
302	439
302	346
303	427
303	304
304	469
305	504
305	579
305	561
305	506
305	392
306	573
306	357
306	587
306	486
306	465
306	447
306	330
306	421
307	536
307	431
307	521
307	353
308	548
308	512
309	437
309	341
310	457
310	400
310	594
311	546
311	532
311	478
311	406
311	370
312	531
312	465
312	447
312	344
312	421
312	350
312	413
313	569
313	560
313	553
313	17
314	543
314	476
314	444
314	585
315	529
315	564
315	418
315	390
316	379
316	360
316	325
316	420
316	588
316	365
317	485
317	480
318	442
319	544
319	470
320	583
320	492
320	403
321	347
322	415
322	377
322	374
323	456
323	565
323	405
324	461
324	593
324	574
324	449
325	379
325	360
325	420
325	588
325	365
327	510
327	484
327	452
328	381
328	349
329	443
329	357
329	396
330	573
330	357
330	587
330	486
330	465
330	447
332	462
332	397
333	354
333	374
334	425
334	382
335	580
335	402
336	572
338	361
338	539
339	594
339	495
339	409
340	411
340	352
340	471
341	437
342	550
343	473
344	531
344	350
344	413
344	359
345	354
345	361
345	539
345	429
346	509
346	554
346	545
346	439
346	390
347	399
347	511
348	563
348	412
348	381
349	555
349	412
349	381
350	531
350	447
350	421
351	575
351	566
351	515
351	452
351	364
352	585
352	411
353	536
353	547
353	521
353	463
353	410
354	533
355	385
355	358
355	503
356	468
357	573
358	481
358	385
359	491
359	413
360	379
360	420
360	588
360	365
361	539
362	548
362	450
362	404
363	582
363	432
363	595
363	502
363	455
364	496
364	428
364	452
365	379
365	420
365	588
366	586
366	421
367	593
367	574
367	372
368	546
368	478
368	406
368	496
368	428
368	513
369	417
370	470
371	598
371	518
371	517
371	384
372	593
372	574
372	451
372	520
373	505
373	433
373	582
373	393
374	415
375	556
375	497
376	431
378	426
379	538
379	441
379	424
379	588
380	540
380	477
380	422
381	555
382	501
383	460
383	498
384	518
384	517
386	417
387	530
387	524
388	537
390	529
390	564
390	526
390	418
391	552
392	579
392	506
393	582
393	577
394	553
394	516
395	473
395	416
397	462
398	423
399	450
400	543
400	457
401	533
402	580
403	583
403	492
404	548
404	512
404	509
404	439
405	456
405	523
406	546
406	532
406	478
406	591
406	513
407	590
407	496
407	428
407	591
408	488
409	594
409	495
410	547
410	521
410	463
410	461
411	585
411	471
412	563
413	531
413	491
414	544
414	470
415	473
418	529
418	483
418	564
418	526
418	568
419	483
419	549
419	525
419	568
419	514
420	588
421	447
421	586
422	567
422	540
422	493
422	475
424	538
428	496
428	513
429	539
430	466
430	506
430	505
430	487
430	433
432	595
432	502
433	506
433	505
433	487
434	499
435	578
438	557
439	548
439	512
439	509
439	554
440	61
441	538
444	476
445	471
446	537
447	486
447	465
448	472
449	593
449	574
450	548
452	515
452	503
452	484
453	482
454	580
454	517
455	595
455	502
456	523
457	543
458	501
458	459
459	501
461	547
461	463
461	542
462	578
463	547
463	521
464	479
465	587
465	486
466	542
466	487
467	550
469	592
470	544
477	540
477	527
478	546
478	532
478	591
478	513
479	589
480	485
483	597
483	549
483	525
483	564
483	568
483	514
484	510
486	587
487	505
488	489
489	569
489	560
492	583
493	507
493	567
493	540
493	527
494	535
494	434
496	590
496	513
497	556
498	555
500	599
500	584
500	571
500	551
500	544
502	595
503	515
504	561
506	579
507	567
507	540
507	527
509	548
509	512
511	561
512	548
513	546
514	549
514	568
517	598
517	580
517	518
518	598
520	598
521	536
522	558
522	528
524	530
524	559
525	559
525	549
525	576
526	564
526	568
527	567
527	540
529	597
529	564
530	559
532	591
540	567
542	547
543	585
544	584
544	571
545	554
549	568
551	599
551	584
559	576
560	569
561	579
566	575
571	584
573	587
574	593
576	581
576	577
577	582
577	581
584	599
0
10	600
Max deg: 15 [379]
Min deg: 1 [154 161 176 216 326 376 443 499 570]
