500	996	 1
0 139
0 153
0 247
0 442
1 161
1 310
1 475
2 75
2 93
2 113
3 92
3 112
3 156
3 418
3 452
4 273
4 388
4 426
5 107
5 209
6 24
6 98
6 306
6 433
7 236
7 480
8 111
8 180
8 206
8 301
8 433
9 26
9 133
9 179
9 301
9 413
10 59
10 210
10 288
11 12
11 17
11 159
11 243
11 271
11 352
11 385
12 50
12 320
12 493
13 439
13 443
13 496
14 251
14 289
14 393
14 490
15 96
15 180
15 411
16 174
16 236
16 418
17 342
17 397
17 432
18 102
18 256
18 390
18 495
19 86
19 126
19 341
20 62
20 94
20 97
20 247
20 417
21 90
21 158
21 491
22 264
22 279
22 405
23 158
23 267
23 287
23 318
23 325
23 478
24 95
24 196
24 234
24 310
24 444
25 70
25 101
25 259
25 442
25 458
25 495
26 90
26 173
26 363
27 84
27 109
27 135
27 140
27 185
27 222
27 282
27 300
27 356
27 372
28 215
28 264
28 284
28 486
29 39
29 260
29 305
30 75
30 102
30 165
30 274
30 329
30 482
31 62
31 206
31 260
31 286
31 464
32 111
32 276
32 337
33 194
33 304
34 90
34 221
34 232
34 491
35 100
35 131
35 184
36 48
36 66
36 122
36 176
36 477
37 80
37 397
37 475
38 63
38 178
38 242
38 287
38 484
39 91
39 277
40 93
40 448
41 137
41 322
41 352
41 439
42 251
42 347
43 67
43 312
43 428
44 163
44 240
44 434
44 477
45 463
46 112
46 135
46 193
46 371
46 439
46 477
47 125
47 177
47 187
47 223
47 449
48 67
48 73
48 164
48 198
48 264
48 451
48 456
49 158
49 324
49 344
50 177
50 218
50 330
51 200
51 233
51 253
51 369
51 486
52 71
52 180
52 205
52 242
52 278
52 415
52 465
53 72
53 124
53 159
53 361
53 403
54 149
54 287
55 259
55 272
55 392
56 70
56 219
56 230
56 241
56 242
56 358
57 300
57 470
58 104
58 245
58 422
59 78
59 156
59 184
59 245
60 78
60 139
61 145
61 289
62 160
62 162
62 329
62 465
63 96
63 150
63 197
63 224
63 499
64 209
64 260
65 84
65 222
65 259
65 388
65 398
65 413
66 221
66 462
66 497
67 204
67 291
68 69
68 232
68 338
68 352
68 395
70 184
70 203
70 350
70 491
70 498
71 150
71 269
72 173
72 243
72 472
73 80
73 104
73 233
74 84
74 140
74 146
74 287
75 180
75 224
75 245
75 265
76 110
76 154
76 387
76 453
77 292
77 300
77 476
78 119
78 150
78 202
78 291
78 463
79 289
79 312
79 337
79 352
79 396
80 135
80 396
81 108
81 111
81 232
81 290
81 362
81 424
81 440
81 441
81 463
82 378
82 450
83 202
84 104
84 218
84 225
84 291
84 334
85 333
86 199
86 207
86 308
86 489
87 219
87 301
87 389
87 395
87 468
88 202
88 356
88 416
89 288
89 354
90 116
90 156
90 214
90 260
90 471
91 97
91 124
91 326
92 376
92 421
92 429
93 261
94 174
94 196
94 446
95 117
95 354
95 442
96 179
96 403
97 259
97 344
97 384
98 137
98 216
98 267
98 402
98 488
99 110
99 132
99 357
99 376
99 434
99 445
100 193
100 299
101 134
101 153
101 277
101 404
102 202
102 211
102 350
102 371
103 403
104 328
105 165
105 424
105 471
106 111
106 150
106 240
106 462
107 183
107 418
108 169
108 310
108 363
110 131
110 134
110 182
110 406
111 216
111 420
111 458
112 154
112 212
112 287
112 332
113 183
113 197
113 203
113 229
113 297
113 462
113 485
114 184
114 372
114 404
114 466
114 481
115 143
115 438
115 472
116 218
116 376
117 244
117 421
117 456
117 478
118 162
118 231
118 477
119 184
119 324
119 361
119 489
120 152
120 212
120 399
121 211
121 451
122 383
123 234
123 237
123 477
124 337
126 224
126 302
126 377
127 149
127 190
128 160
128 270
128 394
128 474
129 274
129 391
129 403
129 443
129 480
130 216
130 226
130 368
130 491
130 495
131 306
131 320
131 498
132 333
132 474
133 143
133 224
134 200
134 216
134 471
135 138
135 327
135 417
135 478
136 238
136 321
136 339
136 340
136 353
136 388
137 257
137 433
138 153
138 420
139 449
139 474
140 440
141 259
141 315
141 316
141 352
141 355
142 166
142 280
142 446
143 307
143 460
144 276
144 429
145 201
145 313
145 482
146 252
146 367
146 428
147 222
147 227
147 284
147 339
147 481
148 240
148 246
148 256
148 477
149 295
149 303
149 328
149 378
150 424
150 492
151 169
151 188
151 318
152 157
152 205
152 208
152 401
153 192
153 327
153 339
154 317
155 335
155 449
156 168
156 206
156 287
156 331
156 457
157 328
157 419
158 315
158 399
158 472
159 169
159 353
159 392
160 281
160 447
161 293
161 414
161 423
161 468
162 292
162 352
162 464
164 266
164 383
164 414
165 274
165 457
166 489
167 203
167 269
167 425
167 446
168 172
169 360
169 446
170 328
170 435
171 210
171 279
171 301
171 346
171 441
172 322
174 238
174 337
175 274
176 211
176 311
176 444
177 447
178 264
178 371
178 381
178 432
179 185
179 194
179 471
180 221
180 279
180 400
181 240
181 310
181 345
181 397
181 399
182 329
182 384
182 419
182 450
183 260
183 329
184 296
184 302
185 188
185 212
185 295
185 309
186 375
187 231
187 439
187 467
187 485
188 301
188 338
189 264
189 309
189 379
190 372
191 469
192 306
192 392
192 405
192 448
193 254
193 310
194 268
194 297
195 223
195 301
195 310
195 410
196 357
196 436
196 481
197 325
198 212
198 295
198 451
199 335
200 297
200 369
201 402
202 335
204 210
204 220
204 242
204 308
204 329
204 370
204 406
204 430
204 466
204 476
205 285
206 224
206 476
207 233
207 258
208 336
209 310
209 417
210 470
211 244
211 381
211 459
212 328
213 214
214 344
215 216
215 404
215 454
216 342
216 347
216 408
217 393
218 250
219 403
220 316
220 344
223 251
223 442
223 464
224 322
224 330
224 407
225 273
225 299
227 305
227 377
227 458
227 479
228 336
228 349
228 445
230 291
230 341
231 259
231 341
231 463
231 497
233 482
234 392
234 466
235 294
235 385
235 444
235 471
236 348
236 360
236 482
237 260
237 439
238 351
238 476
239 318
239 476
240 302
240 429
240 458
240 470
241 348
241 350
242 419
242 472
243 271
243 394
243 487
244 301
244 410
244 456
245 249
245 279
246 261
246 314
246 418
246 420
246 429
247 256
248 249
248 276
248 388
249 317
249 350
249 404
250 427
250 480
251 449
252 365
252 395
252 417
253 397
254 371
255 477
256 376
258 261
258 397
259 318
259 324
259 466
260 365
260 472
261 291
261 295
261 368
261 430
261 482
262 432
263 330
263 338
263 349
263 455
264 278
264 332
265 342
265 388
265 483
267 489
267 496
268 423
269 431
269 469
269 495
270 306
270 499
271 318
272 291
272 305
272 341
272 425
273 410
275 320
275 362
275 389
275 489
276 404
276 412
278 327
278 473
279 461
280 425
281 300
281 317
281 471
282 288
282 365
283 346
283 363
284 368
284 478
285 331
285 366
286 319
286 409
287 476
288 349
288 448
289 332
290 326
290 448
290 495
291 378
291 497
292 403
293 374
294 304
294 369
294 401
295 331
295 496
296 326
296 455
297 349
297 421
297 487
298 330
298 363
299 335
299 343
300 386
300 415
302 349
302 459
303 326
303 338
303 354
303 415
304 357
304 465
305 313
305 354
305 398
305 470
306 316
306 436
307 335
308 315
308 338
308 497
311 453
313 371
313 409
313 433
314 361
314 375
314 426
315 485
316 319
317 338
317 422
319 457
320 340
320 370
320 388
321 377
323 364
323 396
324 370
324 426
325 380
326 377
326 394
326 484
328 384
328 484
333 387
334 418
335 460
336 406
337 397
337 458
337 480
339 358
339 376
339 434
341 418
344 493
348 450
349 352
351 427
353 366
353 380
354 420
355 418
356 357
356 422
358 359
358 411
359 450
359 474
360 379
362 440
364 485
364 494
366 374
367 389
367 454
371 447
371 468
371 494
371 498
373 426
374 415
374 427
374 436
375 416
375 462
376 466
376 469
376 483
377 435
377 469
378 386
378 481
379 416
380 385
380 402
382 399
385 423
385 470
387 390
387 467
389 492
391 460
391 467
393 470
395 408
397 448
397 459
397 469
398 399
399 404
399 449
399 470
399 496
400 478
402 445
406 452
410 436
410 444
410 460
411 466
412 417
414 469
415 452
417 479
418 459
419 475
426 457
430 449
431 440
431 450
433 456
435 491
435 499
436 464
437 460
444 454
444 491
445 466
447 463
448 456
450 459
451 468
452 459
461 475
462 470
475 495
488 499
492 495
0
9 499
