500	1023	 1
0 8
0 153
0 224
0 472
0 473
1 153
1 187
1 198
1 325
2 3
2 23
2 100
2 111
2 444
2 461
3 21
3 68
3 99
3 127
3 198
3 229
4 7
4 77
4 206
4 319
4 497
5 317
5 337
6 146
6 165
6 230
6 448
7 226
7 243
7 301
7 339
8 192
8 351
8 438
9 24
9 28
9 64
9 374
10 27
10 52
10 462
11 36
11 119
11 221
11 431
12 63
12 100
12 223
12 485
13 43
13 46
13 165
13 265
13 435
14 90
14 188
14 347
14 392
14 458
14 476
15 60
15 422
15 427
15 470
16 94
16 117
16 495
17 195
17 322
17 325
17 358
17 474
17 485
18 117
18 161
18 290
18 391
19 26
19 171
19 193
19 239
19 248
19 312
19 397
19 415
20 277
20 395
20 437
21 294
22 256
22 262
22 455
23 105
23 326
24 175
24 186
24 258
24 353
24 404
25 124
25 277
25 403
26 31
26 158
26 321
26 358
26 487
27 215
27 262
28 218
28 457
28 458
29 120
29 132
29 283
29 330
29 340
30 182
31 241
31 372
32 124
32 216
32 272
33 149
33 227
33 238
34 152
34 214
34 455
35 157
36 274
36 323
36 352
37 188
37 359
37 410
37 457
37 472
38 202
38 272
38 323
38 338
38 375
39 237
39 269
39 289
39 470
40 78
40 82
40 207
40 329
40 349
40 407
40 473
41 62
41 114
41 167
41 266
41 318
41 327
41 465
42 56
42 462
43 134
43 145
43 483
44 67
44 68
44 137
44 216
45 113
45 165
45 238
45 246
45 298
46 127
46 239
46 349
46 364
47 101
47 241
47 253
47 281
47 420
47 443
48 278
48 285
48 288
48 353
49 129
49 487
50 120
50 250
50 395
50 453
51 127
51 302
51 340
53 183
53 212
53 384
53 414
54 97
54 444
54 446
55 57
55 233
55 236
55 312
55 432
55 440
55 459
56 319
56 321
56 389
56 478
57 137
57 246
57 269
57 326
57 427
58 205
58 250
58 461
59 279
59 323
59 324
60 109
60 189
60 281
61 141
61 162
61 207
61 449
62 92
63 116
63 397
64 111
64 205
64 237
64 330
64 466
65 101
65 403
65 441
65 445
65 493
66 198
66 209
66 391
66 490
67 379
67 393
68 109
68 172
68 267
68 423
69 125
69 135
69 277
70 421
70 425
71 76
71 193
71 253
71 269
72 141
73 134
73 357
73 440
73 471
74 380
74 402
74 494
75 98
75 275
75 380
75 426
76 121
76 140
76 230
76 254
77 134
77 186
78 116
78 136
78 182
78 188
78 352
79 99
79 365
79 401
79 446
79 495
80 208
80 303
81 152
81 209
82 276
82 308
83 109
83 159
83 466
84 181
84 327
84 337
84 371
84 400
84 475
84 493
85 234
85 416
85 453
85 476
86 345
86 453
87 130
87 188
87 234
87 361
87 407
88 333
88 474
89 217
89 408
89 430
89 488
89 490
90 156
90 198
90 376
90 423
91 144
91 257
91 441
92 235
92 239
92 244
92 349
92 383
92 430
92 437
92 456
93 277
94 130
94 249
94 357
94 358
94 476
95 148
95 162
95 179
95 293
95 439
96 120
96 197
96 266
96 295
96 334
96 442
96 447
97 109
97 293
97 399
97 479
97 492
98 256
98 324
99 113
99 210
99 379
99 483
100 145
100 193
100 231
100 330
100 364
100 461
101 360
101 420
101 428
101 457
102 350
102 356
102 494
103 107
103 109
103 142
103 226
103 413
104 114
104 164
104 186
104 283
104 497
105 292
105 499
106 342
106 397
106 414
107 174
108 272
108 346
108 433
109 117
109 308
109 424
109 453
110 347
112 129
112 152
112 441
112 460
112 464
112 469
113 120
113 147
113 161
113 296
113 316
113 492
114 394
115 139
115 272
115 455
115 468
115 487
115 493
116 390
117 136
117 366
118 157
118 168
118 273
119 139
119 280
119 313
119 324
119 426
120 301
120 441
121 294
121 332
121 364
122 322
122 458
123 351
123 461
124 176
124 212
124 344
124 441
124 462
125 128
125 156
125 258
125 262
125 406
126 223
126 255
126 258
128 141
128 173
128 180
128 212
128 386
128 391
128 448
128 490
129 249
129 478
130 425
130 459
130 499
131 444
132 166
132 175
132 231
132 449
133 134
133 161
133 213
133 376
133 441
134 179
134 254
134 451
134 464
135 150
135 177
135 296
136 188
136 215
136 258
136 289
137 201
137 343
137 444
138 145
138 242
139 233
139 317
139 360
139 413
139 437
140 297
140 366
140 384
141 183
141 259
141 411
141 460
142 191
142 194
142 293
142 400
143 197
143 456
144 317
144 369
145 151
145 319
145 398
146 160
146 166
146 266
146 436
147 156
147 395
147 440
147 486
148 325
149 196
149 420
150 292
151 244
151 424
152 234
152 258
152 310
152 418
153 156
153 206
153 288
153 382
153 412
153 450
154 336
154 372
154 451
155 449
155 475
156 174
156 183
156 244
156 271
156 306
156 345
156 400
157 240
157 306
157 313
157 330
157 403
157 475
158 335
158 387
158 423
158 461
159 223
159 405
160 337
160 422
162 296
162 392
163 302
163 403
164 208
164 224
164 470
165 236
165 366
165 375
166 450
167 205
167 252
167 472
168 354
168 487
169 185
169 410
170 277
170 470
171 219
171 224
171 363
172 235
172 440
173 396
174 250
174 328
175 440
177 237
177 278
177 305
178 323
178 412
179 317
179 345
179 432
180 196
180 266
180 269
180 310
180 320
180 429
180 470
181 191
181 192
181 448
182 317
182 347
183 412
184 297
184 377
184 378
184 415
185 222
185 450
185 487
186 191
186 202
187 285
187 380
187 406
188 285
188 437
189 195
189 290
189 360
190 202
190 258
190 354
190 412
191 199
191 216
191 251
191 333
191 434
191 449
192 347
193 207
193 240
193 274
193 445
194 262
194 310
194 324
194 440
195 201
195 258
196 350
197 223
197 438
199 300
200 283
200 353
201 353
202 209
202 294
203 321
203 360
204 222
204 439
204 469
204 489
205 375
206 263
206 274
206 293
206 299
206 352
206 496
207 244
208 209
209 242
209 374
209 483
210 316
210 366
210 436
211 400
212 222
213 389
214 217
214 297
214 431
214 495
215 280
215 327
215 368
215 444
215 474
216 294
217 275
217 393
218 369
218 462
218 498
219 245
219 300
219 442
220 440
221 285
221 305
221 321
221 337
222 326
224 279
225 325
225 461
227 250
227 303
227 325
227 367
227 383
228 328
228 424
229 330
229 406
229 410
229 422
230 309
231 245
231 282
232 433
232 448
232 458
232 480
234 321
234 367
234 389
235 309
235 314
236 265
236 324
236 363
236 392
236 399
237 367
238 268
238 331
238 452
239 264
239 272
239 381
239 408
239 435
239 455
240 379
240 405
241 327
241 359
241 399
242 477
242 485
243 479
244 307
244 322
244 480
245 367
245 369
245 437
246 462
247 489
248 390
249 375
249 434
250 261
250 361
251 294
251 300
251 302
251 400
253 483
254 319
255 319
255 352
256 271
256 337
256 381
256 470
256 484
257 374
258 315
258 330
258 363
258 454
259 276
259 375
259 426
260 280
260 321
260 332
261 374
261 401
262 314
263 332
265 302
266 381
266 386
267 294
267 445
268 329
268 494
269 471
270 394
270 473
271 358
271 374
272 475
273 301
273 352
274 338
275 317
275 425
276 330
277 283
277 344
277 413
277 432
277 443
277 481
278 406
278 424
278 453
279 409
279 453
280 311
280 351
281 488
282 472
283 372
283 437
284 450
284 477
286 339
286 346
286 387
287 341
287 430
288 308
288 421
289 369
289 383
291 338
291 406
291 415
291 467
292 355
293 404
293 475
294 349
294 390
294 412
294 469
295 314
297 410
298 327
298 338
299 353
301 475
302 481
304 459
305 403
305 461
305 492
306 493
307 437
308 370
309 411
309 417
309 429
309 439
310 431
310 484
311 432
312 326
312 335
313 344
314 342
314 398
314 433
314 484
315 430
315 498
316 357
316 481
318 364
318 385
319 321
321 366
321 429
322 497
323 333
323 475
324 481
325 430
326 428
326 452
328 331
328 482
329 340
329 493
331 421
334 405
335 346
335 398
336 390
336 399
337 363
337 364
339 497
340 462
340 491
341 356
341 385
342 361
342 479
343 387
343 451
344 438
344 482
348 377
349 354
349 426
351 479
352 381
353 467
355 366
355 382
359 440
359 482
360 454
360 481
361 476
362 468
363 374
363 452
363 463
365 404
366 420
367 388
367 419
367 443
368 495
371 376
373 421
374 408
374 420
376 435
377 391
377 489
378 391
378 454
380 391
380 488
387 415
390 414
391 478
391 491
392 431
392 473
393 409
393 423
396 461
400 440
400 457
400 493
402 477
402 480
403 458
404 405
407 435
407 454
410 498
412 481
417 483
418 439
418 447
419 478
419 483
420 470
422 450
423 496
424 447
426 488
428 442
428 487
436 459
440 487
441 480
442 489
447 490
450 470
453 475
455 458
457 486
458 489
459 486
460 475
460 486
462 498
465 474
466 484
472 486
479 486
486 494
0
9 499
