500	1012	 1
0 262
0 472
1 41
1 48
1 206
1 317
1 403
1 475
2 231
2 308
2 347
2 366
2 438
2 450
2 481
3 221
3 295
3 360
3 379
4 42
4 498
5 44
5 121
5 171
5 235
5 352
5 393
6 101
6 163
6 175
6 267
6 342
6 390
7 52
7 121
7 384
7 481
8 20
8 143
9 173
9 176
10 44
10 61
10 287
10 407
10 418
10 443
11 238
11 369
11 447
12 55
12 97
12 301
12 403
13 288
13 412
13 432
14 220
14 230
14 336
14 357
14 493
15 189
15 224
15 344
16 47
16 160
16 218
17 116
17 123
17 387
18 88
18 176
18 321
19 202
19 461
20 180
20 300
21 245
21 360
22 75
22 399
22 403
22 436
23 337
23 345
23 448
24 79
24 352
24 493
25 93
25 152
25 491
26 95
26 123
26 143
27 44
27 57
27 226
27 241
27 303
27 322
27 368
27 436
28 132
28 187
28 259
28 291
29 38
29 293
29 406
29 454
29 487
30 80
30 112
30 261
30 496
31 75
31 184
31 418
31 421
31 469
31 498
32 182
32 235
32 294
32 427
33 340
33 394
34 75
34 120
35 285
35 438
36 99
36 141
36 303
36 360
37 109
37 237
37 304
37 321
37 442
38 272
38 376
39 242
39 258
39 336
39 385
40 94
40 112
40 276
40 362
40 446
40 453
41 107
41 294
41 334
41 345
41 393
41 414
42 67
42 239
42 404
43 74
43 217
43 349
44 170
44 226
44 450
44 485
45 52
45 152
46 272
46 395
46 420
47 143
47 164
47 218
47 457
48 204
48 328
49 302
49 314
49 422
49 468
50 260
50 363
50 401
50 421
50 459
51 131
51 178
51 317
51 408
51 456
52 70
52 204
52 258
52 306
52 361
53 116
53 314
53 448
54 58
54 68
54 424
54 446
55 102
55 239
56 148
56 172
56 289
56 317
56 375
57 149
57 193
57 291
57 476
58 107
58 214
58 326
58 361
59 68
59 70
59 208
59 417
60 495
61 126
61 236
61 245
61 381
61 393
61 478
61 497
62 67
62 160
62 229
63 125
63 266
63 280
63 335
63 416
63 456
63 499
64 87
64 125
64 449
64 456
65 171
65 281
65 431
66 145
66 284
66 303
66 316
66 331
66 334
66 365
67 150
68 90
68 149
68 291
69 80
69 128
69 170
69 313
69 328
69 388
69 444
70 198
70 251
70 465
70 491
71 219
71 254
71 256
72 127
72 328
72 380
72 488
73 142
73 174
73 189
73 319
74 101
74 397
75 248
75 282
75 345
75 447
76 83
76 161
76 252
76 380
76 404
76 477
77 272
77 438
77 468
77 493
78 140
78 197
78 290
78 328
78 433
78 475
79 153
79 209
79 343
80 229
80 343
80 382
80 454
81 94
81 110
82 117
82 330
82 415
83 405
83 498
84 251
84 300
84 342
85 300
85 316
85 385
85 413
86 154
86 276
86 360
86 437
87 261
87 421
87 425
88 203
88 352
88 379
89 151
89 228
89 259
89 266
89 329
89 439
89 491
90 274
90 292
90 294
90 405
90 407
91 283
91 432
92 187
92 233
92 299
92 355
92 371
92 437
92 438
93 251
93 350
94 409
94 419
94 470
95 98
95 161
95 175
95 380
95 395
96 178
96 214
96 298
96 361
97 176
97 255
97 265
98 404
99 483
100 356
100 404
100 416
101 144
101 146
101 315
101 321
101 327
101 351
101 389
102 115
103 118
103 282
103 468
104 198
104 334
104 404
105 152
105 323
105 449
105 462
106 142
106 153
106 383
107 273
108 131
108 271
108 304
108 358
108 384
108 429
109 217
109 254
109 400
109 416
110 144
110 316
110 414
110 420
110 476
111 138
111 197
112 285
113 228
113 230
113 492
114 150
114 464
115 140
115 200
115 207
115 386
115 389
116 473
117 267
118 448
118 456
119 141
119 300
119 345
119 468
120 129
120 179
121 199
121 301
121 311
121 341
122 281
122 350
122 481
123 265
123 369
123 497
124 375
124 397
124 461
124 496
125 287
125 465
125 493
126 136
126 343
126 497
128 206
128 343
129 348
129 365
129 399
129 410
129 463
130 142
130 144
130 172
130 211
131 187
131 311
131 413
132 204
132 468
133 156
133 175
133 199
133 226
133 384
133 446
134 243
134 390
135 293
135 302
136 203
136 258
136 301
136 491
137 144
137 214
137 221
137 352
137 429
137 448
138 236
138 247
138 373
139 189
139 266
139 454
139 460
140 145
140 182
140 220
140 281
140 365
140 433
141 223
141 354
141 365
142 279
142 337
143 173
143 343
143 471
144 326
145 165
145 229
145 454
145 482
146 188
146 206
146 385
146 398
147 166
147 198
147 372
147 434
147 472
148 157
148 242
148 243
149 152
149 323
149 324
149 474
151 164
153 470
153 471
154 385
154 420
155 236
155 436
155 446
156 183
156 373
156 391
157 229
158 212
158 489
159 329
160 291
160 433
160 466
161 456
162 206
162 476
162 477
163 201
163 328
164 256
164 399
164 426
165 210
165 302
165 467
166 248
166 424
167 176
167 216
167 308
167 311
168 475
169 369
170 276
170 339
172 275
172 370
173 339
173 383
173 445
174 465
174 475
174 482
175 202
175 222
175 260
175 411
175 428
176 177
176 211
176 478
177 212
177 253
177 415
177 458
177 461
178 187
178 282
178 300
178 321
178 336
178 444
179 298
180 487
181 267
181 479
181 487
183 360
183 409
183 497
184 189
184 453
184 485
185 269
185 363
186 274
186 382
186 456
186 461
186 478
188 190
188 355
188 414
190 323
191 283
191 373
191 427
191 440
192 225
192 274
193 311
193 400
194 207
194 240
194 308
194 366
195 233
195 243
195 351
195 411
196 252
197 231
197 486
198 216
198 342
198 397
199 324
199 365
199 392
200 259
200 276
200 361
200 481
201 244
202 261
202 466
203 274
203 361
204 241
204 248
204 329
205 284
205 360
205 364
205 421
206 484
207 216
207 271
207 315
207 385
207 446
208 211
208 359
208 448
209 335
209 343
209 356
210 237
210 390
211 436
212 347
212 384
212 479
213 285
213 353
213 490
215 385
215 393
215 423
215 483
216 405
218 272
218 278
218 427
219 315
219 425
220 366
221 266
221 272
221 460
222 224
223 239
223 261
223 301
223 497
224 462
225 246
225 314
225 355
225 416
225 449
226 367
226 394
227 336
228 453
229 259
229 374
230 439
230 480
231 296
231 311
231 335
231 463
232 411
232 426
232 477
233 410
234 250
234 319
234 394
235 247
235 281
235 491
236 283
236 310
237 316
237 348
237 489
238 425
239 274
239 409
241 323
241 329
243 256
244 257
244 379
246 329
246 496
247 360
247 432
247 446
248 261
248 337
248 442
249 489
250 482
252 313
252 349
252 358
252 455
253 260
253 352
253 468
254 403
254 489
255 438
256 304
256 354
256 436
257 493
258 324
258 402
258 487
259 346
260 321
260 325
260 475
261 342
261 345
261 457
262 333
262 474
263 271
263 295
263 397
263 421
263 479
264 268
264 354
265 327
265 464
266 372
266 448
267 285
267 428
268 276
268 434
269 402
270 297
270 455
270 480
271 413
271 457
273 319
273 413
274 297
274 467
275 451
275 467
276 475
277 396
278 279
278 337
279 295
281 427
281 439
282 388
282 431
282 449
285 345
285 418
286 354
287 307
287 340
288 348
288 393
288 408
289 424
290 391
291 470
291 483
292 355
292 382
292 398
292 430
293 418
293 449
294 316
294 361
295 412
295 474
297 365
297 389
297 454
298 441
299 316
299 347
299 364
299 381
300 312
300 341
300 412
300 446
301 433
302 327
302 390
302 476
303 360
303 369
305 359
305 411
306 404
309 324
309 432
310 323
310 345
310 380
310 421
312 470
313 316
315 384
316 485
317 407
317 489
318 400
319 325
319 342
319 394
320 329
320 353
321 442
322 423
323 353
324 443
325 388
325 423
325 442
325 448
325 464
325 487
326 392
326 493
328 342
328 355
329 348
330 460
331 427
331 463
332 347
332 399
333 367
335 416
335 484
336 369
337 387
337 408
337 450
338 481
338 486
339 362
341 488
343 351
345 444
346 398
346 442
346 444
348 471
349 480
349 493
350 385
350 407
350 440
350 472
351 437
352 499
354 491
355 431
355 469
355 470
356 495
358 419
359 360
359 403
362 445
362 460
363 428
366 441
368 433
368 468
368 478
369 497
371 381
371 438
372 456
373 403
374 482
375 409
376 421
377 442
378 453
378 458
378 495
378 497
381 423
381 433
381 440
381 468
381 488
383 441
383 442
386 388
388 428
388 494
389 392
389 428
392 435
395 459
396 454
397 414
400 484
401 427
402 452
404 492
406 423
410 455
411 434
411 443
412 451
412 457
419 460
420 439
422 456
423 466
424 447
427 478
429 449
431 496
433 465
435 462
437 453
439 488
440 456
441 442
441 492
442 482
443 495
444 476
448 453
451 481
455 462
456 477
459 472
460 477
462 489
468 490
469 493
470 478
481 492
485 486
0
9 499
