500	1002	 1
0 265
0 358
0 363
0 405
1 244
1 387
1 435
2 24
2 176
3 198
3 281
4 246
4 347
4 365
4 484
5 64
5 444
6 22
6 158
7 58
7 90
7 101
7 238
7 476
8 135
8 195
8 365
8 452
9 34
9 382
10 95
10 107
10 120
10 300
10 405
10 465
11 221
11 222
11 273
12 23
12 378
12 485
12 488
13 49
13 177
13 197
13 207
13 332
13 342
14 102
14 168
14 462
15 115
15 205
15 299
16 367
16 418
17 84
17 330
17 494
17 499
18 23
18 78
18 98
18 221
18 436
18 450
19 60
19 77
19 218
19 417
20 407
20 473
21 177
22 265
22 309
22 426
23 177
23 195
23 270
23 400
23 480
24 91
24 114
25 199
25 223
25 226
26 32
26 69
26 109
26 324
26 469
27 104
27 336
27 365
28 70
28 249
28 428
28 440
28 471
28 481
29 266
29 267
29 323
30 136
30 152
30 259
30 266
30 302
31 57
31 150
31 220
31 249
31 330
31 354
31 462
31 492
32 249
32 257
32 258
33 56
33 397
33 462
33 486
34 216
34 253
34 347
34 396
34 495
35 54
35 400
35 472
36 383
36 424
36 448
36 461
37 295
37 334
38 65
38 162
38 340
39 117
39 185
39 277
39 347
39 381
40 177
40 442
41 209
41 244
41 376
42 113
42 155
42 162
42 204
42 391
42 396
43 256
43 283
43 302
44 211
45 122
45 126
45 239
45 449
46 163
46 172
46 250
46 268
46 388
47 92
47 99
47 170
47 349
47 477
48 157
48 404
48 418
48 492
49 161
49 282
50 169
50 180
50 387
50 470
50 496
51 159
51 333
51 380
51 422
51 489
52 77
52 121
52 355
53 436
54 214
55 58
55 85
55 138
55 203
55 378
55 496
56 83
56 271
56 278
56 408
56 440
56 441
57 145
57 154
57 247
57 254
57 292
57 312
57 318
57 331
57 447
57 483
58 84
58 146
58 191
58 214
58 343
58 377
59 193
59 214
59 217
59 292
59 326
59 412
60 79
60 170
60 207
60 485
61 185
61 427
62 240
62 257
62 332
62 360
63 419
63 426
63 455
64 305
64 445
65 134
65 178
65 200
65 319
65 374
65 386
66 101
66 117
66 308
66 395
66 420
67 221
67 425
68 82
68 149
68 173
68 269
68 273
68 314
68 332
68 426
68 455
69 112
69 158
69 220
69 282
69 306
69 336
69 381
70 181
70 251
70 375
70 430
71 284
71 309
71 371
71 445
72 91
72 150
72 256
72 487
73 122
73 378
73 468
74 153
74 431
75 317
75 370
76 99
76 123
76 351
77 123
78 99
78 143
78 208
78 284
78 315
78 450
79 104
79 116
79 138
79 176
79 353
80 200
80 302
80 475
81 212
81 407
82 103
82 176
83 108
83 117
83 304
83 425
84 223
84 243
84 244
84 294
84 470
85 119
85 212
85 224
85 307
86 93
86 104
86 115
86 172
86 252
86 299
86 410
87 261
87 332
87 338
87 340
87 345
87 393
88 169
88 349
88 442
89 183
89 229
89 274
89 448
89 498
90 105
90 232
90 289
90 433
91 255
91 366
91 385
91 448
92 259
92 431
93 133
93 376
94 328
94 391
95 120
95 164
95 424
96 147
97 228
97 234
97 488
98 164
98 188
98 341
98 464
99 166
99 490
100 122
100 218
100 488
101 277
101 433
102 397
102 490
103 225
103 279
103 337
103 376
105 158
105 199
105 279
105 462
106 130
106 329
106 435
108 386
109 150
109 171
109 370
110 200
110 487
111 200
111 204
111 361
111 409
112 351
112 411
112 463
112 498
113 421
113 453
113 471
113 482
114 211
114 465
115 157
115 233
115 251
115 311
115 356
115 373
115 439
116 120
118 229
118 278
118 445
119 237
119 346
119 476
120 401
121 360
121 442
122 241
122 301
122 359
123 137
124 154
124 250
124 327
125 336
126 236
126 261
126 411
126 472
126 480
127 224
127 263
127 322
128 438
129 218
129 364
129 445
129 482
130 277
131 292
132 170
132 243
132 264
132 267
132 297
132 330
132 394
132 428
133 420
134 249
135 167
135 433
136 137
136 203
136 366
136 400
136 487
137 354
138 219
138 391
138 415
138 423
139 336
139 410
139 489
140 209
140 225
140 392
140 445
141 174
141 187
141 282
142 305
142 354
143 172
143 366
143 378
144 424
144 430
145 347
145 427
146 157
146 350
146 481
147 391
148 195
148 421
148 437
149 188
149 227
149 293
149 457
149 479
150 234
150 476
151 274
151 483
152 308
153 164
153 228
153 369
154 293
154 316
154 359
154 485
155 401
155 407
156 173
157 282
158 193
158 199
159 165
159 414
159 438
160 209
160 230
160 238
160 384
160 499
161 174
161 406
162 179
163 179
163 250
163 314
163 361
163 428
164 211
164 333
164 488
165 308
165 468
166 273
166 473
167 256
167 324
168 265
168 355
168 399
169 210
169 370
169 442
170 269
170 369
170 473
171 300
171 326
171 336
172 360
172 406
173 220
173 230
173 270
174 222
174 443
174 456
175 283
175 302
175 388
175 456
176 279
176 426
176 427
177 186
177 259
177 274
177 340
178 395
179 436
180 181
180 202
180 340
180 398
180 484
181 273
181 341
182 280
182 290
182 337
182 439
183 188
183 330
183 355
183 382
183 439
184 485
184 487
185 300
185 452
185 499
186 209
186 239
186 321
186 362
187 201
187 272
187 349
188 189
188 470
189 199
189 412
189 419
190 363
190 444
192 343
192 494
193 404
193 444
194 228
195 366
195 410
196 313
196 446
197 379
198 290
198 436
198 477
199 389
200 268
200 474
201 212
202 223
202 279
202 293
203 250
203 255
203 354
204 451
204 466
205 477
206 222
206 308
206 416
207 316
207 364
208 213
209 219
209 246
209 271
209 401
210 280
210 396
210 408
211 228
211 234
213 339
213 365
214 451
214 482
215 317
216 244
216 261
216 385
217 305
217 323
219 346
219 436
219 439
220 300
220 310
220 421
221 357
221 394
221 403
221 492
222 305
223 316
223 361
224 303
224 413
224 429
224 477
225 322
225 344
225 462
226 413
227 342
228 331
228 358
228 396
229 237
229 323
229 330
229 372
229 397
230 288
230 455
231 276
231 380
231 422
232 256
232 271
233 297
233 304
234 273
235 236
235 316
235 490
237 276
237 310
237 335
237 449
238 306
238 314
238 433
238 447
238 464
238 484
239 277
239 489
239 493
240 360
240 401
241 348
241 407
242 261
242 347
242 374
242 471
243 407
243 483
244 347
244 416
245 250
245 448
246 333
246 369
247 266
247 371
247 441
248 328
248 483
249 472
250 263
250 319
250 389
251 368
252 273
253 255
253 258
253 446
254 397
255 283
255 455
256 302
256 316
256 416
257 439
259 332
259 430
259 492
260 428
261 331
261 389
262 308
262 386
262 404
263 289
263 459
263 471
263 484
264 282
265 266
265 293
265 370
265 413
265 463
266 332
266 340
267 446
268 404
269 422
270 292
270 383
270 430
271 455
272 296
272 367
272 470
273 359
273 473
274 309
274 399
274 428
274 492
275 436
276 427
278 290
279 301
280 375
280 386
280 389
280 488
281 470
282 289
282 291
282 455
282 468
282 498
284 290
284 334
284 423
285 475
286 325
286 354
286 391
286 442
287 367
288 303
288 349
288 462
289 380
289 448
290 326
290 446
290 455
290 473
291 401
291 487
292 401
293 388
294 380
294 482
295 394
296 327
296 364
296 383
297 364
297 419
297 441
297 449
297 490
298 320
298 447
298 471
299 372
299 433
299 491
300 393
301 327
301 330
301 473
303 312
303 454
303 495
304 427
304 485
305 320
305 380
305 410
306 405
306 481
307 366
307 398
307 483
308 319
309 409
311 381
311 487
312 353
313 429
315 453
316 317
316 375
316 387
316 441
317 470
319 351
319 439
325 356
327 461
327 498
328 390
328 436
329 393
329 404
331 381
331 473
332 375
332 421
332 446
332 480
333 460
334 468
335 358
337 345
338 392
339 352
339 396
339 421
339 481
341 423
342 387
342 428
343 373
343 431
345 392
345 471
346 353
346 392
346 412
346 462
350 465
351 412
352 445
354 376
354 460
356 393
356 476
357 448
358 410
358 432
360 497
361 412
361 435
362 373
362 399
362 469
362 492
363 398
365 452
368 387
368 462
370 453
370 471
370 497
371 448
371 456
371 480
372 383
372 476
377 431
377 457
379 442
380 442
382 424
383 495
384 441
385 394
387 403
388 492
390 481
391 495
396 402
396 470
397 448
397 461
401 465
402 484
404 490
405 464
407 430
408 428
409 455
409 498
410 475
414 456
415 477
417 481
417 496
418 440
418 469
418 475
420 455
425 436
428 471
432 445
434 473
436 440
439 441
441 491
442 467
446 479
446 495
447 494
449 460
449 475
450 480
452 466
453 481
454 458
454 486
458 467
462 479
471 493
472 475
475 493
478 494
0
9 499
