500	991	 1
0 57
0 118
0 296
0 327
0 376
1 181
1 306
1 323
1 345
2 46
2 90
3 5
3 30
3 74
3 292
3 327
4 12
4 132
4 242
4 480
5 270
5 456
6 13
6 20
6 59
6 68
6 135
6 368
6 403
6 458
7 72
7 94
7 193
7 320
8 43
8 145
8 339
9 307
9 424
9 430
9 472
9 498
10 241
10 286
10 330
10 354
11 392
11 466
12 103
12 111
12 150
12 283
13 69
13 174
13 361
13 363
14 158
14 252
15 207
15 269
15 300
15 315
15 392
16 152
16 157
16 462
17 86
17 231
17 240
17 327
17 376
17 439
18 135
18 149
18 154
18 208
18 260
18 284
18 477
19 64
19 375
20 31
20 141
20 300
21 106
21 110
21 253
21 486
22 83
22 148
22 197
22 198
22 393
22 460
23 24
23 100
23 419
24 50
24 113
25 216
26 160
26 210
26 397
26 431
26 471
27 32
27 47
27 97
27 181
27 257
27 413
27 471
28 37
28 193
28 423
29 152
29 491
30 45
30 100
30 330
31 375
32 196
32 215
32 335
33 410
34 114
34 195
34 401
35 331
36 153
36 191
36 199
36 241
37 139
37 270
38 190
38 235
38 416
39 132
40 106
40 209
40 243
40 265
41 390
41 396
42 112
42 146
43 96
43 187
43 240
43 451
44 234
44 239
44 294
44 387
45 78
46 143
46 213
46 367
46 458
47 294
47 305
47 333
47 494
48 227
48 239
48 272
48 433
48 458
48 459
49 211
49 253
49 331
50 114
50 369
50 378
50 418
51 90
51 282
51 461
52 70
52 74
52 142
52 469
53 66
53 329
53 488
54 307
54 414
54 446
55 245
55 420
55 484
56 402
57 326
58 225
58 334
59 198
59 220
59 268
60 271
60 364
61 63
61 125
61 128
61 130
61 162
61 169
61 181
62 326
62 377
63 312
64 319
64 488
65 78
65 273
65 310
65 470
66 244
67 164
67 194
67 240
67 243
68 171
68 365
68 469
69 130
69 220
69 280
69 362
69 399
69 473
70 93
70 128
71 152
72 129
72 174
72 218
73 173
73 206
73 281
73 491
73 498
74 321
74 369
74 443
75 192
75 231
75 243
75 361
75 469
76 84
76 247
76 324
77 448
78 134
78 312
78 449
78 461
79 498
80 112
80 423
81 205
81 419
81 443
82 95
82 265
82 374
82 496
83 313
83 327
83 402
83 404
83 455
83 485
84 235
84 312
84 363
85 213
85 282
85 288
85 463
86 130
86 359
87 158
87 222
87 322
88 121
88 307
89 231
89 267
89 403
90 452
90 458
91 197
91 298
91 314
91 386
92 234
92 267
92 375
93 102
93 146
93 316
93 440
94 157
94 277
94 392
94 426
94 451
94 495
95 392
95 428
95 430
96 141
96 322
96 360
96 375
96 434
96 448
96 472
97 101
97 142
97 226
97 317
97 421
98 114
98 138
98 426
98 441
99 346
99 366
100 337
100 386
101 141
101 253
103 141
103 144
103 489
104 122
104 280
104 304
104 332
105 131
105 232
105 450
106 194
106 298
106 457
106 484
107 330
108 161
108 334
108 442
108 455
108 466
109 303
109 416
109 419
109 466
110 181
110 298
110 397
110 449
111 248
111 253
111 469
111 493
112 145
112 346
112 356
113 159
113 188
113 210
113 365
114 302
114 421
114 480
115 229
115 235
115 318
115 401
115 497
116 261
116 262
116 418
116 423
117 120
118 146
118 241
118 255
118 265
118 375
118 489
119 136
119 335
119 396
120 145
120 269
120 420
120 458
121 235
121 261
121 285
121 301
121 328
121 390
122 153
122 191
122 367
122 438
122 444
123 348
123 359
123 494
124 127
124 263
124 274
125 126
125 267
125 351
125 488
126 187
126 373
127 338
127 408
128 137
128 408
129 395
129 410
129 431
130 210
130 360
130 374
131 171
131 337
131 492
132 184
132 211
132 424
132 425
132 465
133 166
133 237
133 347
133 364
133 392
134 156
134 212
134 479
135 174
136 177
136 181
136 221
136 284
136 459
137 176
137 346
137 474
138 197
138 278
138 466
138 491
139 265
139 266
140 201
140 469
140 486
141 211
142 407
143 217
143 302
143 330
143 374
143 446
144 199
144 317
145 473
146 258
146 282
146 409
146 484
147 299
147 385
147 407
147 418
148 163
148 369
148 456
149 253
149 278
149 318
149 392
150 194
150 233
150 492
151 152
151 320
151 457
153 179
153 210
153 392
154 197
154 361
155 430
155 442
156 232
156 286
156 359
156 466
156 481
157 214
157 229
157 490
158 195
158 457
160 278
160 417
161 188
161 311
161 442
162 177
162 204
162 212
162 248
162 329
163 436
163 452
163 472
164 172
164 250
164 369
165 288
165 343
166 225
166 289
167 328
167 423
167 473
168 174
168 241
169 185
169 187
169 346
170 436
171 297
172 349
173 222
173 271
173 363
175 176
175 236
175 275
175 342
175 410
176 268
176 462
177 336
177 366
177 394
178 330
178 426
179 398
179 495
180 414
181 204
181 237
181 484
182 222
182 224
182 236
182 402
182 414
183 317
183 330
183 462
184 225
184 295
184 499
185 281
185 282
186 245
186 330
186 332
186 355
186 409
186 448
187 213
187 241
187 390
188 277
188 368
188 395
189 254
189 382
190 307
190 414
191 440
192 202
192 244
192 245
192 487
193 195
193 358
193 367
194 249
194 377
195 353
195 412
196 330
197 199
197 249
197 257
197 260
197 291
197 428
198 447
199 211
199 268
199 417
200 228
200 362
200 439
200 470
200 490
201 361
202 267
202 282
202 290
202 344
202 377
203 330
205 282
205 301
205 308
205 476
206 314
206 400
207 491
208 235
208 287
208 443
208 463
209 370
210 352
211 464
212 222
213 301
213 303
213 393
213 469
213 475
214 306
214 362
214 365
215 345
215 478
216 290
216 442
218 311
218 327
218 423
219 280
219 385
219 492
220 394
220 466
220 489
221 298
221 394
222 308
222 379
222 434
223 230
223 246
223 275
223 490
223 493
224 330
224 476
225 402
226 236
226 283
226 463
228 354
228 355
228 363
228 406
228 410
229 230
229 361
230 470
231 245
231 249
231 486
232 289
232 342
232 413
233 332
233 349
233 363
233 369
233 428
234 286
234 423
234 483
236 286
236 386
236 419
237 335
238 345
238 393
240 242
240 286
240 293
240 333
240 363
240 391
240 398
240 440
241 338
241 383
241 490
242 352
242 374
242 388
242 401
243 265
243 278
244 376
245 448
246 371
246 375
246 473
247 292
248 274
248 441
248 448
250 351
250 392
250 458
251 264
251 346
251 374
252 439
253 299
255 260
255 327
255 458
255 470
256 318
256 341
256 366
258 311
258 476
259 284
259 446
259 479
260 344
261 386
261 388
261 454
262 400
262 479
263 267
264 326
264 332
264 413
264 475
268 382
269 396
269 439
270 430
270 497
271 298
271 467
272 317
272 442
273 279
273 472
274 309
274 399
275 327
275 365
275 460
276 317
276 435
276 476
277 459
278 403
278 428
279 294
279 373
279 396
279 489
280 390
280 438
281 361
281 407
281 416
282 412
283 315
283 371
283 382
283 388
284 451
286 296
287 374
287 422
287 491
288 307
288 468
290 390
290 413
291 410
291 470
291 478
292 424
293 427
293 492
295 332
295 408
296 441
296 450
298 361
298 455
299 451
300 455
300 491
301 324
301 347
301 484
302 305
303 475
304 404
304 417
305 332
305 391
305 433
306 365
306 476
308 331
308 357
309 461
310 460
310 463
311 404
312 318
312 340
312 465
314 387
314 460
316 393
316 399
316 473
317 351
317 384
318 490
319 385
319 409
319 479
320 350
321 369
322 383
322 402
323 347
323 405
325 469
326 389
327 422
327 424
327 444
328 351
328 353
329 332
329 395
329 463
329 481
330 427
330 461
330 477
331 356
332 354
332 378
332 383
332 419
332 457
333 337
334 337
334 405
335 355
336 417
337 350
337 453
338 499
340 419
341 485
342 390
343 448
344 366
344 378
346 379
347 427
347 471
347 492
349 372
349 378
349 398
349 410
350 366
351 447
352 450
353 392
353 412
353 459
354 402
355 445
356 402
357 390
357 429
358 363
359 479
360 427
361 382
363 423
363 449
364 413
365 405
368 423
368 495
370 410
372 394
372 404
372 461
372 496
373 470
376 392
376 415
378 388
379 470
380 439
380 460
380 471
381 482
382 425
383 453
385 401
386 394
386 454
387 484
391 465
392 478
393 422
393 429
393 456
394 432
401 476
405 464
405 493
406 428
408 491
411 449
411 453
411 490
411 499
414 459
415 490
417 465
417 469
421 437
421 471
421 482
425 449
425 450
425 462
429 458
433 474
434 488
436 484
439 481
440 494
441 464
450 495
451 457
457 468
459 469
465 469
467 497
488 493
489 496
493 499
0
9 499
