500	974	 1
0 57
0 127
0 253
1 265
2 10
2 29
2 92
2 100
2 178
2 378
3 326
3 384
4 59
4 184
4 282
4 284
4 406
5 7
5 270
5 467
5 483
5 488
6 198
6 272
6 409
7 23
8 17
8 24
8 58
8 205
8 238
9 44
9 104
9 260
10 68
10 373
11 303
11 397
12 108
12 311
12 455
13 23
13 499
14 51
14 187
14 198
14 262
15 121
15 153
15 381
16 166
16 181
16 232
17 384
18 110
18 224
18 260
18 276
18 372
18 497
19 215
19 274
19 373
20 197
20 277
21 57
21 214
21 321
21 404
22 346
23 260
23 348
23 389
23 419
23 446
23 470
24 51
24 348
24 362
25 184
25 185
25 274
25 369
25 482
25 483
26 146
26 185
26 217
26 282
26 400
26 465
27 224
27 301
28 52
28 188
28 231
28 336
28 343
28 356
29 88
29 225
29 482
30 102
30 103
30 169
30 427
31 136
31 437
31 475
32 149
32 203
32 448
33 159
33 309
34 129
34 340
34 458
34 477
35 126
35 300
36 74
36 246
36 319
36 416
36 446
36 466
37 47
37 187
37 256
38 113
38 118
38 228
38 240
38 248
38 376
38 451
39 52
39 391
39 432
40 53
40 80
40 150
40 449
40 465
41 263
41 291
41 371
41 453
42 241
42 292
42 479
43 128
44 161
44 484
45 111
45 169
45 299
45 340
46 89
47 53
47 188
47 287
47 401
48 125
48 374
49 99
49 315
49 334
49 422
49 465
50 52
50 60
50 227
50 243
50 446
51 93
51 169
51 438
52 206
52 269
52 272
52 429
52 469
53 121
53 186
53 198
53 366
54 63
54 219
54 386
55 362
56 183
56 277
56 382
57 77
57 143
57 470
58 268
59 319
59 359
60 66
60 84
60 89
60 310
60 449
60 492
61 89
61 323
62 274
62 441
63 75
63 200
63 458
64 156
64 346
64 377
65 90
65 128
65 137
65 347
66 104
66 345
67 73
67 142
67 215
68 177
68 328
68 394
68 409
68 434
68 484
69 278
69 290
70 83
70 110
70 209
70 244
70 268
70 307
70 402
71 221
71 493
72 136
72 209
72 220
72 274
72 360
72 380
73 77
74 197
75 318
75 440
75 471
75 486
76 398
76 477
77 162
77 303
77 391
78 110
78 136
78 147
78 241
78 415
78 447
79 178
79 335
80 191
80 197
80 206
80 239
81 182
81 283
82 276
82 305
82 341
82 448
82 450
83 139
83 213
83 378
83 436
83 468
84 349
84 397
85 273
85 289
85 324
85 347
85 358
85 499
86 331
86 404
86 422
87 128
87 390
88 241
88 247
89 150
89 175
89 233
89 459
89 499
90 360
90 419
91 119
91 321
91 490
92 310
92 321
92 330
92 376
93 176
93 265
93 329
93 396
94 184
94 354
94 428
94 474
94 481
95 209
95 305
95 313
95 387
95 445
96 147
96 157
96 303
96 469
97 138
98 125
98 160
98 165
98 231
98 241
98 286
98 404
98 411
98 422
98 427
98 454
98 497
99 158
99 313
99 424
100 227
100 284
100 481
101 282
101 354
102 107
102 170
102 194
102 294
103 151
103 252
104 374
104 401
104 453
105 200
105 232
105 244
105 338
105 349
106 117
106 190
106 277
106 349
106 388
106 441
106 467
107 279
108 131
108 216
108 423
108 486
109 156
109 307
109 439
109 470
109 488
110 199
110 209
110 312
111 271
111 312
112 311
113 494
114 126
114 257
114 325
114 385
115 205
115 285
115 335
115 472
116 227
116 310
116 324
117 208
117 356
117 395
117 455
118 330
118 368
119 138
119 416
119 469
120 200
120 248
120 280
120 430
120 452
120 476
120 478
121 292
121 426
122 177
122 332
122 434
123 172
123 321
123 349
124 497
125 200
125 237
125 392
125 444
125 470
125 491
126 151
127 211
127 459
128 265
128 380
129 477
130 140
130 258
130 478
131 198
131 230
131 275
131 320
131 371
131 393
132 455
133 139
133 168
133 219
133 398
134 350
134 352
134 372
134 496
135 178
135 298
135 349
135 417
136 308
137 148
137 200
137 214
138 192
138 327
138 344
138 452
139 298
140 251
140 260
141 262
141 486
142 386
143 150
143 160
144 152
144 165
144 288
144 305
144 421
145 158
145 300
145 304
145 421
146 285
146 330
146 475
146 485
147 456
147 481
148 164
148 341
148 439
148 470
149 318
149 412
150 161
150 286
151 214
151 263
151 268
151 271
151 491
152 485
153 292
153 349
153 404
154 259
154 418
155 345
155 385
156 271
157 168
157 336
157 383
157 420
157 481
159 282
159 483
160 229
160 246
160 344
160 380
160 444
160 461
160 464
161 372
162 321
162 370
162 423
162 440
162 460
162 487
163 351
163 369
163 399
163 489
164 398
165 191
165 261
165 480
166 425
166 474
166 488
166 491
167 200
167 369
168 305
169 272
170 327
170 385
171 269
171 288
171 315
172 260
172 454
173 264
173 343
173 369
174 263
174 394
174 411
174 473
175 487
176 368
176 378
177 406
178 357
178 369
178 370
178 480
179 460
180 246
181 204
181 223
181 268
181 293
181 385
181 386
182 257
183 325
183 331
183 410
185 203
185 224
185 438
186 337
186 353
186 491
187 417
189 451
190 220
190 240
191 216
191 349
191 379
191 413
192 242
192 486
193 365
193 401
193 412
194 324
195 207
195 215
195 254
195 454
196 243
196 449
196 457
197 267
197 281
197 283
197 376
199 303
199 342
200 213
200 265
200 295
200 420
200 428
201 278
202 254
202 279
202 401
202 425
203 360
203 371
203 413
204 349
204 393
204 436
205 360
205 441
206 296
206 466
206 491
207 252
207 427
208 309
208 429
209 271
209 425
209 469
210 433
211 335
212 214
212 243
212 302
212 378
213 310
213 459
214 414
214 448
215 264
216 381
216 406
216 471
216 479
217 226
217 382
217 387
217 485
218 333
218 388
220 364
220 407
221 298
221 315
222 435
222 438
223 230
224 252
224 304
224 330
224 442
224 490
225 271
225 331
225 365
225 416
225 495
226 376
226 433
227 314
227 369
227 483
228 255
229 404
229 432
229 460
230 320
231 425
231 478
231 487
232 237
233 334
234 350
234 407
235 252
236 372
236 462
237 239
238 434
238 471
239 279
239 307
239 437
239 471
241 255
241 300
241 426
241 442
241 481
241 491
243 300
243 456
244 266
244 331
244 401
245 414
247 413
249 296
249 367
249 383
249 452
250 265
250 325
250 391
251 270
251 298
252 278
252 345
252 460
252 486
253 397
253 455
253 483
254 495
255 273
255 289
256 313
256 331
256 354
258 385
259 281
259 305
260 379
260 490
261 322
262 288
263 287
263 299
263 325
263 338
264 318
264 457
265 301
265 377
265 388
265 409
265 442
266 393
267 292
267 301
267 356
267 358
268 282
268 469
270 288
272 280
274 389
274 421
275 333
276 339
276 356
276 411
277 346
278 429
278 455
280 454
281 407
281 498
282 345
282 362
283 464
283 470
284 364
284 428
284 494
285 375
287 407
287 432
287 469
288 390
288 429
289 326
290 355
290 407
290 431
290 463
291 313
291 402
293 333
293 437
294 370
294 466
295 340
295 478
296 353
296 361
296 386
297 333
297 342
297 491
297 495
298 417
301 459
301 493
302 435
303 327
303 426
304 307
304 449
304 499
306 340
306 487
308 322
308 382
308 409
309 333
310 316
310 384
310 420
310 443
311 388
311 389
311 469
312 418
313 405
314 344
314 451
314 473
315 401
315 457
316 434
316 438
317 361
317 420
318 322
318 363
319 395
320 349
320 454
320 475
321 332
321 386
321 400
322 375
322 445
323 399
323 438
324 377
324 407
324 457
324 477
324 479
324 498
325 344
326 389
326 446
327 395
327 458
327 480
328 386
329 421
330 440
331 351
331 403
331 463
332 460
334 339
337 370
337 389
337 403
338 346
338 360
339 465
340 350
341 412
342 455
342 473
343 350
343 498
344 397
345 492
346 489
347 389
348 379
348 390
348 461
349 354
349 463
351 379
353 424
358 363
359 486
360 363
361 434
361 458
361 488
362 456
362 484
365 400
367 455
369 408
369 416
370 439
371 429
372 381
372 406
372 431
372 478
372 491
373 419
373 456
374 399
374 401
374 411
374 477
375 476
376 485
377 419
377 463
378 453
379 466
381 418
382 459
382 471
383 477
384 440
386 428
387 394
387 491
390 413
393 399
393 476
394 396
394 462
395 423
396 485
397 451
402 430
402 466
403 491
404 462
404 482
407 445
408 425
410 467
413 436
415 437
423 439
424 459
435 443
437 468
443 478
444 497
449 456
453 465
463 477
471 480
474 496
481 483
0
9 499
