500	1000	 1
0 4
0 307
1 121
1 159
1 289
1 292
1 336
2 150
2 460
3 97
3 158
3 202
3 360
3 382
3 424
4 15
4 59
4 63
4 396
4 461
5 113
5 309
5 324
5 347
5 380
6 126
6 275
6 414
6 421
7 23
7 53
7 289
8 143
8 220
8 310
8 338
8 347
9 13
9 17
9 352
10 99
10 168
11 44
12 107
12 156
12 257
12 392
12 450
12 463
13 451
13 487
14 276
14 406
15 284
16 63
16 329
16 391
16 450
17 117
17 140
17 359
18 58
18 153
18 184
18 240
18 328
18 343
19 263
19 453
19 465
20 101
20 218
21 342
21 429
21 482
22 32
22 434
23 252
23 346
23 411
23 466
23 472
24 127
24 254
24 330
24 339
24 378
24 438
25 31
25 331
26 36
26 75
26 261
27 72
27 103
27 295
27 327
28 151
28 179
29 138
29 218
30 117
30 212
30 250
30 343
30 436
31 94
31 132
31 192
31 202
31 401
31 414
32 44
32 96
33 318
33 420
33 434
33 435
34 37
34 56
34 216
34 242
34 261
35 498
36 179
36 335
37 202
37 206
38 132
38 162
38 318
38 360
38 387
38 470
39 174
39 264
39 324
39 434
40 175
40 219
40 220
40 277
40 324
41 60
41 137
42 85
42 102
42 158
42 369
42 474
43 137
43 295
44 265
44 340
44 370
44 376
44 416
44 456
44 464
45 156
45 347
45 399
45 474
46 148
46 280
46 336
47 231
47 385
47 423
48 96
48 201
48 246
48 279
49 111
49 114
49 227
49 239
49 327
50 129
50 200
50 477
51 174
51 353
51 371
52 148
52 155
52 396
52 407
52 409
52 433
52 485
53 98
53 178
54 387
55 174
55 388
55 394
55 417
55 442
55 458
56 89
56 381
57 323
58 79
58 129
58 155
59 243
59 259
59 323
59 382
60 180
60 233
60 483
61 138
61 168
61 382
62 76
62 270
62 411
63 251
63 378
63 393
63 457
63 465
64 90
64 208
64 422
65 76
65 134
65 142
65 222
65 244
65 368
65 437
66 71
66 351
66 478
67 73
67 150
67 259
67 307
67 473
68 83
68 147
68 183
68 418
68 423
68 427
69 217
69 308
69 339
69 448
69 471
70 85
70 288
70 359
70 396
71 295
71 451
72 357
73 140
73 490
74 81
74 133
74 157
74 288
74 350
75 131
75 154
75 263
75 314
75 341
76 145
76 448
76 474
77 84
77 166
77 199
77 260
77 405
78 294
78 415
78 420
78 431
79 110
79 173
79 183
79 258
79 393
79 412
80 158
80 224
80 259
80 451
81 150
81 182
81 186
81 456
82 262
82 294
83 164
83 187
83 198
83 265
84 134
84 212
84 410
84 433
84 445
84 463
85 113
85 411
85 444
86 130
86 183
86 212
86 392
87 127
87 371
88 112
88 362
88 404
89 175
89 228
89 300
89 342
89 495
90 129
90 131
90 160
90 220
90 359
90 375
90 377
91 338
91 412
92 136
92 221
92 340
93 94
93 103
93 154
93 320
93 375
93 396
94 132
94 159
94 473
95 146
96 291
97 157
97 185
97 305
97 457
98 241
98 328
98 455
99 103
99 291
99 490
100 408
100 426
100 468
101 388
102 105
102 171
102 210
102 299
102 314
102 319
102 401
103 151
103 170
103 216
103 385
104 262
104 282
104 443
104 498
105 154
105 368
106 198
106 354
106 468
106 481
107 270
107 454
108 219
108 343
109 191
109 334
109 477
110 111
110 332
111 291
111 398
112 149
112 201
112 233
112 238
112 243
113 140
113 152
113 198
113 213
113 282
113 303
114 186
114 254
114 333
115 139
115 304
115 309
115 314
115 497
116 162
116 214
116 273
116 289
116 401
116 469
116 470
117 171
117 324
117 327
117 453
118 171
118 331
119 398
119 455
120 151
120 347
120 453
121 146
121 246
121 464
122 133
122 323
123 445
124 279
124 338
124 348
124 394
125 208
125 311
125 432
126 196
127 224
127 454
127 466
128 163
130 489
132 141
132 395
132 471
133 253
133 291
133 497
134 228
134 318
135 161
135 339
136 232
136 247
136 308
136 316
136 365
136 467
137 375
137 378
137 460
138 396
139 457
140 392
141 199
141 225
141 465
142 198
142 239
143 297
143 422
143 434
143 467
144 174
144 326
144 406
144 497
145 254
145 280
145 347
145 428
145 435
145 446
145 452
146 298
146 392
147 240
147 426
147 431
148 459
148 499
149 226
149 238
149 291
149 343
149 429
149 490
150 156
150 419
151 446
151 455
152 188
152 356
152 384
153 238
153 437
153 463
154 206
154 242
154 307
155 332
155 372
157 257
157 258
157 325
157 378
157 438
158 226
158 296
158 448
159 274
159 289
159 326
159 350
159 375
160 220
161 414
162 318
162 363
163 180
163 270
164 240
164 257
165 346
165 380
165 480
166 178
166 208
166 350
166 434
167 249
167 427
167 486
168 478
169 278
169 290
170 246
170 361
171 336
172 195
172 252
173 255
173 312
173 337
174 357
174 408
175 225
175 261
175 473
176 493
177 249
177 295
177 301
177 443
178 469
179 212
179 412
180 297
180 340
181 232
181 354
181 410
182 320
182 370
183 285
183 346
184 229
184 240
184 388
184 416
184 472
185 272
186 216
186 257
187 230
187 234
187 280
188 239
188 383
188 466
189 282
189 402
189 480
190 284
191 288
191 324
191 330
192 263
192 314
192 405
193 365
194 341
194 471
195 371
195 488
196 248
196 254
196 497
197 240
197 273
197 386
197 435
197 436
198 315
199 204
199 217
199 382
199 429
199 473
200 304
201 238
201 303
202 250
202 326
203 276
203 482
203 488
203 494
204 298
204 432
205 211
205 304
205 358
206 366
206 398
206 495
207 277
208 210
208 358
209 334
209 362
209 370
209 401
210 347
210 435
210 474
210 483
211 323
211 334
211 376
212 407
212 446
213 217
213 277
213 289
213 303
213 475
214 239
214 386
215 310
215 396
215 465
215 494
215 499
216 443
217 297
217 317
217 475
218 256
218 293
218 295
220 421
221 315
221 478
222 439
222 498
223 479
224 265
228 379
229 311
230 244
230 348
231 405
231 415
232 333
232 367
234 286
235 479
236 366
236 407
236 447
236 459
237 447
237 457
237 468
239 242
239 245
239 276
239 352
239 467
239 488
239 498
240 334
240 427
240 436
241 396
241 420
242 391
243 249
243 340
244 416
244 460
244 491
245 277
246 308
246 338
246 476
247 275
247 344
248 413
249 304
249 499
250 260
250 362
251 302
252 284
253 401
254 403
255 412
255 483
256 269
256 288
256 343
256 408
257 278
257 305
257 430
257 434
257 452
258 281
258 350
258 443
258 450
259 359
259 394
259 398
262 267
262 311
264 298
264 486
265 384
266 269
266 278
266 456
267 338
267 376
267 463
267 471
268 343
268 471
269 309
269 365
269 418
270 407
270 440
271 292
271 312
271 377
271 413
272 499
273 443
274 432
274 477
275 308
276 315
276 322
276 348
276 366
278 308
278 354
278 355
279 283
279 335
279 384
279 404
279 415
280 368
281 333
281 380
282 313
282 475
282 480
283 451
284 287
284 379
285 324
285 370
285 464
288 489
290 291
291 389
291 412
291 457
292 294
292 296
292 325
293 304
293 370
293 462
294 326
294 411
294 449
295 393
296 387
296 460
297 461
299 387
299 474
300 356
300 408
300 474
301 355
301 425
302 307
304 388
304 481
305 312
305 405
305 437
306 307
306 474
309 397
309 461
311 351
311 369
311 391
312 463
313 341
313 401
313 426
313 442
313 481
315 372
316 321
318 320
318 353
321 344
321 354
321 399
321 435
321 481
322 436
322 452
322 480
323 334
323 353
323 400
323 473
324 338
324 418
324 439
325 430
326 342
326 403
327 345
327 470
327 491
328 344
328 366
328 424
331 396
331 413
332 358
334 415
334 462
334 473
335 364
335 426
337 360
337 443
339 352
339 380
339 390
339 400
339 444
340 361
340 377
340 450
343 441
344 372
344 402
344 483
345 366
345 463
347 369
347 394
348 424
349 455
350 469
350 480
351 365
353 476
354 356
354 484
355 460
356 365
357 394
359 438
361 427
363 405
363 406
364 376
364 479
365 427
365 463
366 391
366 397
366 411
367 376
367 425
367 457
367 497
369 421
370 411
371 446
373 376
373 412
373 455
373 466
373 485
374 458
376 494
377 413
377 429
377 490
379 456
381 498
382 452
383 435
384 433
387 478
388 430
388 474
391 419
391 447
391 495
392 409
392 450
392 477
393 420
395 499
396 402
398 492
400 487
403 489
405 439
407 444
407 454
408 485
412 424
412 479
412 496
414 438
414 447
414 481
417 471
417 474
418 476
419 465
420 466
423 498
425 481
430 495
432 486
433 440
433 499
435 459
437 451
438 446
445 488
454 496
460 486
462 474
464 477
466 493
474 478
474 499
476 482
484 488
484 496
0
9 499
