500	986	 1
0 232
0 249
0 306
1 12
1 174
1 462
2 92
2 262
2 365
2 397
3 81
3 104
3 213
3 247
3 258
3 289
3 351
3 466
4 48
4 148
4 163
4 192
5 11
5 270
5 481
6 60
6 64
6 270
6 284
6 354
7 21
7 97
7 183
8 47
8 73
8 224
9 301
9 408
10 61
10 96
10 243
10 442
11 16
11 483
12 79
12 180
13 38
13 158
13 496
14 163
14 164
14 436
14 440
15 260
15 435
16 85
17 23
17 105
17 313
17 480
18 62
18 164
18 314
19 179
19 258
20 106
20 379
21 46
21 392
21 412
21 472
22 192
22 387
22 457
23 485
24 44
24 376
24 454
24 477
25 194
25 198
25 247
25 309
25 382
25 397
26 30
26 98
26 102
26 132
26 169
27 31
27 80
27 117
27 119
27 165
27 389
28 74
28 84
28 92
28 339
28 380
29 80
29 231
29 274
29 400
30 112
30 117
30 228
30 252
30 449
31 116
31 161
31 231
31 242
31 331
32 116
32 136
32 339
33 367
34 145
35 163
35 245
35 359
36 128
36 165
36 182
36 257
36 371
37 54
37 89
37 163
38 133
38 168
38 194
38 242
38 394
38 484
39 40
39 67
39 82
39 218
39 365
39 413
40 351
40 479
41 208
41 305
42 64
42 76
42 90
42 137
42 141
42 384
42 459
43 65
43 292
43 312
44 291
44 336
44 440
44 461
45 204
45 286
45 330
45 470
46 69
46 129
46 136
46 138
46 218
46 243
46 364
47 121
47 188
47 236
47 238
47 343
47 371
47 411
47 427
47 431
47 477
48 66
48 288
48 290
49 68
49 96
49 328
49 431
50 138
50 147
50 199
50 225
50 247
50 359
50 492
51 107
51 150
52 167
52 198
52 270
52 371
52 436
53 157
53 188
53 310
54 80
54 112
54 362
55 396
55 497
56 76
56 91
56 116
56 341
56 414
57 192
57 322
57 387
58 60
58 67
58 399
58 404
58 412
58 481
59 266
59 285
59 338
59 425
60 150
61 77
61 315
61 410
61 420
62 269
63 86
63 93
63 212
63 254
63 309
63 417
64 365
64 468
65 87
65 203
66 71
66 215
66 347
67 311
67 323
67 350
67 434
67 484
67 486
68 240
68 343
68 354
68 357
68 438
69 252
69 426
69 451
70 131
70 285
70 318
70 436
71 159
72 104
72 125
72 193
72 468
73 162
73 195
73 204
73 260
73 336
74 162
74 316
74 480
75 98
76 199
76 409
76 418
77 114
77 180
77 396
78 98
80 142
80 460
81 374
81 444
81 483
81 486
83 117
83 330
83 410
83 445
83 486
84 216
84 234
84 329
84 409
85 104
85 143
85 294
85 389
86 119
86 139
86 153
87 100
88 127
88 476
89 116
89 205
89 392
90 179
90 234
90 363
90 472
91 325
91 342
92 407
92 434
93 135
93 149
93 187
93 252
93 331
93 419
94 107
94 356
94 369
94 460
95 103
95 269
95 356
95 490
96 114
96 121
96 129
96 351
97 148
97 153
97 272
97 369
98 315
98 373
99 189
99 241
99 290
99 365
99 490
100 142
100 338
100 444
100 480
101 117
101 273
101 322
102 126
102 363
102 471
103 290
104 249
104 266
104 424
104 452
105 211
105 257
105 310
105 320
105 363
107 212
107 312
108 163
108 207
108 321
108 455
109 427
110 277
110 333
110 398
110 453
111 292
111 335
111 426
112 126
112 230
112 236
112 292
112 345
112 404
113 437
114 453
115 278
117 174
117 266
117 316
117 368
117 484
118 263
118 381
118 392
119 382
119 408
120 174
120 317
120 467
121 166
121 174
121 236
122 203
122 277
122 312
122 401
122 439
122 480
123 168
123 456
124 150
124 165
124 252
124 444
125 154
125 271
125 311
125 328
125 367
127 353
128 442
129 442
129 470
130 229
130 279
130 371
130 440
131 132
131 298
131 343
131 450
132 258
132 335
132 482
133 154
133 444
133 466
134 164
134 188
134 253
134 373
135 136
136 409
137 259
138 326
138 457
138 477
139 187
139 310
139 383
139 427
139 487
140 362
140 367
140 412
140 429
141 224
142 151
142 254
143 233
143 499
144 176
144 336
144 481
145 424
146 310
146 355
147 222
147 295
147 350
147 468
148 281
148 449
149 234
149 354
149 450
150 226
150 427
150 479
150 482
151 183
151 264
151 300
151 484
152 174
152 217
152 244
152 277
152 421
152 464
153 456
154 178
154 203
154 317
155 198
155 224
155 449
156 205
156 388
156 396
157 340
157 350
157 448
158 219
158 266
158 353
159 195
159 204
159 347
159 363
159 444
159 468
160 410
161 232
161 302
162 176
162 305
162 346
162 389
162 423
163 404
164 223
164 248
164 337
164 385
164 409
165 193
165 256
165 412
166 207
166 375
166 393
166 470
168 187
168 189
168 439
170 296
170 356
170 360
171 395
171 435
172 226
172 433
173 255
173 321
174 437
175 210
175 222
175 345
175 494
176 366
177 337
177 416
177 485
178 409
178 445
178 449
179 358
179 377
179 461
180 383
180 446
181 413
181 469
182 188
182 352
182 452
182 454
184 243
184 312
184 323
185 391
185 393
185 469
186 316
186 398
186 439
187 208
187 258
187 404
188 274
188 293
188 325
188 436
189 203
189 252
189 447
189 450
190 227
191 192
191 242
191 350
191 372
192 266
192 384
193 251
193 279
193 411
193 422
193 452
194 196
194 417
194 430
195 299
195 442
196 255
196 282
196 371
197 468
198 227
198 237
198 479
199 384
200 352
201 364
202 228
202 440
203 315
203 394
205 225
205 422
205 474
206 232
206 250
206 280
206 440
207 247
207 312
207 405
207 423
209 328
209 389
209 438
210 278
210 350
210 464
211 260
211 283
211 390
211 474
211 479
211 494
212 361
212 406
212 442
213 225
213 411
213 471
214 273
214 310
215 292
215 300
216 446
216 488
217 319
218 231
218 270
218 271
218 357
218 447
219 359
219 485
220 303
220 329
220 331
221 254
221 410
222 399
223 317
223 477
223 498
224 293
224 337
225 278
225 338
225 489
226 355
227 338
229 334
229 446
230 344
230 387
232 287
232 332
233 380
233 396
233 473
235 254
235 268
235 297
235 461
237 249
237 262
238 300
238 456
239 269
240 246
240 261
241 460
242 273
242 337
242 408
242 477
243 414
244 274
244 282
244 440
245 256
246 328
246 352
246 438
246 476
247 494
248 278
248 280
248 411
248 452
249 259
249 269
249 306
249 397
249 429
249 466
250 363
251 397
251 413
251 432
252 362
252 438
252 447
252 493
253 397
254 279
254 376
255 334
256 366
257 267
257 328
258 284
258 489
259 267
259 291
259 325
259 431
259 478
259 486
260 281
260 465
260 495
261 276
261 289
261 413
263 425
264 276
264 303
265 460
266 375
267 310
267 345
267 445
268 277
268 448
269 303
269 419
269 470
271 487
272 323
272 377
273 307
273 453
274 288
275 294
275 349
275 431
275 489
276 418
276 490
277 351
277 412
278 327
279 336
279 392
279 398
279 492
280 287
280 378
280 391
281 359
282 293
282 295
282 357
282 397
283 374
283 398
286 322
286 384
287 324
287 440
289 363
290 293
290 334
290 383
290 409
290 462
291 457
291 497
292 337
293 333
294 423
294 478
295 402
295 424
296 450
297 337
297 467
298 337
298 405
299 321
301 467
302 492
304 351
304 448
305 323
305 367
305 402
306 425
306 460
307 372
308 377
308 412
309 459
309 488
310 341
310 363
310 385
310 466
311 429
313 401
313 433
313 465
313 497
314 457
314 465
315 415
315 417
315 498
316 406
316 416
317 348
318 467
318 492
319 324
319 330
319 341
320 355
320 381
320 424
321 345
321 433
321 441
324 370
325 332
325 422
328 394
330 491
331 334
331 472
332 396
332 426
333 487
335 432
336 385
337 444
337 491
339 372
339 381
340 426
341 497
342 401
342 445
342 475
343 428
343 449
345 429
347 383
347 401
348 493
349 374
349 400
350 475
351 442
351 476
352 476
355 397
356 388
356 437
359 409
360 398
361 427
362 494
363 373
363 379
364 410
364 425
366 462
367 444
368 386
370 468
371 439
373 427
374 416
376 392
379 401
380 439
380 493
382 391
382 453
382 466
386 397
386 424
387 428
387 470
387 490
388 426
389 439
389 440
391 474
393 480
395 465
396 399
396 456
397 488
398 443
398 476
399 406
399 447
399 498
400 422
401 463
403 439
403 447
405 459
406 469
407 426
411 428
412 456
416 489
417 448
417 464
418 438
421 460
422 487
425 472
427 458
428 473
430 461
431 445
434 491
435 438
435 458
437 491
440 453
440 496
442 445
446 469
449 493
451 471
454 480
455 458
460 483
461 462
462 491
463 471
463 477
467 476
469 493
472 473
0
9 499
