500	1003	 1
0 65
0 132
0 170
0 314
0 319
0 425
0 477
1 51
1 52
1 62
1 323
2 212
2 284
2 354
3 31
3 190
4 244
4 279
4 283
4 315
5 136
5 314
5 382
6 57
6 135
6 159
6 296
6 363
6 398
7 76
7 87
7 98
7 107
7 265
7 377
8 82
8 94
8 193
8 257
8 308
8 313
8 327
8 381
8 470
9 12
9 32
9 237
9 371
10 158
10 227
10 325
10 409
11 22
11 24
11 50
11 227
12 16
12 208
12 361
12 471
13 25
13 203
13 315
14 60
14 77
14 155
14 288
14 441
14 442
14 449
14 466
14 469
15 117
16 187
16 393
17 61
17 446
18 61
18 192
18 323
19 78
19 127
19 260
19 307
19 330
20 119
20 128
20 174
20 237
21 48
21 171
22 413
23 131
23 265
23 286
23 422
23 436
24 193
24 265
24 425
24 444
25 329
26 28
26 53
26 309
26 387
26 421
26 445
26 490
27 179
27 208
27 267
27 279
27 285
27 331
28 263
29 95
29 310
29 478
30 168
30 280
30 431
30 485
32 306
32 417
33 49
33 315
33 330
33 396
34 53
34 210
34 253
34 351
34 460
35 42
35 80
35 175
35 269
35 301
35 377
36 61
36 156
36 307
36 367
36 404
37 211
37 230
37 252
37 271
37 325
38 141
38 190
38 312
38 337
38 499
39 188
39 329
39 439
39 471
40 97
40 200
40 240
40 262
40 452
40 499
41 134
41 157
41 195
41 330
41 443
41 449
41 464
42 244
42 252
42 493
43 272
43 290
43 418
44 413
44 449
45 155
45 213
45 222
45 301
45 432
45 485
46 71
46 299
46 349
47 119
47 185
47 326
47 334
47 450
48 101
48 277
48 325
48 422
49 302
49 442
50 186
50 194
50 262
51 119
51 121
51 295
52 420
53 148
53 152
53 205
53 280
53 344
53 422
54 449
55 65
55 227
55 242
55 399
55 437
56 154
56 205
56 211
57 88
57 111
57 180
57 370
57 434
58 119
58 229
58 317
58 382
58 479
59 75
59 102
59 134
59 235
59 251
60 212
60 225
61 191
61 347
62 101
62 107
62 215
62 225
62 421
63 302
63 336
63 375
63 438
63 488
64 212
64 227
64 261
64 307
65 167
66 223
66 419
66 459
67 133
67 134
67 283
67 345
67 385
67 406
68 219
68 270
68 471
69 98
69 101
69 107
69 234
69 336
69 490
70 113
70 133
70 220
70 281
70 416
70 451
70 476
71 408
71 430
71 492
72 94
72 123
72 476
73 246
73 346
73 400
73 468
74 138
74 195
74 420
74 427
74 458
75 184
75 203
75 385
75 403
76 227
76 294
76 362
76 392
76 417
76 434
77 130
77 258
78 304
78 340
78 403
78 426
78 436
79 94
79 105
79 296
79 349
79 481
80 337
80 339
80 435
81 207
81 298
81 409
82 313
82 345
82 396
82 404
83 187
83 264
83 375
84 94
84 164
84 235
84 270
84 306
84 355
84 457
85 112
85 367
86 107
86 133
86 165
86 478
87 151
87 160
87 312
87 340
87 370
88 112
88 393
88 426
88 439
89 98
90 96
90 110
90 298
90 410
91 126
91 221
91 402
92 259
92 266
92 305
93 178
93 229
93 372
93 439
94 144
94 208
94 253
94 255
94 327
94 330
94 351
95 354
97 490
99 176
99 430
99 456
100 226
100 250
100 402
100 406
100 444
100 494
101 252
102 103
102 345
102 358
103 133
103 279
103 353
103 414
103 470
104 115
105 307
105 459
106 241
106 445
106 475
107 160
107 349
107 395
107 417
107 433
108 126
108 236
108 323
109 129
109 157
109 247
109 284
109 333
110 259
110 386
110 444
110 482
110 484
111 372
111 422
112 125
112 295
112 326
112 408
112 434
113 165
113 178
113 231
113 293
114 179
114 227
114 309
114 486
115 204
115 335
115 387
116 167
116 212
117 215
117 239
117 254
118 139
118 185
118 441
119 475
120 370
120 495
121 134
122 151
123 266
123 382
124 135
124 307
125 279
125 330
125 386
125 470
127 218
127 383
127 475
128 140
128 309
128 344
128 432
128 475
129 275
129 286
129 493
130 339
130 362
130 480
131 392
132 302
133 236
133 293
134 279
134 312
135 347
135 437
136 322
136 359
136 444
137 188
137 337
138 229
139 184
139 240
139 260
139 314
139 414
140 215
140 273
140 278
140 394
141 370
142 325
142 382
142 424
143 151
143 462
144 217
144 439
145 206
145 243
145 446
145 458
146 179
146 327
146 393
147 247
147 467
147 484
148 380
149 213
149 313
149 362
149 432
150 349
151 207
151 492
152 213
152 408
153 354
153 391
154 198
154 233
154 294
154 353
154 406
156 189
156 282
156 294
156 392
157 382
157 448
157 484
158 246
158 394
160 271
160 278
160 307
160 365
160 375
161 183
161 354
162 324
162 326
162 360
163 174
163 209
163 323
163 436
164 204
164 263
164 453
165 209
165 416
166 211
166 403
166 410
166 451
166 485
167 251
167 289
167 342
167 377
167 457
168 278
168 409
168 428
168 485
169 261
169 287
169 306
169 329
169 339
169 464
170 360
170 472
171 175
171 275
171 488
172 271
172 327
172 378
173 263
173 268
173 289
173 390
174 381
174 399
175 287
175 314
175 477
175 493
176 356
176 395
177 226
177 249
177 316
179 189
179 347
179 391
180 394
181 265
181 451
181 497
182 307
182 336
182 446
183 291
183 389
184 361
185 222
185 338
185 387
188 232
188 340
188 384
189 293
189 299
190 305
190 372
191 255
191 287
191 479
191 498
192 193
192 210
192 384
192 385
192 499
193 194
193 263
194 263
195 331
196 210
196 234
196 263
197 274
197 400
197 401
197 463
197 486
198 250
198 438
199 463
200 236
200 263
201 236
201 256
202 355
202 393
202 461
203 312
204 226
204 303
204 378
205 295
205 447
206 308
206 333
206 437
208 275
208 344
209 436
210 338
210 390
210 418
211 333
211 346
211 414
211 487
213 217
213 359
214 223
214 319
214 430
214 480
215 235
215 259
216 236
216 358
216 479
217 274
217 320
217 345
217 358
217 388
217 409
218 261
218 296
218 316
219 235
219 336
219 435
219 451
220 303
221 412
221 471
222 356
223 241
223 336
224 424
225 473
226 448
226 479
227 325
227 396
228 270
228 302
228 318
228 473
230 445
230 451
230 460
231 234
232 442
233 391
234 485
235 275
235 487
236 281
237 260
237 277
238 325
239 280
239 283
240 272
241 252
241 339
241 391
241 419
241 430
242 283
242 454
243 271
243 296
243 331
244 428
244 465
245 260
245 343
245 376
245 464
246 321
246 452
247 350
248 338
248 368
249 295
250 276
250 382
250 486
250 499
251 445
252 303
252 456
253 480
253 492
254 294
254 467
255 392
256 398
256 440
257 426
259 471
260 397
260 400
260 423
260 463
262 303
262 458
263 278
264 343
265 327
265 353
265 395
265 438
266 290
267 407
267 474
268 296
268 382
269 480
269 496
270 447
272 402
273 420
273 492
274 326
274 421
274 422
275 300
276 367
276 435
277 476
278 331
278 334
280 303
280 319
281 403
281 405
281 489
282 298
282 358
282 489
283 288
283 425
283 488
284 408
284 477
286 316
286 477
287 289
287 332
287 334
289 380
290 319
290 365
290 439
290 446
290 485
291 412
291 459
292 332
292 389
292 462
293 433
294 304
294 386
295 460
296 445
297 354
297 412
298 305
298 437
298 499
299 336
299 445
299 453
301 310
301 390
301 450
303 437
303 445
303 474
304 388
306 350
307 489
308 427
308 466
308 481
309 324
311 329
311 456
312 375
312 404
312 418
312 419
313 327
313 403
314 455
315 407
317 432
317 446
317 465
318 349
318 366
319 329
319 414
319 487
320 364
320 378
321 404
324 339
324 468
324 482
325 435
325 473
328 341
328 374
329 409
331 333
331 357
331 446
335 497
337 449
338 391
338 443
338 491
339 490
340 355
341 381
341 442
343 345
343 377
345 347
345 366
345 412
345 498
346 348
346 364
347 348
348 369
348 402
348 409
349 398
349 461
349 483
351 374
351 437
351 470
352 425
355 394
355 436
355 442
356 367
357 488
358 374
358 480
359 460
360 424
361 485
363 441
363 483
364 375
364 387
364 399
364 447
365 486
366 405
369 422
369 436
369 454
369 471
370 396
370 421
371 419
371 454
371 496
372 421
373 391
373 402
373 437
375 380
376 413
376 485
378 390
379 480
380 394
381 408
381 467
382 432
383 430
384 485
387 452
389 495
390 446
393 405
394 443
395 422
396 434
396 442
397 495
398 487
399 459
400 462
403 451
407 485
410 473
411 460
411 475
412 420
412 451
415 431
415 487
416 483
418 461
419 424
419 458
422 484
423 481
424 475
427 468
428 429
429 497
430 446
430 457
441 447
442 481
443 472
448 489
452 494
453 474
454 460
457 480
467 476
468 491
473 482
479 487
479 495
0
9 499
