500	1058	 1
0 31
0 59
1 69
1 139
1 169
1 213
1 267
1 308
2 215
2 275
2 291
2 490
3 41
3 145
3 171
3 315
3 339
3 362
4 58
4 322
4 352
4 469
5 63
5 96
5 97
5 113
5 284
5 448
6 202
6 465
6 475
7 55
7 121
7 479
8 55
8 66
8 192
8 316
8 331
8 378
9 165
10 48
10 292
10 423
11 27
11 152
11 453
12 148
13 92
13 104
13 131
13 334
14 165
14 334
14 447
14 484
15 48
15 53
15 120
15 127
15 241
15 471
16 60
16 183
16 472
17 91
17 340
18 256
18 340
18 472
19 101
19 312
19 422
20 80
20 104
21 37
21 51
21 80
21 237
21 287
22 43
22 49
22 114
22 120
22 121
22 177
22 202
22 293
22 396
23 280
23 403
24 57
24 88
24 158
24 291
24 373
24 426
25 35
25 221
25 282
26 71
26 103
26 148
26 364
27 53
27 304
27 481
28 73
28 104
28 118
28 217
28 420
28 435
28 497
29 99
29 280
29 322
29 418
30 70
30 442
30 496
31 120
31 179
31 194
31 271
32 195
32 240
32 258
32 411
32 492
33 229
33 294
34 142
34 174
34 187
34 207
34 213
34 372
35 142
35 317
35 397
36 83
36 101
36 213
36 337
36 343
37 40
37 164
38 282
38 499
39 59
39 197
39 262
39 308
40 61
40 164
40 197
40 413
41 161
41 178
41 236
41 327
41 432
42 77
42 80
42 100
42 403
42 441
42 487
43 133
43 202
43 419
44 106
44 112
44 258
44 346
44 364
44 380
44 413
45 57
45 159
46 82
46 139
46 402
46 407
46 453
47 78
47 121
47 134
47 249
47 283
48 229
48 240
48 312
49 437
50 301
50 471
50 497
51 71
51 150
51 237
52 253
52 263
52 373
52 497
53 80
53 93
53 194
53 206
54 405
55 60
55 71
55 111
55 116
55 164
55 244
55 299
55 336
55 398
55 401
55 411
55 412
55 427
55 493
56 69
56 183
56 258
56 455
57 100
57 372
58 241
58 342
59 261
59 327
59 337
59 342
59 345
59 350
59 376
59 480
59 487
60 147
60 179
60 264
61 339
61 349
62 102
62 112
62 257
62 283
63 67
63 195
63 388
64 68
64 143
64 247
64 413
65 143
65 144
65 179
65 332
65 412
66 97
66 166
66 215
66 225
66 448
67 422
67 423
68 302
69 146
69 183
69 356
69 365
69 431
70 86
70 199
70 286
70 397
70 461
71 234
71 270
71 278
71 361
71 400
71 498
72 150
72 208
72 262
72 448
72 490
73 156
73 157
73 336
73 382
74 206
74 303
74 311
74 423
75 226
75 421
76 210
76 213
76 287
76 369
76 499
77 298
77 313
78 110
78 163
78 216
78 223
78 277
78 298
78 345
78 414
79 159
79 246
79 276
79 295
80 86
80 295
80 363
80 477
80 483
81 176
81 244
81 364
81 374
81 445
82 138
82 261
82 392
83 457
84 260
84 377
84 385
84 427
84 468
85 120
85 173
85 194
85 203
85 497
86 100
86 107
86 132
86 349
86 418
87 115
87 142
87 303
87 309
88 153
88 279
88 414
89 172
89 298
89 409
89 463
89 498
90 108
90 181
90 374
90 415
91 106
91 248
91 366
92 98
93 102
93 363
93 427
94 165
94 299
94 415
95 386
95 430
96 125
96 236
97 280
97 382
97 416
98 165
98 372
98 427
99 119
99 148
99 175
99 221
99 406
100 193
100 341
100 444
101 296
101 413
102 214
103 229
103 465
104 176
105 242
105 243
105 398
106 118
106 392
106 446
107 315
107 459
107 463
108 285
108 381
108 462
108 480
108 492
109 213
109 396
109 465
109 493
110 289
110 330
110 401
110 405
111 220
111 313
112 128
112 351
112 416
112 454
113 273
113 317
113 478
114 324
115 310
115 455
116 208
116 342
116 409
116 477
117 154
117 225
117 298
117 454
117 471
118 210
118 367
118 426
118 483
119 170
119 175
119 190
119 204
119 210
119 263
119 401
119 462
120 159
120 189
120 302
120 367
121 167
121 243
121 447
122 455
123 240
123 242
124 134
124 240
124 241
124 267
124 462
125 198
126 129
126 224
126 359
126 378
126 461
126 485
126 487
127 235
127 257
127 309
127 335
127 379
127 484
128 257
128 290
128 492
129 155
129 288
129 297
129 325
130 173
130 400
131 322
131 495
132 296
132 322
132 485
132 492
133 180
133 286
133 374
134 141
134 302
134 406
134 440
134 456
135 189
135 261
135 267
135 475
136 180
136 239
136 341
136 386
136 425
137 217
137 324
137 366
137 417
137 476
138 223
138 494
139 249
139 408
139 410
140 238
141 164
141 168
141 199
142 403
143 194
143 307
144 496
145 231
145 254
145 316
145 435
145 471
146 203
146 371
147 340
148 245
148 432
148 446
149 169
149 262
149 348
149 433
149 435
150 301
150 325
151 235
151 395
151 421
152 224
152 227
152 257
152 325
152 328
152 477
152 489
153 165
153 281
153 310
153 344
153 461
153 491
154 176
154 253
154 383
155 211
156 167
156 193
156 354
157 166
157 208
157 256
158 274
158 404
159 326
159 365
159 478
160 214
160 258
160 309
160 351
160 431
161 362
161 436
162 173
162 476
163 406
165 227
165 237
165 272
165 400
166 482
167 249
167 279
167 350
169 221
169 261
170 200
171 384
172 325
173 187
174 302
174 315
174 402
175 316
175 337
175 366
176 226
176 282
176 306
176 333
177 214
177 254
177 411
177 436
178 200
178 307
178 399
179 181
179 228
179 338
179 470
180 222
180 290
181 206
181 269
181 341
181 387
181 429
182 197
182 313
183 405
183 444
184 239
184 262
184 296
184 401
184 473
185 213
185 333
185 487
186 190
186 276
186 303
186 420
186 441
187 391
188 357
188 358
189 206
189 221
189 387
189 390
189 392
190 389
190 401
191 263
191 357
191 477
192 408
193 381
193 441
193 458
193 483
194 210
194 266
194 421
195 348
195 365
195 395
195 485
196 360
196 371
196 399
196 434
197 272
197 303
197 327
197 354
197 363
198 276
198 385
198 453
199 399
201 259
201 416
202 343
204 217
204 371
204 499
205 427
206 270
206 365
206 385
206 409
206 490
208 273
209 319
209 338
210 451
211 423
211 465
212 217
212 241
212 351
212 404
212 490
213 476
214 358
214 407
214 447
215 368
215 406
215 447
216 398
216 407
216 412
216 432
216 459
218 459
218 465
219 229
219 355
219 485
220 387
220 463
221 260
221 299
221 366
221 408
221 482
222 307
222 413
223 294
223 443
224 287
225 244
225 397
226 306
228 351
228 424
228 448
229 261
229 418
229 471
230 231
230 237
231 344
231 382
232 477
233 311
233 315
233 477
233 486
234 404
235 326
236 259
236 383
236 431
236 492
238 489
238 493
239 247
239 308
239 374
241 419
242 374
242 486
243 402
243 490
244 353
244 378
245 281
245 370
245 429
245 495
246 254
246 345
247 254
247 310
247 361
247 363
247 366
248 274
248 298
248 307
248 335
248 449
249 417
249 424
249 475
250 317
250 462
251 349
251 409
252 268
252 316
252 483
253 430
254 482
255 367
255 368
256 369
256 460
257 359
258 484
259 271
259 324
259 424
260 345
262 469
263 288
263 295
263 307
263 383
264 303
264 428
264 496
265 425
265 491
266 305
267 360
267 365
267 380
267 462
267 464
267 487
268 299
268 328
269 338
269 453
269 496
270 408
271 301
271 322
271 332
272 394
273 415
273 455
273 485
274 303
275 281
275 357
275 446
275 483
275 493
276 386
276 434
277 302
277 355
277 439
278 349
279 489
280 402
280 428
280 445
281 375
281 422
282 320
282 424
284 328
284 406
285 460
286 433
290 335
290 435
292 387
293 425
294 458
296 338
296 340
296 425
296 480
297 378
297 425
297 452
298 334
299 343
300 349
300 427
301 455
302 304
302 375
304 347
304 369
304 482
305 379
306 377
306 385
306 418
307 392
308 367
308 421
309 366
309 457
309 465
309 473
310 337
311 402
312 334
312 411
314 320
314 455
314 494
315 429
316 330
316 450
317 353
317 405
317 416
318 339
319 356
319 372
320 321
320 402
322 411
322 430
322 465
322 489
323 418
323 425
323 439
324 336
324 468
325 494
326 381
326 405
328 390
328 452
329 366
329 384
330 385
330 457
330 473
331 351
331 404
334 341
335 402
335 426
336 378
336 433
337 398
337 420
337 427
339 345
339 352
339 367
340 390
342 440
343 421
346 428
346 462
347 448
349 392
349 447
351 466
352 426
354 388
355 393
356 452
357 397
357 480
358 477
359 364
359 417
359 434
360 374
361 436
361 495
362 484
363 398
364 471
366 418
366 434
368 432
369 491
370 491
372 432
375 414
376 434
376 450
377 439
377 464
378 396
378 457
381 436
382 384
384 403
386 424
387 467
388 438
390 414
391 398
393 440
394 408
394 409
394 436
395 461
395 474
397 404
397 417
399 432
399 456
400 421
403 450
405 429
407 408
408 429
408 460
409 459
409 482
409 499
410 433
412 428
415 493
416 468
417 447
418 466
419 457
419 469
421 435
421 490
423 427
423 454
424 435
426 462
427 475
428 475
430 492
433 475
437 466
437 476
437 481
437 486
437 495
438 488
440 462
442 496
444 481
445 468
445 480
451 473
453 486
453 491
461 463
464 479
466 489
469 489
473 477
475 488
476 482
484 493
491 495
0
9 499
