500	985	 1
0 98
0 103
0 498
1 284
1 321
1 336
1 380
2 102
2 368
2 454
3 116
3 168
3 186
3 293
3 413
3 445
3 482
4 31
4 221
5 140
5 178
5 401
5 448
6 170
6 214
6 300
6 375
6 436
6 471
7 33
7 100
7 299
7 337
7 349
7 490
8 124
9 72
9 392
9 485
10 59
10 79
10 329
10 460
11 417
12 247
12 398
12 439
12 484
13 162
13 178
13 419
13 434
14 117
14 152
14 153
14 160
14 283
14 290
14 340
15 16
15 105
15 124
16 22
16 31
16 126
16 267
16 336
16 381
16 383
17 79
17 160
17 343
18 212
18 330
18 391
19 25
20 114
20 121
20 165
20 182
20 253
20 490
21 75
21 318
21 400
21 465
22 256
22 264
23 48
23 86
23 283
23 482
24 115
24 272
24 286
24 364
25 93
25 179
26 92
26 388
26 473
26 480
27 334
27 454
27 457
27 487
28 88
28 137
28 145
28 204
29 174
29 195
29 387
29 388
29 476
29 485
30 113
30 218
30 288
30 341
31 243
31 351
31 440
32 111
32 114
32 159
32 162
32 339
32 374
32 498
33 250
33 480
34 108
34 134
34 208
34 245
34 395
34 432
34 441
35 439
36 152
36 206
36 407
37 118
37 252
37 432
38 58
38 195
38 306
38 343
38 411
38 470
39 169
39 202
39 266
39 324
39 418
40 189
40 264
41 106
41 163
42 310
42 349
42 447
43 116
43 431
44 144
44 271
44 335
44 458
45 143
45 198
45 296
46 63
46 439
47 85
48 287
48 320
48 465
49 165
49 249
49 394
49 397
49 431
50 95
50 186
50 224
51 60
51 225
51 263
51 415
51 478
52 123
52 209
52 226
52 416
52 487
53 224
53 294
53 357
53 366
53 492
54 177
54 317
54 356
54 429
54 440
55 101
55 192
55 200
55 408
55 457
55 493
56 98
56 99
56 295
56 317
57 86
57 491
58 73
58 252
58 309
59 335
59 369
60 199
61 139
61 217
61 335
61 395
62 265
62 347
62 423
63 128
63 348
64 299
64 479
65 433
65 444
66 287
66 458
66 475
67 83
67 349
67 446
68 443
69 168
69 258
69 269
70 223
70 233
70 363
70 399
71 231
71 319
71 335
72 153
72 156
72 401
74 197
74 287
74 327
74 408
74 487
75 90
75 187
75 269
76 92
76 119
76 125
76 151
77 159
77 217
77 397
77 406
77 439
78 346
78 412
78 430
78 456
79 122
79 228
79 415
79 474
80 179
81 106
81 302
81 403
82 201
82 202
82 383
82 418
83 108
83 112
83 499
84 170
84 220
84 263
84 272
84 371
85 96
85 113
85 422
86 101
86 315
86 355
86 497
87 131
87 145
87 326
87 349
87 425
88 190
88 196
88 277
88 297
88 441
89 182
89 218
89 388
89 426
89 440
89 458
90 445
91 306
93 132
93 133
93 496
94 179
94 385
94 459
95 229
95 356
96 297
97 197
97 249
97 342
97 450
97 455
98 151
98 164
98 260
98 455
99 122
99 417
100 239
100 260
101 159
101 327
101 346
102 109
102 240
103 295
103 343
103 369
104 186
104 276
104 392
105 394
106 164
106 450
106 487
107 212
107 357
107 379
107 392
107 465
108 124
108 216
110 234
111 236
111 248
112 384
112 483
113 221
114 117
114 301
114 444
115 262
115 303
115 401
115 403
115 406
116 312
116 441
117 147
117 267
117 356
117 460
117 481
118 425
118 439
118 443
120 131
120 235
120 237
120 255
120 359
121 149
121 234
121 331
122 224
122 324
122 381
122 397
122 478
123 226
123 334
123 415
124 228
124 253
124 370
124 410
125 299
125 413
126 213
126 220
126 463
127 162
127 178
127 278
127 371
127 406
128 134
128 154
128 307
128 335
128 385
128 476
129 288
129 313
129 334
129 471
130 215
130 233
130 244
130 296
130 311
130 318
130 347
130 377
130 411
131 139
131 226
131 292
131 430
132 138
132 362
133 282
133 311
133 318
134 153
134 338
135 198
135 298
135 329
135 341
135 345
135 401
135 426
136 231
136 400
136 429
137 167
137 320
137 478
138 374
138 472
139 173
139 235
139 320
139 486
140 382
141 211
141 252
141 266
141 340
142 384
143 428
143 433
143 492
144 149
144 328
145 402
145 495
146 150
146 205
146 269
147 245
147 289
147 358
147 424
148 194
148 250
148 277
148 344
149 496
151 478
152 177
152 451
152 472
153 165
153 208
153 242
153 464
153 499
154 282
155 173
155 255
155 428
156 163
156 181
156 320
156 366
156 422
157 380
157 484
158 196
158 231
158 232
159 262
159 361
159 380
159 382
159 478
160 395
160 447
161 199
161 287
161 299
161 474
162 238
162 305
162 404
163 187
163 200
164 306
164 310
165 343
165 381
165 428
166 282
166 374
166 443
167 410
167 456
168 224
168 277
168 321
169 383
169 400
170 205
170 352
171 256
172 205
172 339
173 398
173 400
174 266
174 277
174 406
175 463
176 478
177 264
177 387
178 332
178 416
179 220
179 276
179 426
180 198
180 212
180 369
180 461
181 202
181 439
182 275
182 474
183 276
184 200
184 265
184 306
185 385
185 390
185 418
185 473
185 496
186 189
186 380
187 409
188 222
188 295
188 324
189 386
189 420
190 229
190 286
190 295
190 420
190 478
191 211
192 278
192 293
192 299
192 346
192 474
193 323
195 210
195 242
195 291
195 319
195 320
195 377
195 429
196 306
196 391
196 408
196 415
197 323
197 369
197 442
197 445
199 367
199 428
200 274
200 276
201 315
201 323
201 409
201 438
201 442
202 230
202 253
203 320
204 241
204 322
205 396
206 216
206 229
206 414
206 493
207 407
207 408
207 470
208 452
209 248
209 416
209 455
209 478
210 239
210 240
210 333
210 367
211 242
211 262
211 369
211 427
212 341
214 265
214 269
214 448
215 272
215 314
215 387
215 453
216 244
216 248
216 393
218 409
218 451
218 485
218 494
219 286
219 350
219 446
219 497
220 260
220 291
220 401
221 481
222 294
222 382
223 275
223 390
224 453
225 244
226 288
226 489
227 484
229 301
229 345
229 474
229 476
230 483
231 283
231 389
231 435
232 249
232 294
232 417
233 295
233 308
233 424
233 452
234 302
234 420
234 444
235 371
235 373
235 463
236 332
236 488
237 320
238 281
238 416
239 347
239 419
240 415
240 442
241 426
242 313
243 248
243 259
243 469
244 256
244 472
245 255
245 293
245 374
245 460
246 305
246 314
246 392
247 416
248 260
248 281
248 344
248 376
248 448
250 401
251 428
251 498
252 349
253 425
254 442
255 322
256 321
256 479
257 309
257 411
258 270
258 271
258 303
258 371
258 448
259 393
261 359
261 471
261 478
262 319
263 307
263 491
264 463
264 494
265 384
266 464
267 307
267 331
268 311
268 351
268 420
269 270
269 285
269 335
269 488
269 493
270 347
270 367
271 317
271 330
271 333
272 367
273 342
273 360
273 399
273 489
274 442
275 304
275 443
276 304
276 336
277 452
278 290
279 300
279 377
280 330
280 376
280 429
281 368
283 402
284 397
285 299
285 318
285 403
285 405
286 320
286 351
286 421
287 303
287 306
287 414
287 493
289 444
290 355
290 375
291 299
294 337
294 363
295 318
295 438
295 444
295 457
296 427
297 300
298 411
299 320
300 304
300 443
301 316
301 329
301 446
302 330
302 386
303 304
303 457
304 309
304 467
305 387
305 495
306 371
306 481
307 390
308 316
308 347
308 461
309 405
309 473
311 313
311 432
311 487
314 331
314 377
315 335
315 400
316 482
321 397
322 339
322 366
322 484
323 357
324 466
324 478
325 348
325 397
325 474
325 481
326 483
327 330
327 340
327 377
328 376
329 370
330 370
331 340
331 357
331 470
332 446
334 336
334 476
335 378
336 374
336 420
337 382
338 345
339 484
340 396
341 375
341 408
342 349
342 416
343 353
343 376
343 477
345 474
346 416
346 462
348 442
349 412
350 389
350 417
350 499
351 355
351 413
352 440
354 391
354 405
354 449
355 458
356 367
359 396
359 441
362 390
363 413
365 379
365 420
365 470
367 486
368 475
368 493
369 410
369 436
370 404
371 497
372 464
373 432
373 494
375 459
376 459
378 420
379 390
379 419
380 389
380 390
380 412
381 466
382 410
382 449
383 471
384 441
386 482
387 478
390 394
392 440
392 492
394 475
395 397
395 485
396 458
398 468
399 430
399 443
400 425
401 443
402 446
405 481
405 491
407 483
410 426
411 446
411 462
411 466
413 485
414 447
414 481
416 439
418 468
425 466
427 498
428 481
430 497
432 433
432 453
434 485
437 454
441 463
443 460
445 457
447 475
449 479
452 466
454 470
457 493
459 486
465 479
482 486
486 496
0
9 499
