500	951	 1
0 229
0 238
0 377
0 467
1 323
1 350
1 402
1 406
2 223
3 8
3 63
3 149
4 166
4 182
4 290
4 440
4 443
5 84
5 129
5 151
5 331
5 458
6 100
6 115
7 320
8 64
8 71
8 185
8 343
8 379
8 401
8 439
9 198
9 296
9 373
10 229
10 267
10 418
11 59
11 175
11 239
11 380
12 321
12 440
12 491
13 262
13 274
13 294
13 344
13 382
14 109
14 394
14 483
15 203
15 272
16 151
16 446
17 40
17 49
17 84
17 232
17 414
18 104
18 137
18 184
18 304
18 315
18 483
19 119
19 160
19 306
20 197
20 270
20 289
20 295
21 383
21 386
21 411
21 440
21 481
22 25
22 252
22 310
23 69
23 148
23 263
23 354
23 493
24 34
24 96
25 89
25 254
25 492
26 185
26 240
26 488
27 209
27 294
28 120
28 137
28 158
28 300
29 56
29 346
30 91
30 142
30 226
31 424
31 483
32 42
32 63
32 343
32 386
33 180
33 210
33 454
34 95
34 182
34 203
35 303
35 370
35 389
36 117
36 179
36 239
36 401
36 442
37 328
37 368
38 362
38 448
39 241
39 335
40 93
40 105
40 228
40 309
41 65
41 244
41 306
41 422
42 101
42 122
42 165
42 168
42 196
42 384
42 490
43 171
43 279
43 490
44 132
44 155
44 260
44 306
44 383
44 413
45 211
45 220
46 49
46 59
46 412
46 462
47 112
47 195
47 301
47 317
48 237
48 253
48 315
48 351
48 478
49 63
49 275
49 373
50 393
50 466
50 487
51 135
51 266
52 252
52 290
52 324
53 210
53 223
53 244
53 299
53 409
53 413
54 134
54 353
55 90
55 202
55 285
55 369
56 342
56 382
57 117
57 230
57 304
58 145
58 213
58 306
58 312
58 352
58 449
59 83
59 86
59 344
59 381
59 382
60 217
61 94
61 119
61 179
61 496
62 152
62 413
63 198
63 406
63 446
64 246
65 156
65 197
65 499
66 189
66 287
67 176
68 213
68 458
69 92
69 175
69 243
70 134
70 259
70 287
70 396
71 81
71 116
71 162
71 404
72 277
72 338
72 353
73 151
73 247
73 261
73 274
74 88
74 136
74 140
74 403
74 430
75 359
76 372
76 403
77 104
77 287
77 450
78 263
79 108
80 132
80 471
81 243
82 145
82 158
82 164
83 200
83 240
83 256
83 352
83 472
83 479
84 94
84 95
84 103
84 123
84 211
84 238
84 240
84 305
84 380
85 222
85 223
85 245
85 392
85 415
85 424
86 143
86 146
86 219
86 256
86 346
87 216
87 290
87 299
87 318
87 405
87 460
87 489
88 199
88 352
88 361
89 412
89 449
90 480
91 103
91 136
91 332
92 375
92 381
93 147
93 281
93 296
94 131
94 237
94 424
94 485
95 212
95 217
95 438
95 495
96 139
96 272
96 294
96 336
97 163
97 299
97 359
98 322
98 374
98 480
99 201
99 245
99 263
99 278
99 321
99 340
99 451
99 487
100 125
100 126
101 102
101 157
101 211
101 270
101 277
101 338
101 375
102 358
102 477
103 121
103 162
103 328
103 366
103 498
104 380
104 423
105 190
105 345
105 439
106 286
107 124
107 214
107 228
107 287
108 190
108 400
109 388
109 433
109 480
110 293
110 360
110 496
111 212
111 396
111 481
112 131
112 151
112 195
113 224
114 310
114 367
114 477
115 196
115 242
115 404
116 269
117 240
117 428
118 287
118 351
118 479
119 122
119 141
120 128
120 130
120 204
120 326
121 218
121 259
121 307
121 416
122 247
122 326
122 464
123 217
123 233
123 307
123 445
124 294
124 324
124 383
125 141
125 393
125 421
126 153
126 312
126 434
127 280
127 351
127 386
127 413
128 185
128 222
128 267
128 313
128 397
129 231
130 146
130 294
130 311
130 316
131 147
131 275
131 471
132 181
132 413
132 432
133 260
133 266
133 498
134 274
135 152
135 232
136 163
136 369
136 370
137 174
137 280
138 227
138 409
139 236
140 239
140 262
140 432
140 446
141 446
142 371
143 468
143 479
144 211
144 302
144 313
145 158
145 361
146 195
147 176
147 281
148 169
148 174
148 370
148 419
149 211
149 250
149 328
149 363
150 362
150 499
151 312
152 216
154 156
154 166
154 218
154 302
155 280
155 301
157 169
157 300
157 456
158 195
159 203
159 313
159 493
160 272
160 415
161 179
161 352
161 377
161 490
162 177
162 199
162 219
162 491
163 230
163 405
163 487
164 246
164 406
164 465
165 220
165 230
165 445
166 306
166 366
166 429
167 199
167 258
168 255
168 343
168 458
170 187
170 339
171 274
171 292
171 356
171 409
171 426
172 220
172 304
172 382
173 191
173 313
174 186
174 198
174 497
176 228
176 320
176 449
176 496
178 232
178 253
179 183
179 243
179 385
180 229
180 308
180 390
180 409
181 470
182 312
182 375
183 309
184 200
184 397
184 416
185 215
185 228
185 338
185 404
186 372
186 452
187 199
187 219
187 255
188 388
188 417
189 324
190 452
190 495
191 318
192 228
192 264
192 266
192 366
192 408
193 229
193 273
193 364
193 433
193 446
193 464
194 257
194 373
194 378
194 386
194 407
195 414
196 359
197 207
197 346
198 354
200 322
200 356
200 398
200 410
201 492
202 229
203 207
203 337
203 357
204 251
204 319
205 256
205 272
205 295
206 300
206 307
207 460
208 277
208 338
208 380
208 465
209 210
209 401
209 440
210 219
211 402
211 426
211 441
211 448
213 244
213 317
213 344
213 430
214 357
215 365
216 299
217 236
217 320
217 369
219 261
219 271
219 292
219 329
220 433
220 489
221 491
222 338
223 298
223 470
224 236
224 365
224 399
225 290
225 399
226 341
226 427
226 485
227 325
227 450
227 474
228 265
228 467
229 310
229 318
229 342
230 482
231 271
231 355
232 312
232 395
233 339
234 457
234 484
235 278
235 290
237 358
238 317
238 389
238 450
238 469
239 266
239 405
241 391
241 424
242 343
242 346
242 356
242 395
242 396
242 436
243 482
244 323
244 371
245 380
245 447
245 477
247 425
248 322
248 368
248 392
249 257
249 266
249 398
249 460
251 332
252 356
252 402
253 280
253 337
254 276
254 299
254 329
254 364
254 414
255 276
255 284
256 332
258 273
258 290
258 331
258 402
258 453
258 464
259 268
259 312
260 497
261 263
262 422
262 459
262 470
263 269
263 353
263 437
264 290
264 337
264 388
265 302
266 384
266 449
267 393
267 479
268 406
268 457
268 469
268 497
269 408
270 291
271 379
272 307
272 393
273 316
273 333
274 297
274 358
274 366
274 379
276 300
276 337
277 492
278 320
279 303
279 348
279 365
280 308
280 400
280 469
281 365
282 348
283 399
283 467
284 355
284 429
285 335
285 461
286 326
286 349
286 358
286 420
286 469
286 495
287 446
288 329
289 429
291 383
292 301
293 300
293 387
295 394
295 489
296 304
296 332
296 462
297 488
298 475
299 434
299 444
299 462
301 401
302 383
302 435
303 411
304 380
304 477
305 340
309 401
309 494
310 371
310 441
311 454
311 479
313 318
313 319
313 327
313 474
313 493
314 427
314 474
315 369
315 494
316 393
317 379
318 368
319 349
319 455
320 373
322 341
322 415
322 434
323 359
323 473
324 337
324 373
325 409
325 426
326 414
326 441
327 389
327 406
328 357
328 374
329 490
330 350
331 387
331 405
332 336
333 362
334 404
334 417
335 481
336 461
339 381
339 476
340 433
340 481
341 357
342 396
342 496
343 366
343 408
345 450
345 463
346 419
346 465
347 365
347 477
348 479
348 494
349 360
350 410
350 490
351 471
352 379
352 409
353 380
354 460
354 469
355 376
356 376
357 493
358 442
359 371
359 485
360 498
361 367
361 370
361 422
361 438
362 387
362 447
362 489
363 476
365 464
365 466
366 428
367 453
369 372
370 447
370 457
372 404
373 487
374 413
375 479
376 415
377 468
378 436
378 487
378 491
384 398
384 454
384 455
385 415
386 434
387 491
389 443
389 472
390 484
391 432
394 486
400 430
400 436
401 435
401 441
402 409
404 462
405 470
406 415
406 484
409 457
410 468
412 452
413 431
413 472
413 476
413 493
414 462
414 498
416 474
420 442
423 442
424 455
424 474
424 499
427 465
427 497
432 496
438 496
439 460
441 468
448 464
454 471
455 462
457 496
458 494
460 493
465 490
468 486
470 480
471 478
484 497
0
9 499
