500	1020	 1
0 14
1 367
1 474
2 220
2 270
2 404
3 38
3 108
3 140
3 279
3 391
4 93
4 273
4 298
4 327
4 352
4 439
5 187
5 303
6 93
6 133
6 328
7 108
7 141
7 265
7 461
8 226
8 402
8 428
9 142
9 449
10 55
10 71
10 171
10 317
10 382
11 187
11 305
11 309
11 338
11 352
12 51
12 381
12 421
13 64
13 160
13 263
13 336
13 446
14 154
14 187
14 294
15 389
15 427
15 441
15 496
16 86
16 121
16 165
16 417
16 433
17 281
17 305
17 310
17 424
17 432
17 454
18 58
18 100
18 157
18 273
18 296
18 346
18 447
19 59
19 127
19 133
19 326
19 473
20 23
20 424
20 430
20 441
21 45
21 213
21 383
22 27
22 281
22 300
22 333
22 382
22 476
23 131
23 152
23 359
23 377
23 479
24 130
24 422
24 423
24 470
25 160
25 244
25 322
25 426
25 494
26 126
26 327
27 56
27 131
27 245
27 327
27 443
27 491
28 41
28 90
28 171
28 175
28 237
28 294
28 361
28 469
29 289
30 56
30 83
30 295
30 372
31 237
31 250
31 480
32 98
32 167
32 194
32 270
33 100
33 315
33 484
33 491
34 175
34 185
34 308
34 318
34 354
34 355
34 414
35 176
35 213
35 486
36 149
36 281
36 336
36 403
37 100
37 114
37 217
37 240
37 307
38 132
38 244
38 389
39 195
39 317
39 347
40 93
40 135
40 278
40 350
40 439
41 396
41 464
42 76
42 103
42 314
42 356
42 386
43 464
44 333
44 412
44 421
44 456
44 496
45 190
45 343
46 227
46 230
46 352
46 445
47 84
47 244
48 56
48 167
48 252
48 347
49 177
49 194
49 242
49 260
49 392
50 333
50 364
51 54
51 55
51 191
51 245
51 309
51 392
51 424
52 112
52 173
53 78
53 251
53 449
54 89
54 183
54 198
55 388
55 412
55 420
56 124
56 147
56 337
56 452
57 157
57 159
57 440
58 283
58 318
58 493
59 135
59 208
59 321
59 445
59 491
60 260
60 279
61 162
62 161
62 243
62 244
62 267
62 484
63 82
63 229
63 464
64 150
64 219
64 260
64 326
64 497
65 382
65 394
66 146
66 216
66 265
66 327
66 414
67 230
67 236
67 478
68 209
68 212
68 226
68 303
68 462
69 249
69 278
69 403
69 422
69 489
70 181
70 246
70 255
70 401
71 112
71 200
71 436
72 217
72 232
72 312
73 145
73 289
73 297
73 492
74 112
74 147
74 257
74 273
74 292
75 94
75 130
75 280
75 412
75 457
76 344
76 363
77 482
78 160
78 384
78 424
78 459
79 369
80 346
80 371
80 411
81 239
81 322
81 365
81 393
81 420
82 302
82 325
82 499
83 197
83 266
83 317
83 363
83 424
84 108
84 134
84 159
84 245
84 268
84 274
84 303
84 460
85 153
85 182
85 238
85 319
85 387
85 452
85 483
85 499
86 414
86 441
87 209
87 323
88 120
88 142
88 163
88 308
88 359
89 143
89 326
90 124
90 207
91 176
91 211
91 258
91 275
91 291
91 323
91 345
92 147
92 419
92 471
92 472
92 490
93 228
93 269
93 458
93 461
93 491
94 164
95 202
95 269
95 373
95 485
95 497
96 167
96 334
96 395
97 107
97 124
97 195
97 227
97 359
98 125
98 146
98 235
98 350
98 367
98 405
99 161
99 368
99 452
99 497
100 152
101 390
101 436
102 439
102 459
103 105
103 425
104 209
104 322
104 368
105 137
105 195
105 345
106 171
106 313
106 376
106 464
107 215
108 267
109 262
109 456
110 131
110 366
110 408
110 459
111 284
111 290
111 365
111 399
112 128
112 290
112 401
113 181
113 208
113 249
113 259
113 388
113 395
114 235
114 272
114 401
115 329
115 432
116 120
116 141
116 212
116 295
116 365
116 489
117 128
117 333
117 465
118 253
118 455
118 465
119 174
119 351
119 382
119 388
120 200
120 222
120 321
120 342
120 481
121 132
121 209
121 261
121 449
122 341
122 493
123 125
124 187
124 213
124 226
124 449
125 324
125 459
125 464
125 484
126 161
126 295
126 425
127 208
127 252
127 257
127 368
129 326
129 341
130 132
130 205
131 397
131 427
132 136
132 334
132 427
132 496
133 406
134 190
134 219
134 287
135 413
136 144
136 411
137 178
137 201
137 283
137 426
137 451
137 468
138 152
138 300
138 458
139 209
139 222
141 159
141 467
142 354
142 362
142 388
142 431
143 207
143 224
143 318
144 195
145 319
145 414
145 418
145 422
145 498
146 234
146 303
146 432
148 207
148 255
148 398
148 434
148 439
148 477
149 215
149 429
149 465
150 239
150 334
150 384
151 196
151 281
151 435
151 473
151 477
152 421
152 488
153 339
153 374
153 474
154 288
154 353
154 411
155 380
155 449
156 358
156 413
157 217
158 196
158 273
159 413
159 438
160 282
161 199
161 482
162 201
162 271
162 324
162 352
162 398
162 472
163 400
163 416
164 333
165 390
166 260
166 413
166 463
167 184
167 283
167 296
167 347
167 362
167 414
167 448
167 484
167 488
168 302
168 333
168 415
169 299
169 384
170 205
170 318
170 466
171 291
171 299
171 426
172 213
172 433
173 235
173 268
173 279
173 349
174 297
174 428
174 499
175 223
176 361
176 420
177 431
178 267
179 334
179 363
179 419
180 208
180 225
180 347
181 242
181 249
181 351
182 359
182 445
183 285
183 324
183 386
183 489
184 189
184 459
185 197
185 305
186 211
186 227
186 274
187 221
187 252
187 443
188 329
188 365
189 283
189 296
189 409
190 273
190 331
191 365
191 374
191 476
192 200
192 326
192 333
192 453
192 491
193 372
193 498
195 314
195 404
195 450
196 279
196 427
196 444
197 360
198 295
198 416
199 246
200 253
200 312
202 277
202 328
202 417
202 459
203 233
203 276
203 323
203 345
204 242
204 446
206 214
206 246
206 336
206 410
206 412
207 331
207 406
207 490
208 250
208 292
209 390
210 263
210 304
210 401
210 430
210 439
210 487
211 316
211 330
211 384
212 226
213 328
213 373
213 444
213 466
213 469
214 287
214 346
214 350
214 366
214 379
215 295
215 306
215 316
215 332
215 476
216 455
217 221
217 222
218 227
218 316
218 329
219 289
219 292
219 445
219 487
220 358
220 366
220 392
220 403
221 426
222 229
222 359
222 426
223 255
223 385
226 348
226 403
226 460
226 492
227 258
227 324
227 353
227 425
227 427
228 315
228 365
228 416
229 416
230 313
231 466
232 451
233 403
234 367
235 242
236 328
236 457
237 380
237 389
238 300
238 358
238 367
238 402
238 467
238 494
238 499
239 354
239 366
239 374
239 382
240 313
240 370
240 452
240 492
241 287
241 319
241 448
242 296
242 347
244 260
244 296
245 273
245 374
246 343
246 441
246 496
247 348
248 295
248 337
249 306
249 329
251 265
251 431
251 466
252 315
252 438
254 369
254 392
254 422
254 459
255 344
256 301
256 403
256 414
256 433
256 477
257 401
258 482
259 453
260 369
260 449
261 435
262 314
262 474
262 478
262 492
263 310
263 318
263 329
263 341
263 422
264 373
264 400
265 295
265 368
266 309
266 370
266 377
266 434
266 446
268 287
268 385
270 342
270 373
272 323
272 349
272 486
273 427
274 336
274 369
274 381
274 419
275 472
275 475
276 312
277 400
277 447
278 279
278 342
278 454
279 290
279 397
280 356
281 309
281 481
282 386
284 476
285 323
286 388
287 356
287 368
287 462
288 296
288 329
288 367
289 340
289 427
290 371
290 440
291 326
291 494
292 371
292 469
293 360
295 308
295 390
295 451
295 462
295 472
296 323
296 361
297 357
297 416
297 432
299 329
301 332
302 477
303 368
303 444
303 463
303 465
305 372
305 392
306 338
306 459
306 472
307 406
308 403
308 452
308 462
310 485
311 451
312 438
312 452
313 447
317 375
317 446
319 423
320 342
320 472
320 499
321 455
322 467
322 481
323 418
323 442
324 378
324 387
324 401
325 403
325 405
325 424
325 466
326 332
326 468
327 333
327 477
329 388
330 360
331 360
331 384
332 486
334 361
335 361
335 362
335 373
336 371
337 466
337 483
338 456
339 402
339 490
340 446
342 485
343 362
344 381
344 393
344 446
345 416
350 416
350 440
353 395
353 496
354 364
355 482
356 476
357 437
358 409
358 440
358 470
361 434
362 407
363 381
363 449
364 481
370 414
370 420
370 470
371 460
372 387
372 462
372 476
374 392
375 457
376 420
376 452
376 490
377 445
379 396
379 398
379 453
382 494
383 433
385 424
388 424
388 449
389 394
389 476
390 427
391 433
392 497
394 402
400 491
401 465
402 458
405 478
409 458
410 437
411 486
413 498
414 461
415 461
417 443
420 472
420 475
420 496
421 435
422 492
423 497
425 474
426 470
431 438
432 477
432 478
433 437
435 436
435 441
437 484
439 465
440 471
444 451
445 470
449 471
454 474
462 493
463 481
473 489
473 495
474 481
477 488
478 479
487 493
490 498
0
9 499
