500	989	 1
0 27
0 55
0 295
0 337
0 363
0 423
0 460
1 155
1 321
1 322
1 346
1 479
2 34
2 83
2 92
2 415
2 484
3 427
3 460
4 144
4 210
4 439
5 99
5 143
5 271
5 281
5 311
5 346
5 470
6 18
6 158
6 457
6 480
7 365
7 481
8 172
8 247
8 268
8 275
8 453
9 82
9 118
9 190
10 35
10 243
10 272
10 293
10 308
10 331
10 460
11 90
11 137
11 352
11 489
12 88
12 215
12 335
12 339
12 369
12 407
12 450
12 480
13 46
13 86
14 212
15 364
16 26
16 120
16 206
16 255
16 381
17 232
17 362
17 492
18 157
18 490
19 30
19 34
19 264
19 309
20 106
20 110
20 123
20 147
20 279
21 304
21 324
21 439
21 441
22 120
22 131
23 39
23 115
23 244
23 451
24 150
24 178
24 298
24 362
24 467
25 374
26 445
27 133
27 150
27 192
27 380
27 412
28 46
28 356
28 398
28 471
29 114
29 145
29 187
29 248
29 385
30 56
30 61
30 129
30 312
30 316
30 475
31 35
31 232
32 360
33 149
33 236
33 289
33 325
33 340
33 498
34 221
34 269
34 306
34 340
35 49
35 91
35 372
36 95
36 122
36 252
36 369
37 157
37 258
37 294
37 356
37 409
37 499
38 87
38 351
38 396
38 476
39 212
39 367
40 63
40 271
40 377
41 56
41 323
42 50
42 107
42 387
43 45
43 187
43 355
43 390
43 392
44 118
44 124
44 208
44 275
44 314
44 407
44 427
44 448
44 489
45 363
45 379
45 386
45 419
46 442
47 161
47 226
47 380
47 384
47 401
48 261
48 309
48 422
48 438
49 431
50 102
50 134
50 219
51 214
51 279
51 290
51 322
52 62
52 119
52 173
52 202
52 225
53 56
53 122
53 123
53 140
53 171
53 187
53 427
53 487
54 96
54 171
54 189
54 301
54 314
54 452
55 87
55 447
57 227
57 429
58 122
58 251
58 361
58 424
59 83
59 150
59 280
59 364
59 393
59 434
60 120
60 134
60 194
60 196
60 378
61 63
62 65
62 216
62 235
62 301
63 164
63 187
64 80
64 86
64 87
64 142
64 388
64 420
64 449
65 338
65 376
66 209
66 440
67 114
67 168
67 219
68 207
68 229
68 291
69 107
69 231
69 293
69 448
70 84
70 172
70 182
70 262
71 156
71 203
72 320
72 377
73 207
73 414
74 265
74 300
74 360
75 123
75 413
75 472
76 99
76 413
76 421
77 205
77 221
77 430
78 377
78 433
79 125
79 410
80 119
80 363
81 119
81 157
81 228
81 240
81 306
81 324
81 356
82 131
82 161
82 241
82 252
82 296
82 335
83 97
83 211
83 389
84 138
84 158
84 397
85 170
85 334
85 345
86 160
86 200
86 424
87 107
87 185
87 222
87 492
88 217
88 280
88 298
88 410
89 226
90 260
90 496
91 285
91 438
91 470
91 483
92 243
92 260
92 348
92 402
92 415
92 445
92 458
93 492
94 265
95 164
95 360
95 438
96 252
96 383
97 137
97 265
97 320
97 336
98 185
98 441
98 491
99 148
99 464
100 402
101 397
101 483
102 356
103 317
103 416
104 126
104 290
104 324
105 206
105 245
106 228
106 246
106 322
107 201
107 347
108 425
109 117
109 224
109 227
109 377
110 129
110 177
110 260
110 421
111 127
111 273
111 278
111 357
112 262
112 334
112 338
112 383
113 168
113 422
114 162
114 223
114 306
114 342
114 412
114 446
115 147
116 133
116 294
116 496
117 263
117 337
118 163
118 373
118 496
119 190
119 310
120 345
121 128
121 311
122 308
122 389
122 482
123 200
123 432
124 167
124 215
124 310
125 257
125 434
126 182
126 291
126 397
127 440
127 472
128 289
128 363
128 431
129 260
129 400
130 184
130 297
130 351
130 385
131 343
131 479
131 491
132 283
132 414
133 377
134 261
135 299
135 343
135 362
135 492
136 167
136 253
136 444
136 480
137 215
137 413
137 435
138 354
139 345
139 384
140 268
140 317
140 463
141 312
141 402
141 446
142 230
142 321
142 346
142 381
142 491
143 384
144 159
144 183
144 336
144 362
144 409
144 433
144 440
145 229
145 391
146 161
146 179
146 339
147 173
147 189
148 238
148 432
148 453
149 218
151 156
151 223
151 347
152 298
152 309
152 473
152 478
153 165
153 328
154 193
154 390
154 440
155 369
155 371
155 434
156 171
156 320
156 428
157 238
157 277
157 285
157 333
157 411
159 202
159 281
159 353
160 218
160 357
160 414
160 446
161 365
161 388
161 403
161 433
163 426
163 474
164 274
164 300
164 327
164 351
165 190
165 413
166 245
166 269
166 295
166 297
166 367
167 170
167 400
167 457
168 170
168 179
168 489
169 256
169 420
169 425
169 487
170 262
170 392
170 452
171 274
171 371
171 393
171 431
172 198
172 252
172 259
172 280
173 212
173 340
173 415
174 283
174 358
174 425
174 477
175 195
175 323
175 468
176 250
176 301
177 313
177 319
177 368
177 400
177 486
178 226
178 234
178 363
178 402
179 402
179 478
180 205
180 255
180 312
180 460
181 221
181 242
181 316
182 258
183 368
184 317
185 434
186 233
186 393
186 472
187 255
188 221
188 374
189 291
189 403
189 435
189 477
189 496
190 321
191 257
191 267
191 310
191 318
191 319
191 406
193 203
193 204
193 303
193 365
194 290
194 325
194 336
194 359
195 214
196 201
196 249
196 346
196 397
196 400
197 216
197 239
197 249
198 242
198 330
198 343
198 366
199 212
201 294
201 333
201 351
201 430
201 452
202 362
203 489
204 263
204 315
204 319
204 431
204 448
205 374
205 402
205 439
206 262
206 346
206 497
207 283
207 373
207 442
208 226
208 397
208 498
209 261
209 268
210 212
210 343
210 391
211 369
211 424
211 485
212 236
213 390
213 462
214 291
215 225
215 272
215 488
216 368
217 277
217 376
217 411
218 224
218 332
218 350
218 467
219 343
220 248
222 323
223 335
223 366
224 444
225 302
226 442
227 333
227 356
228 335
228 355
229 323
229 395
229 497
231 255
231 351
231 398
232 304
232 399
233 280
234 253
234 431
235 294
235 310
235 455
237 358
237 402
237 417
239 422
239 491
240 419
241 283
241 382
241 456
242 305
242 424
245 414
245 422
245 426
246 247
246 287
246 305
246 402
247 263
248 297
249 271
249 436
249 437
249 482
250 443
250 462
251 300
251 415
252 332
253 287
254 331
254 482
254 484
255 272
255 299
255 476
255 490
256 417
257 361
258 269
258 430
258 448
260 416
261 386
262 313
262 437
263 315
263 317
263 399
264 326
264 331
264 452
264 488
265 294
265 427
265 430
266 435
267 269
267 338
269 410
270 387
270 415
272 373
272 490
273 493
276 390
277 318
277 387
277 416
278 480
279 290
279 341
279 346
279 395
280 412
280 431
281 325
282 323
282 412
282 413
282 459
283 306
283 377
283 428
284 379
284 457
284 499
285 493
286 292
286 314
286 338
286 406
287 458
288 379
289 416
289 455
289 461
291 402
292 315
293 393
294 374
295 469
296 332
296 451
297 415
297 447
298 344
298 422
298 452
298 494
299 341
299 352
299 454
299 465
299 496
300 371
300 384
300 427
300 435
300 485
301 334
301 348
301 414
302 360
303 314
303 410
304 342
305 332
305 337
306 427
307 374
307 422
307 479
307 490
308 412
309 362
309 416
311 462
313 343
313 372
314 320
314 324
315 406
316 389
316 408
317 440
319 349
321 342
321 367
321 455
323 457
324 341
325 437
326 496
327 410
328 479
329 384
329 387
329 451
330 372
330 379
330 458
331 360
331 434
332 361
333 399
333 405
333 446
334 349
334 415
334 453
334 495
335 341
335 360
335 362
336 474
337 452
340 459
340 494
341 444
342 395
344 351
345 423
345 430
346 421
349 426
349 437
349 488
349 492
350 385
351 388
351 432
352 359
353 357
354 356
354 368
354 372
356 477
357 483
360 368
361 428
361 438
363 377
363 473
366 495
367 419
367 421
368 448
369 390
369 425
370 393
370 415
370 418
370 426
371 402
372 447
373 444
373 475
374 411
375 399
375 485
375 499
379 418
381 497
382 448
383 444
383 456
384 418
384 439
384 486
385 386
387 475
389 427
390 410
390 459
391 445
393 440
394 457
395 413
397 428
398 457
398 465
399 445
403 481
404 413
405 422
406 413
406 419
408 469
410 461
410 477
411 432
412 414
412 454
413 453
413 468
414 481
415 489
417 457
418 441
419 424
419 429
419 433
420 489
422 470
423 427
423 465
427 457
427 469
432 497
438 459
440 493
441 470
442 463
443 470
445 466
449 464
449 491
450 454
450 473
451 485
454 496
457 493
469 476
473 498
479 485
479 486
481 493
485 495
0
9 499
