500	967	 1
0 58
0 420
0 492
1 34
1 152
1 318
1 333
2 11
2 84
2 302
3 16
3 187
3 419
3 475
4 22
4 94
4 122
4 461
5 48
5 276
6 234
6 295
6 361
6 388
6 432
7 47
7 406
7 477
8 43
8 53
9 38
9 96
9 197
9 269
9 308
9 463
9 498
10 434
10 436
11 56
11 134
11 330
11 385
12 80
12 121
12 163
12 285
12 369
13 70
13 257
13 283
14 49
14 367
15 99
15 173
15 346
16 55
16 406
17 53
17 149
17 247
17 487
18 98
18 107
18 283
18 398
18 449
18 479
19 453
20 30
20 134
21 78
21 429
21 477
22 262
22 338
22 405
22 491
23 135
23 206
24 35
24 100
24 130
24 293
24 344
25 65
25 496
26 205
26 363
26 425
27 92
27 192
27 479
28 145
28 400
29 91
29 111
31 295
31 482
32 57
32 180
32 285
32 294
32 295
32 329
32 408
33 184
33 492
34 80
35 132
35 201
35 251
35 279
35 446
35 450
36 61
36 123
36 196
36 469
37 152
37 156
37 246
37 388
37 389
38 330
38 380
39 123
39 203
39 213
40 126
40 198
40 429
40 448
40 489
41 58
41 235
41 269
42 227
43 215
43 346
43 405
44 55
44 134
44 163
44 357
45 63
45 82
45 377
46 142
46 156
46 260
46 345
46 428
47 62
47 125
47 184
47 342
47 374
47 430
47 470
47 483
48 76
48 245
49 292
49 467
50 228
50 313
50 420
51 159
51 496
52 239
52 241
52 416
53 117
53 434
54 205
54 214
54 234
54 241
54 267
54 368
55 82
56 112
56 152
56 170
56 430
57 61
57 131
57 281
57 391
58 90
58 151
58 169
58 250
58 265
58 283
59 167
59 270
59 322
60 280
60 345
60 426
61 131
61 444
62 446
62 474
63 305
63 407
64 312
64 394
64 435
65 307
65 404
66 107
66 227
66 248
66 318
67 274
67 360
67 370
67 447
68 191
68 334
68 446
69 313
70 370
71 228
71 249
71 251
71 326
71 343
72 112
72 142
72 288
72 319
73 335
73 448
74 201
74 293
74 305
75 250
75 274
75 371
75 456
76 186
76 193
76 246
76 257
76 330
76 465
76 472
77 125
77 239
77 391
78 182
79 118
79 236
79 421
80 117
80 162
81 399
81 476
82 98
82 167
82 242
83 107
83 376
83 462
84 89
84 91
84 124
84 257
84 317
85 154
85 172
85 263
85 404
85 419
86 227
86 318
86 388
86 427
87 172
87 181
87 193
87 208
87 324
87 344
87 396
88 422
89 107
89 176
89 283
89 302
89 375
90 162
90 289
90 299
90 300
90 375
90 464
91 96
91 295
91 441
91 496
92 176
92 195
92 292
92 413
93 153
93 323
93 329
93 455
94 143
94 359
94 419
94 441
94 459
95 141
95 381
97 224
97 309
97 408
98 256
100 253
100 268
100 380
100 382
100 407
100 484
101 246
101 343
102 336
102 409
102 413
102 418
102 447
103 154
103 255
103 296
103 330
104 166
104 298
104 365
104 429
105 148
105 182
105 479
106 182
106 263
106 319
106 356
106 408
106 462
106 482
107 231
107 242
107 300
107 385
107 492
108 403
108 488
109 251
109 257
109 295
109 297
109 479
110 113
110 297
110 375
110 414
110 455
111 137
111 365
111 457
112 475
113 120
113 125
113 223
113 418
114 145
114 169
114 247
114 248
114 298
114 362
115 120
115 190
115 355
115 389
116 319
116 397
117 137
117 141
117 256
117 261
118 339
118 428
119 131
119 164
119 247
119 309
119 425
120 360
120 468
121 343
121 408
122 225
122 245
122 409
123 129
123 327
123 382
123 464
124 264
124 323
124 325
125 239
125 423
125 433
126 253
126 257
126 283
126 307
126 434
127 169
127 388
128 202
128 337
129 144
129 201
129 260
129 261
129 323
129 442
130 352
130 421
130 474
131 178
131 299
131 452
131 473
132 323
132 328
132 390
132 430
132 493
133 193
133 259
133 311
133 401
133 410
134 252
134 253
134 305
134 347
134 441
135 235
135 313
135 394
136 322
136 412
137 164
137 205
137 220
137 291
137 366
137 496
138 225
138 286
138 410
139 257
139 263
139 431
140 332
141 214
142 252
142 265
142 360
142 461
143 289
143 494
144 259
144 286
145 162
145 163
145 198
145 430
145 493
146 158
146 250
146 370
146 388
146 488
147 303
147 406
148 345
148 409
148 459
149 221
149 283
149 333
149 403
149 454
149 479
149 499
150 297
150 346
150 494
151 276
151 277
151 322
152 348
152 446
153 212
153 451
155 216
155 266
155 405
155 457
156 255
156 283
156 294
156 345
156 410
156 447
156 485
157 205
157 234
157 468
157 496
158 437
159 244
159 420
159 457
159 473
160 247
160 335
160 407
161 194
161 271
161 283
161 322
161 409
162 418
163 175
163 185
163 498
164 167
164 213
164 318
164 382
165 169
165 348
165 441
166 194
167 214
167 239
167 296
167 347
167 384
168 400
169 296
169 334
169 432
169 438
170 219
170 290
170 387
171 426
171 496
172 271
172 433
173 295
173 308
173 373
173 495
174 222
174 256
174 379
174 483
175 205
175 244
175 458
175 487
176 455
177 195
177 405
178 237
178 328
178 443
179 335
179 425
179 456
180 334
181 188
182 193
182 245
182 496
183 266
183 296
183 377
184 223
184 285
185 200
185 238
185 297
185 389
185 403
185 404
186 274
186 323
187 226
188 479
189 455
190 201
190 350
191 242
191 348
191 400
191 403
191 413
191 466
193 270
193 385
194 358
195 209
195 283
195 453
196 202
196 289
198 204
198 350
198 400
198 452
199 260
199 355
200 310
201 298
201 413
201 438
202 272
202 324
202 379
202 393
203 204
204 268
204 315
204 395
205 472
206 389
207 293
208 230
208 437
208 476
209 497
210 248
210 276
210 354
210 467
211 265
211 281
211 345
211 495
213 287
214 273
214 405
214 451
215 318
215 368
215 433
216 475
217 324
217 337
218 259
218 262
218 292
218 495
219 220
220 314
220 375
221 276
221 440
222 278
222 303
223 433
224 259
225 345
225 441
226 266
226 331
227 274
227 299
227 340
228 409
228 443
228 476
229 344
229 409
230 325
230 357
230 464
230 497
231 371
231 380
231 489
232 258
232 423
233 290
233 458
234 310
234 318
234 386
235 325
235 428
236 284
236 287
236 385
236 409
236 420
237 424
237 485
238 361
238 367
238 376
239 314
239 326
239 370
239 468
240 274
240 371
241 281
241 471
242 334
242 390
243 263
243 475
244 387
244 426
244 438
244 440
245 247
245 255
245 332
245 433
246 482
247 315
247 366
247 415
248 485
249 259
249 414
249 468
250 364
250 426
250 494
251 272
251 452
251 460
251 475
252 430
253 277
253 372
253 470
254 267
254 416
254 479
255 371
256 308
257 309
258 388
258 413
258 453
259 272
259 488
260 495
261 268
261 426
261 437
262 475
263 319
263 354
265 372
265 488
265 493
267 394
267 411
268 420
268 482
269 306
269 369
270 408
271 410
271 425
272 462
273 299
273 447
273 489
274 370
275 359
275 374
275 470
276 351
276 367
276 378
276 417
276 473
278 361
278 362
279 379
280 313
280 410
281 375
281 474
281 483
282 301
282 428
282 441
282 475
282 477
283 299
283 426
284 350
285 486
286 469
287 331
287 461
288 312
288 383
289 410
289 426
290 310
290 406
290 478
291 359
294 392
294 420
294 428
295 401
300 329
301 450
302 429
303 323
303 376
303 421
304 307
306 449
306 495
307 479
308 332
309 332
309 490
310 451
313 463
313 481
314 436
315 394
316 320
316 357
316 475
318 319
319 377
319 420
319 432
319 443
320 369
321 353
321 392
321 416
323 347
323 462
325 326
326 356
328 367
328 466
329 456
330 373
330 409
331 385
332 378
334 436
335 376
335 446
336 396
336 445
337 400
337 457
339 352
339 436
340 382
340 473
341 399
343 384
343 408
343 438
344 427
347 495
347 498
349 444
350 351
350 445
351 392
353 428
355 435
355 499
360 446
360 480
362 494
365 456
365 475
366 444
368 425
370 391
372 413
372 465
374 440
375 393
376 406
378 477
380 439
381 447
382 471
384 470
388 446
389 417
390 480
391 401
391 497
394 407
398 457
399 408
400 406
402 483
402 498
404 414
404 433
408 409
410 478
411 475
418 431
420 447
422 438
424 451
425 465
425 484
425 487
430 447
431 459
432 459
432 480
439 465
439 489
440 453
442 465
443 452
448 494
454 472
454 474
456 466
457 489
460 465
460 466
467 481
471 472
476 494
478 496
487 496
0
9 499
