500	1019	 1
0 52
0 103
0 105
0 106
0 253
0 268
0 480
0 494
1 35
1 226
1 338
1 346
1 441
2 174
2 337
2 493
3 13
3 116
3 159
3 269
3 280
4 189
4 311
4 350
4 368
5 19
5 54
5 120
5 434
5 449
6 97
6 406
6 497
7 131
7 138
7 207
7 350
7 371
8 23
8 92
8 224
8 232
8 250
8 255
9 114
9 138
9 449
10 220
10 298
11 13
11 276
11 444
11 459
12 100
12 419
12 499
13 18
13 211
13 470
14 51
14 90
14 102
14 116
14 167
14 262
15 200
15 267
15 279
15 301
15 388
16 60
16 140
16 188
17 142
17 310
17 346
17 471
18 139
18 228
19 112
19 410
19 421
20 52
20 77
20 118
20 257
20 274
20 467
21 397
22 96
22 136
22 149
22 311
22 333
22 345
22 384
23 93
23 212
23 352
24 27
24 130
24 340
24 402
24 463
24 495
25 228
25 309
25 418
25 452
25 464
26 30
26 43
26 129
27 105
27 358
27 391
28 117
28 204
28 389
28 446
28 480
29 286
29 422
30 49
30 80
30 355
30 358
30 423
31 178
31 212
31 317
31 321
31 442
32 185
32 289
32 466
33 47
33 100
33 140
33 230
33 295
34 44
34 94
34 300
34 332
34 423
34 485
35 227
35 278
35 280
35 323
35 382
36 227
36 330
36 385
36 497
37 58
38 109
38 156
38 366
39 162
39 163
39 360
39 400
40 80
40 175
40 275
40 381
41 254
41 459
42 193
42 265
43 188
43 226
43 232
43 273
43 385
43 394
44 89
44 115
44 191
44 216
44 313
44 376
45 52
45 285
45 408
45 437
45 482
46 79
46 111
46 179
46 300
46 309
46 476
46 484
47 67
47 333
47 376
47 390
48 69
48 137
48 156
48 169
48 183
48 189
48 374
48 406
48 437
49 65
49 77
49 94
49 462
50 155
50 394
50 457
52 139
52 182
52 275
52 400
52 456
53 74
53 214
53 285
53 482
54 258
54 359
54 406
55 409
55 411
56 200
56 406
56 407
57 260
57 269
57 322
57 334
57 441
58 69
58 269
58 329
59 61
59 86
60 109
60 285
60 318
60 424
61 194
61 239
62 231
62 287
62 403
63 180
64 136
64 488
65 73
65 84
66 235
66 258
66 431
66 491
67 81
67 225
67 362
67 446
68 241
68 251
68 310
68 443
69 188
70 166
70 274
70 480
71 258
71 322
71 451
72 114
72 117
72 300
72 428
72 444
73 302
74 169
74 327
74 358
75 105
75 144
75 328
75 471
75 499
76 135
76 147
76 295
76 305
76 312
76 335
76 375
76 476
77 96
77 236
77 417
78 469
78 484
79 383
79 396
80 303
80 369
80 409
80 450
81 399
81 461
81 467
82 230
82 348
82 438
83 195
83 215
83 248
83 345
83 470
84 127
84 404
84 458
85 94
85 114
85 123
85 206
86 117
86 136
86 204
86 224
87 160
87 177
87 207
87 289
87 419
88 212
88 220
88 325
88 442
88 476
89 186
89 313
90 116
90 199
90 240
91 158
91 182
91 386
91 449
92 133
92 254
92 439
92 469
92 492
93 132
93 146
93 275
93 462
93 470
94 161
94 173
94 391
94 440
94 498
95 223
95 226
95 253
95 381
97 111
97 113
97 234
97 268
97 398
98 240
98 263
98 275
98 381
98 432
99 132
99 281
99 361
100 147
100 486
101 108
101 450
102 240
102 296
102 361
102 439
102 479
103 116
103 130
103 158
103 268
103 305
103 430
103 475
104 126
104 251
104 260
104 267
104 336
104 406
106 189
106 364
106 399
106 402
106 419
107 114
107 165
107 297
107 354
107 376
107 435
107 452
107 487
108 286
108 362
109 153
109 402
109 477
110 249
110 423
111 397
111 404
111 425
111 432
111 477
112 308
112 366
112 370
112 407
113 201
114 494
115 131
115 341
115 355
115 461
115 466
115 498
116 288
116 457
117 271
117 359
117 430
117 483
118 126
118 478
119 186
119 291
119 315
119 496
120 209
121 287
121 403
121 407
121 456
122 272
122 337
122 397
123 180
123 198
123 318
123 323
123 401
123 463
123 466
124 318
124 488
125 158
125 218
125 244
126 143
126 233
126 367
126 386
126 387
126 453
127 183
127 384
127 461
128 237
128 309
128 447
128 470
128 493
129 187
129 265
129 300
130 146
130 173
130 196
131 270
131 361
131 477
132 257
132 335
132 459
133 392
134 359
134 367
135 161
135 228
135 268
135 306
135 332
135 424
136 155
136 458
137 181
137 186
137 463
138 400
138 402
139 273
140 158
141 290
141 437
142 171
142 454
142 483
143 183
143 418
144 147
144 427
145 380
145 449
145 484
146 217
146 364
147 260
147 268
147 316
147 472
148 211
148 288
148 370
148 435
149 318
149 389
149 402
150 163
150 217
150 223
150 235
150 295
151 166
151 192
151 419
151 473
152 227
153 216
153 279
154 175
154 186
154 357
154 394
154 471
155 356
155 484
156 172
156 223
157 252
157 287
157 389
157 412
158 233
158 359
158 447
158 455
158 460
158 492
159 429
159 462
160 339
160 344
160 404
161 271
161 295
161 297
161 305
161 365
161 413
162 222
162 237
163 202
163 277
163 397
163 461
164 216
164 231
164 273
164 385
164 458
165 234
165 334
165 411
166 242
167 257
167 343
168 220
168 234
168 258
168 275
168 375
169 313
170 181
171 190
171 468
172 408
172 444
172 495
173 182
173 302
174 282
174 414
174 491
175 232
176 200
176 227
176 232
176 423
177 303
177 351
177 356
177 419
177 425
178 349
178 423
179 446
180 224
180 260
180 432
181 284
181 476
183 311
184 260
184 282
184 294
184 307
184 364
185 201
185 344
185 388
187 197
187 206
187 394
188 280
188 318
189 390
190 393
190 453
190 465
191 261
191 317
191 338
191 399
192 245
192 356
192 466
193 217
193 313
194 490
196 264
197 301
197 498
198 241
198 414
198 480
199 229
199 371
199 495
200 393
201 290
202 360
202 439
202 471
203 212
203 326
203 410
203 474
203 492
204 448
205 250
205 336
205 427
207 340
207 363
207 408
207 409
208 343
208 374
208 419
209 210
209 240
210 261
210 279
210 480
210 482
211 384
211 422
213 231
213 398
214 294
214 311
214 359
214 436
214 461
214 463
215 266
215 392
215 435
216 454
217 233
217 324
218 285
218 489
219 313
219 355
219 467
220 226
220 256
220 259
220 322
221 343
221 352
222 233
223 255
223 318
224 243
224 346
225 282
225 310
225 485
226 368
226 472
228 443
228 446
229 238
230 253
230 369
230 388
230 465
230 466
231 239
231 248
231 287
231 450
231 457
234 286
234 393
235 396
236 335
236 365
236 427
236 456
236 491
237 313
238 276
238 348
238 487
239 398
239 496
240 288
240 377
240 379
242 436
242 441
243 382
244 247
244 263
244 385
245 265
245 275
246 272
246 301
247 312
247 441
248 323
249 330
249 461
250 269
250 308
250 467
251 438
253 364
254 424
254 445
255 373
256 364
258 278
258 372
259 278
259 456
260 285
261 347
261 477
262 403
263 307
263 472
264 481
264 495
265 301
265 434
265 456
266 283
266 288
266 320
266 352
266 451
266 494
267 490
269 289
270 311
270 317
271 428
271 446
271 497
272 407
272 465
273 342
273 482
274 281
274 407
275 303
275 434
275 471
276 283
276 320
276 427
276 476
276 496
277 358
278 293
278 295
278 326
279 295
279 334
280 403
280 425
281 444
281 472
283 325
283 337
283 449
283 465
284 344
285 309
285 489
286 351
286 425
287 354
288 413
288 464
290 351
290 430
292 399
293 361
293 405
293 430
294 487
296 405
296 441
297 309
297 435
298 307
298 336
298 337
298 430
299 330
299 359
299 465
300 348
301 412
302 428
304 331
304 384
305 332
305 355
305 363
306 361
306 487
307 373
307 487
308 453
309 321
309 411
309 418
310 364
310 402
311 398
312 353
312 390
312 488
314 332
314 408
315 382
317 354
318 377
318 410
319 362
319 409
319 463
319 473
320 372
321 466
323 344
323 373
324 370
324 471
324 477
325 330
326 492
327 427
329 366
329 496
332 410
332 459
332 475
333 440
333 466
334 499
335 499
337 378
337 462
338 426
339 413
340 342
340 431
341 379
342 429
343 369
343 399
343 477
344 410
344 447
345 436
346 497
347 427
347 457
348 357
348 361
348 412
348 460
349 381
349 416
351 364
351 436
353 460
353 462
354 405
354 420
355 474
356 387
356 408
358 375
360 372
360 404
362 462
367 484
368 375
369 382
370 425
370 469
371 378
374 379
378 432
378 441
379 421
379 429
381 410
383 432
384 390
385 422
386 389
387 442
387 458
388 417
391 483
393 451
394 404
395 398
396 425
396 430
398 426
399 433
399 475
401 494
402 491
404 440
405 444
408 409
409 423
410 478
412 415
413 464
413 483
414 493
416 418
416 479
417 483
419 483
421 427
421 433
422 469
426 446
427 458
427 489
434 487
438 491
441 482
448 463
449 471
452 473
453 468
464 477
473 484
477 486
0
9 499
