500	1003	 1
0 38
1 163
1 439
1 496
2 4
2 203
2 222
2 276
2 312
2 342
2 437
3 52
3 84
3 156
3 173
3 271
3 303
4 43
4 68
4 296
4 341
5 140
5 341
6 8
6 166
6 249
6 349
7 227
7 277
7 448
8 71
8 454
9 80
9 403
9 431
9 496
10 39
10 42
10 171
10 260
10 364
10 398
10 453
10 458
10 491
11 28
11 56
11 94
11 184
11 372
11 380
12 175
12 394
13 20
13 260
13 301
14 285
14 352
14 382
15 193
16 44
16 162
16 235
16 237
16 254
16 262
16 298
16 401
17 56
17 152
17 166
17 336
18 141
18 265
18 401
18 409
18 460
18 490
19 266
19 303
19 464
19 471
19 496
20 169
20 217
20 417
21 247
21 444
21 451
22 35
22 210
22 252
22 408
23 490
24 35
24 284
25 42
25 372
26 231
26 318
26 442
27 151
27 262
27 316
27 435
28 261
28 279
28 372
29 355
29 377
29 421
30 54
30 138
30 296
30 390
31 133
31 151
31 287
31 306
31 380
32 188
32 189
32 194
32 199
33 54
33 137
33 230
34 128
34 286
34 321
35 223
35 368
35 400
35 474
36 231
36 238
37 44
37 213
37 218
37 226
37 367
38 82
38 137
38 244
39 138
39 198
39 395
39 417
40 192
40 322
40 357
40 498
41 126
41 207
41 467
42 65
42 111
42 175
42 205
42 321
42 497
43 220
44 56
44 70
44 127
44 145
44 348
44 447
45 409
46 152
46 169
46 308
47 72
47 99
47 173
47 233
47 265
47 314
47 323
47 345
48 224
48 338
48 380
48 460
49 94
49 146
49 321
50 244
51 157
51 237
51 329
52 54
52 269
52 308
52 377
53 138
53 249
53 300
54 394
54 414
55 88
55 95
55 168
55 171
55 304
55 375
56 106
56 145
56 360
56 393
57 120
57 182
57 217
58 333
58 368
58 417
59 100
59 121
59 163
59 200
59 236
59 288
59 371
59 410
59 424
59 436
60 111
60 135
60 245
60 266
60 345
60 390
60 400
61 169
61 186
61 466
62 176
62 295
62 464
63 149
63 468
64 108
64 366
64 460
64 476
65 321
65 324
66 79
66 200
66 334
66 354
66 377
66 444
67 121
67 158
67 240
67 274
68 74
68 160
68 298
68 418
69 466
70 228
70 260
71 180
71 459
71 468
72 165
72 183
72 283
73 74
73 153
73 191
74 157
74 176
74 242
75 178
75 321
75 380
75 390
76 398
76 475
76 490
77 147
77 307
77 419
78 232
78 387
78 415
78 450
78 467
80 219
80 336
80 353
80 491
81 97
81 122
81 245
81 337
81 345
81 442
81 478
82 201
82 249
82 268
82 269
82 357
82 381
82 469
82 487
83 375
84 110
84 155
84 483
85 87
85 211
85 216
85 235
85 237
85 271
86 100
86 434
87 114
87 137
87 148
87 168
87 420
88 122
88 299
88 359
88 367
88 390
89 136
89 397
89 492
90 196
90 215
91 383
91 494
92 126
92 179
92 290
92 354
92 357
92 426
93 133
93 291
94 495
95 221
95 280
95 473
96 108
96 160
96 199
96 225
96 369
96 433
97 288
98 118
98 406
98 433
99 127
99 196
99 221
100 138
100 155
100 341
100 425
101 118
101 338
101 434
102 255
103 194
103 253
103 313
103 408
104 408
105 123
105 190
106 184
107 260
107 352
107 379
107 399
108 134
108 177
108 266
108 283
108 427
109 226
109 318
110 326
110 375
110 413
111 188
111 299
112 294
113 250
113 280
113 291
113 384
114 151
114 355
114 375
115 404
116 222
116 251
116 261
117 161
117 205
117 408
118 233
118 370
119 248
119 327
119 449
119 495
120 225
120 465
120 498
121 153
121 300
121 467
121 495
123 223
123 474
124 137
124 149
125 441
126 281
127 362
127 384
127 390
127 448
127 491
128 359
129 140
129 246
129 380
130 141
130 268
131 176
131 238
132 424
132 440
132 452
133 225
133 298
133 325
133 400
133 429
134 207
134 343
134 458
135 254
135 274
136 204
136 279
137 143
137 387
138 329
138 429
139 150
139 306
139 412
139 449
140 151
140 152
140 367
141 170
141 329
141 397
141 488
141 499
142 224
142 270
142 289
142 341
142 458
143 193
143 238
143 254
143 278
143 422
144 150
144 219
144 446
145 204
145 206
145 345
145 354
145 366
145 403
145 429
146 198
146 281
146 438
146 439
147 174
147 177
147 204
147 224
148 250
148 437
148 451
149 214
149 340
149 431
149 445
149 469
150 313
150 468
151 243
151 265
151 319
151 471
151 492
152 165
152 404
153 361
153 371
154 196
154 242
154 302
155 393
155 462
155 474
156 459
156 499
157 303
157 416
158 228
159 396
159 463
160 378
160 460
161 184
161 206
161 267
161 349
162 271
162 302
162 332
162 441
162 452
163 172
163 448
163 452
164 266
164 290
166 248
167 208
167 335
167 409
167 484
167 489
168 231
168 262
168 361
168 472
169 172
169 319
170 308
171 194
171 302
171 391
173 212
173 301
173 456
173 478
174 191
174 295
174 407
174 459
175 202
175 218
175 243
175 358
175 409
175 493
176 431
177 271
177 381
177 383
177 387
177 438
178 407
179 215
179 297
179 342
180 256
180 276
180 408
181 314
181 391
181 473
182 185
182 213
182 231
182 239
182 292
182 308
182 339
182 398
182 436
182 482
183 273
183 313
183 417
183 423
184 241
184 292
184 465
184 473
185 225
186 259
186 332
187 425
187 428
188 353
189 258
189 454
190 288
190 325
190 471
191 353
191 408
192 250
192 347
192 368
192 442
193 215
193 315
193 350
193 354
195 219
196 290
196 382
196 416
196 429
197 233
197 234
197 261
197 290
197 476
198 261
198 325
198 499
199 207
199 339
199 422
200 232
200 287
200 372
200 452
201 203
201 496
202 241
202 278
202 453
203 365
203 493
204 320
205 407
206 235
207 343
207 419
207 461
207 483
208 433
208 491
209 392
209 431
209 461
209 485
210 344
210 424
212 338
213 243
213 460
214 292
214 353
214 474
215 359
217 355
218 274
218 391
218 452
219 322
219 324
219 450
220 325
220 433
221 223
221 375
221 422
221 432
221 439
222 403
222 459
223 254
223 264
225 235
225 415
225 445
227 246
228 251
229 315
230 377
230 498
232 241
232 333
232 479
233 290
233 358
233 421
234 352
234 433
235 360
235 439
235 486
236 248
236 254
236 324
236 385
236 439
237 295
237 357
237 440
238 253
238 363
238 375
238 496
238 497
239 267
239 285
240 331
240 495
241 283
241 342
241 445
242 282
242 468
242 488
243 387
243 429
243 483
244 302
245 344
245 406
245 480
247 344
247 416
248 302
250 498
252 328
252 375
253 275
253 367
253 468
253 470
255 273
255 292
255 412
256 443
256 455
257 319
258 293
258 397
259 303
259 335
259 436
260 396
261 472
262 296
262 392
263 269
264 458
265 314
265 362
265 375
265 404
266 446
267 344
268 278
268 432
268 447
268 459
268 481
269 467
270 311
271 299
272 321
272 329
272 379
272 427
273 302
273 311
273 363
273 485
274 402
275 298
275 333
275 371
275 380
275 477
276 406
277 366
277 370
278 407
279 378
279 438
280 296
280 493
281 392
282 360
284 490
285 298
286 299
286 344
286 368
288 298
288 491
289 461
290 387
292 359
293 340
293 359
293 458
293 474
294 336
294 346
294 373
294 419
294 482
296 310
296 434
297 301
297 487
298 427
300 323
301 321
301 378
301 481
301 496
302 308
302 491
305 455
306 321
306 369
306 451
307 395
307 401
309 331
309 390
310 358
310 488
311 388
313 337
313 403
314 372
314 496
315 418
315 438
316 451
317 337
318 355
318 381
319 413
320 355
320 475
321 494
322 473
323 409
323 457
323 481
324 356
324 424
326 463
328 420
328 495
330 337
330 364
330 395
330 416
330 440
330 445
332 464
334 399
335 488
337 354
338 370
339 440
340 418
340 451
341 366
341 367
342 351
343 374
343 379
345 404
346 365
348 441
350 405
350 469
350 491
351 353
353 360
353 477
353 497
354 386
354 391
354 499
355 385
355 395
355 406
356 459
356 485
357 436
359 411
360 362
360 418
361 460
362 372
363 387
363 422
363 451
364 392
364 435
366 374
366 384
366 476
366 484
367 489
370 390
371 440
371 466
371 470
372 382
372 438
374 387
374 404
375 413
376 396
376 424
377 429
378 482
380 383
380 433
381 404
381 430
381 490
382 482
384 433
388 495
389 451
390 410
390 442
391 421
392 488
393 397
393 455
394 415
396 417
398 477
400 435
404 420
407 430
408 432
409 437
411 433
412 414
415 472
416 440
419 424
419 426
420 431
422 498
423 459
423 486
424 451
424 459
426 452
427 443
427 460
428 481
429 433
430 452
431 486
432 496
434 438
434 440
438 453
438 489
441 496
443 448
446 451
450 471
459 472
468 472
475 494
481 482
489 498
0
9 499
