500	1043	 1
0 192
0 355
0 489
1 296
1 475
2 81
2 179
2 292
2 362
2 398
2 451
3 94
3 96
3 271
3 330
3 346
4 207
4 427
4 440
4 482
5 402
5 431
5 447
6 19
6 78
6 188
6 226
6 374
7 268
7 286
7 290
8 58
8 190
8 198
8 442
9 11
9 96
9 180
9 225
9 280
10 26
10 164
10 423
11 152
11 234
11 326
12 66
12 187
12 378
12 480
12 492
13 117
13 246
13 261
13 275
13 324
13 466
14 242
14 269
14 407
14 408
14 416
14 482
15 138
15 308
15 415
15 454
15 475
16 114
16 180
16 242
16 264
16 331
16 368
17 34
17 41
17 178
17 408
18 160
18 179
18 198
19 95
19 258
19 448
20 67
20 103
20 117
20 134
20 137
21 127
21 177
21 353
22 150
22 240
22 287
22 347
22 378
22 496
23 52
23 152
23 263
23 329
23 358
23 489
24 197
24 213
24 369
24 382
24 429
25 198
25 214
25 342
26 41
26 156
26 363
27 297
27 371
27 398
28 162
28 287
28 397
28 457
29 106
29 192
29 213
29 431
30 325
31 54
31 363
31 423
31 436
32 214
33 56
33 320
33 352
34 142
34 269
34 294
34 433
34 481
35 237
35 317
35 374
36 361
36 404
37 173
37 237
37 265
37 360
38 138
38 153
38 276
38 351
38 371
39 423
40 49
40 172
40 444
41 59
41 219
41 228
41 237
41 253
41 289
41 330
42 103
42 339
42 397
43 91
43 166
43 184
43 327
43 408
43 486
44 158
44 290
44 357
44 400
45 179
45 251
45 282
45 409
45 427
46 68
46 70
46 139
46 282
46 452
47 53
47 69
47 397
47 442
48 113
48 197
48 236
48 423
48 494
49 306
49 341
49 342
50 261
51 176
51 461
52 295
52 376
52 427
52 492
53 130
53 267
53 333
53 497
54 144
54 267
54 295
54 334
55 65
55 332
57 211
57 223
57 401
57 407
57 435
58 104
58 274
58 326
58 417
58 457
58 460
59 269
59 308
59 380
59 416
59 484
60 272
60 409
60 428
61 92
61 256
61 274
61 343
61 356
61 419
62 74
62 192
62 309
62 443
62 487
63 223
63 479
63 495
64 184
64 206
64 272
64 278
64 417
65 253
65 296
65 332
66 241
66 313
66 412
66 421
67 146
67 270
67 473
68 129
68 339
69 90
69 340
70 250
70 254
70 304
70 419
71 212
71 240
72 286
73 158
73 173
73 185
73 193
73 233
73 345
74 110
74 240
74 300
74 410
74 439
74 448
74 492
75 98
75 347
75 358
75 445
76 240
76 449
77 83
77 349
78 331
78 337
78 370
78 455
79 138
79 370
80 156
80 312
80 373
80 425
81 262
81 302
81 305
81 363
82 367
82 407
83 154
83 340
83 444
84 249
84 262
85 283
85 335
85 362
85 415
85 417
85 439
85 453
86 125
86 239
86 483
87 244
87 256
87 348
87 467
88 198
88 355
88 494
89 98
89 138
89 320
89 327
89 418
90 398
90 436
90 457
91 177
91 260
92 430
92 441
93 98
93 221
93 267
93 395
93 463
94 103
94 147
94 460
95 193
95 197
95 232
96 125
97 214
97 313
97 352
97 412
97 442
97 450
98 116
98 130
98 202
98 226
98 355
98 391
98 441
98 447
99 135
100 439
100 449
101 179
101 227
102 220
102 256
102 283
102 382
102 396
102 414
102 485
103 190
103 196
103 371
104 132
104 204
104 206
104 222
104 322
104 328
105 294
105 358
105 479
106 125
106 183
107 193
107 205
107 274
107 326
107 344
108 246
108 438
109 125
109 245
109 476
110 355
110 473
111 389
112 270
112 352
112 362
113 176
113 185
113 343
114 374
114 381
114 406
114 441
114 474
115 123
115 245
115 300
116 195
116 235
116 352
116 364
116 452
117 187
117 188
117 236
117 269
117 275
118 127
118 200
118 492
119 230
119 334
120 432
121 143
121 245
121 251
121 393
121 402
121 467
122 153
122 234
122 285
122 342
123 145
123 379
123 421
124 232
124 286
124 493
125 466
126 212
126 314
126 463
126 466
127 213
127 246
127 422
127 423
128 193
128 308
129 153
129 181
129 218
129 270
129 348
129 465
130 496
131 186
131 193
131 474
132 259
132 318
132 478
133 147
133 192
133 320
133 327
133 339
133 466
133 467
133 473
133 479
134 266
135 214
135 247
135 462
136 415
136 443
136 449
137 210
138 187
138 483
139 160
139 185
140 177
140 273
140 289
140 330
140 464
141 391
141 481
142 235
142 272
142 301
142 334
142 397
143 230
143 455
143 469
144 232
144 337
144 376
144 430
145 183
145 360
145 362
145 375
145 389
145 401
145 451
146 180
146 215
146 273
146 337
147 213
147 216
147 260
148 178
148 463
149 184
149 278
149 357
149 417
149 476
150 234
150 255
150 493
151 355
152 169
152 333
152 429
152 467
153 185
153 308
153 321
154 224
155 459
156 297
156 333
156 413
157 172
157 200
157 258
157 310
157 436
158 181
158 237
158 310
159 160
159 209
159 310
159 361
160 365
161 171
161 334
161 408
162 238
162 263
162 374
162 386
163 175
163 278
163 306
163 491
164 239
165 296
165 320
165 419
166 232
166 328
167 375
167 394
167 408
168 271
168 293
168 350
169 290
169 323
169 403
169 486
170 202
170 256
171 369
171 396
171 421
171 451
172 445
172 453
173 481
174 261
174 358
174 406
174 415
175 256
175 371
176 348
177 221
177 288
177 359
177 403
177 473
178 179
178 207
178 297
180 273
180 341
181 230
181 302
181 457
182 390
182 405
182 456
184 283
184 467
184 487
185 393
186 275
186 307
187 234
187 462
188 327
188 392
188 430
188 463
188 472
189 275
189 297
189 428
191 350
191 351
193 369
193 423
194 250
194 279
194 324
194 401
195 347
195 482
196 297
196 311
196 348
197 202
197 273
197 324
198 223
198 296
198 303
198 333
199 220
199 281
199 337
199 413
199 456
199 465
200 442
201 236
201 255
201 316
201 393
201 420
202 205
203 228
203 327
203 413
203 478
204 362
204 411
205 354
206 446
207 318
208 265
208 278
208 347
208 455
209 346
210 237
210 319
210 325
211 341
211 424
212 248
212 351
212 354
212 357
212 426
212 438
212 492
213 272
213 436
213 456
214 277
214 287
214 304
214 378
214 426
215 252
215 410
216 284
216 293
216 413
217 249
217 336
217 340
217 476
218 367
218 491
219 283
219 311
219 426
222 238
222 341
222 368
223 228
223 380
223 480
224 240
225 349
226 227
226 276
226 353
226 362
226 447
228 297
228 318
228 330
229 257
229 388
229 451
230 265
230 468
230 484
231 246
231 407
232 493
233 366
233 385
233 418
237 276
237 424
238 247
238 281
238 285
238 397
238 422
239 280
239 408
240 337
240 388
241 469
241 479
241 487
243 295
243 309
243 360
246 298
246 308
246 468
246 493
247 282
247 472
248 285
248 372
249 352
249 446
250 352
250 365
250 416
251 306
251 315
252 388
252 468
253 385
253 499
254 270
254 353
254 415
254 497
255 271
255 367
255 440
256 308
256 451
257 397
257 432
258 402
258 426
259 286
259 463
261 317
261 482
261 497
262 311
262 315
262 343
264 278
264 328
264 366
264 399
267 390
267 466
268 476
269 454
269 479
269 491
270 357
272 394
273 285
273 307
273 314
273 390
275 361
275 490
275 499
276 398
277 291
277 494
278 431
279 342
279 468
279 482
280 346
280 365
281 373
281 424
283 427
284 344
284 351
285 333
285 472
286 414
286 456
286 496
287 313
287 352
287 454
288 294
288 438
289 420
289 465
289 478
290 318
290 349
290 371
290 443
291 370
291 415
292 399
292 422
292 433
293 297
293 459
294 315
294 492
295 382
296 347
297 375
297 453
298 426
298 466
298 481
299 429
300 378
300 442
300 448
302 305
302 423
302 469
304 465
305 331
305 335
305 372
306 340
309 405
310 348
310 433
310 449
311 418
313 323
313 416
313 481
314 488
316 464
317 406
319 335
319 459
320 393
321 456
321 458
321 486
322 419
323 382
324 466
324 482
324 496
325 377
325 443
326 383
326 432
328 353
328 414
329 357
329 364
330 334
330 403
331 452
332 409
334 377
334 438
335 445
335 457
335 466
337 387
337 459
338 387
338 462
339 351
339 471
340 384
340 464
340 477
341 448
342 364
342 487
342 498
343 433
345 377
345 429
346 360
346 421
347 388
349 433
349 462
349 484
350 413
350 435
351 468
352 383
352 404
352 423
353 392
353 475
354 386
354 409
355 417
355 492
356 403
357 439
357 472
358 449
359 374
359 420
359 468
359 493
361 417
361 435
364 484
366 390
366 422
367 491
368 399
370 406
370 441
372 477
373 395
373 468
375 419
376 444
378 420
379 410
379 433
380 391
381 389
381 429
381 435
381 471
383 433
384 427
386 488
387 464
388 436
389 437
389 445
390 457
391 404
394 483
396 476
398 404
398 467
399 441
402 496
403 480
404 416
405 470
409 470
410 432
411 491
414 452
416 489
420 430
420 470
420 483
421 434
421 435
423 474
424 487
426 437
427 452
429 440
430 442
435 450
436 457
436 486
443 491
445 495
446 467
452 479
453 469
458 473
458 479
461 489
465 488
478 485
479 480
483 492
0
9 499
