500	985	 1
0 311
0 366
1 107
1 163
1 277
1 311
1 319
1 470
1 471
2 37
2 425
3 40
3 64
3 97
4 110
4 118
4 395
5 38
5 91
5 264
5 327
5 390
5 391
6 70
6 135
6 292
7 19
7 111
7 293
7 455
7 476
8 39
8 359
9 68
9 339
10 45
10 383
11 188
11 388
11 414
12 149
12 349
12 400
12 474
13 95
13 224
13 496
14 333
14 442
15 244
15 254
15 405
15 417
15 455
16 43
16 124
16 126
17 399
17 487
17 493
18 218
18 411
19 361
20 207
20 222
20 248
20 466
21 293
21 322
21 435
22 99
22 188
22 327
23 90
23 226
23 485
24 82
24 154
24 179
24 353
25 359
25 408
26 256
26 272
27 162
27 369
28 119
28 370
28 393
29 65
29 152
29 349
29 497
30 38
30 412
30 457
31 96
31 249
31 300
31 466
32 261
32 282
32 386
32 399
33 99
33 361
33 449
34 352
34 372
34 463
35 119
36 121
36 488
36 492
37 38
37 44
37 238
38 353
38 404
38 493
39 48
39 186
39 435
40 62
40 86
40 164
40 240
41 172
41 419
41 497
42 65
42 189
42 320
42 338
42 384
42 493
42 497
43 87
43 104
43 293
44 140
44 389
44 397
44 423
45 95
46 124
46 390
46 448
46 483
47 485
48 123
49 61
49 122
49 130
49 259
49 489
49 491
50 91
50 116
50 127
50 199
50 217
50 368
51 94
51 143
51 298
51 438
52 119
52 159
52 198
53 351
54 84
54 344
55 166
55 191
55 228
55 241
55 304
55 316
56 89
56 192
56 406
57 73
57 207
57 412
58 251
58 279
58 421
59 339
60 62
61 142
61 214
61 289
61 291
61 434
62 195
62 375
62 432
63 100
63 136
63 331
63 394
64 149
64 220
64 246
64 387
64 396
65 92
65 209
65 247
65 309
65 418
66 324
67 78
67 429
67 443
68 109
68 342
68 351
69 398
69 442
70 96
70 420
70 458
71 143
71 180
71 243
71 315
71 377
71 485
72 78
72 234
72 308
73 201
73 236
74 398
74 442
75 271
75 394
76 202
76 212
76 469
77 116
77 296
78 111
78 242
78 423
79 95
79 160
79 174
79 204
79 374
80 214
80 285
80 490
81 148
81 154
81 393
81 427
81 470
81 484
83 129
83 298
83 442
84 140
84 188
84 202
84 273
85 236
85 448
85 454
86 261
86 406
87 162
87 333
88 119
88 179
88 294
88 338
88 354
89 202
90 199
90 458
91 396
91 414
92 97
92 395
92 426
93 206
93 307
94 99
94 135
95 315
95 419
96 132
96 363
96 383
97 211
98 111
98 162
98 323
99 256
99 488
100 190
100 312
100 429
100 474
101 131
101 174
101 346
102 143
102 231
102 283
102 361
102 464
103 137
103 160
103 233
103 353
103 374
103 429
104 190
104 345
105 127
105 336
105 421
106 225
106 338
107 155
107 192
107 297
108 173
108 406
108 410
108 443
109 117
109 182
109 187
109 220
109 300
109 386
109 457
110 117
110 177
110 458
111 258
111 392
112 135
112 168
112 173
112 250
112 458
113 305
113 365
113 390
114 115
114 184
114 193
114 347
114 446
115 125
115 167
115 254
115 279
116 424
117 393
118 252
118 346
118 450
118 477
119 207
119 233
119 237
119 379
119 484
120 371
121 253
121 272
122 240
122 279
122 419
122 430
123 433
123 469
123 490
124 249
125 228
126 167
126 194
126 390
126 410
126 424
127 159
127 415
127 461
128 187
128 236
128 353
128 492
128 498
129 140
129 147
129 235
129 292
129 296
129 337
130 229
130 267
130 372
131 415
132 224
132 286
133 275
133 411
134 255
134 476
135 226
135 412
135 423
135 474
136 185
136 200
136 378
136 468
136 485
138 197
138 358
138 478
138 481
138 499
139 274
139 275
139 355
139 403
139 477
140 392
141 155
141 297
142 172
142 192
142 277
143 259
144 163
144 310
144 390
144 399
144 403
145 230
145 289
145 329
145 364
145 391
146 386
146 417
147 194
147 401
147 487
148 217
148 270
149 161
149 334
150 153
150 242
150 248
150 291
150 292
151 222
151 429
151 486
152 200
153 162
153 367
153 391
153 448
154 418
154 499
155 213
155 256
155 302
155 320
155 323
156 215
156 358
156 402
157 202
157 349
157 407
157 457
158 256
158 303
158 416
158 417
158 492
159 191
160 180
160 235
160 496
161 165
161 288
161 299
161 303
161 388
161 431
162 281
162 345
162 396
162 409
162 417
162 468
163 384
163 445
163 464
164 165
164 242
164 287
165 230
166 168
166 437
167 311
168 172
168 260
168 301
168 339
169 370
170 386
170 444
171 389
172 212
172 305
172 425
172 482
173 201
173 352
173 404
173 426
173 451
174 241
175 250
175 275
175 356
175 476
176 266
176 413
176 481
177 181
177 261
177 267
177 277
177 449
177 457
178 186
178 282
178 419
178 464
179 312
179 387
180 446
181 204
181 361
181 426
182 238
182 285
182 323
182 384
183 245
183 309
184 268
185 267
185 396
185 486
186 290
186 316
187 384
188 485
189 256
189 262
189 336
189 348
190 197
190 243
190 410
190 435
191 229
191 232
191 268
191 309
191 366
191 441
191 473
192 228
192 323
194 217
194 310
194 321
194 447
195 443
195 444
195 450
195 482
196 474
196 476
197 310
197 343
197 398
198 201
198 350
198 420
198 427
199 235
199 331
199 348
199 359
200 283
200 334
200 461
201 248
202 206
202 234
203 212
203 256
203 339
203 472
204 445
205 281
205 454
206 217
206 386
207 222
207 274
207 362
207 406
208 353
208 404
210 359
210 396
210 468
211 335
212 279
212 300
212 477
213 218
214 285
214 423
214 466
214 474
215 220
215 313
215 316
215 391
215 495
216 220
216 251
216 257
216 270
216 434
216 486
217 288
218 293
218 306
218 388
218 393
218 449
218 481
219 232
219 362
219 415
219 467
220 483
221 323
222 314
223 234
223 245
223 491
224 360
226 340
226 367
226 487
227 279
227 294
227 423
228 379
228 402
228 413
229 333
229 479
233 277
233 286
233 296
233 403
234 312
234 402
234 427
234 436
234 451
235 239
235 414
237 280
237 462
240 249
241 399
241 432
242 291
242 331
242 466
243 304
244 321
244 391
244 425
246 298
246 353
247 370
248 397
248 410
249 291
249 365
249 381
250 269
250 311
250 396
250 400
252 309
252 365
253 334
253 351
253 433
253 459
254 274
255 414
255 474
256 291
256 419
257 395
258 291
258 437
260 428
261 267
261 394
262 290
262 323
262 357
262 363
262 415
263 362
263 431
263 450
264 283
264 334
264 388
264 396
264 449
265 378
265 442
265 457
266 284
268 319
268 487
269 317
269 467
269 480
270 323
270 334
270 400
271 372
271 465
272 324
272 498
273 275
273 297
273 396
273 406
273 412
273 416
274 280
275 463
276 389
276 458
277 295
277 475
278 285
278 361
279 374
279 377
279 384
280 285
281 320
281 489
282 444
282 496
283 291
283 311
283 336
284 348
284 424
285 377
285 432
287 302
290 434
291 347
291 395
292 310
292 346
293 396
294 307
294 324
294 428
296 327
296 351
298 338
299 317
299 342
299 408
299 453
299 454
300 412
301 330
301 358
301 364
301 407
302 361
302 410
302 438
303 457
305 432
305 470
306 317
306 345
308 417
308 482
308 485
310 314
310 335
311 319
313 351
313 432
314 400
314 411
314 413
315 347
315 412
316 458
316 487
317 404
317 489
318 427
318 456
319 434
319 473
320 344
320 490
321 348
322 453
323 356
323 443
324 431
324 463
325 460
325 476
325 478
326 373
327 391
328 357
328 482
329 373
331 488
332 498
335 422
335 469
336 417
337 379
337 394
337 432
338 439
339 459
340 388
340 476
341 362
341 446
342 347
343 429
343 446
344 442
345 383
346 400
348 371
349 498
350 455
351 484
352 373
352 452
353 447
353 481
354 482
354 496
355 371
355 431
355 460
355 467
355 468
357 365
357 398
357 444
359 428
360 496
360 498
361 395
361 453
363 448
363 470
364 457
366 476
368 422
369 377
369 378
371 474
372 384
373 415
374 435
375 388
376 377
377 409
377 446
378 405
379 391
380 426
382 409
383 488
385 406
387 424
388 398
389 411
389 426
389 451
389 470
392 406
392 475
394 432
395 412
395 486
396 473
396 495
397 487
398 499
399 488
401 463
401 494
402 450
404 414
404 484
405 440
407 435
407 457
408 411
408 419
411 440
411 496
412 481
413 440
414 444
415 417
417 498
433 445
433 448
435 440
435 465
436 441
436 490
439 473
440 462
444 470
444 480
445 461
446 473
447 498
450 497
450 498
453 490
453 493
454 477
454 480
460 462
468 493
475 478
475 487
479 492
479 497
0
9 499
