500	990	 1
0 18
0 333
1 181
1 272
1 368
1 370
1 497
2 4
2 244
2 257
3 105
3 285
3 323
3 397
3 399
4 22
4 224
4 275
4 323
4 396
4 444
5 29
5 183
5 261
5 330
5 429
6 43
6 276
6 335
7 241
7 302
7 470
8 270
8 321
9 159
9 164
9 238
9 366
9 485
10 81
10 86
10 324
10 326
10 403
10 404
10 444
11 296
11 457
12 13
12 149
12 379
12 465
12 467
12 494
13 169
13 325
13 434
14 412
14 432
14 448
14 498
15 288
15 424
16 175
16 207
16 290
17 422
18 71
18 113
18 187
18 198
18 283
18 418
19 74
19 130
19 241
19 416
20 36
20 61
20 157
20 302
20 352
20 408
21 108
21 301
21 396
21 411
21 463
22 178
22 349
23 147
23 160
23 320
23 377
23 392
23 452
24 44
24 127
24 343
24 377
24 463
25 147
25 289
26 276
26 316
26 444
27 62
27 202
27 300
28 52
28 107
28 337
29 31
30 205
30 376
30 497
31 223
31 252
31 276
31 316
31 425
32 41
32 51
32 60
32 162
32 405
32 492
33 183
33 193
34 146
34 231
34 340
35 37
35 57
35 77
35 125
35 437
35 494
36 141
36 230
36 410
36 462
37 76
37 317
37 444
38 176
38 204
38 375
38 392
39 319
40 158
41 162
42 344
42 414
43 51
43 171
43 216
44 114
44 222
44 225
44 292
44 448
44 494
45 104
45 244
45 333
46 201
46 256
47 109
47 138
47 149
47 317
47 351
47 418
47 494
47 497
48 87
48 158
48 298
48 367
49 147
49 226
49 486
50 125
50 126
50 344
50 378
51 367
52 177
52 414
53 266
53 328
53 367
53 393
54 193
54 195
55 338
55 404
55 466
56 103
56 130
56 187
56 400
56 405
56 492
57 341
58 291
58 390
59 189
59 366
59 446
60 173
60 217
60 323
60 443
61 84
61 443
62 428
63 89
63 174
63 277
63 385
63 467
64 338
64 428
65 89
65 184
65 243
65 256
65 379
65 403
66 214
66 226
66 386
67 92
67 114
67 130
67 213
67 235
67 248
67 388
67 399
68 125
68 212
68 273
68 337
69 392
69 425
70 153
70 170
71 123
71 133
71 256
72 128
72 150
72 164
72 327
72 425
73 88
73 98
73 251
73 358
73 441
74 203
75 207
75 370
76 86
76 117
76 230
77 111
77 173
77 334
77 455
78 193
78 228
78 324
78 396
78 468
79 85
79 152
79 244
79 260
79 323
79 402
79 440
79 498
80 137
80 400
81 121
81 204
81 287
82 101
82 285
83 142
83 221
83 436
84 94
84 137
84 411
84 480
85 332
85 349
86 92
87 145
87 171
87 207
87 304
87 327
87 349
87 362
87 381
87 410
88 107
88 110
88 318
88 356
88 363
89 98
89 122
89 300
89 321
90 178
90 236
90 308
91 337
92 156
92 260
93 109
93 182
93 209
93 247
93 316
94 247
94 315
94 336
94 442
95 147
96 131
96 360
97 156
97 237
97 314
97 396
97 407
97 423
97 434
98 154
98 171
98 287
98 306
98 327
99 203
99 237
99 293
99 321
100 223
100 245
100 284
100 365
100 442
101 123
101 239
101 401
102 322
103 258
103 261
103 492
104 130
104 463
105 143
105 202
105 209
106 318
107 122
107 152
107 159
107 205
107 260
107 453
107 482
108 198
108 236
108 267
108 321
109 231
110 406
110 467
111 172
111 218
111 403
111 415
112 123
112 175
112 297
113 135
114 368
114 498
115 129
115 209
115 267
116 307
116 343
116 410
117 209
117 294
118 218
118 261
118 371
119 156
119 343
120 231
120 254
120 494
121 297
121 353
121 394
121 430
122 183
122 281
123 189
123 360
123 364
124 290
124 405
124 458
124 475
125 206
125 224
125 363
125 422
125 492
127 148
127 225
127 256
127 329
128 300
128 305
128 447
129 141
129 437
130 186
130 205
130 269
130 325
130 477
130 485
131 148
131 214
131 228
131 322
131 379
132 147
132 312
132 355
132 481
133 165
133 190
133 200
133 322
133 399
133 483
134 166
134 175
134 311
134 397
134 447
136 163
136 173
136 190
136 203
136 332
136 401
137 149
137 423
138 362
139 224
140 157
140 297
140 309
140 334
141 367
141 409
142 221
142 258
142 292
142 381
143 173
143 275
143 409
144 325
145 185
145 216
146 337
146 338
147 452
148 301
148 432
149 359
149 373
150 253
151 332
152 205
152 212
152 245
152 261
152 425
152 438
153 429
153 482
154 190
154 469
155 203
155 326
156 158
156 255
156 313
157 283
157 446
158 163
158 176
159 303
159 315
159 433
160 162
160 255
160 475
161 189
161 462
161 487
162 316
163 168
163 412
164 328
164 452
164 473
164 492
165 237
165 275
166 310
166 361
166 372
166 460
166 468
167 191
167 369
167 474
167 483
168 202
168 247
168 459
169 209
170 312
170 313
171 344
171 399
171 452
173 308
173 318
173 365
174 206
174 284
174 345
174 361
175 236
175 279
176 472
177 403
177 478
178 348
178 422
178 449
179 217
179 340
179 385
179 425
180 439
181 262
181 347
182 183
182 218
182 220
182 388
183 213
183 243
183 389
183 414
184 382
184 439
185 279
185 402
186 242
186 297
186 300
186 495
187 262
187 396
188 292
188 333
188 341
188 385
188 458
189 266
189 433
191 354
191 387
191 409
191 471
192 284
192 423
194 236
194 375
194 460
195 229
195 260
195 295
195 338
195 410
196 201
196 273
196 288
196 426
196 432
197 210
197 303
198 233
198 327
198 356
199 205
199 256
199 263
199 405
200 274
200 276
200 281
200 356
200 455
201 266
201 453
202 212
202 380
202 419
205 334
206 259
206 348
207 235
208 293
209 323
209 473
210 301
210 343
210 413
210 442
211 241
211 406
212 249
212 360
212 397
213 227
213 279
215 337
216 264
216 292
216 386
216 457
217 258
218 292
218 374
219 319
219 376
219 461
221 336
222 291
222 308
222 326
222 356
222 440
223 230
224 232
224 399
224 446
225 346
226 487
227 343
227 405
228 284
229 230
229 274
230 320
230 432
231 373
231 481
232 264
232 392
232 452
233 254
233 313
233 344
233 347
233 399
233 479
234 347
234 373
234 449
235 296
236 293
236 456
237 342
237 447
237 448
238 267
238 280
238 301
238 442
238 445
239 281
239 324
239 337
239 477
240 244
240 256
240 463
241 407
241 463
241 485
242 244
242 272
242 481
244 416
244 466
245 487
246 286
246 400
247 281
247 302
247 324
248 265
248 271
248 397
249 335
249 460
249 479
250 408
250 438
250 499
251 364
252 332
252 459
253 316
253 407
254 430
254 498
255 280
258 309
258 395
258 460
258 468
259 266
259 332
259 373
259 405
260 361
260 464
262 337
262 372
263 476
267 354
267 357
267 447
267 472
268 309
268 320
268 386
268 455
269 368
269 406
269 435
270 449
271 296
271 393
272 453
273 285
273 352
273 404
273 494
274 323
274 369
274 376
275 388
275 418
276 452
277 488
278 362
278 374
278 439
279 462
280 314
280 420
281 484
282 451
282 478
282 493
283 295
283 333
284 295
284 344
284 384
284 435
284 468
286 330
286 379
286 419
287 292
287 340
287 367
288 363
288 427
289 315
289 322
289 343
289 353
290 346
290 492
291 321
291 391
292 459
295 335
297 447
297 491
298 365
299 371
300 398
300 454
302 394
303 339
303 342
304 337
304 476
305 349
305 373
305 412
305 475
306 410
306 434
306 490
307 484
308 441
309 322
309 456
310 408
312 427
313 338
314 336
314 402
315 418
316 423
316 443
318 326
318 435
319 383
320 353
321 377
321 450
323 363
323 364
323 412
323 414
323 470
324 359
324 377
325 406
325 438
325 483
326 403
327 371
328 444
329 354
329 454
329 462
329 478
331 336
331 373
331 382
331 412
331 490
332 397
332 468
333 363
334 392
335 341
336 481
336 493
337 357
338 380
338 428
339 376
339 426
339 445
342 426
346 379
346 380
346 484
347 424
347 477
350 448
350 472
352 442
354 392
355 430
357 391
357 433
358 471
358 491
362 442
362 482
363 420
363 441
364 443
364 467
367 436
369 462
370 393
371 493
372 471
372 485
372 496
374 413
374 439
375 396
375 411
376 402
377 447
377 489
379 407
379 495
380 403
380 424
380 435
383 476
384 498
386 460
389 421
390 479
394 444
395 416
396 463
396 473
396 499
400 466
401 476
404 455
407 435
409 451
410 468
411 482
414 490
417 439
418 431
419 484
421 423
427 473
428 457
429 453
429 454
429 464
430 454
431 483
436 453
437 458
439 455
440 464
442 492
446 489
447 448
449 474
451 464
456 472
458 486
467 472
467 492
468 479
469 474
471 497
471 498
476 485
478 499
482 497
483 492
488 491
488 499
494 496
0
9 499
