500	967	 1
0 9
0 280
0 294
1 99
1 178
1 192
1 451
2 71
2 185
2 466
3 235
3 287
3 498
4 298
5 118
5 212
5 477
6 168
6 227
7 113
7 157
7 374
7 406
7 456
8 143
8 219
8 259
8 472
9 68
9 102
9 186
9 286
10 49
10 189
10 202
10 345
11 66
11 142
11 199
11 233
12 102
12 138
12 143
12 301
12 322
13 32
13 139
13 179
13 377
13 393
14 26
14 98
14 382
14 410
14 483
15 239
15 298
15 357
15 407
15 448
16 170
16 229
17 104
17 318
18 43
18 73
18 228
18 340
18 446
18 472
19 133
19 238
19 366
19 387
19 436
19 456
19 498
20 132
20 136
20 209
20 447
20 484
21 80
21 287
22 445
23 62
23 96
23 294
23 379
24 497
25 77
25 225
26 262
27 43
27 301
27 448
27 459
28 46
28 350
29 67
29 126
29 183
30 91
30 93
30 274
30 320
31 117
31 429
31 439
32 74
32 98
32 120
32 223
32 232
32 321
33 96
33 101
33 127
33 156
33 196
33 436
34 73
34 353
34 444
35 37
35 196
35 262
35 412
36 119
37 117
37 156
37 179
37 197
37 268
38 256
38 303
38 307
38 474
39 85
39 317
39 342
39 411
39 459
40 245
40 264
40 389
40 398
40 421
41 86
41 341
41 413
41 486
42 227
42 482
43 88
43 195
43 283
43 394
43 407
43 488
44 111
44 219
45 169
45 421
46 248
46 277
46 335
46 495
47 324
47 362
47 471
48 70
48 105
48 162
48 254
48 310
49 316
49 463
50 180
50 242
50 354
50 375
51 246
51 253
51 275
51 313
51 422
52 59
52 61
52 376
52 485
53 108
53 232
53 450
54 187
54 295
54 337
54 348
55 277
55 317
55 410
56 174
56 233
56 397
56 479
57 206
57 229
57 470
57 489
58 128
58 215
58 462
59 103
59 209
59 221
59 375
60 93
60 200
60 277
61 103
61 122
61 464
62 199
62 280
62 460
63 88
63 203
63 214
63 333
63 490
64 121
64 355
65 199
65 396
65 434
66 127
67 209
67 244
67 433
67 458
68 94
68 252
68 439
68 468
68 477
69 160
69 168
69 219
69 344
70 177
70 205
71 282
71 345
71 357
72 150
72 411
72 495
73 174
73 217
73 226
73 390
74 87
75 113
75 166
75 496
75 499
76 107
76 143
76 284
77 360
78 97
78 354
78 367
78 438
78 474
79 283
79 299
79 316
80 85
80 212
81 106
81 172
81 439
82 246
82 306
82 340
82 354
83 164
83 190
83 249
83 493
84 293
85 297
85 433
86 331
86 352
86 439
87 265
87 285
87 331
88 178
88 188
88 349
88 355
89 283
89 391
89 460
90 356
90 437
91 104
92 177
92 249
92 480
94 386
94 483
95 308
95 384
95 454
96 173
96 346
97 357
97 405
97 406
98 164
98 173
98 183
98 356
98 398
99 339
99 346
99 386
100 145
101 310
102 160
102 261
102 344
102 434
103 131
103 193
104 257
104 341
105 206
106 160
106 385
107 166
107 202
107 250
107 299
107 336
107 415
107 477
108 295
108 299
109 148
109 246
109 279
109 437
109 491
110 208
110 481
111 119
111 329
112 222
112 295
113 189
113 195
113 232
113 249
113 332
113 350
113 358
113 406
113 447
114 355
114 380
114 404
114 489
115 201
115 240
115 435
116 235
116 256
116 270
116 388
116 424
116 461
117 277
117 299
117 375
117 384
118 149
118 153
118 215
118 407
118 444
118 446
119 218
119 320
119 366
119 369
120 252
120 380
121 122
121 180
121 365
121 396
121 421
122 248
122 385
122 395
123 208
123 380
124 255
124 347
125 248
125 482
126 141
126 284
126 492
127 214
128 175
128 220
128 250
128 286
128 375
129 250
129 407
130 366
131 316
131 378
131 468
131 479
132 179
132 302
132 428
132 459
133 466
134 293
134 311
134 339
134 378
134 453
134 461
135 230
135 260
135 263
135 348
136 361
137 366
137 420
137 499
138 458
139 220
139 239
139 240
139 243
139 280
139 284
139 362
139 396
139 426
140 394
140 468
140 470
141 412
141 436
141 467
141 490
142 245
142 425
142 467
143 246
143 393
143 453
144 202
144 267
144 455
144 477
145 328
145 333
146 223
146 266
146 284
146 461
147 267
147 275
147 393
147 423
148 294
148 306
148 375
148 436
149 197
149 222
149 225
150 312
150 436
150 456
151 263
151 278
151 321
151 426
151 490
152 304
152 318
152 364
152 385
153 204
153 258
153 458
154 190
154 476
155 161
155 245
155 321
155 365
155 430
157 218
158 230
158 240
158 296
158 363
158 368
159 373
160 277
160 451
161 197
161 222
161 368
161 427
161 487
162 344
163 276
163 355
163 418
165 293
165 385
167 252
167 269
167 388
167 410
167 491
168 175
168 282
168 310
169 215
169 368
169 394
169 472
169 480
170 195
171 247
171 303
171 426
172 300
173 325
173 465
174 176
174 329
174 353
175 264
175 281
175 298
176 255
176 272
176 323
176 485
176 495
177 200
177 328
177 468
179 435
180 254
180 365
180 400
180 470
181 193
181 486
182 292
182 428
182 467
183 190
183 285
183 322
183 484
184 407
184 409
184 434
185 327
185 484
186 327
186 429
186 445
187 213
187 243
187 322
187 374
187 414
187 451
188 230
188 368
189 214
189 276
190 270
190 393
190 435
190 446
191 223
191 265
191 361
191 390
191 489
192 268
192 421
193 293
194 301
194 345
194 379
194 389
194 491
195 459
196 447
196 482
197 221
197 349
197 418
197 484
198 295
198 332
199 279
199 309
199 328
200 435
201 331
201 401
202 347
202 466
203 207
204 456
205 231
205 272
205 281
205 453
206 288
207 212
207 355
207 452
208 269
209 330
210 371
210 408
211 264
211 268
211 394
212 363
212 409
213 386
213 394
213 397
214 495
215 233
215 298
215 399
216 249
216 276
216 318
217 247
217 263
217 272
217 349
217 443
217 461
217 480
218 233
218 469
219 496
220 237
220 313
220 393
220 405
220 445
221 267
221 326
221 432
222 257
222 424
223 236
223 333
224 391
224 471
225 326
226 257
226 411
226 468
228 350
229 366
229 426
230 323
230 336
231 336
232 409
232 481
233 305
233 390
233 412
234 236
234 394
234 488
235 251
235 273
235 281
236 352
237 342
237 360
237 402
237 459
238 254
238 443
238 454
238 485
239 482
240 490
241 477
242 312
242 384
242 406
242 475
243 395
244 341
245 253
245 333
245 392
245 431
245 437
246 319
249 291
249 303
249 316
249 417
250 322
250 497
251 317
252 253
253 267
253 308
255 282
255 444
256 290
256 336
256 340
257 351
257 454
258 285
259 291
259 350
260 355
260 491
261 289
261 438
262 315
262 318
264 416
265 266
265 412
266 405
266 444
266 449
266 473
266 483
267 317
267 485
268 392
269 282
269 387
269 404
270 377
270 484
271 352
271 363
271 421
272 305
272 314
272 398
273 416
274 330
274 381
274 425
275 347
275 449
277 347
278 487
279 285
280 309
282 354
282 416
283 427
284 371
284 376
285 298
285 467
288 352
288 355
288 361
289 293
290 300
290 367
290 441
291 377
291 378
292 442
294 342
294 420
296 355
296 407
297 412
298 469
299 330
299 344
299 369
299 425
300 431
301 348
301 448
301 472
302 466
303 328
303 334
303 416
305 345
306 494
307 433
308 451
310 377
310 414
310 429
311 463
312 335
313 437
314 343
314 358
314 474
315 358
315 445
316 319
317 323
317 458
318 444
318 488
319 369
323 368
324 393
324 469
325 378
326 469
327 394
328 469
332 369
333 490
334 336
335 353
335 475
336 416
336 478
337 425
337 461
337 482
338 408
338 419
339 378
339 390
339 398
340 370
340 428
340 437
341 471
341 474
344 349
344 412
345 347
345 452
346 373
347 392
348 373
349 441
349 461
356 472
357 396
359 415
360 444
361 389
363 417
369 421
369 489
370 414
370 457
371 481
372 378
373 391
374 375
378 440
380 419
381 435
381 462
383 473
384 406
385 395
385 417
385 483
389 421
390 416
390 444
391 406
391 492
392 404
395 480
395 498
395 499
396 464
396 476
398 487
400 403
400 496
401 441
401 461
402 417
402 452
403 413
405 444
406 482
406 499
408 445
409 425
410 415
414 416
414 468
414 486
415 482
417 449
417 474
418 476
419 431
419 463
420 421
422 442
424 495
425 488
426 486
428 457
429 475
430 444
431 487
433 439
433 440
433 477
435 442
436 492
438 495
449 462
450 491
454 460
461 496
462 464
462 483
464 481
468 472
468 479
471 496
0
9 499
