500	995	 1
0 28
0 61
0 182
0 354
0 361
1 104
1 249
2 82
2 257
2 282
2 312
2 448
3 51
3 92
3 135
3 301
4 39
4 256
4 267
4 302
4 335
4 430
4 499
5 67
5 70
5 163
5 327
6 62
6 82
6 95
6 248
7 483
7 490
8 363
8 410
8 447
8 452
9 238
9 366
9 371
9 389
9 397
10 57
10 282
11 187
11 212
11 486
12 90
12 127
12 434
13 42
13 184
13 193
13 448
14 38
14 194
14 245
14 273
14 283
15 226
15 345
15 384
16 111
16 233
16 384
16 433
16 442
16 451
16 479
17 53
17 354
17 398
17 450
18 48
18 63
18 64
18 81
18 205
18 211
18 296
18 434
18 446
19 79
19 190
20 169
21 424
21 428
22 41
22 210
22 250
22 421
23 105
23 220
23 468
23 495
24 136
24 342
24 381
25 213
25 469
26 56
26 182
26 202
26 281
26 370
27 121
27 297
27 320
27 434
28 375
28 432
28 490
29 190
29 496
30 212
30 255
30 299
30 454
31 85
31 157
31 188
32 40
32 58
32 477
33 209
33 231
33 264
34 101
34 142
34 179
34 400
34 466
35 117
35 148
35 262
35 263
35 315
35 459
36 69
36 231
36 332
36 349
36 379
36 389
37 163
37 198
37 485
38 69
38 88
38 101
38 122
38 166
38 480
39 81
39 128
40 79
40 229
40 305
40 426
40 437
40 442
41 88
41 89
41 106
41 428
42 128
42 157
42 268
42 462
43 52
43 184
43 193
43 238
43 496
44 332
44 414
44 417
44 461
44 474
45 96
45 303
45 350
46 95
46 202
46 204
46 218
46 288
46 417
47 61
47 286
47 426
48 99
48 284
48 285
48 325
48 345
48 425
48 469
49 69
49 101
49 178
49 192
49 252
50 69
50 162
50 209
50 355
51 78
51 262
51 384
51 423
52 105
52 115
52 206
52 221
52 292
52 422
52 426
53 112
53 119
53 190
53 305
53 337
53 338
54 98
54 353
55 192
55 298
55 344
56 60
56 144
56 234
56 337
56 339
56 416
56 427
57 136
57 263
57 280
57 375
58 251
58 361
58 440
59 145
59 465
60 386
61 76
61 77
61 102
61 131
62 64
62 391
62 433
62 471
63 95
63 231
63 485
63 490
64 238
64 282
64 344
65 141
65 172
65 180
65 396
65 480
66 86
66 160
66 225
66 420
66 450
67 89
67 161
67 225
67 424
67 439
68 121
69 173
69 458
70 236
70 279
70 374
71 463
72 244
72 249
72 269
72 413
72 472
73 230
73 295
73 353
73 441
73 491
74 448
74 477
75 96
75 302
75 419
76 157
76 390
77 181
77 454
78 102
78 218
78 228
79 92
79 181
79 460
80 103
80 158
80 171
80 300
80 388
81 210
81 452
82 208
82 279
82 423
83 176
83 362
83 378
83 443
84 186
84 296
84 434
85 167
85 244
85 376
85 406
86 173
86 433
87 221
87 412
88 347
88 356
88 357
88 395
89 110
89 347
89 355
89 421
89 457
89 469
90 163
90 364
90 393
91 259
91 366
91 439
92 99
92 138
92 140
92 147
92 376
92 461
93 376
93 449
94 119
94 404
95 164
95 498
96 205
96 353
96 355
96 400
96 448
96 487
97 227
97 242
97 492
97 498
98 282
98 342
98 483
99 135
99 279
99 336
99 342
99 438
100 152
100 285
100 326
100 330
100 475
101 330
101 394
103 114
103 142
103 158
103 171
103 215
103 216
103 372
104 132
104 405
105 158
105 175
105 240
105 457
107 237
107 279
107 413
108 470
108 493
109 261
109 440
109 449
110 115
110 182
110 206
110 451
110 489
111 226
111 263
111 304
111 315
111 429
112 148
112 177
112 222
113 184
113 205
113 211
113 247
113 326
113 479
114 337
115 458
116 149
116 289
117 155
117 312
117 484
118 132
118 467
119 365
119 475
119 477
120 375
120 475
121 274
122 366
122 487
123 175
123 183
123 232
123 389
124 153
124 290
124 391
124 416
125 367
125 489
126 473
127 264
128 205
128 426
129 191
129 221
129 240
129 272
129 294
129 320
129 398
129 455
130 253
130 255
130 309
131 159
131 364
131 410
131 488
132 279
132 433
133 190
133 201
133 231
133 319
133 408
134 343
134 345
134 463
135 318
135 391
135 444
135 479
136 169
136 214
136 230
136 335
137 189
137 322
137 463
138 317
139 377
139 379
139 498
140 216
141 297
142 179
142 243
142 271
142 292
142 471
143 448
144 302
144 364
144 370
145 368
145 483
146 150
146 212
146 388
146 419
147 293
147 428
148 213
148 443
149 294
149 331
150 308
150 404
151 162
151 259
151 298
152 264
152 295
152 349
153 232
153 235
153 348
153 381
154 173
154 201
154 207
154 246
154 435
155 190
155 198
155 228
155 230
155 313
155 416
155 447
156 262
156 426
156 453
156 483
157 403
157 460
157 491
158 413
159 258
159 462
160 165
160 342
160 439
161 179
161 205
161 451
161 487
162 174
162 197
162 447
163 374
163 477
164 183
164 213
164 246
165 248
165 473
166 204
166 322
166 389
167 174
167 455
168 326
168 408
168 434
169 203
169 211
169 475
170 194
170 464
171 472
172 334
172 426
173 184
173 317
173 331
174 270
174 324
174 352
174 432
175 273
175 422
175 463
176 180
176 257
176 316
176 364
176 387
176 497
177 229
177 259
178 454
179 228
179 386
179 486
180 187
180 354
181 298
181 425
182 221
182 225
182 238
183 408
184 265
184 470
185 266
185 284
185 297
185 429
185 463
185 493
185 495
186 355
186 369
189 216
189 288
190 200
191 406
192 213
192 238
192 278
192 444
192 468
192 471
193 249
194 354
195 219
195 295
195 445
196 411
196 425
197 233
197 371
197 398
198 210
198 389
199 209
199 283
199 328
199 459
200 292
200 320
200 323
200 477
201 274
202 371
204 296
205 233
205 449
206 316
206 440
207 220
207 332
207 381
207 491
210 259
211 338
211 473
212 268
212 314
213 247
213 297
213 435
214 305
214 431
215 235
215 351
215 367
215 456
215 476
216 354
216 458
217 261
217 300
217 381
218 356
218 357
218 380
218 396
219 238
219 421
221 396
221 466
222 236
222 331
223 414
224 269
224 487
224 491
225 302
225 348
226 265
226 287
226 307
226 359
226 400
226 420
227 270
227 476
227 486
228 265
228 382
228 434
229 263
229 276
229 323
229 401
230 402
230 447
231 404
231 446
231 478
232 255
232 423
232 476
233 287
233 301
233 460
234 287
234 294
234 314
235 392
235 456
236 347
236 358
236 499
237 324
237 345
237 394
237 478
238 489
239 288
239 498
240 386
240 398
241 328
243 259
243 460
244 406
245 307
246 405
247 250
249 383
249 390
250 301
251 499
253 496
254 326
254 344
254 484
255 474
256 432
256 436
256 462
257 346
257 393
257 455
258 295
259 360
259 384
260 408
260 447
260 465
261 387
261 496
262 380
264 301
264 369
267 331
267 408
270 295
271 313
272 301
274 310
274 330
274 409
275 310
275 389
275 459
276 385
276 411
277 316
277 328
277 364
277 428
277 493
278 324
278 329
279 327
280 291
280 319
281 382
281 386
281 430
282 449
284 288
284 456
285 397
287 498
288 352
289 290
289 334
289 471
290 365
291 421
291 447
292 303
292 383
292 487
293 348
294 406
294 472
294 486
296 472
297 407
297 438
297 498
300 347
300 365
300 412
301 427
301 461
301 479
302 328
302 367
302 475
304 423
304 455
304 489
305 326
305 332
305 362
306 319
307 391
307 411
307 431
308 421
308 428
309 385
309 421
310 415
310 481
311 376
312 357
312 477
314 322
314 361
315 418
315 450
316 341
316 422
316 456
317 341
318 465
319 324
319 499
320 336
321 351
321 463
322 360
322 463
323 389
323 479
325 453
326 349
326 416
326 450
327 462
328 353
328 367
329 365
330 371
331 360
333 442
334 411
335 395
335 479
336 386
336 406
337 346
337 420
339 495
340 399
340 414
341 354
344 446
345 406
346 412
346 423
346 481
347 425
347 495
348 410
348 468
348 489
348 497
349 431
355 489
356 456
357 395
357 425
359 457
360 392
362 425
363 393
365 459
366 403
369 402
369 455
369 483
370 407
370 458
371 396
372 413
372 450
372 476
373 485
374 408
374 470
376 487
379 418
379 449
379 463
380 410
380 415
381 463
382 402
382 490
382 493
383 404
384 434
384 483
387 411
388 408
388 488
390 488
392 411
392 479
395 475
396 483
398 429
398 448
399 450
401 416
401 424
405 444
406 490
411 415
411 469
412 420
413 498
417 467
419 465
419 475
423 454
425 474
426 467
433 438
435 470
436 482
437 490
437 491
441 449
441 468
443 496
444 475
447 494
448 477
450 496
451 466
453 464
454 499
460 484
461 476
462 471
462 485
464 493
467 471
471 486
484 493
492 498
0
9 499
