1000	4985	 1
0 29
0 132
0 333
0 337
0 531
0 577
0 579
0 771
0 878
0 903
0 918
0 956
1 127
1 130
1 486
1 538
1 572
1 695
1 720
1 756
1 763
1 943
2 167
2 303
2 321
2 322
2 588
2 682
2 914
2 939
3 48
3 78
3 239
3 291
3 369
3 795
3 979
4 42
4 43
4 127
4 391
4 397
4 526
4 679
4 762
4 949
5 28
5 50
5 111
5 344
5 367
5 573
5 607
5 622
5 651
6 109
6 181
6 193
6 201
6 227
6 231
6 396
6 473
6 501
6 522
6 541
6 603
6 958
7 303
7 518
7 555
7 578
7 642
7 813
7 843
7 934
7 949
8 39
8 41
8 46
8 100
8 122
8 248
8 425
8 497
8 537
8 766
8 903
8 915
8 920
9 153
9 162
9 421
9 527
9 637
9 669
9 696
9 699
9 725
10 14
10 191
10 208
10 218
10 279
10 374
10 382
10 403
10 424
10 720
10 840
10 924
10 955
10 983
11 33
11 224
11 311
11 394
11 474
11 613
11 704
11 946
11 962
11 982
12 35
12 55
12 77
12 251
12 283
12 312
12 374
12 532
12 562
12 651
12 670
12 693
12 713
12 838
13 108
13 229
13 270
13 300
13 309
13 357
13 406
13 505
13 749
13 918
14 28
14 357
14 385
14 503
14 542
14 756
14 791
15 26
15 129
15 162
15 423
15 652
15 655
15 735
16 26
16 62
16 281
16 537
16 637
16 667
16 696
16 733
16 743
16 763
16 785
16 842
16 942
16 968
17 118
17 182
17 198
17 223
17 307
17 438
17 539
17 622
17 812
17 858
17 937
18 145
18 297
18 615
18 648
18 678
18 715
18 883
18 942
19 39
19 45
19 75
19 77
19 177
19 507
19 629
19 941
20 50
20 51
20 140
20 184
20 187
20 190
20 250
20 274
20 315
20 469
20 515
20 549
20 582
20 831
20 921
21 29
21 149
21 393
21 400
21 469
21 539
21 574
21 583
21 846
21 967
21 979
22 104
22 164
22 240
22 491
22 494
22 532
22 581
22 611
22 890
22 912
22 961
22 983
23 76
23 123
23 177
23 274
23 440
23 477
23 603
23 651
23 711
24 30
24 201
24 301
24 389
24 408
24 513
24 901
24 970
24 979
25 75
25 148
25 372
25 410
25 453
25 465
25 522
25 524
25 528
25 822
25 844
25 975
26 50
26 109
26 270
26 465
26 640
26 675
26 747
26 809
27 81
27 199
27 380
27 405
27 529
27 555
27 584
27 657
28 87
28 109
28 197
28 440
28 542
28 584
28 741
28 915
28 925
28 993
29 131
29 968
30 42
30 116
30 294
30 457
30 462
30 483
30 574
30 626
30 748
31 201
31 475
31 532
31 551
31 571
31 572
31 664
31 679
31 764
31 817
31 818
31 838
31 860
32 249
32 360
32 424
32 432
32 539
32 784
32 807
32 834
33 93
33 260
33 265
33 435
33 534
33 847
33 903
33 943
34 55
34 156
34 169
34 239
34 296
34 350
34 405
34 732
34 757
34 897
34 939
34 984
35 99
35 102
35 156
35 198
35 255
35 265
35 351
35 565
35 576
35 694
35 754
35 759
35 927
36 280
36 411
36 437
36 443
36 488
36 490
36 552
36 571
36 728
36 769
36 942
36 962
36 965
37 203
37 391
37 430
37 486
37 517
37 552
37 581
37 587
37 637
37 997
38 73
38 87
38 123
38 348
38 379
38 616
38 706
38 757
38 877
38 945
39 110
39 206
39 215
39 465
39 512
39 853
39 858
39 870
39 872
40 106
40 160
40 176
40 233
40 272
40 300
40 325
40 462
40 567
40 583
40 665
40 915
40 989
41 66
41 160
41 285
41 296
41 469
41 513
41 661
41 679
41 757
41 842
42 108
42 172
42 329
42 367
42 508
42 576
42 692
42 799
42 889
42 997
43 128
43 158
43 276
43 308
43 374
43 386
43 549
43 622
43 630
43 675
43 853
44 72
44 203
44 273
44 345
44 489
44 610
44 685
44 738
44 793
44 832
44 840
44 863
44 870
44 984
45 164
45 213
45 226
45 294
45 319
45 333
45 531
45 587
45 615
45 919
45 991
46 246
46 323
46 454
46 459
46 474
46 483
46 498
46 739
46 744
46 832
46 921
46 957
46 967
47 118
47 191
47 196
47 275
47 445
47 675
47 755
47 810
48 165
48 271
48 286
48 461
48 602
48 666
48 799
49 103
49 265
49 434
49 438
49 603
49 679
49 701
49 710
49 753
49 907
50 53
50 54
50 69
50 259
50 401
50 450
50 690
50 864
51 84
51 706
51 936
52 141
52 184
52 228
52 252
52 552
52 779
52 795
52 842
52 954
53 77
53 273
53 475
53 512
53 612
53 637
53 642
53 703
53 716
53 732
53 792
53 850
53 888
53 994
54 312
54 321
54 421
54 561
54 626
54 699
54 991
55 215
55 254
55 313
55 317
55 356
55 879
56 58
56 86
56 211
56 230
56 284
56 343
56 507
56 517
56 632
56 834
56 996
57 60
57 83
57 472
57 593
57 629
57 980
58 255
58 268
58 337
58 364
58 384
58 463
58 493
58 546
58 572
58 579
58 593
58 646
58 663
58 826
58 939
59 335
59 389
59 414
59 452
59 467
59 601
59 610
59 627
59 805
59 843
59 960
59 968
60 138
60 260
60 278
60 290
60 728
60 743
60 807
60 838
60 853
61 92
61 137
61 235
61 251
61 263
61 315
61 441
61 577
61 629
61 864
61 896
61 926
61 959
62 257
62 364
62 412
62 435
62 439
62 445
62 591
62 789
62 823
62 919
62 991
63 67
63 73
63 81
63 164
63 170
63 183
63 227
63 299
63 302
63 305
63 490
63 509
63 611
63 661
63 899
63 934
64 72
64 154
64 380
64 385
64 396
64 413
64 629
64 644
64 773
64 884
64 909
64 928
64 943
64 959
64 974
65 75
65 258
65 280
65 433
65 528
65 604
66 157
66 167
66 234
66 261
66 263
66 400
66 405
66 583
66 731
66 914
67 240
67 451
67 455
67 566
67 605
67 697
67 801
67 855
67 884
68 104
68 148
68 449
68 496
68 592
68 698
68 720
68 724
68 807
68 902
68 996
69 158
69 161
69 339
69 357
69 370
69 494
69 519
69 595
69 698
69 783
69 936
69 954
69 964
70 142
70 216
70 373
70 394
70 485
70 540
70 570
70 612
70 745
70 835
70 987
71 237
71 243
71 398
71 423
71 482
71 582
71 585
71 767
71 845
72 254
72 637
72 710
72 766
72 904
72 923
72 942
72 951
72 988
73 85
73 188
73 317
73 481
73 502
73 624
73 730
73 803
74 100
74 134
74 230
74 434
74 488
74 639
74 825
74 859
75 103
75 121
75 202
75 270
75 326
75 447
75 559
75 660
75 884
76 125
76 242
76 289
76 475
76 826
76 904
77 173
77 190
77 222
77 556
77 580
77 670
77 973
78 88
78 184
78 421
78 498
78 755
78 817
78 875
78 964
79 134
79 170
79 372
79 379
79 402
79 545
79 553
79 585
79 828
79 899
79 950
79 962
80 201
80 248
80 475
80 500
80 520
80 590
80 593
80 595
80 685
80 731
80 756
80 895
81 231
81 340
81 556
81 589
81 597
81 699
81 702
81 814
81 819
81 821
82 126
82 138
82 377
82 576
82 589
82 697
82 951
82 983
83 122
83 279
83 415
83 431
83 480
83 512
83 526
83 705
83 714
83 952
84 118
84 189
84 357
84 583
84 737
84 755
84 775
84 781
84 878
84 912
84 919
84 968
85 208
85 275
85 281
85 312
85 355
85 501
85 672
85 933
85 942
86 133
86 175
86 277
86 332
86 377
86 385
86 422
86 492
86 548
86 713
86 775
86 796
87 255
87 465
87 676
87 677
87 714
87 746
87 941
87 947
87 977
87 979
88 149
88 163
88 168
88 231
88 234
88 242
88 432
88 449
88 540
88 584
88 633
88 770
88 816
89 96
89 216
89 315
89 363
89 512
89 663
89 668
89 777
89 802
89 925
89 948
90 92
90 176
90 414
90 509
90 580
90 661
90 876
90 915
90 919
91 180
91 353
91 528
91 612
91 708
91 726
91 759
91 813
91 857
91 904
91 961
91 966
92 444
92 638
92 776
92 836
92 885
92 899
93 147
93 148
93 188
93 202
93 369
93 392
93 400
93 420
93 429
93 647
93 780
93 910
94 128
94 293
94 602
94 636
94 742
95 340
95 369
95 416
95 423
95 491
95 563
95 595
95 600
95 931
96 108
96 156
96 236
96 376
96 688
96 787
96 972
97 201
97 203
97 240
97 260
97 501
97 631
97 681
97 684
97 801
97 840
97 919
98 235
98 255
98 263
98 272
98 399
98 435
98 462
98 525
98 625
98 710
98 722
98 738
98 776
98 813
98 849
98 854
98 967
99 269
99 314
99 467
99 624
99 750
99 816
99 949
99 979
100 110
100 133
100 286
100 297
100 339
100 400
100 462
100 563
100 694
100 896
100 963
101 104
101 359
101 640
101 689
101 700
101 729
101 975
102 262
102 266
102 350
102 475
102 585
102 619
102 688
102 859
102 994
103 300
103 317
103 376
103 499
103 509
103 542
103 559
103 566
103 620
103 864
103 880
103 981
104 160
104 235
104 529
104 605
104 606
104 722
104 842
104 915
105 130
105 254
105 261
105 356
105 391
105 430
105 467
105 495
105 569
105 734
105 826
105 865
105 884
106 140
106 175
106 181
106 266
106 267
106 283
106 369
106 452
106 577
106 614
106 775
106 812
106 873
106 931
107 171
107 198
107 232
107 566
107 774
107 784
107 911
107 932
108 123
108 130
108 211
108 270
108 637
108 689
108 705
108 734
108 814
108 861
109 121
109 227
109 287
109 318
109 595
110 242
110 257
110 337
110 739
110 794
111 295
111 418
111 648
111 875
112 235
112 281
112 323
112 496
112 578
112 585
112 643
112 682
112 738
112 875
113 281
113 350
113 353
113 573
113 826
113 892
114 265
114 285
114 366
114 437
114 511
114 648
114 943
115 150
115 230
115 341
115 422
115 474
115 562
115 591
115 629
115 661
115 769
116 117
116 123
116 577
116 607
116 642
116 924
116 926
116 951
116 995
116 996
117 181
117 263
117 442
117 463
117 679
117 924
118 173
118 352
118 381
118 434
118 449
118 793
118 949
118 960
119 302
119 419
119 421
119 491
119 526
119 675
119 849
119 860
120 130
120 248
120 458
120 460
120 481
120 584
120 675
120 865
121 193
121 214
121 216
121 233
121 394
121 483
121 493
121 513
121 533
121 550
121 620
121 630
121 641
121 668
121 725
121 737
121 772
121 773
121 886
121 918
121 920
122 331
122 509
122 924
123 135
123 424
123 512
123 524
123 569
123 623
123 662
123 790
124 421
124 497
124 619
124 640
124 670
124 836
124 935
124 937
125 220
125 249
125 287
125 440
125 620
125 722
125 750
125 753
125 959
126 186
126 300
126 387
126 658
126 791
126 894
126 906
127 155
127 208
127 271
127 356
127 464
127 705
127 708
127 817
127 907
127 991
128 202
128 465
128 702
128 931
129 296
129 415
129 511
129 575
129 604
129 632
129 655
129 684
129 719
129 765
130 138
130 154
130 560
130 725
130 791
130 835
130 934
131 346
131 534
131 717
131 788
131 826
131 919
131 970
132 135
132 308
132 365
132 414
132 416
132 502
132 505
132 519
132 545
132 550
132 726
132 771
132 783
132 930
133 171
133 220
133 256
133 376
133 379
133 445
133 466
133 631
133 950
134 168
134 204
134 222
134 435
134 542
134 817
134 888
134 903
135 137
135 219
135 246
135 258
135 267
135 467
135 506
135 609
135 668
135 775
136 147
136 329
136 504
136 545
136 791
136 894
136 943
137 300
137 318
137 425
137 576
137 686
137 846
138 217
138 244
138 271
138 559
138 752
138 763
138 867
138 895
138 953
139 310
139 317
139 330
139 361
139 452
139 651
140 750
140 836
140 926
140 952
141 168
141 286
141 512
141 520
141 580
141 589
141 628
141 657
141 686
141 777
141 826
141 879
141 970
142 283
142 325
142 428
142 447
142 456
142 502
142 516
142 627
142 628
142 808
142 925
143 199
143 223
143 225
143 462
143 547
143 572
143 911
143 927
144 295
144 427
144 450
144 458
144 522
144 591
144 597
144 637
144 824
144 866
144 901
144 939
144 960
145 201
145 337
145 583
145 667
145 700
145 725
145 749
145 909
146 364
146 392
146 408
146 447
146 645
146 748
146 981
147 245
147 536
147 921
147 928
147 936
148 228
148 236
148 340
148 401
148 619
148 773
148 948
148 950
149 567
149 581
149 865
150 185
150 260
150 310
150 559
150 930
150 960
151 188
151 322
151 480
151 553
151 589
151 604
151 665
151 790
151 804
151 848
151 889
152 220
152 303
152 337
152 408
152 563
152 626
152 800
152 867
153 243
153 289
153 300
153 411
153 485
153 539
153 618
153 712
153 825
153 896
153 965
154 171
154 226
154 262
154 331
154 456
154 564
154 612
154 662
154 690
154 877
155 575
155 658
155 705
155 751
155 859
155 869
155 975
156 195
156 239
156 242
156 664
156 707
156 795
156 813
157 483
157 507
157 630
157 745
157 774
158 177
158 311
158 325
158 366
158 495
158 503
158 713
158 726
158 923
158 937
159 162
159 343
159 658
159 861
159 893
159 945
159 979
160 269
160 476
160 553
160 764
160 807
160 828
160 863
160 961
161 243
161 278
161 682
161 717
161 748
161 763
161 790
161 908
162 265
162 361
162 369
162 447
162 805
162 856
162 909
163 265
164 266
164 360
164 517
164 661
164 693
164 700
164 738
164 831
164 886
164 890
164 899
164 995
165 474
165 484
165 791
165 818
165 930
165 948
166 174
166 240
166 318
166 396
166 587
166 590
166 698
166 879
166 889
166 969
167 227
167 580
167 753
167 939
167 957
168 247
168 358
168 380
168 467
168 568
168 678
168 862
168 967
169 244
169 256
169 392
169 471
169 507
169 517
169 526
169 603
169 640
169 686
170 233
170 245
170 865
170 927
170 935
171 248
171 263
171 274
171 300
171 349
171 474
171 532
171 540
171 677
171 975
172 238
172 330
172 340
172 490
172 626
172 670
172 779
172 863
173 260
173 270
173 673
173 718
173 742
173 816
173 859
174 205
174 271
174 278
174 341
174 501
174 517
174 706
174 744
174 899
175 282
175 417
175 419
175 472
175 476
175 718
175 762
175 836
175 859
175 969
175 973
176 192
176 419
176 450
176 479
176 495
176 544
176 740
176 784
176 817
176 861
177 288
177 326
177 405
177 555
177 577
177 598
177 658
177 841
177 919
178 264
178 303
178 408
178 473
178 541
178 653
178 939
179 253
179 519
179 606
179 923
179 947
179 974
180 181
180 364
180 571
180 620
180 628
180 682
180 731
180 982
181 194
181 211
181 281
181 776
181 844
181 860
181 985
182 208
182 240
182 688
183 327
183 633
183 748
183 902
183 981
184 220
184 247
184 248
184 324
184 343
184 351
184 504
184 538
184 585
184 626
184 797
185 213
185 232
185 260
185 347
185 371
185 417
185 433
185 524
185 623
185 801
185 931
186 355
186 415
186 416
186 436
186 702
186 753
186 788
186 851
187 335
187 408
187 414
187 438
187 483
187 592
187 703
187 796
187 823
188 257
188 460
188 482
188 489
188 528
188 532
188 607
188 647
188 904
188 983
189 318
189 414
189 420
189 733
189 758
189 780
189 912
189 952
189 960
190 640
190 729
190 837
190 846
190 984
190 989
191 206
191 284
191 312
191 415
191 422
191 437
191 592
191 750
191 768
192 244
192 264
192 519
192 522
192 758
192 781
192 869
192 944
193 203
193 214
193 270
193 299
193 335
193 509
193 666
194 624
194 792
194 805
194 959
194 979
195 292
195 347
195 473
195 518
195 581
195 586
195 719
195 729
195 737
195 783
196 214
196 456
196 480
196 608
196 648
196 653
196 675
196 923
196 947
196 987
197 253
197 398
197 405
197 444
197 535
197 569
197 705
198 218
198 298
198 312
198 361
198 443
198 585
198 675
198 683
198 712
198 969
199 365
199 436
199 697
199 946
200 252
200 331
200 373
200 493
200 541
200 608
200 615
200 636
200 994
201 710
201 812
202 278
202 312
202 422
202 512
202 538
202 554
202 646
202 713
202 854
202 911
202 957
203 220
203 226
203 248
203 300
203 337
203 397
203 476
203 535
203 665
203 711
203 976
204 345
204 466
204 500
205 331
205 451
205 478
205 531
205 709
205 842
206 245
206 450
206 474
206 570
206 694
206 780
206 900
206 950
206 959
207 281
207 350
207 476
207 625
207 761
207 849
208 422
208 563
208 596
208 638
208 642
208 668
208 699
208 738
208 826
208 913
208 939
209 464
209 487
209 761
209 812
209 857
210 306
210 329
210 454
210 525
210 724
210 759
211 363
211 527
211 617
211 796
211 926
211 940
212 217
212 219
212 243
212 314
212 433
212 438
213 262
213 411
213 618
213 622
213 644
213 757
214 262
214 766
214 854
215 232
215 869
215 917
216 301
216 372
216 399
216 480
216 503
216 515
216 598
216 694
216 718
216 844
216 946
217 364
217 396
217 484
217 488
217 498
217 570
217 580
217 590
218 267
218 580
218 639
218 655
218 657
218 763
218 860
218 971
219 317
219 448
219 622
219 727
219 782
220 623
220 638
221 253
221 271
221 371
221 407
221 520
221 568
221 609
221 650
221 670
221 696
221 775
221 821
221 854
222 344
222 363
222 546
222 576
222 695
222 894
222 988
223 277
223 365
223 412
223 500
223 556
223 741
223 869
223 989
224 387
224 450
224 541
224 562
224 627
224 832
224 926
224 965
225 240
225 270
225 315
225 354
225 413
225 435
225 540
225 610
225 764
225 823
225 929
226 240
226 252
226 319
226 364
226 520
226 546
226 592
226 625
226 671
227 234
227 353
227 359
227 483
227 595
227 744
227 772
227 791
227 846
227 855
228 236
228 297
228 437
228 547
228 773
228 835
228 883
228 960
229 294
229 298
229 348
229 441
229 614
229 802
229 939
230 274
230 308
230 415
230 647
230 816
230 931
231 267
231 269
231 284
231 293
231 371
231 431
231 463
231 586
231 639
231 700
232 293
232 347
232 453
232 472
232 540
232 655
232 895
232 916
232 933
233 245
233 249
233 378
233 489
233 704
233 767
233 851
233 852
233 907
234 289
234 425
234 455
234 521
234 930
234 972
234 978
235 241
235 289
235 364
235 432
235 473
235 603
235 758
235 786
235 868
235 957
236 249
236 333
236 345
236 354
236 410
236 518
236 643
236 847
236 868
236 888
236 976
237 241
237 303
237 485
237 573
237 785
237 815
237 853
237 910
238 331
238 337
238 384
238 433
238 477
238 494
238 498
238 866
238 961
238 975
238 996
239 246
239 362
239 418
239 754
239 789
239 986
240 453
240 476
240 527
240 880
240 934
240 991
241 448
241 589
241 657
241 749
241 772
242 350
242 439
242 458
242 504
242 537
242 598
242 681
243 352
243 354
243 503
243 586
243 644
243 757
243 769
244 247
244 303
244 436
244 531
244 595
244 649
244 698
244 811
244 837
244 847
244 920
245 270
245 315
245 386
245 726
245 736
245 807
245 969
246 252
246 338
246 423
246 523
246 652
246 844
246 893
247 478
247 572
247 584
247 630
247 926
247 937
248 337
248 388
248 644
248 647
248 679
248 732
248 823
248 911
248 995
249 279
249 641
249 644
250 300
250 455
250 497
250 601
250 610
250 983
251 304
251 389
251 530
251 554
251 583
251 677
251 857
251 864
251 911
251 935
252 410
252 471
252 624
252 650
252 654
252 684
252 721
252 745
252 770
252 818
252 832
252 964
253 281
253 290
253 402
253 537
253 574
253 580
253 725
253 795
253 832
253 917
253 931
253 948
254 266
254 459
254 530
254 653
254 913
255 279
255 293
255 552
255 553
255 562
255 825
255 881
255 892
255 913
256 486
256 498
256 512
256 525
256 652
256 826
256 861
256 968
257 549
257 588
257 596
257 700
257 710
257 773
257 893
258 279
258 620
258 840
258 957
258 971
259 287
259 487
259 593
259 600
260 342
260 366
260 472
260 643
260 660
260 894
260 926
260 977
261 489
261 490
261 573
261 714
261 951
261 959
262 513
262 612
262 625
262 645
262 765
262 777
263 266
263 361
263 434
263 555
263 790
263 808
263 904
263 924
264 451
264 572
264 590
264 594
264 904
264 977
265 334
265 491
265 558
265 666
265 845
265 863
266 283
266 324
266 346
266 363
266 364
266 394
266 427
266 689
266 944
266 964
267 417
267 544
267 640
267 670
267 764
267 816
267 858
267 922
267 953
268 361
268 566
269 280
269 358
269 428
269 469
269 514
269 693
269 836
269 856
269 922
269 939
269 966
270 309
270 323
270 407
270 438
270 457
270 622
270 660
270 768
270 857
271 318
271 354
271 380
271 465
271 572
271 710
271 722
271 772
271 810
272 289
272 315
272 321
272 489
272 497
272 616
272 698
272 720
272 984
273 280
273 352
273 360
273 396
273 552
273 627
273 709
273 784
273 848
274 490
274 513
274 607
274 633
274 689
274 755
274 992
275 327
275 434
275 594
275 701
275 711
275 772
275 813
275 887
276 507
276 597
276 642
276 673
276 677
276 680
276 863
276 875
276 929
277 351
277 426
277 682
277 702
277 750
278 318
278 548
278 555
278 745
278 858
278 908
279 305
279 333
279 351
279 448
279 681
279 684
279 690
279 846
279 941
280 284
280 304
280 306
280 532
280 630
280 656
280 709
280 732
280 882
280 886
280 990
281 343
281 430
281 639
281 794
281 877
282 315
282 392
282 868
283 294
283 387
283 584
283 626
283 655
283 793
284 292
284 322
284 398
284 481
284 622
284 733
284 769
284 899
285 552
285 665
285 692
286 375
286 451
286 611
286 677
286 691
286 700
286 806
286 840
286 915
286 956
286 964
287 371
287 473
287 530
287 539
287 623
287 698
287 768
288 533
288 746
288 999
289 308
289 423
289 430
289 513
289 521
289 607
289 695
289 773
289 974
290 418
290 419
290 475
290 569
290 591
290 696
290 713
290 808
291 311
291 437
291 837
291 888
292 300
292 649
292 699
292 783
292 791
292 849
292 923
293 406
293 418
293 562
293 616
293 634
293 705
293 764
293 773
293 782
293 827
293 847
293 853
294 330
294 404
294 634
294 782
294 953
295 322
295 426
295 474
295 484
295 949
296 360
296 376
296 398
296 426
296 517
296 583
296 589
296 594
296 919
296 988
297 454
297 461
297 551
297 648
297 720
297 895
298 299
298 857
298 909
298 941
298 954
298 978
299 311
299 366
299 486
299 538
299 869
299 988
300 437
300 438
300 479
300 604
300 769
300 775
300 816
300 855
300 865
300 912
300 919
301 328
301 362
301 508
301 551
301 861
301 878
302 387
302 407
302 453
302 505
302 509
302 606
302 671
302 694
302 774
302 856
303 404
303 555
303 623
303 722
304 372
304 502
304 551
304 728
304 985
305 319
305 537
305 686
305 704
305 710
305 962
305 974
306 319
306 465
306 578
306 638
306 901
307 308
307 357
307 404
307 611
307 723
307 823
307 842
307 963
308 358
308 618
308 652
308 712
308 736
308 737
308 868
309 352
309 588
309 717
309 809
309 813
309 873
309 879
309 923
309 990
310 379
310 413
310 504
310 570
310 755
310 800
310 816
310 921
310 952
311 418
311 462
311 488
311 643
311 913
312 592
312 613
312 737
312 769
312 929
313 537
313 549
313 755
313 807
313 850
313 979
314 318
314 351
314 535
314 557
314 627
314 659
314 770
314 836
314 936
314 937
315 337
315 524
315 578
315 674
315 814
315 911
315 992
315 999
316 321
316 461
316 462
316 531
316 627
316 715
316 776
316 896
316 904
317 406
317 504
317 848
317 894
317 895
317 986
318 496
318 520
318 614
318 623
318 655
318 882
318 949
319 352
319 353
319 485
319 743
319 839
319 923
320 513
320 570
320 745
320 750
321 410
321 523
321 612
321 730
321 858
321 965
321 990
322 403
322 553
322 636
322 649
322 740
322 845
322 860
323 449
323 472
323 820
323 899
324 402
324 629
324 699
324 963
325 410
325 456
325 529
325 643
325 652
325 663
325 840
325 862
325 989
326 411
326 539
326 589
326 610
326 701
326 723
326 776
326 816
326 878
327 354
327 477
327 606
327 728
327 750
327 784
328 461
328 524
328 652
328 977
328 995
329 359
329 377
329 402
329 560
330 369
330 758
330 786
330 868
331 379
331 408
331 468
331 621
331 716
331 732
331 776
331 879
331 982
332 353
332 383
332 434
332 450
332 455
332 517
332 525
332 772
332 783
332 797
332 809
332 826
332 934
333 394
333 472
333 474
333 543
333 619
333 749
333 804
333 849
333 891
333 910
333 945
334 454
334 486
334 511
334 523
334 597
334 785
334 846
334 853
335 578
335 695
335 785
335 806
335 846
336 339
336 372
336 476
336 485
336 531
336 589
336 726
336 747
336 844
336 922
337 393
337 456
337 641
337 774
337 857
337 970
338 381
338 491
338 571
338 718
338 899
339 568
339 693
339 732
340 377
340 506
340 508
340 554
340 676
340 723
340 909
340 982
340 983
341 355
341 535
341 566
341 607
341 713
341 739
341 747
341 817
341 824
341 876
341 970
342 436
342 553
342 641
342 675
342 814
342 844
342 863
342 933
343 368
343 435
343 547
343 553
343 558
343 560
343 629
343 912
344 359
344 477
344 533
344 568
344 592
344 679
344 831
344 985
345 366
345 419
345 617
345 700
345 756
345 789
345 850
345 873
345 919
345 963
346 465
346 703
346 759
346 849
346 966
347 385
347 655
347 665
347 667
347 688
347 954
348 391
348 441
348 451
348 492
348 756
348 794
348 795
348 796
348 810
348 917
348 958
349 468
349 538
349 766
349 773
349 803
349 824
349 880
349 906
349 926
349 962
350 434
350 484
350 566
350 635
350 725
350 749
350 905
350 919
351 489
351 630
351 882
351 939
351 949
352 563
352 650
352 670
352 706
352 809
352 910
352 962
352 981
353 360
353 396
353 418
353 424
353 469
353 616
353 644
353 748
353 860
353 948
354 557
354 619
354 630
354 774
355 497
355 592
355 679
355 680
355 704
355 753
355 956
356 449
356 461
356 567
356 600
356 790
356 802
357 514
357 667
357 677
357 707
357 799
358 367
358 529
358 686
358 687
358 738
358 756
358 760
359 527
359 646
359 883
359 904
359 975
360 401
360 438
360 475
360 478
360 519
360 536
360 736
360 973
361 453
361 543
361 789
362 480
362 596
362 675
362 690
362 694
362 908
362 927
362 984
363 392
363 471
363 603
363 632
363 753
363 973
364 489
364 502
364 572
364 587
364 626
364 677
364 725
364 858
365 400
365 791
365 818
365 982
366 372
366 385
366 420
366 613
366 638
366 752
366 788
366 848
366 850
367 406
367 778
368 495
368 607
368 631
368 682
368 754
368 787
368 792
368 811
368 918
368 932
369 460
369 463
369 627
369 678
369 779
369 860
370 386
370 447
370 504
370 619
370 633
370 763
370 767
370 837
370 885
370 903
370 962
371 565
371 606
371 615
371 622
371 765
371 843
371 932
371 943
372 532
372 548
372 702
373 616
373 696
373 747
373 792
374 436
374 616
374 801
374 920
375 437
375 462
375 543
375 814
375 829
376 706
376 740
376 871
376 986
377 466
377 548
377 614
377 668
378 471
378 605
378 698
378 742
378 774
378 777
378 907
378 921
379 481
379 622
379 703
379 760
379 792
379 909
379 921
380 409
380 413
380 437
380 551
380 598
380 599
380 648
380 725
380 982
381 449
381 531
381 726
381 836
382 431
382 542
382 544
382 580
382 731
382 912
383 384
383 427
383 527
383 529
383 631
383 829
383 889
383 917
383 986
384 472
384 515
384 664
384 670
384 941
385 440
385 452
385 463
385 595
385 721
385 751
385 755
385 777
385 804
386 581
386 847
386 851
386 868
387 441
387 638
387 640
387 779
387 889
387 922
388 396
388 559
388 627
388 656
388 688
388 840
388 844
388 889
388 894
388 897
388 985
389 479
389 596
389 784
389 869
389 957
390 655
390 694
390 952
391 421
391 534
391 826
391 917
391 987
392 773
392 931
393 394
393 455
393 468
393 484
393 545
393 548
393 730
393 761
393 775
393 901
393 907
393 934
394 724
394 944
395 457
395 462
395 514
395 851
395 963
395 964
395 976
396 535
396 569
396 779
396 798
396 870
397 416
397 483
397 617
397 662
397 735
397 777
397 823
397 873
398 449
398 833
399 407
399 420
399 560
399 706
399 826
399 864
400 435
400 614
400 904
401 438
401 586
401 642
402 566
402 885
403 419
403 578
403 609
403 806
404 416
404 553
404 633
404 675
404 746
404 748
404 766
404 769
404 932
405 454
405 468
405 613
405 615
405 695
405 833
406 495
406 515
406 534
406 545
406 767
406 785
407 475
407 811
407 821
407 830
407 857
407 918
408 670
408 680
408 841
408 846
408 981
409 579
409 738
409 966
410 467
410 622
410 674
410 725
410 727
410 757
410 969
411 427
411 447
411 475
411 529
411 600
411 607
411 654
411 785
411 830
412 463
412 487
412 572
412 750
412 857
412 901
412 910
412 947
412 952
413 587
413 602
413 626
413 704
413 731
413 911
413 939
414 496
414 497
414 735
414 737
414 805
414 848
414 890
415 782
415 822
415 840
415 870
416 523
416 625
416 647
416 934
417 586
417 665
417 795
417 842
417 978
418 466
418 526
418 550
418 849
418 867
418 881
418 943
418 962
418 977
418 978
419 450
419 500
419 515
419 546
419 899
419 913
419 989
420 651
420 741
420 800
420 907
421 454
421 520
421 687
421 801
421 955
422 522
422 595
422 642
422 764
422 864
422 963
423 435
423 506
423 652
423 783
423 792
423 846
423 887
424 530
424 534
424 543
424 592
424 750
424 824
424 890
424 893
424 912
424 914
424 966
424 974
425 605
425 614
425 667
425 879
426 533
426 556
426 589
426 624
426 690
426 993
427 463
427 558
427 604
427 609
427 775
427 794
427 826
427 911
428 429
428 551
428 573
429 484
429 629
429 788
429 809
429 814
430 435
430 463
430 659
431 498
431 602
431 796
431 838
431 863
431 906
431 912
432 539
432 544
432 619
432 773
432 792
432 903
432 933
432 987
432 991
433 557
433 559
433 621
433 777
433 925
434 550
434 569
434 693
434 735
434 760
434 981
435 574
435 904
435 913
435 933
435 965
436 535
436 539
436 562
436 588
436 706
436 813
436 814
436 916
437 488
437 583
437 716
438 526
438 836
438 853
438 959
439 551
439 588
439 917
439 929
440 444
440 594
440 660
440 670
440 705
440 968
440 996
441 652
441 683
441 853
441 906
442 480
442 612
442 759
443 470
443 622
443 779
443 862
443 893
444 468
444 687
444 723
444 732
444 743
444 801
444 884
444 905
445 531
445 609
445 634
445 654
445 693
445 882
445 940
445 964
446 482
446 585
446 784
446 859
446 889
446 980
446 994
446 997
447 476
447 666
447 667
448 672
448 704
448 718
448 748
448 898
448 915
448 998
449 487
449 489
449 828
449 895
449 984
450 543
450 560
450 580
450 733
450 788
450 792
450 809
450 826
450 851
450 853
450 922
450 941
451 595
451 669
451 992
452 697
452 759
452 775
452 847
452 924
452 928
452 949
453 576
453 760
453 905
453 930
453 970
454 518
454 543
454 681
454 704
454 948
455 525
456 513
456 751
456 759
456 938
457 508
457 525
457 804
457 883
457 896
457 941
458 466
458 483
458 573
458 759
458 901
458 955
459 514
459 520
459 538
459 539
459 550
459 586
459 617
459 696
459 848
459 912
459 949
459 993
460 613
460 727
460 747
460 954
460 967
461 500
461 506
461 527
461 591
461 664
461 754
461 778
461 916
461 931
461 986
462 523
462 535
462 573
462 579
462 593
462 671
462 674
462 686
462 698
462 718
462 721
462 996
463 492
463 676
463 689
463 746
464 533
464 606
464 808
464 891
464 921
465 490
465 498
465 620
465 621
465 872
465 874
465 902
465 918
466 502
466 545
466 736
466 889
466 995
466 999
467 618
467 656
467 748
467 774
467 829
467 854
468 576
468 603
468 845
468 999
469 539
469 672
469 803
470 668
470 684
471 872
471 958
472 498
472 533
472 564
472 565
472 687
472 934
472 985
473 487
473 491
473 539
473 620
473 643
473 757
473 789
474 486
474 543
474 562
474 603
474 605
474 721
474 728
475 525
475 558
475 659
475 675
475 862
475 899
476 514
476 517
476 585
476 664
476 970
477 530
477 797
477 931
478 540
478 663
478 769
478 869
478 877
478 910
479 534
479 695
479 697
479 810
479 900
480 751
480 935
481 507
481 575
481 743
481 778
481 847
481 866
481 874
481 993
482 597
482 640
482 696
482 851
482 880
482 929
482 981
482 986
483 500
483 850
483 917
484 523
484 612
484 900
484 906
484 946
484 951
485 530
485 627
485 676
485 989
486 674
486 703
486 722
486 845
487 621
487 637
487 654
487 711
487 742
487 752
487 805
487 807
487 997
488 637
488 682
488 684
488 694
488 852
488 877
488 890
488 939
488 977
489 523
489 538
489 669
489 743
489 765
490 521
490 535
490 558
490 621
490 631
490 638
490 785
491 518
491 525
491 641
491 642
491 650
491 690
491 725
491 758
491 768
491 905
491 991
492 519
492 857
492 921
492 965
493 578
493 615
493 679
493 910
493 974
493 989
494 540
494 649
494 756
494 858
494 963
495 579
495 621
495 635
495 642
495 864
495 890
495 980
495 987
496 636
496 716
496 724
496 752
496 799
496 869
496 903
497 531
497 561
497 583
497 627
497 647
497 819
497 868
497 906
497 911
498 536
498 607
499 925
499 948
499 978
500 795
500 911
501 541
501 578
501 585
501 628
501 741
501 823
501 864
501 885
501 942
501 990
503 594
503 649
504 530
504 782
504 788
504 823
504 898
504 901
504 966
505 601
505 619
505 681
505 792
505 887
505 945
505 968
505 981
506 636
506 837
506 898
507 624
507 750
507 781
508 700
508 757
508 822
509 653
509 850
509 853
509 886
510 545
510 590
510 660
510 681
510 722
510 999
511 659
511 770
511 776
511 815
511 816
511 859
511 863
511 900
511 980
512 544
512 556
512 577
512 655
512 675
512 695
512 913
512 962
513 744
513 830
513 864
513 878
514 617
514 658
514 659
514 675
514 706
514 763
514 786
514 832
514 918
515 641
515 978
516 601
516 637
516 716
516 840
516 926
516 998
517 561
517 835
517 838
517 875
518 711
518 746
518 765
518 796
519 525
519 982
520 600
521 600
521 695
521 723
522 559
522 572
522 577
522 624
522 733
522 757
522 782
522 831
522 879
523 534
523 608
523 739
523 894
523 993
524 573
524 678
525 658
525 697
525 701
525 866
525 994
526 693
526 844
526 876
527 731
527 890
527 912
528 606
528 664
528 927
529 607
529 665
529 753
529 780
529 886
529 888
530 677
530 719
530 937
531 861
531 937
532 588
532 608
532 621
532 725
532 787
532 968
533 703
533 754
533 804
533 840
533 843
533 849
533 854
533 943
534 741
534 928
534 988
535 553
535 708
535 746
536 632
536 710
536 780
536 827
536 947
536 977
537 558
537 803
537 975
538 584
538 597
538 627
538 759
538 850
538 870
539 574
539 599
539 762
539 981
540 572
540 634
540 832
540 845
540 898
540 967
541 732
541 752
541 954
541 975
542 548
542 922
542 989
543 729
543 809
543 884
544 687
544 731
544 795
544 899
545 547
545 594
545 707
545 796
545 808
546 620
546 697
546 714
547 561
547 861
547 930
547 960
548 640
548 943
548 967
549 581
549 790
549 791
549 805
549 933
549 940
550 707
550 814
550 873
551 652
551 697
551 720
551 760
551 779
551 839
551 879
552 603
552 634
552 754
552 766
552 852
552 910
552 920
552 926
553 782
553 809
553 848
553 955
554 690
554 701
554 770
554 936
555 731
556 564
556 721
556 756
556 913
557 745
557 784
557 820
557 910
557 923
557 938
557 986
558 620
558 682
558 735
558 823
558 884
558 947
558 949
559 592
559 675
559 730
559 862
559 978
560 579
560 664
560 704
560 712
560 776
561 588
561 597
561 712
561 874
561 881
561 886
561 945
562 721
562 956
562 975
563 574
563 764
563 987
565 633
565 814
565 917
565 999
566 688
566 734
566 764
566 899
566 923
567 636
567 637
567 645
567 785
567 830
567 942
568 695
569 591
569 593
569 711
569 805
569 831
569 964
569 965
570 826
570 841
570 875
570 937
571 602
571 656
571 801
571 952
572 598
572 607
572 627
572 677
572 719
572 866
572 996
573 705
573 819
573 850
574 591
574 620
574 659
574 749
574 773
574 795
574 885
575 766
575 773
575 913
575 936
576 720
576 767
576 947
577 593
577 712
577 993
578 729
579 581
579 609
579 820
580 674
580 953
581 661
581 715
582 704
582 876
582 907
583 616
583 680
583 992
584 611
584 675
584 735
584 749
585 728
585 739
585 769
585 834
586 587
586 631
586 695
586 699
586 882
586 909
587 662
587 699
587 933
588 907
588 985
589 799
590 605
590 746
590 892
590 973
590 993
591 622
591 659
591 675
591 890
591 919
592 616
592 716
592 804
593 740
593 771
594 888
594 979
595 646
595 705
595 765
595 828
595 901
595 907
596 670
596 714
596 782
596 802
596 812
596 883
596 940
596 971
596 984
597 610
597 677
597 786
597 795
597 885
598 614
598 653
598 743
598 797
598 858
599 731
599 754
599 892
599 975
600 645
600 651
600 843
600 870
601 684
601 817
601 828
601 957
602 661
602 888
602 932
602 960
603 609
603 825
603 930
604 754
604 825
605 764
605 859
605 932
605 936
605 948
606 862
606 875
606 988
607 630
607 650
607 661
607 789
608 688
608 898
608 917
608 984
609 678
609 854
609 952
611 662
611 704
611 757
611 810
611 828
611 884
612 616
612 709
612 963
612 993
613 626
613 661
613 698
613 817
613 891
613 972
613 987
614 793
615 758
615 833
615 838
615 839
615 893
616 617
616 655
616 796
616 929
617 782
617 810
617 825
617 991
618 695
618 767
618 789
618 811
618 818
618 939
619 659
619 712
619 807
619 892
619 904
619 974
620 691
620 863
620 913
621 653
621 688
621 720
621 836
621 851
621 886
621 905
621 965
622 644
622 692
623 722
623 773
623 906
624 674
624 755
624 820
624 942
624 944
625 648
625 757
625 798
625 913
626 684
626 862
626 895
626 897
626 977
627 717
627 726
627 796
627 881
627 990
628 739
628 963
629 733
629 845
630 722
631 824
632 687
632 723
632 942
633 689
633 739
633 873
633 965
634 712
634 822
634 878
634 937
634 977
634 978
635 691
635 748
635 803
635 883
635 890
635 900
636 739
636 779
636 959
636 975
637 689
637 901
638 706
638 731
638 939
638 956
638 965
639 652
639 720
639 735
640 815
640 838
640 985
641 819
641 969
642 860
642 925
643 713
643 760
643 791
643 801
643 905
644 647
644 723
644 732
644 756
644 879
644 959
644 963
645 725
645 767
645 882
645 893
646 652
646 747
646 794
646 842
646 986
647 872
648 712
648 794
648 836
648 846
648 880
649 698
649 796
649 823
649 829
649 966
649 975
650 762
650 849
651 717
651 778
651 801
651 843
652 701
653 672
653 911
654 683
654 729
654 976
655 805
655 827
655 840
656 676
656 823
657 713
657 955
658 693
658 873
658 924
658 938
659 678
659 719
659 734
659 749
659 764
659 828
660 668
660 818
660 850
660 904
661 771
661 840
661 862
662 685
662 778
662 814
662 890
663 798
663 830
663 842
663 954
663 973
663 982
663 986
664 723
664 745
664 862
664 913
664 997
666 780
666 828
666 876
666 998
667 856
667 899
668 711
668 968
669 741
669 996
670 697
670 755
671 852
672 801
673 772
673 861
675 731
675 740
675 880
675 968
676 729
676 965
677 693
677 785
677 887
677 938
678 710
678 823
679 848
679 997
680 793
680 983
680 990
681 915
682 698
682 704
682 845
682 876
682 915
683 725
683 773
683 845
683 878
683 900
683 938
683 965
683 968
684 728
684 852
684 916
684 929
684 933
684 996
685 735
686 755
686 776
686 816
686 887
687 938
688 780
688 870
688 881
688 940
688 983
688 988
689 760
689 910
689 936
689 946
690 912
690 939
691 721
691 762
691 948
693 759
693 865
694 801
694 905
695 696
695 776
695 952
695 967
695 999
696 782
696 842
696 864
696 869
697 780
698 806
699 859
700 722
701 844
701 876
701 937
702 822
702 921
703 741
703 876
704 874
704 917
705 886
706 774
706 818
706 984
707 934
708 818
708 838
708 870
708 948
709 716
709 766
711 744
711 864
711 939
711 994
712 775
712 837
712 933
713 832
713 909
714 759
714 821
714 848
715 719
715 844
715 931
715 958
716 727
716 765
716 800
716 835
716 954
717 993
718 857
718 909
718 912
718 917
719 874
719 939
720 771
720 779
720 842
721 725
723 868
723 884
723 973
724 904
725 933
726 800
726 808
727 847
727 996
728 771
728 792
729 873
729 944
730 975
731 944
732 896
732 897
732 907
733 806
734 743
734 934
734 938
735 736
735 821
735 849
736 744
736 969
737 775
737 803
737 875
737 885
737 970
738 848
738 957
739 746
739 757
739 876
739 958
739 960
740 910
740 959
741 963
742 751
742 892
742 927
744 804
744 907
745 993
746 906
746 922
747 807
747 828
747 950
747 982
748 785
748 795
748 854
748 861
748 929
750 904
750 956
750 993
751 767
751 914
751 958
752 815
752 885
752 996
753 788
754 816
754 832
755 810
755 813
755 834
755 864
755 888
756 840
756 871
756 898
756 946
758 838
758 852
758 865
758 921
759 853
759 881
760 975
761 778
761 997
762 805
762 849
763 839
763 853
763 980
764 773
765 867
767 851
767 865
768 965
768 989
769 773
769 915
769 961
769 983
770 933
772 813
772 866
772 996
773 914
773 932
773 957
773 996
774 880
774 882
774 969
775 998
776 788
776 801
776 946
776 996
778 830
778 889
778 922
779 794
779 828
779 855
779 920
779 960
781 804
781 950
782 860
782 884
782 936
782 949
782 957
784 806
784 812
784 841
784 940
784 951
784 993
786 814
786 908
787 858
787 935
787 943
788 950
788 955
790 805
790 908
790 925
790 976
790 981
791 824
791 858
795 863
795 902
795 930
795 953
796 800
796 939
797 852
797 932
797 992
798 808
798 831
798 834
798 837
798 889
798 901
798 905
798 994
800 880
800 885
801 903
801 927
802 943
802 980
803 829
803 909
804 843
804 868
804 888
806 882
806 988
807 813
807 832
808 844
808 940
809 846
809 894
810 955
811 947
811 953
812 918
812 996
813 817
813 938
815 833
815 911
816 982
817 845
818 975
819 999
820 947
821 926
821 985
822 889
822 918
822 940
822 975
823 957
824 868
824 906
824 937
824 963
825 836
825 865
825 906
825 938
826 944
827 940
827 985
829 841
830 845
831 862
832 841
832 971
833 881
833 930
834 859
834 866
836 840
836 938
837 849
837 871
837 934
838 884
838 933
838 956
839 849
839 864
840 845
840 883
840 914
841 936
841 950
844 878
845 882
847 982
848 945
849 858
849 922
849 965
850 870
851 944
851 955
851 989
852 965
853 890
853 920
856 898
856 978
856 987
856 991
857 941
858 948
859 866
859 909
859 947
859 967
860 871
860 894
860 924
863 958
864 988
866 976
866 995
867 937
867 952
867 976
868 887
868 928
868 981
869 877
869 931
870 903
870 987
871 949
871 953
871 977
871 990
872 961
872 963
873 918
873 976
873 981
875 993
876 951
878 998
879 950
880 982
882 893
882 910
882 911
882 997
887 956
887 986
888 945
890 966
891 939
892 897
892 922
893 914
895 987
896 947
896 987
898 971
898 978
907 914
907 920
907 948
908 928
909 979
912 957
912 963
915 937
916 971
918 928
919 974
920 924
922 949
922 994
926 963
931 974
931 995
932 999
935 938
935 948
936 980
937 972
940 986
941 982
943 990
944 996
945 947
945 950
954 958
956 994
963 979
964 975
965 977
968 972
969 982
970 987
974 979
978 984
988 995
997 999
0
10 999
