1000	4995	 1
0 59
0 134
0 192
0 377
0 520
0 556
0 874
1 220
1 326
1 447
1 750
1 816
1 881
2 11
2 23
2 39
2 313
2 319
2 532
2 543
2 600
2 651
2 677
3 175
3 253
3 354
3 376
3 413
3 484
3 488
3 490
3 622
3 648
3 682
3 725
4 84
4 89
4 205
4 244
4 368
4 618
4 844
4 943
5 76
5 158
5 199
5 221
5 248
5 276
5 296
5 359
5 387
5 400
5 528
5 536
5 541
5 663
5 793
5 866
5 921
6 175
6 226
6 292
6 435
6 712
6 739
6 756
7 110
7 219
7 406
7 566
7 754
7 774
7 840
7 937
7 957
7 973
8 21
8 36
8 212
8 231
8 321
8 371
8 441
8 467
8 476
8 493
8 622
8 698
8 738
8 849
8 850
8 866
9 152
9 168
9 188
9 318
9 398
9 438
9 458
9 620
9 628
9 649
9 671
9 991
10 12
10 381
10 438
10 448
10 563
10 659
10 688
10 699
10 741
10 815
10 855
10 921
11 33
11 125
11 207
11 251
11 499
11 699
11 741
11 777
11 845
11 861
11 867
11 883
11 917
12 145
12 201
12 205
12 319
12 440
12 810
12 829
13 101
13 423
13 615
13 738
13 762
13 915
14 127
14 139
14 638
14 683
14 705
14 959
15 131
15 258
15 306
15 549
15 550
15 600
15 801
15 844
16 46
16 148
16 276
16 303
16 336
16 543
16 689
16 982
17 80
17 106
17 303
17 313
17 320
17 417
17 461
17 510
17 639
17 712
17 765
17 778
17 873
17 985
17 995
18 85
18 256
18 667
18 890
18 921
18 956
18 997
19 47
19 67
19 78
19 303
19 482
19 526
19 568
19 616
19 623
19 856
20 33
20 81
20 240
20 245
20 292
20 319
20 351
20 352
20 378
20 444
20 625
20 627
20 753
20 948
21 238
21 374
21 384
21 452
21 806
21 855
22 154
22 228
22 279
22 480
22 605
22 661
23 45
23 106
23 199
23 209
23 228
23 399
23 607
23 666
23 801
23 856
23 965
23 972
23 999
24 179
24 181
24 494
24 680
24 693
25 124
25 244
25 273
25 317
25 323
25 485
25 529
25 861
25 877
25 984
25 997
26 194
26 361
26 432
26 469
26 653
26 657
26 762
26 876
27 51
27 761
27 794
28 195
28 296
28 300
28 395
28 545
28 671
28 676
28 704
28 783
28 981
29 97
29 170
29 195
29 441
29 772
29 786
29 800
29 865
29 946
30 35
30 105
30 118
30 144
30 150
30 266
30 550
30 586
30 643
30 784
30 840
30 944
31 89
31 107
31 156
31 280
31 522
31 623
31 741
31 813
31 873
32 60
32 307
32 694
32 730
32 747
32 762
32 849
32 882
33 45
33 119
33 208
33 251
33 365
33 492
33 547
33 582
33 797
34 39
34 159
34 191
34 352
34 354
34 406
34 674
34 714
34 717
34 718
34 766
35 41
35 84
35 89
35 141
35 192
35 535
35 636
35 677
35 793
36 158
36 408
36 569
36 634
36 639
36 827
37 77
37 81
37 124
37 194
37 351
37 483
37 634
37 730
37 783
38 51
38 207
38 411
38 489
38 625
38 707
38 740
38 984
39 121
39 497
39 705
39 743
39 773
39 781
39 986
40 48
40 217
40 279
40 293
40 314
40 486
40 606
40 697
40 760
40 814
40 851
40 858
41 45
41 143
41 250
41 305
41 499
41 526
41 532
41 551
41 573
41 822
41 917
41 950
41 958
42 129
42 154
42 214
42 238
42 243
42 926
43 96
43 541
43 558
43 968
44 76
44 94
44 153
44 453
44 718
44 744
44 890
44 954
45 51
45 259
45 310
45 334
45 347
45 430
45 572
45 590
45 663
45 723
45 881
45 907
46 66
46 251
46 354
46 447
46 536
46 640
46 694
47 49
47 83
47 285
47 313
47 361
47 386
47 395
47 450
47 594
47 629
47 699
47 718
47 764
47 947
48 56
48 162
48 486
48 535
48 599
48 679
48 697
48 739
48 771
48 787
48 849
49 50
49 136
49 285
49 426
49 638
49 730
49 784
49 986
50 117
50 183
50 213
50 259
50 304
50 308
50 366
50 405
50 639
50 831
50 835
50 867
51 136
51 188
51 298
51 863
51 992
52 157
52 233
52 380
52 452
52 471
52 523
52 564
52 693
52 828
53 139
53 472
53 599
53 724
53 912
54 120
54 157
54 194
54 240
54 273
54 391
54 466
54 479
54 532
54 650
54 663
54 800
54 865
54 918
54 971
55 135
55 191
55 693
55 741
55 787
55 826
55 890
55 926
55 983
56 77
56 333
56 348
56 376
56 384
56 410
56 463
56 571
56 594
56 697
56 714
56 952
56 957
57 153
57 240
57 254
57 258
57 286
57 354
57 645
57 717
57 725
57 834
57 865
58 136
58 234
58 347
58 445
58 569
58 644
58 781
58 823
58 935
58 992
59 86
59 146
59 176
59 199
59 504
59 591
59 683
59 711
59 788
59 820
60 252
60 318
60 338
60 375
60 479
60 626
60 871
60 998
61 102
61 192
61 248
61 413
61 454
61 521
61 570
61 589
61 881
62 172
62 177
62 284
62 337
62 387
62 527
62 544
62 618
62 652
62 685
62 748
62 761
62 827
63 207
63 217
63 492
63 801
63 891
64 106
64 117
64 133
64 407
64 560
64 651
64 765
64 808
64 953
65 122
65 208
65 254
65 289
65 301
65 392
65 557
65 613
65 760
65 815
65 879
65 914
65 957
66 157
66 432
66 532
66 622
66 765
66 791
66 819
66 966
66 997
67 114
67 140
67 169
67 198
67 213
67 259
67 952
67 984
68 122
68 126
68 248
68 258
68 381
68 387
68 530
68 551
68 780
68 971
69 90
69 143
69 224
69 299
69 338
69 355
69 364
69 387
69 390
69 485
69 590
69 772
69 809
69 868
69 926
69 988
70 72
70 211
70 369
70 448
70 493
70 564
70 637
70 641
70 730
70 843
70 844
71 549
71 644
71 787
71 920
72 86
72 153
72 233
72 322
72 332
72 343
72 484
72 584
72 801
72 832
72 897
72 999
73 141
73 215
73 327
73 487
73 498
73 558
73 867
73 905
73 986
74 89
74 188
74 243
74 310
74 357
74 402
74 445
74 495
74 610
74 706
74 799
74 969
74 990
75 273
75 289
75 347
75 383
75 413
75 505
75 572
75 623
75 674
75 837
75 980
75 995
76 207
76 227
76 228
76 324
76 452
76 708
76 731
76 856
76 862
76 871
77 213
77 234
77 313
77 438
77 491
77 718
77 722
77 893
77 900
77 910
78 164
78 301
78 659
78 965
78 974
78 984
79 149
79 377
79 553
79 603
79 650
79 872
79 883
79 942
80 282
80 310
80 505
80 526
80 542
80 643
80 734
80 827
81 143
81 180
81 252
81 449
81 487
81 879
82 114
82 169
82 254
82 614
82 688
82 695
82 765
82 859
82 881
82 908
83 84
83 404
83 441
83 614
83 704
83 777
83 778
83 828
83 843
83 992
84 176
84 211
84 242
84 279
84 337
84 509
84 545
84 572
84 592
84 610
84 650
84 774
84 976
85 112
85 341
85 385
85 393
85 486
85 507
85 573
85 848
85 867
86 146
86 295
86 301
86 481
86 504
86 566
86 578
86 717
86 724
86 827
86 833
87 104
87 251
87 261
87 396
87 411
87 474
87 489
87 565
87 621
87 778
87 792
87 849
88 146
88 203
88 278
88 326
88 419
88 517
88 608
88 851
88 978
89 139
89 171
89 422
89 427
89 469
89 540
89 554
89 658
89 691
89 770
90 93
90 250
90 354
90 406
90 425
90 431
90 524
90 666
90 912
90 950
90 961
90 984
90 988
91 237
91 256
91 428
91 489
91 494
91 562
91 821
92 159
92 208
92 347
92 350
92 358
92 416
92 496
92 549
92 785
92 871
92 880
92 927
92 970
92 989
93 196
93 207
93 299
93 392
93 514
93 543
93 581
93 595
93 758
93 763
93 780
93 812
93 824
93 881
93 985
94 178
94 219
94 367
94 424
94 654
94 673
94 695
94 790
94 877
94 996
95 105
95 169
95 171
95 271
95 592
95 687
95 733
95 754
96 417
96 461
96 478
96 507
96 723
96 804
96 856
96 870
96 934
96 944
96 953
96 974
96 987
97 118
97 204
97 726
97 801
97 810
97 860
97 887
97 986
98 149
98 234
98 342
98 387
98 543
98 605
98 668
98 764
98 849
98 910
99 212
99 321
99 441
99 483
99 553
99 720
99 888
99 942
100 153
100 167
100 222
100 230
100 330
100 431
100 468
100 743
100 746
100 783
101 113
101 425
101 449
101 488
101 542
101 555
101 575
101 578
101 622
101 719
101 825
102 114
102 157
102 285
102 322
102 345
102 491
102 545
102 635
102 659
102 796
102 827
102 851
102 866
102 912
102 935
103 111
103 280
103 310
103 338
103 422
103 533
103 577
103 590
103 788
103 825
103 832
103 973
103 980
103 982
104 132
104 370
104 487
104 528
104 763
104 858
104 874
104 951
104 983
105 334
105 407
105 424
105 514
105 779
105 806
105 832
105 840
105 937
105 940
106 145
106 310
106 354
106 374
106 461
106 476
106 585
106 587
106 703
106 914
106 915
106 927
107 341
107 349
107 562
107 573
107 832
107 920
108 157
108 357
108 481
108 547
108 582
108 645
108 649
108 956
109 110
109 210
109 277
109 294
109 378
109 463
109 472
109 516
109 564
109 566
109 701
110 141
110 222
110 333
110 358
110 444
110 446
110 642
110 771
111 166
111 211
111 293
111 423
111 461
111 574
111 654
111 678
111 877
111 929
112 270
112 343
112 650
112 716
112 942
113 250
113 254
113 264
113 338
113 775
113 826
113 914
114 368
114 624
114 850
114 880
114 952
114 977
114 985
115 170
115 256
115 288
115 360
115 414
115 422
115 477
115 553
115 588
115 715
115 923
116 243
116 457
116 547
116 551
116 576
116 701
116 715
116 971
116 989
117 135
117 275
117 438
117 598
117 613
117 842
118 126
118 438
118 534
118 549
118 558
118 577
118 741
118 761
118 914
119 180
119 281
119 390
119 436
119 596
119 604
119 698
119 729
119 819
119 948
120 286
120 468
120 528
120 565
120 578
120 705
120 752
120 800
121 159
121 169
121 384
121 448
121 498
121 510
121 655
122 130
122 175
122 250
122 302
122 383
122 440
122 763
122 926
123 389
123 432
123 492
123 505
123 549
123 739
123 883
123 914
124 143
124 169
124 278
124 318
124 353
124 506
124 526
124 667
124 715
124 869
124 976
125 130
125 173
125 285
125 404
125 407
125 492
125 496
125 509
125 558
125 867
126 193
126 216
126 230
126 464
126 492
126 580
126 785
126 789
126 903
126 917
126 918
127 204
127 375
127 492
127 568
127 575
127 595
127 846
127 946
128 218
128 311
128 422
128 440
128 643
128 752
128 826
128 835
128 924
128 987
128 991
129 212
129 301
129 360
129 728
129 756
129 794
129 823
129 884
130 132
130 217
130 573
130 746
130 788
130 792
130 860
131 160
131 193
131 200
131 207
131 252
131 596
131 615
131 622
131 627
131 643
131 684
131 908
131 995
132 196
132 355
132 398
132 542
132 583
132 722
132 751
132 855
132 869
132 882
132 936
132 959
132 992
133 161
133 333
133 360
133 540
133 569
133 750
133 759
133 915
133 919
133 930
133 949
133 984
134 159
134 208
134 400
134 478
134 621
134 703
134 857
134 966
135 343
135 408
135 446
135 541
135 569
135 586
135 603
135 778
135 805
135 852
136 371
136 377
136 388
136 475
136 502
136 510
136 598
136 608
136 707
136 760
137 191
137 253
137 461
137 474
137 730
137 898
137 905
138 211
138 390
138 493
138 504
138 579
138 676
138 728
138 882
138 910
139 196
139 307
139 353
139 424
139 510
139 585
139 672
139 725
139 741
139 851
139 973
139 996
140 177
140 253
140 303
140 360
140 419
140 425
140 548
140 560
140 609
140 892
141 319
141 402
141 423
141 516
141 542
141 806
141 890
141 899
141 906
142 516
142 600
142 653
142 841
142 908
143 152
143 522
143 574
143 618
143 753
144 205
144 208
144 259
144 394
144 398
144 574
144 598
144 665
144 800
145 236
145 265
145 461
145 512
145 625
145 787
145 832
145 895
145 904
145 954
146 242
146 423
146 520
146 543
147 186
147 282
147 313
147 455
147 619
147 833
147 842
147 847
147 991
148 377
148 484
148 532
148 614
148 704
148 755
148 791
148 833
149 235
149 252
149 330
149 403
149 408
149 557
149 711
149 746
149 760
149 813
149 816
149 825
149 959
150 378
150 383
150 440
150 449
150 580
150 615
150 658
150 773
151 645
151 719
151 761
151 882
151 926
151 984
152 207
152 287
152 335
152 538
152 619
152 632
152 877
152 923
153 278
153 327
153 419
153 436
153 445
153 485
153 504
153 581
153 587
153 740
153 776
153 793
153 831
153 864
153 986
154 197
154 200
154 222
154 569
154 601
154 615
154 684
154 840
154 893
154 930
155 202
155 207
155 346
155 351
155 394
155 416
155 418
155 499
155 525
155 599
155 627
155 630
155 928
155 958
156 414
156 489
156 569
156 593
156 599
156 676
156 887
156 962
157 282
157 337
157 379
157 530
157 560
157 567
157 850
157 918
157 939
157 945
157 980
158 344
158 369
158 497
158 832
158 866
158 932
159 203
159 206
159 237
159 262
159 288
159 292
159 402
159 541
159 617
159 648
159 660
159 781
160 322
160 420
160 463
160 477
160 592
160 664
160 862
160 936
161 163
161 190
161 238
161 300
161 348
161 725
161 734
161 829
161 857
162 226
162 266
162 543
162 546
162 902
162 982
163 289
163 300
163 469
163 527
163 600
163 621
163 639
163 805
164 213
164 360
164 413
164 470
164 591
164 758
164 772
164 894
165 180
165 181
165 329
165 367
165 486
165 520
165 653
165 692
165 831
165 833
165 999
166 293
166 336
166 447
166 549
166 783
166 948
167 196
167 198
167 260
167 336
167 367
167 594
167 633
167 682
167 886
168 321
168 537
168 735
168 776
168 816
168 985
168 989
168 995
169 259
169 272
169 279
169 282
169 395
169 576
169 633
169 695
169 770
169 781
169 877
170 177
170 182
170 231
170 284
170 328
170 367
170 482
170 501
170 509
170 616
170 677
170 685
170 780
170 952
171 379
171 442
171 470
171 586
171 694
171 698
171 700
172 316
172 390
172 447
172 534
172 655
172 777
172 834
172 932
172 996
173 280
173 284
173 348
173 429
173 458
173 467
173 622
173 657
173 714
173 814
173 910
173 926
174 203
174 558
174 617
174 793
174 838
174 866
174 921
174 970
174 992
175 246
175 248
175 283
175 305
175 585
175 810
176 208
176 296
176 328
176 406
176 444
176 563
176 594
176 719
176 832
176 860
176 961
177 209
177 303
177 457
177 650
177 731
177 799
177 810
177 880
178 329
178 341
178 347
178 628
178 688
178 762
178 862
178 909
178 918
178 931
179 206
179 311
179 679
179 878
179 930
179 943
180 495
180 621
180 669
180 886
180 913
181 196
181 405
181 423
181 599
181 615
181 760
181 780
182 216
182 507
182 551
182 575
182 595
182 649
182 661
182 775
182 952
183 241
183 413
183 441
183 537
183 561
183 648
184 263
184 500
184 506
184 555
184 602
184 670
184 734
184 817
184 899
184 947
185 272
185 283
185 348
185 396
185 740
185 892
185 961
186 310
186 464
186 524
186 582
186 680
186 742
186 947
187 373
187 380
187 476
187 493
187 645
187 762
187 766
187 840
187 934
187 987
188 190
188 344
188 509
188 549
188 659
188 774
188 857
188 934
188 974
189 194
189 227
189 263
189 467
189 673
189 732
189 900
190 252
190 521
190 576
190 841
190 842
190 927
190 969
190 975
191 401
191 512
191 602
191 626
191 753
192 219
192 283
192 342
192 369
192 492
192 768
192 957
192 997
193 606
193 662
193 704
193 949
194 462
194 560
194 577
194 578
194 602
194 645
194 696
194 724
194 993
195 282
195 302
195 311
195 354
195 380
195 412
195 438
195 513
195 668
195 828
195 830
196 329
196 332
196 372
196 572
196 879
197 257
197 372
197 492
197 641
197 728
197 925
198 216
198 254
198 292
198 353
198 357
198 555
198 673
198 765
198 919
198 950
198 964
199 203
199 206
199 349
199 381
199 563
199 666
199 701
199 729
199 809
199 980
200 618
200 706
201 210
201 281
201 293
201 394
201 442
201 461
201 463
201 779
201 796
201 805
201 855
202 238
202 278
202 404
202 407
202 603
202 626
202 839
203 303
203 322
203 540
203 727
203 952
203 994
204 246
204 427
204 479
204 502
204 506
204 667
205 248
205 365
205 567
205 610
205 688
205 735
205 782
205 789
205 846
206 329
206 367
206 440
206 647
206 741
206 783
206 902
207 401
207 460
207 512
207 557
207 784
207 850
207 860
207 910
207 922
207 925
208 736
208 841
208 915
208 927
208 979
209 361
209 387
209 695
209 751
209 818
210 238
210 314
210 423
210 478
210 573
210 650
210 677
210 982
210 989
211 241
211 280
211 380
211 394
211 420
211 432
211 701
211 991
212 573
212 720
212 731
212 781
212 952
213 407
213 421
213 525
213 604
213 620
213 655
213 724
214 255
214 392
214 453
214 965
215 626
215 754
215 758
215 812
215 819
216 248
216 278
216 308
216 531
216 565
216 619
216 683
216 721
216 777
216 890
217 382
217 606
217 621
217 646
217 658
217 804
217 973
218 254
218 718
218 954
218 989
219 222
219 307
219 446
219 474
219 686
219 739
219 746
219 921
219 968
219 993
220 286
220 583
220 663
220 701
220 749
220 908
220 934
220 963
220 972
221 325
221 399
221 617
221 690
221 735
221 822
221 845
221 899
221 948
221 974
222 270
222 298
222 306
222 516
222 542
222 639
222 717
222 797
222 826
222 926
222 978
223 294
223 350
223 382
223 469
223 601
223 645
223 700
223 742
223 807
223 871
223 913
224 350
224 446
224 648
224 651
224 714
224 792
224 907
224 984
225 511
225 583
225 736
225 778
225 887
225 937
225 964
225 980
226 436
226 461
226 505
226 553
226 574
226 829
227 277
227 325
227 464
227 588
227 593
227 682
227 697
227 710
227 881
227 906
227 943
227 953
228 356
228 649
228 810
228 839
228 873
229 494
229 639
229 679
229 746
229 750
229 778
230 255
230 285
230 388
230 700
230 802
230 842
231 241
231 359
231 496
231 506
231 800
231 805
231 897
232 542
232 599
232 730
232 800
232 819
232 824
232 866
233 342
233 603
233 951
233 967
234 327
234 651
234 723
234 926
235 461
235 503
235 605
235 647
235 920
235 987
236 370
236 436
236 487
236 664
236 692
237 282
237 299
237 308
237 310
237 406
237 555
237 713
237 764
238 528
238 575
238 733
238 811
238 894
239 287
239 418
239 555
239 761
239 944
240 242
240 388
240 427
240 545
240 681
240 737
240 812
240 864
241 249
241 280
241 425
241 486
241 740
241 863
242 357
242 411
242 420
242 438
242 634
242 652
242 879
243 264
243 316
243 556
243 568
243 646
243 666
243 696
243 719
243 753
243 806
244 264
244 413
244 536
244 745
244 778
245 335
245 350
245 361
245 409
245 483
245 491
245 759
245 799
245 850
245 854
245 855
245 972
246 860
246 970
246 975
247 413
247 417
247 422
247 474
247 593
247 682
247 953
247 986
248 257
248 293
248 622
248 765
248 864
248 961
248 993
249 280
249 282
249 288
249 341
249 403
249 644
249 756
249 858
250 316
250 466
250 482
250 835
250 941
250 976
251 367
251 615
251 690
251 817
251 847
252 346
252 418
252 517
252 524
252 548
252 620
252 676
252 852
252 861
252 986
253 392
253 614
253 656
253 773
253 784
253 896
253 908
253 964
254 481
255 313
255 330
255 343
255 364
255 387
255 460
255 570
255 573
255 851
255 915
255 956
255 961
256 272
256 297
256 483
256 485
256 667
256 671
257 306
257 408
257 420
257 614
257 634
257 812
257 893
257 991
257 993
258 350
258 417
258 443
258 470
258 534
258 961
259 332
259 453
259 532
259 890
259 915
259 930
259 979
260 561
260 746
260 837
260 885
260 911
260 916
260 935
261 357
261 368
261 467
261 561
261 575
261 623
261 637
261 708
261 957
262 391
262 425
262 442
262 517
262 535
262 821
262 851
263 279
263 331
263 432
263 457
263 495
263 502
263 559
263 573
263 670
263 794
264 356
264 479
264 560
264 565
264 686
264 847
264 882
264 976
264 977
264 989
265 366
265 440
265 710
266 385
266 579
266 678
266 827
267 313
267 521
267 540
267 552
267 689
267 756
267 793
267 901
268 290
268 321
268 331
268 402
268 733
268 860
268 954
268 969
268 986
269 309
269 369
269 440
269 467
269 709
269 751
269 779
269 780
269 875
270 290
270 292
270 300
270 364
270 383
270 590
270 611
270 636
270 689
270 813
270 820
270 942
271 369
271 432
271 642
271 766
271 960
271 987
272 289
272 573
272 640
272 707
272 764
272 864
272 874
272 990
273 340
273 364
273 365
273 816
273 854
273 943
274 373
274 377
274 401
274 524
274 553
274 732
274 746
274 769
274 778
274 936
275 461
275 467
275 498
275 541
275 544
275 686
275 751
275 910
275 953
276 391
276 394
276 468
276 485
276 632
276 748
276 942
276 946
277 400
277 448
277 601
277 651
277 753
277 997
278 394
278 471
278 610
278 668
278 725
278 831
278 904
278 981
279 282
279 312
279 403
279 514
279 616
279 953
280 298
280 339
280 343
280 695
280 774
280 978
281 302
281 474
281 616
281 772
281 824
281 885
282 333
282 360
282 491
282 597
282 599
282 647
282 669
282 715
282 721
282 742
283 444
283 507
283 533
283 622
283 696
283 727
283 817
283 986
284 332
284 335
284 402
284 424
284 527
284 589
284 688
284 722
284 998
285 338
285 452
285 526
285 571
285 725
285 766
285 824
285 905
285 986
286 401
286 439
286 452
286 463
286 602
286 633
286 705
286 773
287 341
287 483
287 659
287 683
288 332
288 414
288 674
288 722
289 315
289 467
289 517
289 606
289 819
289 980
289 994
289 997
290 352
290 462
290 630
290 910
290 940
290 950
290 973
291 397
291 506
291 509
291 746
291 824
292 365
292 465
292 670
292 690
292 765
292 852
292 892
292 936
293 298
293 326
293 583
293 598
293 821
293 884
294 379
294 399
294 447
294 503
294 510
294 639
294 911
294 937
294 948
295 324
295 367
295 727
295 750
295 812
295 946
296 525
296 743
296 749
296 787
296 832
297 301
297 306
297 392
297 519
297 546
297 643
297 709
297 807
297 859
297 970
298 583
298 599
298 601
298 625
298 821
299 345
299 436
299 633
299 825
299 961
300 446
300 456
300 527
300 807
300 984
301 845
301 899
302 308
302 343
302 436
302 526
302 759
303 381
303 421
303 541
303 551
303 572
303 606
303 636
303 670
303 793
303 814
303 821
303 856
303 952
303 954
304 348
304 413
304 525
304 615
304 650
304 899
304 920
304 991
305 321
305 437
305 626
305 633
305 698
305 726
305 744
305 816
305 877
305 881
305 889
305 906
306 327
306 351
306 429
306 517
306 530
306 592
306 672
306 863
306 901
307 348
307 392
307 464
307 490
307 693
307 731
307 837
307 848
308 606
308 619
308 649
308 736
309 384
309 630
309 675
310 314
310 492
310 653
310 743
310 825
310 832
310 974
310 999
311 366
311 393
311 424
311 518
311 539
311 618
311 634
311 693
311 735
311 808
311 809
311 839
311 999
312 462
312 855
313 496
313 506
313 552
313 913
314 352
314 406
314 467
314 495
314 602
314 654
314 781
314 868
314 945
314 970
315 624
315 655
315 709
315 804
315 833
315 908
316 435
316 472
316 532
316 556
316 607
316 810
317 530
317 597
317 943
318 382
318 440
318 484
318 866
318 904
319 430
319 448
319 456
319 483
319 524
319 593
319 614
319 717
319 758
319 943
319 975
320 344
320 479
320 544
320 562
320 620
320 741
320 774
321 363
321 623
321 962
322 362
322 505
322 572
322 797
322 882
322 902
322 925
323 347
323 538
323 774
323 839
323 869
323 878
323 983
324 352
324 435
324 470
324 662
324 698
324 723
324 819
324 949
325 548
325 810
325 968
326 374
326 444
326 461
326 705
326 799
326 849
326 967
326 999
327 367
327 505
327 522
327 537
327 730
327 767
327 771
327 880
328 469
328 481
328 570
328 659
328 735
328 834
329 424
329 588
329 861
329 969
329 993
330 369
330 470
330 520
330 522
330 629
330 637
330 763
330 890
330 902
330 952
331 757
331 807
331 859
331 933
332 348
332 401
332 450
332 708
332 726
332 783
332 953
333 576
333 932
334 390
334 670
335 622
335 648
335 690
335 691
335 723
335 779
335 783
335 802
335 840
335 864
335 882
336 576
336 654
336 687
336 747
336 932
337 450
337 893
337 920
337 939
338 479
338 507
338 556
338 647
338 732
338 824
339 420
339 583
339 599
339 761
339 770
339 788
339 904
340 371
340 422
340 535
340 581
340 875
341 654
341 707
341 714
341 717
341 850
341 853
342 388
342 431
342 468
342 651
342 757
343 534
343 543
343 587
343 651
343 675
343 694
343 702
343 750
343 862
343 882
343 905
343 930
343 976
343 986
344 394
344 437
344 699
344 908
345 513
345 711
345 983
345 991
346 365
346 370
346 452
346 533
346 563
346 625
346 809
347 469
347 470
347 544
347 570
347 699
347 725
347 941
347 990
348 371
348 385
348 390
348 426
348 428
348 477
348 495
348 638
348 719
348 813
348 963
349 399
349 429
349 446
349 558
349 691
349 766
350 360
350 625
350 695
350 702
350 707
350 975
351 368
351 390
351 731
351 934
351 987
352 354
352 401
352 467
352 542
352 586
352 691
352 692
352 791
352 806
352 834
352 850
352 922
353 371
353 411
353 568
353 607
353 861
353 927
354 599
354 622
354 649
354 814
354 842
354 918
355 372
355 405
355 426
355 455
355 547
355 713
355 903
356 365
356 520
356 531
356 749
356 766
357 677
357 707
357 824
357 834
357 966
358 360
358 442
358 511
358 620
358 674
358 686
358 743
358 829
358 858
358 896
358 903
358 922
358 965
358 981
359 367
359 400
359 909
359 936
359 952
359 959
359 976
360 469
360 545
360 629
360 684
360 708
361 427
361 483
361 704
361 826
361 831
361 919
361 927
361 991
362 400
362 402
362 445
362 548
362 615
362 694
362 704
362 801
362 805
362 851
362 876
363 418
363 524
363 568
363 762
363 942
363 975
364 472
364 528
364 728
364 913
365 444
365 466
365 469
365 550
365 607
365 666
365 787
365 825
365 926
366 373
366 443
366 478
366 566
366 750
366 755
366 904
366 963
367 437
367 443
367 456
367 465
367 608
367 712
367 721
367 886
367 889
367 954
368 383
368 604
368 609
368 838
368 843
368 897
368 908
369 446
369 745
370 416
370 698
370 825
370 832
370 837
370 849
371 494
371 506
371 594
371 690
371 830
371 927
371 936
372 662
372 717
373 426
373 495
373 567
373 573
373 718
373 805
373 880
374 467
374 501
374 532
374 543
374 564
374 633
374 794
374 801
374 923
374 972
375 410
375 668
375 733
375 782
376 423
376 559
376 574
376 752
376 854
376 956
376 962
377 508
377 533
377 587
377 784
377 838
377 849
377 888
377 927
378 669
378 837
378 902
378 904
378 987
378 998
379 446
379 472
379 493
379 575
379 738
379 791
379 924
380 418
380 509
380 536
380 553
380 750
380 934
381 440
381 609
381 697
381 849
381 942
381 977
382 419
382 466
382 527
382 601
382 633
382 643
382 697
382 719
382 790
382 846
383 464
383 521
383 558
383 562
383 703
383 704
383 879
384 485
384 628
384 933
385 448
385 508
385 509
385 586
385 600
385 619
385 744
385 771
385 882
386 541
386 544
386 707
386 751
386 823
386 876
387 529
387 585
387 612
387 624
387 771
387 802
387 855
387 878
387 930
388 389
388 490
388 524
388 665
388 791
388 916
389 409
389 625
389 689
389 801
389 899
389 925
389 943
390 605
390 623
390 679
390 723
390 764
390 827
390 905
391 525
391 663
391 755
392 580
392 587
392 624
392 901
392 914
392 936
392 942
393 765
393 980
394 535
394 606
394 636
394 833
394 895
394 980
395 458
395 573
395 580
395 619
395 668
395 673
395 804
395 839
395 893
395 909
396 397
396 476
396 528
396 634
396 719
396 761
396 806
396 927
396 986
397 665
397 705
397 761
397 769
397 791
398 489
398 617
398 788
399 561
399 693
399 701
399 756
399 961
399 969
399 988
400 521
400 657
401 423
401 483
401 494
401 598
401 616
401 811
401 890
401 981
402 715
402 716
402 745
402 814
403 931
404 560
404 694
404 814
404 900
404 980
405 442
405 495
405 510
405 523
405 648
405 653
405 795
405 886
406 489
406 836
406 903
407 455
407 541
407 631
407 743
408 413
408 647
408 723
408 756
409 619
409 736
409 813
409 824
409 961
409 995
410 476
410 658
411 509
411 666
411 705
411 909
411 950
412 498
412 527
412 621
412 790
412 910
412 967
413 415
413 590
413 628
413 665
413 729
413 746
413 967
414 523
414 585
414 684
414 721
415 425
415 540
415 546
415 596
415 740
415 775
415 966
416 456
416 523
416 548
416 610
416 618
416 912
416 916
416 997
417 499
417 844
417 967
418 529
418 537
418 582
418 609
418 616
418 789
418 838
418 888
418 889
418 922
418 943
419 478
419 746
419 844
419 891
419 901
419 981
420 464
420 497
420 634
420 700
420 968
421 797
421 969
422 603
422 636
422 806
422 907
422 956
423 547
423 557
423 601
423 709
423 739
423 753
423 886
423 992
424 489
424 601
424 715
424 774
424 821
424 856
424 890
424 986
424 996
425 472
425 482
425 528
425 633
425 692
425 734
425 866
425 961
425 978
426 550
426 555
426 620
426 670
426 751
426 831
426 837
426 853
426 858
426 937
427 493
427 558
427 641
427 659
427 672
427 693
427 699
427 744
427 927
427 954
428 430
428 537
428 565
428 720
428 743
428 804
428 812
428 850
428 872
428 927
428 932
429 437
429 464
429 482
429 491
429 493
429 534
429 621
429 634
429 635
429 639
429 741
429 862
429 988
430 772
430 782
430 894
430 955
431 776
431 935
432 568
432 850
433 438
433 466
433 501
433 553
433 722
433 780
433 836
433 876
434 501
434 708
434 816
434 886
434 962
435 509
435 519
435 532
435 570
435 632
435 906
435 917
435 991
436 453
436 644
436 823
436 918
436 979
436 990
437 444
437 482
437 484
437 523
437 576
437 588
437 668
437 834
437 955
438 683
438 758
438 854
438 928
439 456
439 472
439 489
439 497
439 514
439 601
439 683
439 702
439 773
439 803
439 824
439 839
439 900
440 476
440 597
440 716
440 738
440 902
441 458
441 476
441 478
441 581
441 853
441 856
442 480
442 641
442 807
442 834
443 463
443 484
443 490
443 524
443 641
443 781
443 861
443 868
443 901
443 912
443 971
444 680
445 711
445 751
445 826
445 917
445 942
446 447
446 529
446 628
446 719
447 634
447 677
447 715
447 784
447 894
447 931
448 467
448 679
448 687
448 699
448 770
448 786
448 876
449 537
449 555
449 579
449 604
449 754
449 852
449 854
449 871
450 494
450 605
450 911
450 913
451 471
451 575
451 641
451 645
451 655
451 749
451 834
452 557
452 639
452 703
452 776
452 822
452 855
452 893
452 921
453 581
453 592
453 605
453 626
453 697
453 949
454 484
454 606
454 659
454 788
454 820
454 845
455 482
455 515
455 778
456 508
456 527
456 653
456 678
456 776
456 793
457 529
457 740
457 786
458 529
458 541
458 559
458 696
458 834
459 611
459 631
459 782
459 790
459 875
460 535
460 603
460 734
460 937
461 473
461 503
461 594
461 616
461 660
461 695
461 721
461 823
461 865
462 631
463 773
463 818
463 879
464 539
464 585
464 589
464 790
464 964
465 595
465 801
466 471
466 658
466 677
466 685
466 827
466 948
466 962
467 579
467 590
467 672
467 971
468 469
468 498
468 580
468 616
468 635
468 659
468 839
469 509
469 854
470 565
470 671
470 778
470 856
470 874
470 911
471 490
471 786
471 860
471 933
471 934
472 541
472 784
473 611
473 621
474 607
474 631
474 674
474 779
475 570
475 680
475 920
475 987
476 525
476 930
476 934
477 975
477 980
478 541
478 657
478 778
478 823
478 965
478 991
479 516
479 550
479 577
479 651
479 812
479 858
480 483
480 489
480 529
480 557
480 576
480 582
480 688
480 729
480 733
480 865
480 870
481 485
481 501
481 871
481 934
482 559
482 631
482 667
482 874
483 576
483 614
483 784
483 939
484 509
484 594
484 634
484 667
484 713
484 752
484 795
484 923
484 959
484 974
485 559
485 660
485 682
485 797
485 859
486 514
486 579
486 816
486 873
486 998
487 499
487 622
487 669
487 731
487 861
487 984
488 575
488 659
488 683
488 808
488 829
488 900
488 968
489 527
489 803
489 846
490 517
490 665
490 744
490 766
490 821
490 857
490 969
490 973
491 754
491 780
491 862
491 933
492 574
492 788
492 883
492 966
493 551
493 596
493 700
493 769
493 798
494 496
494 520
494 547
494 872
494 950
495 640
495 756
495 926
496 637
496 693
496 872
497 513
497 560
497 630
497 921
497 993
498 923
498 948
499 553
499 562
499 789
499 805
500 566
500 588
500 616
500 703
500 830
500 925
501 526
501 628
501 657
501 660
501 874
501 939
501 984
502 652
502 775
502 872
502 976
503 631
503 742
503 822
504 524
504 538
504 588
504 732
504 788
504 919
504 980
505 566
505 631
505 924
505 944
505 946
506 576
506 577
506 671
506 792
506 923
506 975
507 743
507 753
507 795
507 904
507 988
508 526
508 582
508 651
508 686
508 761
508 806
509 769
509 801
509 948
510 512
510 798
510 925
510 928
511 605
511 613
511 714
512 558
512 584
512 719
512 974
513 527
513 622
513 665
513 706
513 798
513 858
513 902
514 667
514 668
514 700
514 751
515 526
515 644
515 650
515 697
515 768
515 812
515 822
515 833
515 918
515 989
516 889
517 610
517 797
517 828
518 810
518 826
518 858
519 747
519 831
519 868
519 981
520 530
520 805
520 831
520 878
520 904
521 524
521 648
521 721
521 794
521 831
522 552
522 594
522 603
522 877
523 815
524 748
524 826
525 538
525 605
525 617
525 643
525 822
525 833
525 951
525 971
526 643
526 731
526 782
526 876
527 674
527 722
527 894
528 529
528 537
528 584
528 617
528 716
529 531
529 559
529 786
529 805
529 847
529 869
529 879
529 921
529 959
530 631
530 694
530 717
530 834
530 989
532 740
532 805
532 815
532 925
533 708
533 772
533 780
533 783
533 893
533 992
534 627
534 794
534 863
534 939
534 940
535 651
535 683
535 714
535 771
535 877
535 891
536 552
536 787
536 910
536 937
537 906
538 618
538 621
538 723
538 820
538 836
539 562
539 630
539 758
539 821
540 629
540 663
540 675
540 799
540 819
540 882
540 950
541 544
541 622
541 776
541 799
541 836
541 899
542 627
542 743
542 778
542 795
542 847
542 851
542 921
543 565
543 855
544 638
544 726
544 814
544 846
544 928
544 931
545 588
545 597
545 751
545 759
545 844
546 749
546 887
547 620
547 732
547 734
547 737
547 741
547 790
547 794
547 796
547 819
547 980
548 824
548 887
549 923
550 576
550 653
550 944
551 587
551 794
552 630
552 778
552 946
552 968
552 981
553 680
553 682
553 695
553 899
554 631
554 740
555 572
555 775
555 955
555 958
555 972
556 631
556 638
556 644
556 699
556 788
556 854
556 931
556 942
557 661
557 845
557 847
557 902
558 838
558 986
559 667
559 857
559 860
559 982
560 579
560 598
560 636
560 859
561 737
561 764
561 805
561 847
561 939
562 564
562 707
562 907
563 643
563 846
563 910
563 993
564 589
565 626
565 642
565 703
565 785
565 848
565 950
566 570
566 939
566 951
567 622
567 682
567 765
567 846
567 851
567 868
567 892
567 940
567 971
567 989
568 618
568 664
568 773
568 788
568 832
568 993
569 573
569 620
570 573
570 619
570 764
571 620
571 840
571 849
571 890
572 581
572 616
572 635
572 781
572 788
572 937
573 647
573 662
573 722
573 979
574 594
574 696
574 700
574 761
574 789
574 960
574 986
575 619
575 742
575 897
575 899
576 647
576 651
576 991
577 733
577 736
577 863
577 873
577 969
578 582
578 593
578 776
578 862
579 607
579 623
579 863
580 799
580 812
580 854
580 908
581 590
582 618
582 650
582 687
582 788
582 800
582 866
583 778
583 921
583 972
584 590
584 831
585 601
585 843
585 917
586 738
586 873
586 966
587 653
587 701
587 719
587 786
587 933
587 948
588 662
588 731
588 742
588 749
588 759
588 881
588 929
588 999
589 644
589 712
589 840
589 926
590 647
590 700
590 736
590 863
591 637
591 688
591 692
591 909
591 973
592 606
592 727
592 868
592 910
593 617
593 890
594 878
595 814
595 889
595 919
596 626
596 689
597 658
597 720
597 756
598 693
598 944
599 697
599 736
599 866
599 877
600 630
600 699
600 824
600 954
600 972
601 677
601 718
601 777
601 785
601 990
602 663
603 692
603 899
603 945
603 975
604 651
604 678
604 699
604 829
605 618
605 747
605 796
606 617
606 669
606 772
607 621
607 683
607 747
607 772
607 918
607 961
608 662
608 820
608 901
609 764
609 838
610 692
610 812
610 844
610 853
611 829
611 836
611 920
611 931
612 628
612 647
612 718
612 792
612 943
613 757
613 791
613 852
613 986
613 990
614 672
614 697
614 727
614 876
614 883
615 805
616 663
616 893
616 989
617 724
617 870
617 879
617 911
619 765
619 796
619 818
619 946
620 649
620 746
620 938
620 960
621 706
621 715
622 653
622 782
622 873
622 889
622 910
622 940
622 941
623 654
623 672
623 988
624 766
624 783
624 883
624 886
624 943
625 650
625 707
625 723
625 746
625 752
625 986
626 726
626 864
626 879
626 887
627 693
627 781
627 793
627 869
627 974
628 639
628 667
628 824
628 892
628 919
628 960
629 838
630 636
631 701
631 746
631 789
631 790
631 908
631 951
631 990
632 696
632 721
632 790
632 823
632 922
632 983
633 657
633 934
634 906
634 951
634 994
635 740
635 746
635 808
635 960
635 969
636 793
636 882
636 958
636 960
636 988
636 994
637 644
637 915
638 672
638 680
638 709
638 768
638 956
639 746
639 839
639 860
639 866
639 894
640 753
640 758
640 906
640 968
641 734
641 994
642 679
642 994
643 661
643 730
643 837
644 696
645 820
646 746
646 974
647 732
647 888
647 948
648 742
648 771
648 814
648 840
649 803
650 672
650 740
650 948
650 973
651 671
651 751
651 823
651 875
652 710
652 717
652 720
652 730
652 888
652 891
652 965
652 982
653 873
653 984
654 779
654 932
654 937
654 990
655 662
656 707
656 740
656 743
656 986
656 994
657 675
657 860
657 917
657 966
658 761
658 787
658 800
659 989
660 789
661 766
661 795
662 679
662 762
662 842
662 906
664 667
664 693
664 787
664 809
664 823
664 865
664 916
665 736
665 762
665 795
665 898
666 705
666 715
666 957
667 684
667 794
667 796
667 939
668 812
669 733
669 813
669 867
669 912
669 972
669 993
670 672
670 778
670 784
670 813
670 887
671 733
671 839
671 952
671 995
672 832
672 877
672 927
672 944
673 748
673 843
674 861
675 765
676 785
676 805
676 810
677 785
677 807
677 956
678 944
679 682
679 926
681 838
681 884
682 691
683 752
683 866
683 879
684 863
684 927
685 798
685 826
685 869
686 843
686 932
686 985
687 782
687 835
687 899
688 809
688 976
689 813
690 726
690 862
690 921
691 791
691 857
691 891
692 703
692 999
694 708
694 718
694 761
694 847
694 857
694 915
695 751
695 815
695 842
695 868
695 895
695 898
695 996
696 747
696 857
696 989
697 747
697 810
697 898
697 981
698 761
698 814
698 827
698 903
699 752
699 753
699 797
699 919
701 813
702 725
702 755
702 801
702 891
702 899
703 873
703 929
703 934
704 780
704 858
704 869
704 895
705 844
705 859
705 868
705 874
705 886
705 887
706 946
707 738
707 789
707 822
707 844
707 953
708 711
708 714
708 752
708 768
708 841
708 889
708 991
709 795
709 902
710 774
710 830
711 742
712 798
712 847
712 876
712 885
712 963
712 978
712 990
713 717
713 849
714 737
714 932
714 934
714 974
715 829
715 867
715 927
715 957
716 838
716 864
717 928
717 951
718 849
718 892
718 982
718 989
719 788
719 830
720 829
720 941
720 955
720 978
721 851
721 873
721 977
722 767
722 796
722 823
722 885
723 875
723 988
724 779
724 859
724 926
725 748
725 810
725 811
725 816
725 890
725 914
725 963
726 736
726 754
726 845
727 861
727 878
728 839
728 888
728 964
728 966
730 951
730 952
730 966
731 740
731 792
731 904
732 750
732 901
732 937
733 799
733 817
733 895
733 957
733 980
734 743
735 784
735 814
735 847
735 924
735 981
736 951
736 977
737 742
737 815
737 816
737 888
738 853
738 856
738 888
739 961
739 984
740 938
740 970
740 994
741 803
741 882
742 829
742 963
742 964
742 994
743 779
743 803
743 847
743 969
744 806
744 900
745 868
745 928
746 794
746 852
746 873
747 902
747 925
748 940
748 968
748 979
749 931
749 985
750 929
750 944
751 930
752 925
752 953
753 795
753 834
753 976
753 983
754 857
756 785
756 830
756 898
756 989
757 996
758 840
758 864
758 904
758 982
759 845
759 859
759 893
760 888
760 986
762 802
763 817
763 980
763 997
764 933
764 958
764 996
765 928
765 936
765 952
766 780
766 865
766 911
766 945
767 797
767 807
767 981
768 777
768 814
768 845
768 907
768 913
768 965
769 928
770 785
770 870
770 935
771 984
772 831
772 843
772 896
772 938
773 944
774 894
775 818
776 835
777 780
777 842
777 930
778 970
779 851
779 900
779 976
780 810
780 886
780 933
780 986
780 995
781 859
781 921
781 964
782 937
782 963
783 795
783 812
783 878
783 925
784 858
784 912
784 994
785 970
787 950
788 827
788 853
788 855
788 866
788 907
789 815
789 942
789 966
790 893
790 957
791 867
791 873
791 893
791 982
792 977
794 880
795 923
795 928
795 949
795 983
795 993
797 859
798 900
799 801
799 850
799 905
800 951
801 828
801 853
801 883
801 927
801 972
802 804
803 947
803 991
804 858
805 817
805 838
805 920
805 935
806 835
806 920
807 848
808 851
808 868
808 984
809 836
809 867
809 968
810 832
811 823
811 974
812 837
812 903
812 934
815 898
817 875
817 905
817 975
817 991
818 943
819 956
819 993
820 956
820 998
821 870
821 992
822 830
822 876
823 864
823 928
823 931
823 939
826 944
827 836
827 948
828 906
828 942
828 976
829 976
830 879
830 961
831 897
832 933
833 839
833 939
835 839
835 879
835 935
835 950
836 857
836 949
836 978
837 905
837 987
838 975
839 886
839 889
839 935
840 858
841 983
842 900
842 963
843 934
844 860
846 861
846 936
849 908
850 858
851 854
851 996
852 875
852 970
853 893
853 912
854 878
854 948
855 872
855 875
856 873
856 898
858 939
858 967
858 969
858 999
860 916
860 949
861 951
861 977
863 897
863 944
863 947
863 956
863 965
863 995
863 999
864 889
865 876
865 980
866 951
867 999
868 954
869 920
869 995
870 928
871 877
871 970
871 995
874 909
874 997
875 878
876 938
878 980
878 999
881 888
883 930
883 939
883 988
884 923
887 894
888 901
890 917
890 956
890 980
891 934
892 919
893 898
893 934
893 970
894 933
895 948
897 939
898 972
901 975
901 989
902 904
903 935
904 981
905 976
906 988
907 973
908 949
909 920
909 923
911 947
912 975
913 919
913 967
914 977
919 946
919 984
920 958
921 937
921 999
922 958
922 998
924 967
925 966
925 971
926 969
926 977
929 946
930 957
931 935
931 999
932 973
934 977
935 975
935 976
938 961
938 971
942 944
942 959
943 988
944 969
945 966
945 980
946 991
947 975
948 962
950 957
962 969
963 967
963 984
968 996
974 981
0
10 999
