1000	4973	 1
0 170
0 297
0 362
0 483
0 562
0 662
0 974
1 11
1 326
1 525
1 573
1 619
1 659
2 248
2 349
2 356
2 425
2 447
2 535
2 622
2 680
2 811
2 860
3 114
3 118
3 330
3 784
3 894
3 916
3 925
3 938
3 984
4 39
4 191
4 198
4 400
4 424
4 516
4 607
4 828
4 853
4 968
5 96
5 115
5 120
5 133
5 235
5 369
5 413
5 502
5 507
5 550
5 672
5 731
5 837
5 964
6 106
6 281
6 388
6 517
6 547
6 768
6 797
6 969
7 25
7 393
7 417
7 438
7 496
7 526
7 696
7 750
7 810
7 866
7 944
8 23
8 56
8 78
8 153
8 289
8 324
8 354
8 529
8 565
8 574
8 716
8 848
9 62
9 329
9 602
9 734
9 941
10 49
10 162
10 165
10 218
10 347
10 434
10 451
10 559
10 744
10 752
10 802
10 853
11 125
11 450
11 528
11 586
11 667
11 959
11 974
11 980
12 251
12 324
12 433
12 490
12 646
12 729
12 756
12 760
12 926
12 980
13 85
13 142
13 167
13 272
13 281
13 376
13 406
13 534
13 750
13 789
13 833
13 912
13 946
13 972
14 145
14 319
14 352
14 398
14 512
14 518
14 700
14 706
14 739
14 784
14 794
14 818
14 949
15 175
15 224
15 317
15 440
15 598
15 723
15 754
15 813
15 877
15 931
16 158
16 344
16 502
16 575
16 612
16 648
16 665
16 972
17 312
17 340
17 409
17 590
17 779
17 816
17 843
18 92
18 130
18 275
18 355
18 393
18 680
18 723
18 725
18 822
18 830
18 973
19 85
19 158
19 232
19 242
19 248
19 393
19 421
19 485
19 572
19 606
19 832
19 853
19 855
19 874
19 885
19 900
19 981
19 994
20 132
20 137
20 399
20 440
20 506
20 530
20 561
20 611
20 932
21 310
21 435
21 528
21 638
21 712
21 768
21 845
22 170
22 227
22 661
22 720
22 824
22 846
22 921
23 72
23 295
23 327
23 330
23 412
23 424
23 450
23 538
23 584
23 838
23 973
23 999
24 78
24 107
24 155
24 177
24 396
24 404
24 439
24 451
24 490
24 609
24 694
24 768
24 796
24 940
24 987
25 58
25 157
25 387
25 563
25 629
25 764
25 923
25 935
25 949
26 67
26 131
26 134
26 205
26 299
26 332
26 373
26 440
26 468
26 692
26 711
26 872
26 881
26 891
26 926
27 163
27 261
27 334
27 351
27 466
27 494
27 501
27 606
27 640
27 712
27 851
27 921
28 74
28 77
28 134
28 237
28 308
28 432
28 520
28 593
29 40
29 386
29 483
29 513
29 774
29 872
30 44
30 107
30 117
30 221
30 224
30 284
30 328
30 338
30 381
30 411
30 431
30 433
30 446
30 500
30 519
30 525
30 661
30 999
31 80
31 97
31 149
31 231
31 246
31 259
31 434
31 465
31 525
31 910
31 936
31 968
31 974
32 60
32 112
32 118
32 167
32 327
32 579
32 792
32 841
32 945
33 256
33 323
33 466
33 476
33 658
33 908
34 100
34 312
34 397
34 571
34 622
34 709
34 822
34 873
35 180
35 360
35 547
35 581
35 771
35 802
35 995
36 100
36 152
36 262
36 342
36 392
36 547
36 697
36 744
36 853
37 257
37 364
37 468
37 622
37 642
37 912
38 146
38 163
38 370
38 384
38 428
38 641
39 106
39 550
39 565
39 739
39 793
39 878
40 41
40 97
40 198
40 390
40 423
40 426
40 640
40 736
40 808
40 844
40 868
41 172
41 429
41 481
41 598
41 648
41 806
41 825
42 102
42 126
42 136
42 460
42 499
42 514
42 590
42 594
42 994
43 150
43 171
43 225
43 299
43 377
43 625
43 789
43 857
43 873
43 949
43 959
43 985
44 207
44 302
44 326
44 337
44 356
44 538
44 563
44 569
44 636
45 84
45 92
45 148
45 330
45 517
45 666
45 736
45 743
45 804
45 912
46 94
46 744
46 890
46 899
46 935
47 188
47 283
47 294
47 315
47 420
47 485
47 534
47 594
47 632
48 257
48 315
48 380
48 398
48 471
48 505
48 596
48 727
49 130
49 168
49 227
49 246
49 324
49 344
49 381
49 386
49 426
49 555
49 638
49 728
49 748
49 813
50 503
50 565
50 879
50 910
50 944
51 156
51 241
51 257
51 324
51 452
51 476
51 537
51 575
51 630
51 837
51 871
51 921
51 991
52 99
52 387
52 458
52 679
52 775
52 810
52 849
53 100
53 115
53 318
53 425
53 464
53 503
53 537
53 678
53 690
53 748
53 778
53 968
54 82
54 411
54 469
54 585
54 630
54 756
54 797
54 820
54 823
54 892
55 199
55 299
55 669
55 790
55 847
55 906
55 957
56 127
56 171
56 495
56 503
56 531
56 575
56 754
56 774
56 853
56 880
56 908
57 105
57 395
57 501
57 690
57 890
57 963
58 70
58 248
58 428
58 452
58 478
58 544
58 558
58 719
58 794
58 815
58 899
58 906
58 992
59 65
59 97
59 134
59 244
59 270
59 325
59 390
59 404
59 438
59 562
59 577
59 673
59 703
59 924
59 972
60 79
60 121
60 134
60 407
60 538
60 813
60 931
61 102
61 210
61 327
61 611
61 630
61 696
61 887
61 901
62 63
62 111
62 235
62 248
62 267
62 334
62 349
62 458
62 516
62 524
62 822
62 939
62 949
62 996
63 214
63 262
63 372
63 443
63 477
63 497
63 570
63 606
63 675
63 785
64 99
64 219
64 363
64 385
64 466
64 530
64 583
64 602
64 635
64 923
65 134
65 219
65 484
65 512
65 716
65 953
66 289
66 295
66 502
66 722
66 772
66 960
67 130
67 231
67 620
67 709
67 785
67 919
67 992
68 190
68 402
68 551
68 607
68 714
68 799
68 849
68 887
69 75
69 173
69 241
69 253
69 282
69 292
69 501
69 761
69 797
69 892
70 154
70 197
70 286
70 304
70 391
70 405
70 438
70 616
70 618
70 632
70 748
70 759
70 762
70 826
71 120
71 275
71 355
71 389
71 402
71 548
71 581
71 613
71 757
71 868
71 918
71 986
72 482
72 498
72 544
72 585
72 622
72 703
72 765
72 923
72 996
73 110
73 522
73 542
73 628
73 678
73 770
73 813
73 818
73 860
73 923
74 118
74 148
74 694
74 940
75 279
75 305
75 382
75 389
75 434
75 688
75 711
75 715
75 755
76 113
76 255
76 352
76 531
76 640
76 648
76 814
76 858
76 884
76 894
76 960
76 997
76 999
77 79
77 354
77 454
77 473
77 490
77 773
77 775
78 153
78 181
78 282
78 736
78 821
79 120
79 144
79 202
79 331
79 344
79 345
79 477
79 523
79 823
79 869
79 894
79 906
80 88
80 143
80 145
80 196
80 217
80 754
80 956
81 101
81 161
81 261
81 449
81 453
81 508
81 575
81 615
81 708
81 799
82 189
82 194
82 199
82 499
82 523
82 526
82 549
82 602
82 745
83 85
83 140
83 210
83 291
83 382
83 518
83 598
84 94
84 111
84 139
84 203
84 207
84 350
84 361
84 394
84 707
84 729
84 788
84 964
84 973
85 189
85 460
85 468
85 697
85 826
85 877
85 909
85 929
86 87
86 324
86 428
86 503
86 564
86 668
86 792
86 798
86 829
86 835
86 863
86 943
87 196
87 219
87 350
87 494
87 501
87 507
87 594
87 661
87 716
87 761
87 841
87 900
87 934
88 130
88 242
88 247
88 303
88 309
88 412
88 430
88 481
88 495
88 511
88 598
88 631
88 702
88 893
89 101
89 192
89 299
89 565
89 715
89 742
89 946
90 159
90 397
90 409
90 589
90 699
90 807
90 882
90 884
90 889
90 922
91 185
91 606
91 754
91 808
91 869
91 889
91 951
91 991
92 540
92 576
92 596
92 630
92 973
93 136
93 179
93 185
93 268
93 507
93 541
93 732
93 845
94 104
94 307
94 347
94 388
94 433
94 732
94 745
94 837
95 133
95 335
95 387
95 404
95 673
95 908
95 922
95 943
96 286
96 572
96 628
96 675
96 872
96 936
96 943
97 98
97 155
97 445
97 761
98 277
98 390
98 403
98 479
98 504
98 688
98 790
99 152
99 338
99 390
99 544
99 937
99 945
99 977
100 131
100 143
100 344
100 354
100 557
100 679
100 843
101 261
101 342
101 585
101 635
101 736
101 785
101 942
102 119
102 142
102 176
102 214
102 317
102 324
102 534
102 535
102 657
102 751
102 767
102 880
102 894
103 323
103 325
103 378
103 780
103 882
103 923
104 205
104 234
104 262
104 274
104 354
104 357
104 365
104 379
104 520
104 604
104 623
105 145
105 201
105 222
105 236
105 428
105 453
105 498
105 546
105 633
105 794
105 961
106 218
106 269
106 301
106 355
106 603
106 641
107 109
107 196
107 437
107 453
107 525
107 601
107 606
107 864
107 935
108 153
108 175
108 322
108 546
108 610
108 713
108 919
109 182
109 412
109 565
109 868
109 897
109 977
110 117
110 245
110 279
110 409
110 415
110 442
110 676
110 787
111 153
111 233
111 269
111 368
111 451
111 473
111 526
111 607
111 678
111 798
111 929
112 166
112 194
112 203
112 243
112 245
112 561
112 583
112 691
112 750
112 759
112 788
112 947
112 990
113 400
113 469
113 569
113 573
113 611
113 648
113 666
113 681
113 708
113 766
113 773
113 779
114 297
114 345
114 720
114 995
115 206
115 264
115 368
115 509
115 671
115 728
115 919
115 974
116 159
116 383
116 408
116 434
116 455
116 728
116 910
116 963
116 971
117 336
117 366
117 490
117 582
117 605
117 750
117 917
117 924
118 276
118 292
118 730
118 889
119 153
119 211
119 270
119 393
119 660
119 691
119 853
119 964
120 194
120 308
120 317
120 324
120 371
120 470
120 505
120 517
120 546
120 610
120 633
120 715
120 802
120 871
121 193
121 197
121 228
121 628
121 703
121 759
122 138
122 143
122 203
122 415
122 606
122 943
122 948
123 376
123 440
123 445
123 705
123 741
123 986
124 125
124 257
124 263
124 335
124 575
124 691
124 925
125 248
125 441
125 519
125 592
125 619
125 629
125 669
125 704
125 736
125 767
125 956
125 966
126 218
126 293
126 392
126 403
126 573
126 854
127 260
127 304
127 341
127 437
127 457
127 486
127 642
127 649
127 693
127 805
127 900
128 374
128 715
128 786
128 791
128 820
128 901
129 221
129 393
129 588
129 617
129 861
129 889
129 891
129 903
130 214
130 286
130 376
130 800
130 835
130 919
131 134
131 180
131 216
131 221
131 302
131 391
131 402
131 416
131 456
131 686
131 762
131 875
132 261
132 262
132 266
132 305
132 403
132 410
132 537
132 553
132 579
132 583
132 586
132 803
132 833
132 925
133 212
133 394
133 408
133 875
133 973
133 983
134 389
134 582
134 608
134 683
134 937
135 179
135 299
135 373
135 489
135 655
135 776
135 873
136 319
136 371
136 376
136 420
136 460
136 477
136 550
136 624
136 685
136 768
136 838
137 230
137 318
137 413
137 481
137 566
137 576
137 639
137 658
137 719
137 915
137 937
137 963
138 232
138 275
138 333
138 374
138 406
138 448
138 630
138 639
138 660
138 705
138 865
138 976
139 173
139 250
139 282
139 371
139 415
139 436
139 550
139 561
139 631
139 652
139 683
139 686
139 758
139 797
140 179
140 183
140 225
140 292
140 485
140 544
140 592
140 727
140 809
140 863
140 936
140 993
141 392
141 578
141 622
141 660
141 722
141 809
141 855
142 183
142 237
142 302
142 379
142 395
142 707
142 897
143 180
143 284
143 663
143 832
143 961
144 297
144 325
145 226
145 506
145 582
145 595
145 642
145 662
145 672
145 851
146 202
146 329
146 406
146 467
146 582
146 756
146 793
146 901
146 974
147 182
147 233
147 243
147 400
147 561
147 734
147 820
147 917
148 239
148 400
148 578
148 745
148 764
148 790
148 856
149 357
149 462
149 548
149 680
149 878
150 169
150 319
150 361
150 586
150 894
150 920
151 181
151 327
151 337
151 446
151 477
151 501
151 569
151 587
151 600
151 652
151 759
152 719
152 886
153 156
153 170
153 181
153 259
153 351
153 478
153 515
153 646
153 719
153 766
153 795
153 905
154 172
154 209
154 466
154 495
154 530
154 542
154 566
154 757
154 867
155 239
155 265
155 330
155 507
155 520
155 803
155 863
155 948
155 960
156 189
156 202
156 381
156 430
156 469
156 470
156 544
156 656
156 687
156 833
156 961
157 368
157 697
157 718
157 938
157 947
157 970
158 193
158 531
158 768
159 256
159 263
159 448
159 564
159 777
159 864
159 895
159 921
160 391
160 510
160 526
160 577
160 894
160 952
161 281
161 303
161 419
161 462
161 538
161 568
161 613
161 680
161 720
161 722
161 840
161 980
162 203
162 258
162 285
162 741
162 802
162 857
162 915
162 933
163 274
163 290
163 430
163 442
163 465
163 471
163 796
163 804
163 916
163 929
163 956
164 223
164 261
164 291
164 489
164 609
164 692
164 694
164 934
165 189
165 238
165 542
165 555
165 683
165 695
165 828
165 961
166 258
166 325
166 893
166 924
166 952
167 211
167 237
167 260
167 608
167 613
167 679
167 895
168 340
168 417
168 480
168 500
168 531
168 569
168 571
168 749
168 899
168 935
168 971
169 207
169 279
169 330
169 419
169 426
169 443
169 609
169 650
169 840
169 920
170 266
170 684
170 739
170 772
170 801
170 833
170 891
170 934
170 997
171 226
171 308
171 654
171 723
171 756
171 760
171 788
171 808
171 956
172 184
172 185
172 241
172 378
172 390
172 391
172 399
172 822
173 191
173 581
173 588
173 787
173 873
173 891
173 928
174 202
174 409
174 558
174 582
174 626
174 701
174 859
174 873
174 880
175 204
175 414
175 525
175 613
175 664
175 669
175 728
175 823
175 990
176 267
176 302
176 307
176 316
176 405
176 422
176 466
176 631
176 683
177 250
177 307
177 480
177 541
177 612
177 688
177 692
177 725
177 783
178 221
178 224
178 245
178 274
178 288
178 443
178 490
178 493
178 510
178 608
178 637
178 791
178 843
178 937
178 990
178 997
179 232
179 510
179 515
179 553
179 678
179 693
179 785
179 947
180 276
180 427
180 534
180 674
180 882
180 988
181 262
181 553
181 580
181 585
181 615
181 716
182 358
182 401
182 502
182 503
182 563
182 575
182 690
182 706
182 809
182 882
182 905
183 436
183 534
183 700
183 759
183 851
183 958
184 200
184 207
184 281
184 546
184 554
184 603
184 617
184 627
184 788
184 846
185 283
185 765
186 205
186 310
186 542
186 550
186 556
186 688
186 697
186 783
186 854
186 985
187 214
187 268
187 427
187 796
187 857
187 895
187 974
187 995
188 257
188 455
188 614
188 644
188 656
188 806
188 984
188 996
189 293
189 337
189 389
189 451
189 495
189 586
189 627
189 663
189 675
189 678
189 738
189 816
189 872
189 926
189 962
189 971
190 205
190 253
190 265
190 306
190 373
190 807
190 894
190 899
191 399
191 474
191 621
191 663
191 686
191 751
191 789
191 812
191 839
191 896
192 199
192 366
192 428
192 588
192 659
192 757
192 856
192 976
193 300
193 460
193 745
194 227
194 388
194 531
194 627
194 693
194 745
194 867
194 891
195 203
195 224
195 240
195 297
195 337
195 536
195 542
195 901
195 987
196 204
196 586
197 480
197 500
197 554
197 562
197 665
197 743
197 845
197 884
197 968
198 242
198 386
198 390
198 432
198 557
198 607
198 726
198 760
198 774
198 783
199 482
199 507
199 534
199 657
199 764
199 792
199 882
199 985
200 297
200 312
200 339
200 396
200 410
200 510
200 625
200 674
200 691
200 736
200 772
200 936
201 317
201 627
201 656
201 662
201 676
201 739
202 252
202 388
202 945
203 323
203 492
203 519
203 571
203 609
203 736
203 784
203 805
203 856
203 877
203 911
203 919
203 962
204 325
204 534
204 626
204 873
205 335
205 522
205 564
205 606
205 607
205 776
205 815
205 916
206 246
206 260
206 290
206 295
206 404
206 429
206 473
206 520
206 534
206 695
206 819
206 943
207 221
207 322
207 378
207 468
207 560
207 982
208 247
208 288
208 357
208 383
208 398
208 558
208 965
208 972
209 781
209 866
209 980
210 284
210 373
210 670
210 777
210 822
210 841
210 864
210 898
210 965
211 221
211 271
211 294
211 364
211 409
211 582
211 661
211 694
211 821
212 394
212 456
212 659
212 732
212 842
212 977
212 978
213 289
213 462
213 504
213 598
213 669
213 700
213 780
213 939
214 663
214 700
214 834
215 362
215 434
215 641
215 794
215 799
215 812
216 247
216 290
216 391
216 547
216 727
216 860
216 879
216 917
216 923
216 943
216 959
217 264
217 686
217 766
217 940
218 294
218 338
218 456
218 511
218 521
218 923
218 963
219 608
219 639
219 694
219 769
219 900
220 241
220 293
220 361
220 403
220 767
220 939
221 268
221 288
221 326
221 369
221 409
221 443
221 466
221 495
221 510
221 549
221 702
221 764
221 979
222 300
222 302
222 394
222 518
222 535
222 581
222 608
222 771
222 953
223 237
223 330
223 381
223 393
223 526
223 544
223 640
223 699
223 749
223 778
224 250
224 431
224 537
224 648
224 692
224 750
225 337
225 393
225 414
225 434
225 453
225 492
225 589
225 641
225 669
225 708
225 720
225 801
225 822
225 954
226 430
226 651
226 719
226 754
226 788
226 806
227 336
227 368
227 376
227 461
227 834
227 915
227 982
227 986
228 289
228 291
228 392
228 500
228 584
228 631
228 705
228 745
228 915
229 250
229 336
229 386
229 556
229 570
229 608
229 664
229 910
230 321
230 506
230 527
230 531
230 592
230 650
230 910
231 465
231 709
231 839
231 909
231 920
232 245
232 248
232 352
232 373
232 424
232 481
232 929
232 935
233 371
233 443
233 629
233 707
233 753
233 776
233 814
233 875
233 904
233 909
233 985
234 260
234 264
234 327
234 353
234 367
234 388
234 427
234 462
234 472
234 549
234 628
234 730
234 754
234 917
234 954
234 981
235 328
235 351
235 693
235 747
235 795
235 867
235 905
235 940
236 336
236 540
236 547
236 581
236 624
236 715
236 766
236 870
237 308
237 322
237 361
237 370
237 401
237 641
238 333
238 385
238 471
238 507
238 557
238 559
238 625
238 631
238 660
238 955
238 967
239 580
239 585
239 605
239 845
240 389
240 427
240 501
240 947
241 314
241 461
241 500
241 591
241 814
241 915
241 951
242 436
242 447
242 598
242 634
242 647
242 698
242 739
243 268
243 298
243 376
243 383
243 391
243 397
243 476
243 485
243 580
243 697
243 733
244 286
244 355
244 383
244 646
244 814
244 849
245 488
245 576
245 589
245 642
245 785
245 853
245 937
245 994
246 271
246 278
246 353
246 643
246 750
246 873
246 946
246 954
247 274
247 277
247 279
247 364
247 368
247 667
247 770
247 785
247 842
247 907
248 255
248 311
248 384
248 410
248 450
248 476
248 578
248 599
248 679
248 715
248 926
248 989
249 384
249 492
249 542
249 654
249 716
249 905
249 980
249 981
250 325
250 597
250 626
250 661
250 886
250 937
251 462
251 519
251 672
251 916
251 920
252 286
252 424
252 439
252 669
252 760
252 877
252 898
253 261
253 299
253 307
253 325
253 329
253 385
253 405
253 417
253 468
253 526
253 584
253 838
253 977
254 277
254 360
254 417
254 425
254 618
254 664
254 690
254 958
255 324
255 327
255 526
255 590
255 638
255 827
255 833
255 847
256 459
256 494
256 496
256 629
256 741
256 819
256 829
257 675
257 867
257 981
258 400
258 578
258 687
258 697
258 725
258 749
258 953
259 282
259 283
259 391
259 597
259 878
259 918
260 279
260 293
260 315
260 602
260 710
260 747
260 945
260 957
260 998
261 298
261 412
261 523
261 673
261 859
261 967
261 968
262 280
262 541
262 636
262 644
262 798
262 828
262 967
263 393
263 527
263 655
263 778
263 799
263 863
263 929
263 986
264 281
264 309
264 316
264 382
264 554
264 563
264 576
264 760
264 790
264 802
264 811
264 850
265 645
265 649
265 691
265 756
265 771
265 792
265 913
265 949
266 372
266 457
266 465
266 570
266 624
266 727
266 896
267 328
267 412
267 439
267 705
267 775
267 846
267 875
267 879
267 988
268 311
268 396
268 503
268 563
268 628
268 642
268 706
268 799
268 812
269 332
269 500
269 538
269 705
269 810
269 815
269 876
270 326
270 363
270 415
270 530
270 553
270 595
270 905
271 403
271 469
271 530
271 631
271 741
271 782
271 819
271 868
271 888
271 923
272 388
272 423
272 445
272 532
272 688
272 910
273 274
273 333
273 348
273 389
273 393
273 418
273 422
273 442
273 584
273 744
273 756
273 831
273 863
273 989
274 351
274 378
274 386
274 422
274 554
274 691
274 733
274 796
274 886
274 947
275 296
275 360
275 476
275 759
275 830
276 291
276 313
276 360
276 422
276 431
276 476
276 555
276 797
276 906
276 915
276 943
277 293
277 647
277 697
277 715
277 741
277 744
277 777
277 798
277 865
277 874
277 979
277 986
277 994
278 445
278 476
278 608
278 614
278 980
279 293
279 404
279 409
279 544
279 659
279 673
279 747
279 848
280 291
280 315
280 375
280 953
280 971
281 351
281 376
281 546
281 672
282 408
282 422
282 434
282 438
282 449
282 539
282 548
282 551
282 615
283 406
283 454
283 458
284 293
284 392
284 531
284 584
284 587
284 595
284 635
284 670
284 712
284 756
284 817
284 963
284 975
285 292
285 553
285 733
285 801
285 835
285 836
285 906
285 922
286 341
286 557
286 561
286 648
286 746
286 815
286 828
286 873
286 933
287 320
287 332
287 365
287 497
287 516
287 642
287 697
287 743
287 761
287 917
287 944
287 961
287 964
288 456
288 530
288 757
288 931
288 976
288 999
289 365
289 386
289 423
289 435
289 625
289 758
289 816
289 820
289 852
290 326
290 363
290 368
290 499
290 817
290 988
291 385
291 580
291 602
291 772
291 817
291 939
291 993
292 341
292 477
292 487
292 505
292 665
292 676
292 949
292 954
292 955
293 364
293 441
293 605
294 760
294 779
294 913
295 460
295 475
295 498
295 525
295 611
295 787
295 827
295 894
296 401
296 495
296 612
296 614
296 638
296 665
296 727
296 765
296 965
296 973
297 361
297 534
297 583
297 657
297 673
297 834
297 856
297 861
298 371
298 433
298 519
298 573
298 651
298 655
298 897
299 320
299 379
299 381
299 468
299 810
299 844
299 862
299 923
299 960
299 969
300 514
300 690
300 691
300 768
300 798
300 945
300 993
301 337
301 422
301 724
301 726
301 751
301 907
301 921
301 946
302 626
302 680
302 712
302 845
302 922
302 954
302 990
303 356
303 389
303 456
303 572
303 578
303 773
303 775
303 950
303 967
304 451
304 462
304 594
304 647
304 842
304 945
304 946
305 412
305 431
305 509
305 559
305 809
306 347
306 432
306 477
306 515
306 563
306 596
306 627
306 691
306 773
307 408
307 539
307 545
307 559
307 594
307 782
307 996
308 322
308 424
308 433
308 486
308 614
308 709
308 747
308 756
308 948
309 432
309 445
309 512
309 795
309 893
310 719
310 743
310 781
310 835
310 847
310 893
310 938
310 976
311 395
311 486
311 494
311 694
311 715
311 949
311 980
312 482
312 590
312 721
312 779
313 424
313 486
313 582
313 605
313 646
313 868
314 367
314 481
314 886
315 373
315 506
315 528
315 533
315 554
315 771
315 810
315 846
315 865
315 876
315 888
315 923
315 934
316 359
316 435
316 498
316 506
316 626
316 715
316 735
316 786
316 971
317 363
317 524
317 645
317 750
317 895
317 956
317 986
318 426
318 439
318 450
318 921
318 984
319 350
319 426
319 461
319 474
319 503
319 583
319 698
319 756
319 833
319 981
320 796
320 866
320 917
320 922
320 967
321 325
321 448
321 471
321 971
322 323
322 372
322 485
322 552
322 944
323 634
323 799
323 844
323 847
323 888
323 914
324 387
324 473
324 556
324 576
324 653
324 792
325 486
325 490
325 558
325 573
325 653
325 658
325 665
325 708
325 817
326 561
326 684
326 685
326 710
327 486
327 528
327 858
327 865
328 731
328 854
328 863
328 875
328 886
328 904
328 924
329 410
329 459
329 686
329 730
329 831
330 480
330 575
330 602
330 681
330 709
330 753
330 862
330 961
330 967
331 543
331 634
331 679
331 991
332 347
332 644
332 676
332 740
333 335
333 465
333 574
333 667
333 844
334 372
334 442
334 507
334 541
334 569
334 884
334 899
335 400
335 411
335 474
335 510
335 583
335 652
335 662
335 794
335 922
336 783
336 784
336 863
337 439
337 522
337 568
337 794
337 973
338 342
338 433
338 449
338 467
338 616
338 643
338 723
338 814
338 988
339 448
339 668
339 774
339 823
339 921
340 348
340 638
340 640
340 805
340 907
341 385
341 390
341 492
341 619
341 725
341 851
342 354
342 364
342 391
342 541
342 831
342 925
342 942
342 943
343 442
343 472
343 598
343 726
343 839
343 844
343 849
343 855
343 948
343 968
344 483
344 659
344 684
344 913
344 942
345 579
345 614
345 622
345 625
345 655
345 710
345 907
346 470
346 642
346 702
346 703
346 875
346 926
347 376
347 790
347 812
347 999
348 366
348 399
348 443
348 577
348 750
348 758
348 994
349 581
349 615
349 649
349 692
349 949
350 473
350 647
350 717
350 769
351 602
351 674
351 715
351 931
351 982
351 996
351 999
352 373
352 394
352 489
352 592
352 643
352 802
352 815
352 854
352 902
353 462
353 469
353 534
353 626
353 639
353 854
353 919
353 956
354 524
354 571
354 647
354 779
354 801
354 892
354 913
355 358
355 446
355 639
355 725
355 745
355 912
355 938
355 954
356 613
356 698
356 744
356 763
356 772
356 796
356 931
357 361
357 662
357 683
357 741
357 780
357 804
358 719
358 741
358 825
358 842
358 947
359 373
359 494
359 578
359 615
359 687
360 455
360 582
360 604
360 646
360 736
360 788
360 803
360 873
360 965
361 446
361 823
361 843
361 902
361 936
362 374
362 466
362 483
362 589
362 594
362 739
362 872
362 889
362 950
362 982
363 706
363 720
363 744
363 911
364 481
364 494
364 643
364 653
364 662
364 700
364 761
364 793
365 370
365 559
365 576
365 781
365 810
365 883
366 394
366 425
366 719
366 768
366 831
366 877
366 905
366 995
367 435
367 508
367 565
367 604
367 788
367 919
367 958
367 968
368 509
368 593
368 595
368 610
368 716
368 812
368 966
369 458
369 578
369 581
369 766
369 888
369 892
369 940
370 491
370 513
370 574
370 670
370 682
371 512
371 588
371 604
371 900
371 979
371 989
371 990
372 452
372 468
372 493
372 501
372 509
372 624
372 627
372 693
372 725
372 737
372 875
373 472
373 483
373 530
373 589
373 734
374 542
374 554
374 565
374 617
374 755
374 810
374 815
375 431
375 859
375 860
376 568
376 572
376 659
376 706
376 783
376 978
377 669
377 740
377 754
377 890
377 894
377 895
378 383
378 414
378 716
378 765
378 902
379 411
379 422
379 461
379 583
379 641
379 682
379 751
379 843
379 887
380 397
380 681
380 778
380 784
380 897
380 914
380 915
381 515
381 796
381 881
381 903
381 904
381 959
382 475
382 479
382 497
382 509
382 668
382 985
383 441
383 449
383 650
383 687
384 473
384 527
384 725
384 734
384 740
384 782
384 789
385 587
385 641
385 779
385 827
385 976
386 429
386 449
386 579
386 581
386 608
386 660
386 719
386 758
386 809
386 828
386 829
386 856
386 926
386 946
387 518
387 570
387 580
387 978
387 990
388 606
388 695
388 789
388 798
388 921
388 990
389 396
389 429
389 465
389 567
389 612
389 675
389 922
390 399
390 446
390 449
390 498
390 600
390 639
390 712
390 993
391 555
391 600
391 661
391 728
391 733
392 527
392 711
392 943
393 395
393 753
394 457
394 543
394 626
394 660
394 683
394 697
394 799
394 835
394 855
394 940
395 493
395 841
395 918
396 404
396 441
396 458
396 463
396 603
396 795
396 882
396 899
398 520
398 546
398 592
398 737
398 760
398 828
398 837
398 987
399 443
399 468
399 593
399 630
399 659
399 887
400 429
400 440
400 588
400 668
400 727
400 846
400 995
401 816
401 906
402 449
402 674
402 719
402 824
402 843
402 940
403 431
403 479
403 523
403 610
403 682
403 956
403 977
404 485
404 510
404 615
404 724
404 790
404 992
405 486
405 771
405 853
405 957
406 756
406 790
406 826
406 830
407 635
407 952
408 411
408 444
408 579
408 609
408 672
408 812
408 933
409 448
409 521
409 690
409 749
409 790
410 452
410 681
410 776
410 793
410 935
411 564
412 420
412 661
412 729
412 730
412 734
412 794
412 809
412 954
413 480
413 513
413 647
413 786
413 843
413 903
414 474
414 501
414 520
414 533
414 637
414 643
414 654
414 663
414 725
414 870
414 936
415 548
415 697
415 776
415 780
415 973
416 523
416 661
416 663
416 876
417 665
417 708
417 920
418 462
418 498
418 532
418 593
418 603
418 718
418 910
418 952
418 965
419 470
419 521
419 564
419 667
419 672
419 691
419 957
419 985
420 465
420 470
420 541
420 595
420 749
421 422
421 540
421 576
421 636
421 746
421 764
421 842
421 891
422 436
422 657
422 746
422 784
422 855
422 968
423 468
423 605
423 854
424 480
424 485
424 539
424 563
424 611
424 665
424 840
425 484
425 761
425 875
425 891
425 949
426 467
426 551
426 578
426 646
426 934
427 459
427 517
427 554
427 733
427 838
428 626
428 731
428 846
430 461
430 721
430 754
431 495
431 510
431 743
431 746
431 768
431 812
431 844
432 486
432 998
433 458
433 637
433 712
433 745
433 793
433 865
433 898
433 975
434 585
434 694
434 780
434 933
434 999
435 455
435 580
435 744
435 757
435 858
435 861
435 891
435 928
436 538
436 742
436 836
436 865
436 955
437 453
437 465
437 478
437 622
437 742
437 998
438 584
438 610
438 831
439 446
439 447
439 462
439 579
439 671
439 903
439 931
440 620
440 630
440 673
440 674
440 847
440 866
440 883
441 501
441 579
441 704
441 759
441 867
441 923
442 476
442 504
442 788
442 792
442 812
442 899
442 922
442 936
442 947
442 966
443 532
443 881
443 978
443 984
444 589
444 609
444 622
444 745
444 842
444 849
444 969
445 544
445 648
445 702
445 747
445 878
445 919
446 611
446 723
446 755
446 830
446 954
446 978
447 503
447 610
447 663
447 686
447 710
447 719
447 733
447 735
447 744
448 529
448 695
448 836
449 625
449 732
449 908
450 572
450 593
450 671
450 688
450 719
450 768
450 796
450 879
450 880
450 883
451 468
451 585
451 701
451 840
451 841
451 854
451 938
452 604
452 695
452 855
452 925
453 472
453 499
453 547
453 557
453 595
453 681
453 688
453 724
453 803
453 880
453 887
453 895
454 517
454 559
454 794
454 815
455 503
455 686
455 971
457 466
457 802
457 839
457 859
458 526
458 547
459 597
459 661
459 725
459 745
459 765
459 809
460 478
461 521
461 822
461 839
461 842
461 865
461 945
462 943
462 951
463 579
463 807
463 919
464 504
464 546
464 626
465 572
465 689
465 874
465 958
466 583
466 732
466 932
466 934
466 975
467 553
467 701
467 913
468 532
468 740
468 748
468 807
468 917
468 939
468 985
469 509
469 704
469 922
470 645
470 665
470 680
470 956
471 527
471 628
471 677
471 944
472 604
472 821
472 831
472 837
472 897
472 923
472 985
473 506
473 586
473 689
473 905
473 948
474 594
474 636
474 786
474 826
474 831
475 560
475 568
475 581
475 816
475 860
475 963
475 993
476 739
476 782
476 887
477 520
477 566
477 633
477 699
477 891
477 904
477 982
478 598
478 619
478 748
478 751
478 878
478 922
478 941
479 818
479 840
480 542
480 574
480 617
480 705
480 716
480 742
480 946
481 543
481 717
481 751
481 794
481 803
481 985
482 574
482 710
482 791
482 797
482 862
482 881
482 960
483 533
483 628
483 709
483 731
483 778
483 798
483 871
483 891
483 894
483 969
483 981
484 600
484 605
484 608
484 669
484 685
484 726
484 817
484 848
484 864
485 744
485 770
485 841
485 890
486 618
486 913
486 920
487 491
487 508
487 693
487 724
487 791
487 866
487 930
487 948
488 592
488 679
488 697
489 592
489 615
489 783
489 818
489 847
489 863
490 531
490 586
490 765
490 778
490 827
490 846
490 886
490 997
491 507
491 616
491 618
491 645
491 886
491 896
492 546
492 551
492 581
492 682
492 762
492 774
492 777
492 781
492 820
492 840
492 925
492 942
493 528
493 622
493 649
493 729
493 755
493 763
493 774
494 550
494 553
494 706
494 766
494 797
494 820
494 919
495 549
495 595
495 639
495 666
495 714
495 719
495 895
495 905
496 634
496 685
496 712
496 730
496 769
496 842
496 901
497 682
497 708
497 726
497 811
497 870
497 913
497 958
498 564
498 620
498 653
498 664
498 668
498 713
498 791
499 551
499 629
499 646
499 713
499 742
499 770
499 869
499 891
499 907
499 947
499 978
500 531
500 545
500 566
500 663
500 689
500 877
500 918
501 515
501 541
501 635
501 679
501 746
501 764
501 855
502 580
502 668
502 768
502 825
503 943
504 651
504 778
504 918
504 956
505 547
505 838
505 931
506 654
506 710
506 809
507 512
507 513
507 807
507 890
507 928
507 967
508 609
508 613
508 650
508 721
508 816
508 858
508 865
509 854
509 901
509 903
509 922
510 564
511 596
511 746
511 804
511 942
511 969
512 614
512 723
512 784
512 787
512 801
513 735
514 533
514 544
514 546
514 558
514 566
514 636
514 935
515 584
515 614
515 681
515 704
515 763
515 772
515 939
516 783
516 889
517 959
517 973
518 644
518 870
518 891
519 529
519 573
519 579
519 583
519 622
519 731
520 580
520 638
520 648
520 657
520 753
520 873
520 900
521 564
521 658
521 712
521 746
521 930
521 993
522 599
522 619
522 683
522 696
522 784
522 812
522 816
523 639
523 877
523 891
523 965
523 977
524 560
524 732
524 953
525 617
525 661
525 703
525 988
525 995
525 998
526 549
526 554
526 573
526 722
526 790
526 802
526 841
527 736
527 767
527 775
527 803
527 874
527 899
527 915
527 950
528 622
528 753
528 859
528 942
529 703
529 830
530 739
530 767
530 840
530 867
530 881
530 917
531 648
531 818
532 976
533 564
533 587
533 627
533 672
533 828
533 867
533 963
534 564
534 609
534 710
534 771
535 605
535 615
535 665
535 765
535 824
535 988
536 654
536 722
537 592
537 596
537 679
537 715
537 794
537 798
537 875
537 921
538 682
538 721
539 563
539 632
539 721
539 735
539 820
539 871
539 877
539 878
539 891
539 910
539 913
539 932
539 995
540 560
540 568
540 583
540 623
541 570
541 907
541 916
541 927
542 578
542 708
542 720
542 815
543 591
543 597
543 608
543 641
543 677
543 808
543 844
543 882
543 984
544 625
544 761
544 867
544 870
545 803
545 823
546 553
546 606
546 682
546 786
546 872
546 880
547 552
547 619
547 623
547 666
547 838
547 906
547 907
547 958
547 993
548 591
548 663
548 687
548 795
548 797
549 692
549 697
549 800
549 983
550 621
550 758
550 840
550 888
550 981
551 748
551 901
551 972
552 624
552 679
552 734
552 913
552 970
552 985
553 564
553 731
554 911
555 631
555 651
556 637
556 690
556 730
556 761
556 907
556 924
557 639
557 858
557 953
557 997
558 713
558 780
558 807
558 883
558 906
558 946
558 962
559 604
559 635
559 730
559 743
559 790
559 807
559 916
560 583
560 658
560 671
560 718
560 731
561 595
561 861
561 974
562 658
562 811
562 865
562 971
562 997
563 575
563 808
563 885
563 914
563 923
563 951
564 660
564 954
566 858
566 979
567 576
567 615
567 646
567 699
567 855
568 886
568 932
569 590
569 732
569 988
570 576
570 677
570 721
570 778
570 787
570 798
570 809
570 982
571 696
571 778
571 889
571 924
572 607
572 820
572 938
573 615
573 625
573 630
573 790
573 829
573 839
573 959
574 874
574 896
574 964
575 666
575 734
575 819
576 719
576 746
576 870
576 980
577 740
577 779
577 781
577 950
577 955
577 961
577 993
578 653
578 681
579 906
579 918
579 994
580 678
580 686
580 776
580 904
580 929
580 956
581 889
581 920
582 668
583 702
583 719
583 975
584 681
584 888
585 740
585 861
585 872
586 672
586 863
586 880
586 961
587 648
587 877
587 930
588 898
589 967
589 972
590 747
590 851
590 927
591 788
591 824
591 840
591 971
592 782
593 725
593 743
593 744
593 988
594 714
594 824
595 623
595 626
595 868
595 950
596 598
596 785
596 817
596 853
597 789
598 668
598 929
599 782
599 823
599 971
600 837
600 881
600 920
601 985
602 616
602 785
602 876
602 901
603 832
603 957
604 786
604 850
604 872
604 984
605 714
605 888
605 955
605 992
606 752
606 803
606 919
607 752
607 823
607 969
608 754
608 861
609 658
609 720
609 920
610 640
610 660
610 728
610 949
611 814
611 845
612 675
612 706
612 727
612 737
612 757
612 776
612 892
613 650
613 689
613 712
613 953
614 821
614 866
614 884
614 908
614 976
614 986
615 765
615 905
615 946
616 714
616 841
616 903
616 915
616 930
617 626
617 922
619 819
619 842
620 952
621 651
621 773
621 934
622 665
622 698
622 827
622 935
623 628
623 789
623 920
624 655
624 697
624 771
624 841
624 959
625 631
625 764
625 914
625 962
627 839
627 847
627 944
628 646
628 678
628 690
628 983
628 989
629 867
629 924
629 952
630 653
630 712
630 847
630 954
631 699
632 739
632 760
633 789
633 799
633 920
633 950
634 641
634 760
634 874
634 960
635 733
635 868
636 647
636 668
636 768
636 883
636 914
637 704
637 965
637 982
638 680
638 698
638 706
638 916
638 946
639 741
639 827
639 857
639 896
639 902
639 980
640 701
640 836
640 897
640 993
641 709
641 817
641 962
642 644
642 675
642 736
642 818
642 911
642 995
643 851
644 673
644 691
644 909
644 917
644 925
644 992
645 708
645 773
645 890
645 963
645 974
646 705
646 817
646 899
646 950
646 976
647 678
647 679
647 753
647 836
647 887
648 692
648 766
649 708
649 725
649 793
649 817
649 967
649 977
650 890
650 915
650 978
650 982
650 984
650 993
651 792
651 832
651 886
651 997
652 725
652 910
652 989
653 675
653 718
653 832
653 842
653 896
653 938
653 943
653 944
654 695
654 867
655 709
655 766
655 796
655 889
655 971
656 684
656 772
656 952
657 850
657 918
657 934
658 923
659 667
659 721
659 730
659 765
659 771
660 666
660 787
660 841
660 868
660 893
661 675
661 888
662 678
662 765
662 836
663 685
663 830
663 952
663 954
664 909
665 727
665 830
665 834
665 996
667 706
667 765
668 766
668 790
668 939
668 975
669 768
669 932
669 943
669 989
670 680
670 758
670 796
671 770
671 806
671 953
671 962
671 973
672 715
672 775
672 887
672 932
672 975
673 678
673 930
674 698
674 714
674 736
674 771
674 840
674 861
675 714
675 734
675 877
675 915
676 729
677 725
677 814
678 729
678 771
678 798
678 865
679 696
679 960
679 993
680 700
680 750
680 754
680 761
680 824
680 833
681 792
682 815
682 986
682 996
683 789
683 830
683 836
683 941
684 713
684 813
684 967
685 755
685 837
685 999
686 770
686 773
686 814
686 825
687 714
687 808
687 839
687 844
687 970
688 768
688 952
689 795
689 906
689 915
690 817
690 826
691 706
691 726
691 844
691 852
692 737
692 820
693 702
693 720
693 738
693 780
693 782
694 718
694 757
694 847
695 846
695 923
696 697
696 901
697 989
698 785
698 796
698 948
698 994
699 723
699 833
699 841
699 912
699 925
702 834
702 900
703 825
704 765
704 771
704 966
705 721
705 742
705 766
705 785
705 788
705 815
705 959
706 876
706 945
707 869
707 879
708 889
710 735
710 844
710 872
710 952
710 956
710 970
711 763
711 764
711 769
711 807
711 832
711 861
711 880
711 918
712 851
713 719
713 819
713 864
713 877
713 904
714 814
714 922
716 845
716 851
716 936
717 918
717 945
718 727
718 804
718 853
718 872
720 863
720 864
720 903
721 724
721 869
721 995
722 870
723 769
723 775
724 774
724 833
724 928
725 746
725 853
725 862
725 896
726 868
726 872
726 928
727 781
727 924
728 899
729 803
729 807
729 914
730 810
730 853
730 911
731 801
731 853
731 946
732 747
732 801
732 817
732 892
733 803
733 812
733 983
734 738
734 785
734 868
734 917
734 935
734 948
734 954
734 959
735 898
735 995
736 776
736 826
736 903
736 934
737 782
737 838
737 928
738 777
738 868
739 756
739 800
739 967
739 972
740 852
740 918
740 934
741 806
741 832
741 837
741 877
742 748
742 766
742 770
742 827
742 900
742 949
743 745
743 807
743 811
743 814
743 826
743 884
743 928
745 756
745 768
745 810
745 914
745 981
746 751
746 757
746 817
746 879
747 872
748 766
748 783
748 900
748 961
749 790
749 816
749 892
749 922
749 982
750 987
752 885
753 923
754 899
754 903
754 918
754 955
754 975
755 767
755 788
755 855
755 974
756 783
756 870
756 894
757 765
757 843
757 981
758 774
758 878
758 881
758 931
759 777
759 785
761 860
761 892
761 966
762 829
762 841
763 782
763 863
763 885
764 833
764 896
765 830
765 888
765 891
765 896
765 994
765 997
766 842
766 881
766 899
766 903
766 916
767 805
767 943
769 773
769 800
769 802
769 843
769 973
771 963
772 915
772 937
773 817
773 870
773 997
774 790
774 814
774 890
775 872
775 981
775 994
777 839
777 855
777 992
778 818
779 783
779 954
781 924
781 991
781 995
782 883
782 935
783 810
783 983
784 807
784 889
785 866
785 913
785 983
786 856
786 906
786 969
787 834
787 946
787 960
787 970
789 791
789 833
789 881
790 810
790 819
790 980
791 816
791 895
791 958
792 902
792 960
792 989
793 859
794 852
794 921
794 962
795 880
796 810
797 804
797 892
798 905
798 922
799 955
799 991
800 828
800 876
800 924
800 974
801 803
802 851
802 905
802 921
802 991
803 821
804 818
805 918
805 973
806 841
806 890
806 998
808 980
809 898
809 960
809 998
810 966
811 859
811 870
811 878
811 927
812 867
814 910
815 920
815 963
816 929
817 977
818 867
818 979
818 999
819 943
819 979
822 859
824 895
825 967
826 829
826 906
827 893
827 898
827 927
827 945
827 965
827 977
828 864
828 896
828 973
830 843
830 865
830 883
830 889
830 975
830 984
831 908
832 872
832 888
832 902
832 922
833 842
833 915
834 893
834 925
834 975
835 884
835 944
835 965
836 925
836 951
836 974
836 981
837 956
838 844
838 873
838 882
838 933
840 877
840 989
841 846
844 853
844 876
844 983
845 868
845 887
846 950
847 860
847 877
850 955
850 984
852 896
852 897
852 918
853 855
853 857
853 887
853 915
853 916
853 973
854 916
854 931
856 976
857 980
859 887
859 934
860 939
860 997
861 932
862 918
864 940
866 953
867 879
867 935
871 963
872 912
872 980
873 892
873 906
876 937
878 880
878 916
878 994
879 885
879 936
880 968
881 947
882 955
883 923
883 985
884 900
884 953
885 992
886 911
887 934
888 889
889 969
890 967
893 903
893 911
893 955
895 915
895 927
896 978
896 985
897 988
898 920
898 990
899 965
900 972
901 931
902 995
912 960
913 989
915 989
915 990
918 952
918 984
920 976
921 939
921 943
922 984
926 986
928 933
930 948
931 939
931 980
933 969
934 986
934 999
935 970
935 981
936 967
936 972
936 989
943 985
947 959
953 982
954 981
955 998
959 985
960 961
965 969
966 974
969 982
970 982
971 995
974 982
978 990
990 994
0
10 999
