1000	4877	 1
0 176
0 196
0 277
0 314
0 363
0 615
0 630
0 814
0 844
0 883
1 200
1 267
1 311
1 369
1 576
1 845
2 20
2 98
2 395
2 576
2 644
2 833
3 178
3 206
3 289
3 324
3 341
3 374
3 481
3 500
3 504
3 519
3 624
3 792
3 873
3 897
4 118
4 209
4 344
4 367
4 675
4 693
4 775
4 839
4 902
5 168
5 210
5 399
5 745
5 772
5 816
5 832
5 903
5 977
6 18
6 243
6 312
6 431
6 437
6 845
7 30
7 72
7 177
7 243
7 291
7 448
7 629
7 682
7 809
7 859
7 875
7 901
8 292
8 379
8 387
8 745
8 798
8 856
8 930
8 985
9 120
9 122
9 168
9 542
9 732
10 219
10 307
10 560
10 802
10 957
10 963
10 967
11 304
11 418
11 422
11 688
11 698
11 745
11 771
11 821
11 827
12 125
12 200
12 638
12 655
12 923
12 961
13 82
13 98
13 140
13 142
13 169
13 179
13 274
13 373
13 565
13 698
13 701
13 741
13 809
13 837
13 943
14 303
14 346
14 466
14 471
14 693
14 772
14 775
15 497
15 527
15 560
15 579
15 851
15 887
15 917
15 941
15 952
16 236
16 262
16 369
16 504
16 574
16 829
17 108
17 528
17 638
17 698
17 781
17 842
17 865
17 951
17 955
17 992
18 26
18 52
18 103
18 154
18 299
18 322
18 434
18 440
18 662
18 813
18 921
18 946
18 954
19 72
19 84
19 108
19 117
19 155
19 158
19 173
19 188
19 231
19 297
19 553
19 784
19 969
20 307
20 310
20 315
20 391
20 392
20 413
20 587
20 652
20 948
20 988
21 98
21 174
21 323
21 433
21 634
21 664
21 696
21 709
21 723
21 810
21 895
21 933
22 59
22 149
22 231
22 246
22 320
22 364
22 460
22 517
22 613
22 681
22 717
22 728
22 814
22 906
23 81
23 114
23 247
23 292
23 432
23 539
23 565
23 567
23 688
23 786
23 818
24 53
24 120
24 182
24 264
24 363
24 490
24 583
24 625
24 695
24 989
25 378
25 521
25 523
25 597
25 770
25 870
25 936
25 945
25 965
26 165
26 388
26 621
27 47
27 109
27 216
27 282
27 284
27 417
27 921
27 925
27 951
27 962
28 74
28 96
28 141
28 436
28 451
28 452
28 523
28 543
28 578
28 847
28 951
28 974
29 93
29 223
29 530
29 540
29 560
29 616
29 787
29 846
29 956
30 221
30 423
30 479
30 588
30 867
31 36
31 190
31 191
31 427
31 554
31 596
31 670
31 966
32 186
32 435
32 549
32 567
32 583
32 629
32 715
32 805
33 134
33 163
33 173
33 562
33 702
33 784
34 130
34 167
34 284
34 298
34 339
34 356
34 363
34 366
34 369
34 376
34 475
34 599
34 789
34 900
34 934
35 71
35 101
35 113
35 157
35 481
35 484
35 675
35 685
35 705
35 828
36 157
36 171
36 237
36 271
36 285
36 369
36 480
36 533
36 602
36 620
36 732
36 746
36 779
36 877
36 895
36 973
37 167
37 186
37 475
37 611
38 133
38 254
38 283
38 326
38 359
38 403
38 616
38 729
38 764
38 835
38 858
39 86
39 92
39 231
39 250
39 286
39 298
39 492
39 557
39 844
39 850
39 880
39 994
40 73
40 188
40 192
40 273
40 291
40 302
40 381
40 383
40 419
40 540
40 546
40 550
40 587
40 643
40 651
40 765
40 862
41 403
41 752
41 868
42 108
42 270
42 304
42 378
42 424
42 482
42 495
42 559
42 560
42 749
42 768
42 781
42 807
43 101
43 121
43 123
43 205
43 514
43 701
43 730
43 790
43 791
43 818
43 941
44 78
44 84
44 386
44 557
44 659
44 698
44 786
45 236
45 446
45 508
45 526
45 726
45 744
45 790
45 860
46 77
46 208
46 476
46 504
46 758
46 770
46 780
46 817
46 820
47 71
47 126
47 151
47 261
47 281
47 329
47 335
47 357
47 415
47 488
47 519
47 635
47 833
47 841
47 885
47 926
47 982
47 986
48 201
48 267
48 369
48 428
48 658
48 731
48 767
48 903
48 904
48 916
49 80
49 341
49 489
49 656
49 670
49 811
49 817
49 959
49 997
50 77
50 175
50 243
50 495
50 502
50 780
50 920
50 967
51 153
51 333
51 387
51 564
51 797
51 969
52 150
52 166
52 360
52 367
52 398
52 480
52 824
52 837
53 134
53 463
53 587
53 598
53 705
53 857
54 78
54 210
54 246
54 328
54 379
54 442
54 650
54 882
54 905
54 965
55 174
55 339
55 393
55 416
55 477
55 574
55 687
55 810
55 880
55 998
56 59
56 194
56 195
56 255
56 266
56 281
56 386
56 456
56 534
56 714
56 966
57 102
57 188
57 397
57 550
57 744
57 788
57 888
57 910
57 941
58 164
58 259
58 436
58 483
58 505
58 588
58 665
58 749
58 855
59 65
59 67
59 124
59 156
59 267
59 570
59 614
59 694
59 813
59 861
59 987
60 84
60 101
60 256
60 264
60 413
60 452
60 465
60 604
60 717
60 769
60 794
60 806
60 917
60 936
61 255
61 399
61 583
61 704
61 738
61 798
61 841
61 918
61 962
62 154
62 165
62 392
62 510
62 514
62 526
62 946
63 114
63 124
63 264
63 303
63 413
63 610
63 915
63 930
63 998
64 188
64 204
64 287
64 345
64 464
64 524
64 559
64 699
64 730
64 961
65 67
65 79
65 281
65 439
65 571
65 581
65 690
65 750
65 853
65 883
65 897
65 935
65 951
66 147
66 167
66 274
66 387
66 675
66 731
66 813
67 104
67 105
67 117
67 214
67 473
67 684
67 707
67 798
67 886
68 85
68 231
68 509
68 614
68 754
68 780
68 886
68 980
69 108
69 245
69 525
69 572
69 578
69 622
69 669
69 771
69 926
69 939
70 76
70 136
70 186
70 207
70 372
70 508
70 940
71 146
71 180
71 609
71 681
71 698
71 713
71 734
71 735
71 973
72 84
72 245
72 294
72 398
72 514
72 667
72 797
72 849
72 935
73 88
73 176
73 279
73 368
73 476
73 546
73 644
73 773
73 786
74 191
74 266
74 432
74 510
74 637
74 684
74 739
74 799
74 832
74 856
74 986
75 397
75 566
75 711
75 868
75 892
75 921
76 502
76 510
76 612
76 738
76 782
77 287
77 428
77 656
77 913
78 98
78 202
78 533
78 675
78 775
78 798
78 832
78 836
78 842
79 144
79 329
79 330
79 378
79 386
79 388
79 395
79 418
79 423
79 439
79 446
79 629
79 659
79 677
79 698
79 785
79 939
80 308
80 352
80 357
80 438
80 729
80 789
80 803
80 888
80 975
81 231
81 294
81 297
81 365
81 397
81 588
81 615
81 728
81 741
81 776
81 981
82 94
82 255
82 308
82 323
82 408
82 477
82 568
82 616
82 659
82 784
82 939
82 976
83 158
83 416
83 442
83 505
83 537
83 660
83 733
83 759
83 875
83 880
83 887
83 905
83 933
83 947
83 991
84 225
84 306
84 391
84 521
84 537
84 705
84 719
85 89
85 92
85 210
85 412
85 456
85 537
85 549
85 570
85 634
85 720
85 732
85 780
86 90
86 445
86 514
86 556
86 826
86 833
86 864
86 885
87 109
87 204
87 514
87 551
87 607
87 780
87 834
87 939
88 99
88 471
88 486
88 606
88 611
88 674
88 728
88 758
88 806
88 951
89 179
89 473
89 808
89 852
90 95
90 155
90 252
90 294
90 385
90 408
90 499
90 587
90 737
90 853
90 891
90 898
91 258
91 483
91 495
91 625
91 705
91 728
91 753
91 783
91 802
92 199
92 233
92 296
92 304
92 371
92 578
92 599
92 964
92 981
92 994
93 157
93 231
93 280
93 344
93 405
93 487
93 566
93 676
93 970
93 979
94 106
94 229
94 245
94 534
94 799
94 800
94 803
94 828
94 870
94 920
95 100
95 652
95 869
95 891
96 166
96 333
96 342
96 379
96 396
96 621
96 626
96 940
97 436
97 528
97 565
97 652
98 222
98 224
98 268
98 351
98 363
98 390
98 453
98 457
98 661
98 719
98 812
98 865
98 938
98 968
98 969
98 975
99 193
99 236
99 281
99 336
99 409
99 533
99 565
99 835
99 852
99 862
99 982
100 416
100 559
100 561
100 565
100 597
100 608
100 768
100 790
100 930
101 133
101 168
101 305
101 402
101 403
101 474
101 535
101 541
101 598
101 671
101 709
102 263
102 366
102 501
102 525
102 710
102 951
102 967
103 465
103 486
103 515
103 712
103 887
103 935
104 139
104 211
104 375
104 470
104 819
104 823
105 133
105 228
105 273
105 349
105 382
105 454
105 704
105 989
106 112
106 506
106 581
106 674
106 895
106 956
107 166
107 391
107 423
107 474
107 552
107 609
107 677
107 687
107 775
108 342
108 503
108 682
108 904
108 992
109 123
109 166
109 200
109 235
109 290
109 305
109 475
109 501
109 524
109 616
109 722
109 745
109 839
109 863
110 420
110 448
110 540
110 789
110 791
110 813
110 949
111 132
111 265
111 311
111 380
111 385
111 507
111 526
111 818
111 896
111 898
112 159
112 309
112 353
112 437
112 489
112 634
112 639
112 833
112 834
112 873
112 874
112 882
113 248
113 258
113 265
113 504
113 531
113 552
113 590
113 697
113 711
113 891
114 142
114 146
114 374
114 526
114 650
114 656
114 661
114 729
114 837
114 872
115 134
115 241
115 309
115 476
115 609
115 842
115 948
116 421
116 538
116 581
116 641
116 650
116 651
116 762
116 834
116 923
117 119
117 249
117 309
117 372
117 443
117 463
117 637
117 798
117 835
118 129
118 344
118 468
118 655
118 675
118 885
118 910
118 982
119 736
119 765
119 769
119 892
119 910
119 911
119 952
119 961
120 134
120 269
120 323
120 685
120 717
121 158
121 227
121 360
121 450
121 515
121 611
121 697
121 710
121 739
121 797
121 864
121 972
122 225
122 370
122 402
122 608
122 678
122 689
122 986
123 169
123 335
123 550
123 636
123 660
123 663
123 686
123 772
123 870
123 877
124 196
124 630
124 780
124 956
125 200
125 392
125 476
125 499
125 617
125 740
125 759
125 779
126 161
126 286
126 430
126 435
126 594
126 610
126 857
126 905
126 948
127 231
127 533
127 542
127 603
127 621
127 755
127 767
127 841
128 397
128 489
128 696
128 795
129 227
129 376
129 610
129 689
129 756
129 782
129 903
129 918
130 220
130 483
130 593
130 804
130 895
131 325
131 416
131 516
131 566
131 709
131 855
131 986
132 162
132 560
132 626
132 782
132 790
132 809
132 832
132 861
133 153
133 157
133 328
133 436
133 496
133 702
133 809
133 861
133 892
133 913
133 928
133 955
134 144
134 501
134 525
134 529
134 660
134 705
135 155
135 243
135 362
136 158
136 160
136 239
136 395
136 411
136 534
136 600
136 605
136 636
136 743
137 282
137 286
137 484
137 638
137 754
138 251
138 267
138 379
138 483
138 570
138 605
138 863
138 951
139 158
139 179
139 221
139 305
139 308
139 359
139 433
139 449
139 556
139 694
140 144
140 404
140 633
140 654
140 926
140 975
141 157
141 426
141 473
141 497
141 516
141 801
141 853
142 301
142 312
142 607
142 616
142 695
142 716
142 742
142 776
142 807
142 849
142 853
143 180
143 237
143 256
143 389
143 398
143 455
143 495
143 728
143 915
143 936
144 277
144 293
144 311
144 328
144 393
144 441
144 584
144 601
144 627
144 855
145 150
145 180
145 325
145 441
145 894
146 338
146 489
146 596
146 632
146 797
146 824
147 152
147 167
147 328
147 554
147 691
147 848
147 943
148 178
148 259
148 277
148 287
148 314
148 347
148 374
148 392
148 425
149 157
149 169
149 184
149 259
149 325
149 554
149 596
149 743
149 756
149 816
149 828
149 905
150 407
150 455
150 787
151 260
151 330
151 378
151 424
151 450
151 519
151 561
151 620
151 789
151 930
151 976
152 484
152 583
152 602
152 747
152 786
152 828
153 202
153 263
153 276
153 479
153 534
153 545
153 632
153 708
153 888
153 905
153 920
154 169
154 338
154 361
154 448
154 598
154 606
154 679
154 686
154 775
154 816
154 829
154 947
154 988
155 177
155 209
155 410
155 558
155 649
155 755
155 805
155 943
156 162
156 245
156 265
156 335
156 613
156 708
156 733
156 819
156 900
156 927
156 967
157 164
157 243
157 376
157 611
157 638
157 678
157 720
157 875
157 947
158 260
158 364
158 432
158 543
158 648
158 907
158 981
159 203
159 385
159 767
159 889
160 165
160 216
160 399
160 417
160 459
160 945
160 957
161 489
161 801
161 811
161 829
161 830
161 859
161 897
161 906
161 947
162 217
162 286
162 307
162 396
162 413
162 419
162 591
162 893
162 926
163 250
163 325
163 387
163 484
163 584
163 742
164 303
164 510
164 548
164 558
164 627
164 696
164 751
164 998
165 204
165 394
165 410
165 471
165 626
165 679
165 874
165 907
165 961
166 199
166 229
166 293
166 347
166 402
166 412
166 597
166 601
166 814
167 675
167 703
167 704
167 813
167 857
168 176
168 186
168 203
168 218
168 268
168 344
168 360
168 377
168 379
168 562
169 178
169 227
169 310
169 512
169 521
169 603
169 804
169 825
170 290
170 789
170 868
170 899
170 976
171 204
171 297
171 707
171 720
171 758
171 800
171 804
171 990
172 219
172 268
172 354
172 393
172 402
172 722
172 828
172 927
173 469
173 613
174 456
174 557
174 597
174 684
174 747
174 863
174 976
175 479
175 524
175 595
175 756
175 865
175 920
176 294
176 367
176 432
176 479
176 903
176 923
177 190
177 202
177 423
177 433
177 608
177 609
177 671
177 771
177 778
177 878
177 931
177 954
178 271
178 286
178 301
178 515
178 597
178 605
178 721
178 726
178 802
178 940
179 181
179 314
179 662
179 807
179 864
179 873
180 363
180 370
180 395
180 588
180 804
180 862
180 899
181 355
181 417
181 418
181 510
181 622
181 736
181 858
181 915
181 995
182 464
182 582
182 595
182 750
182 870
182 995
183 185
183 230
183 232
183 295
183 392
183 785
183 841
183 928
183 992
184 495
184 699
184 737
184 833
185 189
185 298
185 322
185 326
185 342
185 600
185 889
186 432
186 446
186 498
186 554
186 695
186 788
186 859
186 951
187 292
187 345
187 351
187 407
187 652
187 692
187 698
187 896
188 338
188 623
188 798
188 924
189 392
189 437
189 669
189 719
189 764
189 862
189 994
190 291
190 343
190 382
190 384
190 584
190 719
190 794
191 262
191 298
191 461
191 546
191 599
191 622
191 627
191 638
191 959
191 980
192 243
192 259
192 324
192 373
192 494
192 574
192 607
192 845
193 266
193 691
193 693
193 757
193 876
193 881
193 922
193 925
194 540
194 613
194 699
194 762
194 858
194 963
195 248
195 257
195 356
195 613
195 900
195 932
195 984
196 203
196 215
196 302
196 312
196 415
196 448
196 494
196 514
196 579
196 606
196 625
196 642
196 736
196 895
196 946
197 496
197 637
197 665
197 677
197 778
197 782
197 839
197 945
198 211
198 215
198 380
198 429
198 569
198 627
198 954
199 332
199 573
199 598
199 712
199 809
199 999
200 228
200 521
200 523
200 580
200 781
200 784
200 806
200 858
200 994
201 215
201 435
201 536
201 557
201 864
201 906
201 951
202 305
202 364
202 440
202 467
202 547
202 765
202 940
203 416
203 559
203 679
203 796
204 277
204 301
204 352
204 496
204 600
204 708
205 215
205 231
205 285
205 396
205 467
205 689
205 705
205 794
205 811
205 850
205 904
205 912
206 471
206 472
206 528
206 662
206 784
206 850
206 864
206 870
207 380
207 382
207 414
207 425
207 523
207 582
207 751
207 858
207 913
208 344
208 349
208 381
208 478
208 565
208 790
208 847
208 869
209 271
209 282
209 362
209 378
209 430
209 454
209 584
209 659
209 741
209 821
210 275
210 441
210 473
210 483
210 686
210 724
210 822
210 851
211 244
211 673
211 699
211 707
211 748
211 794
211 910
211 984
212 241
212 242
212 250
212 293
212 420
212 434
212 440
212 494
212 520
212 554
212 798
212 985
213 227
213 414
213 644
213 752
213 907
213 934
214 271
214 578
214 754
214 777
214 798
214 837
215 224
215 304
215 477
215 507
215 547
215 780
215 810
216 239
216 286
216 325
216 476
216 702
216 802
216 806
216 823
216 973
217 312
217 470
217 531
217 637
217 690
217 792
218 246
218 279
218 333
218 486
218 499
218 536
218 749
218 798
219 310
219 345
219 442
219 675
219 704
219 708
219 711
219 965
220 348
220 557
220 587
220 630
220 750
220 807
220 863
220 901
220 904
220 966
221 746
221 762
221 800
221 933
221 964
222 376
222 404
222 445
222 465
222 506
222 613
222 770
222 831
222 863
222 910
222 993
223 308
223 311
223 420
223 422
223 794
223 810
223 829
224 464
224 497
224 576
224 629
224 726
224 785
224 897
224 911
224 973
225 250
225 404
225 443
225 452
225 532
225 754
225 942
226 520
226 808
226 878
227 379
227 388
227 403
227 539
227 563
227 714
227 781
227 901
228 282
228 388
228 552
229 342
229 350
229 607
229 639
229 833
230 276
230 394
230 395
230 483
230 540
230 758
230 774
230 826
230 863
230 924
230 925
231 294
231 295
231 435
231 541
231 565
231 581
231 838
231 990
232 286
232 325
232 326
232 347
232 722
232 762
232 814
232 895
232 925
232 987
233 267
233 422
233 539
233 656
233 755
233 789
233 921
233 929
234 266
234 402
234 727
234 743
234 755
234 769
234 808
234 915
235 236
235 267
235 294
235 423
235 460
235 513
235 625
235 663
235 865
235 947
236 429
236 455
236 727
236 804
237 305
237 312
237 424
237 632
237 684
237 717
237 725
238 252
238 294
238 331
238 407
238 453
238 536
238 570
238 622
238 658
238 691
238 717
238 780
238 886
238 908
238 979
239 294
239 403
239 536
239 681
239 742
239 774
239 859
240 262
240 403
240 408
240 442
240 601
240 672
240 730
240 812
240 826
241 435
241 493
241 551
241 630
241 736
241 804
241 834
241 859
241 876
242 294
242 310
242 436
242 607
242 832
242 957
242 984
242 999
243 317
243 323
243 390
243 494
243 572
243 684
243 731
243 857
244 251
244 288
244 487
244 556
244 588
244 684
244 838
244 842
244 886
245 259
245 337
245 432
245 519
245 629
245 724
245 868
246 266
246 269
246 444
246 494
246 582
246 828
246 860
247 433
247 998
248 315
248 331
248 404
248 558
248 751
248 754
248 792
248 932
248 940
249 251
249 300
249 461
249 512
249 738
249 854
249 894
250 356
250 468
250 488
250 759
250 760
250 942
251 262
251 407
251 578
251 779
251 879
251 913
251 997
252 271
252 405
252 556
252 671
252 883
252 972
253 340
253 519
253 539
253 549
253 587
253 599
253 614
253 649
253 768
253 913
253 925
253 992
254 386
254 410
254 413
254 504
254 680
254 685
254 721
254 746
254 808
255 315
255 371
255 436
255 439
255 494
255 549
255 632
255 706
255 837
255 871
256 277
256 376
256 456
256 464
256 469
256 481
256 686
256 856
256 877
256 921
256 983
257 297
257 582
257 616
257 783
257 804
257 832
257 961
258 296
258 334
258 403
258 519
258 527
258 532
258 595
258 606
258 696
258 745
258 766
258 816
258 821
258 939
259 271
259 331
259 372
259 432
259 524
259 603
259 661
259 694
259 870
259 939
260 325
260 395
260 677
260 695
260 790
260 840
261 382
261 511
261 614
261 767
261 858
261 992
262 378
262 565
262 616
262 697
262 808
262 855
262 965
262 969
263 393
263 455
263 531
263 720
263 766
263 954
264 501
264 518
264 522
264 955
265 325
265 434
265 469
265 670
265 695
265 769
265 795
265 813
265 886
266 278
266 494
266 530
266 746
266 933
266 958
267 558
267 602
267 807
268 441
268 517
268 744
268 822
268 893
268 955
269 324
269 400
269 450
269 462
269 582
269 601
269 748
269 805
269 840
270 530
270 545
270 599
270 715
270 792
270 906
271 336
271 353
271 355
271 425
271 563
271 669
271 762
271 913
272 347
272 597
272 824
272 827
272 864
272 942
273 297
273 368
273 469
273 511
273 844
273 862
274 377
274 550
274 955
275 413
275 526
275 571
275 606
275 849
275 919
275 941
276 309
276 448
276 670
276 763
276 783
276 849
276 869
276 870
276 882
277 338
277 412
277 645
277 685
277 687
277 710
277 828
277 904
278 325
278 600
278 745
278 801
278 894
278 937
278 942
279 311
279 634
279 700
279 703
279 716
280 325
280 326
280 361
280 421
280 538
280 544
280 825
280 874
280 893
280 973
281 447
281 551
281 610
281 647
281 822
282 292
282 772
282 894
283 602
283 734
283 788
283 833
284 364
284 412
284 424
284 543
284 574
284 618
284 652
285 291
285 316
285 563
285 797
285 886
286 302
286 380
286 393
286 405
286 471
286 494
287 340
287 381
287 663
287 791
287 800
288 505
288 512
288 648
288 694
288 802
288 819
288 854
289 424
289 455
289 514
289 573
289 690
289 703
289 967
290 348
290 493
290 693
290 709
290 734
290 762
291 360
291 458
291 484
291 515
291 533
291 576
291 633
291 946
292 352
292 446
292 698
292 965
293 353
293 518
293 532
293 583
293 636
293 665
293 682
293 714
293 869
293 879
294 318
294 406
294 587
294 806
294 835
295 358
295 492
295 594
295 618
295 716
295 741
295 876
295 986
296 638
296 730
297 391
297 402
297 496
297 536
297 556
297 579
297 678
297 707
297 823
297 928
297 977
298 387
298 446
298 565
298 816
298 844
299 429
299 502
299 609
299 646
299 648
299 682
299 805
299 867
299 933
299 938
299 988
300 368
300 391
300 448
300 494
300 720
300 880
300 917
300 928
301 353
301 527
301 616
301 634
301 649
301 704
301 956
302 364
302 391
302 411
302 505
302 863
302 867
302 909
302 928
302 954
303 412
303 497
303 587
303 604
303 607
303 621
303 670
303 748
303 881
304 476
304 577
304 684
305 411
305 493
305 915
305 985
306 394
306 559
306 591
306 673
306 805
306 896
306 928
307 313
307 380
307 416
307 718
307 749
307 753
307 795
307 852
307 980
308 357
308 392
308 398
308 605
308 614
308 677
308 899
308 957
308 964
308 990
309 311
309 313
309 409
309 546
309 571
309 634
309 762
309 783
309 888
309 940
309 974
310 437
310 535
310 577
310 641
310 784
310 896
311 505
311 563
311 707
311 723
311 794
311 816
311 838
311 882
311 962
311 974
311 977
311 995
312 334
312 422
312 449
312 562
312 570
312 792
312 894
312 939
313 437
313 525
313 760
313 768
313 902
313 911
313 936
314 512
314 522
314 549
314 601
314 724
314 780
314 791
314 811
314 979
315 326
315 390
315 424
315 461
315 519
315 538
315 594
315 616
315 738
315 774
315 843
315 895
315 903
315 954
315 960
316 369
316 370
316 468
316 557
316 855
316 997
317 526
317 711
317 814
317 822
317 961
318 576
318 706
318 921
318 985
318 998
319 431
319 464
319 542
319 640
319 733
319 744
319 953
320 532
320 550
320 647
320 749
320 804
320 878
320 961
320 974
321 355
321 398
321 426
321 459
321 512
321 598
321 808
321 809
321 810
321 934
321 968
322 379
322 395
322 452
322 540
322 575
322 696
322 835
322 933
323 353
323 376
323 457
323 613
323 630
323 667
323 851
323 902
324 499
324 679
324 865
324 878
325 353
325 488
325 599
325 830
326 411
326 697
326 759
326 789
326 860
326 931
326 969
326 981
327 442
327 472
327 560
327 681
327 827
327 903
327 924
328 463
328 468
328 488
329 368
329 492
329 494
329 641
329 685
329 700
329 738
329 917
330 350
330 550
330 591
330 668
330 689
330 752
330 773
330 806
330 887
330 928
331 365
331 386
331 396
331 501
331 595
331 618
331 753
331 789
332 483
332 523
332 550
332 618
332 675
332 799
332 909
333 404
333 423
333 548
333 744
333 858
334 478
334 931
334 964
335 367
335 533
335 599
335 753
335 826
336 377
336 492
336 501
336 503
336 562
336 644
336 791
336 865
336 894
336 899
336 936
337 416
337 465
337 495
337 598
337 705
337 711
337 754
337 759
337 762
337 809
337 924
338 358
338 369
338 539
338 551
338 657
338 698
338 723
338 767
338 871
338 998
339 553
339 631
339 649
339 734
339 791
339 838
339 863
339 927
339 937
340 412
340 449
340 511
340 516
340 741
340 992
341 414
341 473
341 551
341 677
341 682
341 771
341 796
341 867
342 400
342 405
342 527
342 576
342 664
342 720
343 412
343 413
343 656
343 674
343 705
343 866
343 958
344 362
344 401
344 413
344 587
344 663
344 973
345 441
345 460
345 762
345 808
345 872
345 916
345 959
346 373
346 527
346 625
346 682
346 692
346 723
346 887
346 907
346 959
347 736
347 851
347 966
347 995
348 486
348 615
348 623
348 887
348 988
349 423
349 445
349 606
349 610
349 673
349 805
349 834
349 969
350 441
350 453
350 582
350 649
350 877
350 920
351 366
351 417
351 525
351 579
351 680
351 819
351 856
351 912
352 379
352 493
352 523
352 611
352 734
353 399
353 537
353 671
353 682
353 762
353 773
354 361
354 408
354 476
354 484
354 553
354 677
354 696
354 878
355 382
355 427
355 491
355 496
355 562
355 692
355 823
355 855
355 862
356 534
356 641
356 729
357 655
357 725
357 797
357 805
357 834
357 848
358 494
358 542
358 551
358 647
358 684
358 896
358 974
359 417
359 418
359 434
359 445
359 655
359 661
359 741
360 522
360 523
360 530
360 544
360 665
360 715
360 731
360 767
360 816
360 873
360 904
360 948
361 418
361 556
361 656
361 657
361 674
361 703
361 772
362 414
362 465
362 622
362 659
362 989
363 395
363 456
363 503
363 686
363 693
363 694
363 869
364 773
364 961
364 969
364 970
365 417
365 525
365 649
365 772
365 950
365 967
365 983
366 433
366 481
366 493
366 647
366 677
366 716
366 722
366 819
366 882
366 898
366 936
367 657
367 676
367 683
367 946
368 710
368 851
368 999
369 417
369 477
369 489
369 506
369 768
369 825
369 846
369 938
370 458
370 500
370 646
370 666
370 762
370 919
370 921
370 926
371 404
371 546
371 555
371 675
371 693
371 715
371 789
371 797
372 429
372 453
372 510
372 590
372 618
372 712
372 742
372 899
373 526
373 618
373 799
373 888
373 934
374 401
374 405
374 431
374 574
374 580
374 664
374 726
374 779
374 849
374 917
374 938
374 944
375 392
375 423
375 506
375 580
375 831
375 838
375 856
375 873
375 877
375 986
376 506
376 657
376 741
376 891
376 899
376 965
377 475
377 547
377 577
377 629
377 645
377 675
377 762
377 889
378 419
378 602
378 852
378 869
378 942
379 395
379 440
379 547
379 583
379 723
379 794
379 903
380 703
380 776
380 777
380 806
381 511
381 657
381 761
381 796
381 866
382 546
382 680
382 685
383 506
383 576
384 626
384 632
384 697
384 961
385 389
385 588
385 691
385 820
386 469
386 474
386 548
386 582
386 596
386 803
387 430
387 457
387 561
387 579
387 817
387 960
388 816
388 960
388 983
389 546
389 578
389 743
389 766
389 829
389 927
389 938
390 481
390 487
390 532
390 570
390 717
390 734
391 724
391 783
391 807
392 544
392 697
392 769
392 792
392 885
392 947
393 491
393 591
393 942
394 498
394 635
394 693
394 695
395 404
395 564
395 570
395 585
396 450
396 513
396 536
396 608
396 635
396 773
396 833
396 840
396 914
396 995
397 398
397 554
397 611
397 662
397 791
397 819
397 889
397 895
397 908
398 497
398 678
398 699
398 757
398 814
398 841
398 888
398 897
398 924
398 935
399 404
400 458
400 472
400 481
400 495
400 567
400 602
400 774
400 838
400 958
401 457
401 548
401 920
402 746
402 987
402 995
403 554
403 577
403 772
403 797
403 889
403 978
404 427
404 523
404 549
404 550
404 645
404 674
404 713
404 725
404 821
404 983
405 408
405 421
405 427
405 456
405 489
405 660
405 744
405 908
406 464
406 600
406 615
406 709
406 711
406 828
406 835
406 875
406 902
406 934
406 937
407 569
407 797
407 835
407 857
407 949
407 970
408 433
408 884
408 954
408 989
409 419
409 522
409 597
409 786
409 986
410 621
410 748
410 801
410 862
410 954
411 483
411 698
411 880
411 983
412 515
412 595
412 699
412 701
412 730
412 747
412 756
413 533
413 540
413 555
413 566
413 643
414 421
414 577
414 649
414 661
414 711
414 749
414 752
414 768
414 830
414 886
415 509
415 549
415 622
415 961
416 453
416 481
416 549
416 555
416 582
416 635
416 802
416 857
416 974
416 975
417 570
417 583
417 612
417 651
417 903
418 663
418 852
419 430
419 510
419 615
419 632
419 782
419 895
419 911
420 444
420 778
420 906
420 909
421 513
421 570
421 608
421 783
421 801
421 836
421 878
422 447
422 612
422 696
422 747
422 753
422 957
422 960
423 518
423 556
423 627
423 651
423 775
424 459
424 594
424 787
425 555
425 601
425 612
425 621
425 637
425 672
425 819
425 854
425 923
426 455
426 502
426 508
426 546
426 590
427 485
427 491
427 552
427 599
427 770
428 434
428 489
428 527
428 565
428 623
428 754
428 764
428 873
428 923
428 969
429 438
429 445
429 536
429 638
429 647
429 741
429 752
429 813
429 851
429 890
429 976
430 448
430 590
430 642
430 784
430 818
430 907
431 444
431 472
431 604
431 620
431 780
431 792
431 828
432 519
432 611
432 614
432 619
433 582
433 589
433 669
433 689
433 777
434 539
434 540
434 988
435 735
435 915
436 585
437 505
437 531
437 561
437 603
437 629
437 662
437 739
437 797
437 812
437 872
438 518
438 522
438 600
438 603
438 946
438 969
439 480
439 563
439 627
439 830
439 907
439 954
440 756
440 902
440 916
441 594
441 682
441 769
441 869
442 542
442 634
442 750
442 966
443 575
443 584
443 678
443 760
443 996
444 476
444 639
444 793
444 917
445 594
445 680
445 791
445 799
445 878
446 566
446 947
446 964
447 469
447 527
447 703
447 798
447 892
447 917
447 938
447 990
448 500
448 503
448 725
448 927
449 587
449 632
449 773
449 797
449 951
450 467
450 500
450 685
450 689
450 829
450 867
451 531
451 679
451 779
451 811
451 945
452 518
452 540
452 611
452 629
453 582
453 611
453 620
453 650
453 809
453 902
453 984
453 995
454 592
454 878
455 497
455 631
455 677
455 759
455 846
456 627
456 665
456 746
456 779
456 783
456 851
457 493
457 713
457 757
457 775
457 802
457 803
457 827
458 470
458 637
458 801
459 782
459 996
459 999
460 654
460 708
460 775
460 784
460 832
460 919
460 992
461 606
462 468
462 538
463 487
463 574
463 627
463 807
463 904
464 478
464 535
464 607
464 711
464 712
464 784
464 792
464 947
464 982
465 532
465 556
465 611
465 779
465 849
465 871
466 516
466 683
466 687
466 767
466 823
466 826
466 893
467 480
467 496
467 934
468 619
468 644
468 786
468 823
468 874
468 890
468 999
469 655
469 747
469 854
469 982
470 474
470 577
470 604
470 788
470 807
470 822
471 529
471 545
471 623
471 691
472 571
472 677
472 740
472 778
472 844
472 970
473 498
473 592
473 630
473 706
473 707
473 808
473 884
474 514
474 530
474 617
474 812
475 483
475 536
475 606
475 634
475 950
476 537
476 577
476 618
476 729
476 812
476 866
477 506
477 520
477 556
477 598
477 868
477 878
477 928
477 948
477 949
478 517
478 600
478 773
478 799
479 540
479 792
479 896
479 969
479 970
480 544
480 571
480 577
480 608
480 639
480 761
480 848
480 939
481 569
481 596
481 645
481 875
482 819
482 845
482 967
482 980
483 493
483 495
483 616
483 688
483 718
483 808
483 913
484 593
484 624
484 656
484 727
484 769
484 797
484 979
485 707
485 724
485 904
485 977
486 502
486 605
486 637
486 730
486 764
487 502
487 632
487 775
487 788
487 825
487 831
487 849
487 871
487 922
488 515
488 785
488 862
489 888
489 918
489 932
490 518
490 634
490 647
490 812
490 843
490 958
490 984
491 546
491 666
491 832
492 604
492 619
492 634
492 722
492 730
492 872
494 495
494 615
494 678
495 525
495 623
495 736
495 739
495 756
495 806
496 764
496 778
496 885
496 903
496 969
497 620
497 714
497 728
497 746
497 798
497 820
497 970
497 999
498 577
498 634
498 688
498 884
498 975
498 999
500 539
500 555
500 568
500 597
500 654
500 827
500 892
500 906
500 967
501 680
501 685
501 980
502 526
502 761
502 837
502 865
502 877
502 982
503 608
503 739
503 793
503 816
503 838
503 948
504 535
504 630
504 686
504 753
504 897
504 899
504 979
505 615
505 623
505 772
505 918
505 928
506 543
506 544
506 551
506 590
506 647
506 650
506 906
506 974
507 550
507 613
507 734
507 972
508 511
508 587
508 767
508 975
508 984
508 986
509 611
509 733
509 747
509 759
509 855
509 950
510 707
510 712
510 736
510 772
510 997
511 540
511 805
511 851
511 929
511 944
511 970
512 586
512 657
512 754
512 780
512 782
513 536
513 539
513 576
513 897
513 993
514 699
514 840
515 604
515 771
516 529
516 550
516 627
517 529
517 598
517 600
517 691
517 752
517 759
517 762
517 851
517 959
518 646
519 589
519 669
519 715
519 793
519 811
519 849
519 925
519 987
519 990
520 565
520 713
520 730
520 792
520 821
520 825
520 932
521 551
521 600
521 766
521 874
521 907
522 653
522 670
522 800
522 824
522 825
522 872
523 718
523 818
523 957
524 585
524 598
524 680
524 730
525 624
525 869
526 537
526 558
526 743
526 805
526 808
526 850
526 937
526 942
527 760
527 793
527 837
528 557
528 697
528 955
529 569
529 590
529 842
529 923
529 938
530 587
530 640
530 666
530 758
531 770
531 880
531 881
531 893
531 940
531 956
532 827
532 900
533 548
533 579
533 721
534 566
534 618
534 995
535 718
535 784
535 806
535 812
535 965
535 980
536 628
536 629
536 638
536 719
536 967
537 581
538 544
538 561
538 575
538 687
538 725
538 769
538 796
538 843
538 906
539 623
539 709
539 725
539 790
539 797
539 869
539 928
539 983
540 622
540 942
540 947
540 965
540 976
541 643
541 810
542 610
542 615
542 633
542 647
542 648
542 725
542 770
542 784
542 909
542 931
542 940
543 652
543 672
543 855
543 942
544 559
544 639
544 805
544 907
545 595
545 630
545 901
546 556
546 670
546 690
546 719
546 733
546 847
547 563
547 779
547 791
547 899
547 943
548 602
548 794
548 828
549 595
549 681
549 692
549 813
549 996
550 671
550 888
551 761
551 782
551 870
552 654
552 692
552 696
552 862
552 915
553 594
554 602
554 796
555 572
555 583
555 893
556 859
556 911
556 998
557 563
558 710
558 765
559 800
559 981
559 987
560 581
560 660
560 668
560 730
560 811
560 846
560 954
561 733
561 793
561 899
561 933
562 692
562 771
562 961
563 704
563 839
563 940
563 977
564 573
564 592
564 623
564 700
564 765
564 800
564 859
565 829
565 833
565 853
565 865
565 897
566 917
566 923
566 973
566 992
566 996
567 579
567 804
567 927
567 951
568 691
568 701
568 737
568 739
568 879
569 741
570 774
571 828
573 595
573 637
573 668
573 734
573 956
574 576
574 766
574 794
575 644
575 733
575 750
575 833
575 997
576 580
576 614
576 631
576 729
576 862
576 865
576 895
577 729
577 769
577 849
577 862
577 869
577 983
578 592
578 606
578 635
578 783
578 784
578 828
578 915
579 667
579 849
579 919
580 738
580 828
581 585
581 672
581 754
581 780
581 873
581 920
581 930
581 932
581 989
582 728
582 759
582 909
582 996
583 584
583 626
583 645
583 661
583 702
583 875
583 878
583 902
584 645
584 707
584 927
585 645
585 663
585 675
585 705
585 763
586 726
586 911
587 590
587 618
587 714
587 876
587 946
589 642
589 728
589 756
589 877
589 908
589 910
589 950
590 822
590 966
590 998
591 717
591 875
591 974
592 611
592 640
592 694
592 700
592 710
592 780
592 859
592 959
592 976
593 603
593 669
593 818
594 698
594 761
594 807
595 829
595 868
595 873
595 883
595 914
595 957
596 627
596 645
596 658
596 666
596 702
596 742
596 905
597 686
597 745
597 812
597 885
597 901
597 913
598 673
598 709
598 787
598 940
598 986
598 996
599 820
599 845
599 927
599 983
600 621
601 616
601 739
601 882
602 994
603 642
603 750
603 776
603 958
603 992
604 646
604 690
604 808
605 651
605 667
605 759
605 884
605 903
606 678
606 721
606 850
606 990
607 680
607 758
607 761
607 923
608 612
608 708
608 710
608 816
608 831
608 893
608 900
609 689
609 790
609 863
609 994
610 802
610 904
610 910
611 639
611 897
612 844
612 851
612 882
613 647
613 803
613 822
613 860
614 805
614 915
615 662
615 891
616 754
616 838
616 988
616 997
617 628
617 717
617 902
618 653
618 692
618 748
618 795
618 846
618 956
618 978
618 987
619 650
619 886
620 866
621 759
622 701
623 829
623 977
624 633
624 640
624 671
624 679
624 733
624 875
624 983
624 999
625 679
625 688
625 716
625 774
625 783
625 895
625 961
625 974
625 999
626 670
626 763
627 830
628 688
628 883
628 922
628 942
629 725
629 903
629 994
630 668
630 976
631 784
631 788
631 799
631 962
631 976
632 722
632 922
633 798
633 849
633 911
633 954
634 664
634 827
634 864
634 963
635 679
635 698
635 753
635 928
636 987
637 925
637 934
637 978
638 695
638 757
638 955
639 736
640 642
640 688
640 717
640 802
640 870
640 992
641 680
641 691
641 693
641 770
642 737
642 828
643 677
644 650
644 742
644 782
644 815
645 842
645 936
647 785
647 827
647 980
648 731
648 738
648 833
648 859
649 761
649 907
650 713
650 730
650 791
650 960
650 967
650 970
650 976
650 993
651 678
651 806
651 819
652 660
652 737
652 896
653 767
653 811
653 921
654 904
655 715
655 741
655 885
655 912
655 964
656 713
656 738
656 754
656 772
656 927
656 971
657 729
657 750
657 880
657 891
657 897
657 915
657 929
658 744
658 766
658 951
659 669
659 680
659 962
659 990
660 729
660 760
660 865
660 928
661 827
661 829
661 952
662 665
662 749
662 857
663 698
663 738
663 765
664 713
664 739
664 771
664 896
665 775
665 786
665 794
665 842
665 848
665 951
666 742
666 888
667 868
667 929
668 810
668 825
668 960
668 963
669 700
669 809
669 837
669 991
670 742
670 783
671 775
671 908
671 920
671 958
672 880
672 887
673 814
673 881
674 693
674 694
674 842
674 900
674 931
674 963
674 999
675 736
675 765
675 824
675 875
675 876
675 893
676 725
676 834
676 862
676 925
676 936
677 723
677 781
677 807
677 857
677 929
677 983
678 844
678 872
678 978
679 690
680 881
681 793
682 687
682 712
682 912
682 936
682 991
683 742
683 811
683 958
684 849
684 984
684 998
685 707
685 786
685 799
685 801
685 933
685 988
686 712
686 737
686 827
686 929
686 960
687 810
688 781
688 791
688 961
689 973
690 849
690 902
691 693
691 718
691 964
692 791
692 793
692 927
693 705
694 751
694 794
694 853
695 708
695 884
696 797
696 882
697 762
697 819
697 966
698 951
699 849
700 883
700 982
701 714
701 826
702 709
702 735
702 742
702 996
703 798
703 868
704 708
704 793
704 888
704 920
705 734
705 752
705 793
705 838
705 935
706 719
706 731
706 852
706 980
707 805
707 918
708 839
708 876
708 910
708 946
709 891
709 935
709 959
709 961
710 722
710 785
710 959
711 968
711 980
712 733
712 836
712 928
712 948
712 966
713 855
714 769
714 918
714 983
715 862
716 795
716 961
717 896
718 766
718 811
718 827
718 938
720 789
720 886
720 968
720 974
721 827
721 899
722 787
722 799
722 802
724 875
724 923
724 943
725 897
725 914
725 918
725 944
726 768
727 785
727 810
727 964
727 975
728 788
728 794
729 925
729 983
730 827
731 750
731 786
731 800
731 837
731 849
732 882
732 936
732 978
734 852
734 913
735 806
735 859
735 905
735 924
735 958
736 923
736 954
736 956
736 958
736 971
736 986
737 818
737 929
737 934
738 844
738 881
738 892
738 922
738 969
739 757
739 765
739 815
739 847
740 970
740 985
740 992
741 748
741 872
743 803
744 792
744 799
744 942
745 962
745 973
746 775
746 874
746 958
746 965
747 775
747 797
747 890
748 783
748 847
748 959
750 870
751 752
751 793
751 800
751 924
752 758
752 890
753 831
754 834
754 888
754 901
755 913
755 936
755 959
757 803
757 808
758 772
758 820
759 785
759 850
759 939
760 975
761 812
761 832
761 868
762 934
763 872
763 907
763 992
764 914
764 984
765 944
766 861
766 942
766 944
766 949
767 819
768 938
768 997
769 850
769 885
769 892
769 981
770 815
771 807
771 812
771 926
773 793
773 795
774 866
774 926
774 931
774 939
775 792
775 800
776 910
776 995
777 798
777 906
777 951
777 963
778 799
778 873
779 865
779 892
780 807
781 887
782 917
782 943
782 968
783 801
784 843
784 918
785 827
785 972
785 985
786 805
786 993
787 943
787 952
787 966
788 814
788 848
789 804
790 955
790 962
791 977
792 818
792 854
792 861
793 844
793 961
794 915
794 951
795 993
796 984
797 812
797 822
798 820
801 822
802 927
802 941
804 877
804 968
805 882
805 897
805 954
806 971
809 989
810 829
810 846
811 843
812 848
814 822
814 836
814 859
815 861
815 865
816 860
817 835
817 870
817 876
818 828
819 917
819 992
823 866
823 917
825 878
826 850
826 852
826 874
827 956
828 986
830 938
831 853
831 978
832 848
832 997
835 891
835 957
835 984
836 996
837 849
838 919
838 985
840 977
841 897
841 960
842 843
842 938
842 964
842 970
842 978
843 886
843 970
844 879
844 970
845 960
846 915
846 939
847 865
847 916
847 952
848 896
848 905
849 925
851 890
851 901
852 958
852 992
853 875
853 906
853 938
854 977
855 933
855 958
855 969
856 951
856 989
857 866
858 955
858 981
858 988
858 999
859 868
859 968
860 920
860 943
862 879
862 930
862 958
864 966
865 895
866 972
867 954
869 910
869 966
870 932
871 881
871 953
873 941
874 914
875 934
875 944
876 921
876 987
878 886
879 931
879 957
880 890
882 969
883 919
883 993
884 935
886 927
887 944
889 921
889 982
890 914
894 987
895 914
895 925
895 953
896 942
896 985
896 989
900 910
900 963
901 991
903 940
905 937
906 921
906 974
909 953
910 932
910 983
911 963
912 988
913 922
916 936
916 963
916 988
919 938
919 986
919 999
921 949
921 990
922 941
922 983
922 999
924 940
924 982
924 988
924 991
925 978
927 963
927 967
927 972
929 933
929 978
931 936
931 966
933 970
934 950
939 966
941 953
944 954
946 975
947 987
950 955
953 971
955 994
956 984
968 979
971 974
973 983
974 988
978 991
982 985
982 997
992 999
0
10 999
