1000	5070	 1
0 106
0 471
0 642
0 651
0 775
0 788
0 908
1 67
1 82
1 133
1 206
1 521
1 538
1 574
1 996
1 998
2 58
2 83
2 138
2 144
2 166
2 464
2 523
2 578
2 657
2 731
2 742
2 791
2 970
3 69
3 219
3 254
3 361
3 455
3 510
3 625
3 649
3 744
3 776
4 53
4 166
4 210
4 276
4 315
4 352
4 377
4 519
4 598
4 676
4 748
4 803
5 90
5 96
5 322
5 396
5 412
5 489
5 500
5 558
5 575
5 754
5 965
6 103
6 192
6 331
6 358
6 462
6 464
6 628
6 904
6 918
7 455
7 499
7 606
7 630
7 711
7 778
7 924
7 947
8 150
8 348
8 577
8 595
8 611
8 869
8 981
9 162
9 498
9 595
9 631
9 882
10 329
10 441
10 472
10 480
10 593
10 682
10 734
10 881
10 884
10 929
10 953
11 399
11 644
11 698
11 927
11 969
11 975
12 55
12 202
12 243
12 322
12 396
12 415
12 437
12 448
12 454
12 528
12 787
13 69
13 136
13 345
13 396
13 466
13 506
13 945
14 69
14 150
14 157
14 158
14 250
14 409
14 442
14 514
14 550
14 559
14 933
15 62
15 141
15 292
15 542
15 550
15 656
15 759
15 864
15 868
15 977
16 41
16 240
16 253
16 431
16 503
16 717
16 824
16 947
16 999
17 64
17 163
17 183
17 201
17 367
17 378
17 405
17 413
17 517
17 561
17 604
17 759
17 869
17 885
17 966
17 975
18 88
18 117
18 318
18 326
18 583
18 620
18 682
18 761
19 96
19 171
19 179
19 314
19 332
19 463
19 542
19 846
19 853
20 317
20 376
20 464
20 466
20 613
20 910
21 53
21 80
21 132
21 271
21 372
21 448
21 529
21 603
21 707
21 818
21 849
21 850
22 80
22 99
22 122
22 220
22 327
22 352
22 370
22 376
22 467
22 574
22 600
22 664
22 684
22 699
22 914
22 950
22 962
23 40
23 47
23 137
23 165
23 178
23 179
23 251
23 254
23 461
23 490
23 561
23 622
23 628
23 661
23 740
23 813
23 919
23 929
23 972
24 38
24 81
24 188
24 406
24 559
24 599
24 756
24 769
24 817
24 830
25 113
25 143
25 152
25 261
25 444
25 484
25 586
25 678
25 858
25 945
25 963
26 142
26 215
26 217
26 246
26 600
26 613
26 618
26 708
26 894
27 146
27 165
27 278
27 302
27 519
27 669
27 711
27 805
27 942
27 945
28 36
28 70
28 110
28 203
28 451
28 570
28 610
28 631
28 755
28 807
28 914
28 921
29 36
29 54
29 177
29 243
29 259
29 647
29 676
29 698
29 750
29 999
30 81
30 380
30 528
30 602
30 725
30 873
30 913
31 348
31 415
31 426
31 692
31 742
32 317
32 320
32 448
32 460
32 689
32 719
32 807
32 823
32 951
32 978
33 63
33 463
33 845
33 911
34 60
34 175
34 413
34 637
34 812
34 926
35 81
35 252
35 352
35 583
35 987
36 126
36 454
36 563
36 687
36 711
37 121
37 300
37 352
37 364
37 399
37 522
37 729
37 758
37 783
37 835
37 886
37 971
38 229
38 396
38 760
38 837
38 876
38 878
38 888
38 991
39 166
39 173
39 190
39 392
39 563
39 827
39 857
40 53
40 208
40 247
40 268
40 271
40 335
40 336
40 367
40 394
40 450
40 533
40 545
40 652
40 717
40 788
41 77
41 100
41 118
41 201
41 540
41 592
41 639
41 693
41 767
41 826
41 915
42 55
42 104
42 231
42 238
42 250
42 300
42 309
42 428
42 491
42 597
42 663
42 707
42 772
42 850
42 900
42 927
43 91
43 327
43 442
43 445
43 488
43 612
43 640
43 721
43 749
43 798
43 814
43 991
43 993
44 184
44 263
44 363
44 379
44 397
44 501
44 647
44 687
44 726
44 735
44 778
45 204
45 215
45 313
45 324
45 344
45 360
45 488
45 498
45 569
45 584
45 600
45 669
45 789
45 793
45 807
45 844
45 895
45 932
46 47
46 93
46 114
46 200
46 201
46 536
46 652
46 680
46 941
46 944
47 120
47 144
47 154
47 214
47 463
47 496
47 507
47 520
47 694
47 742
47 879
47 891
48 219
48 261
48 322
48 373
48 431
48 433
48 463
48 528
48 557
48 642
48 776
48 826
49 404
49 493
49 686
49 833
50 64
50 89
50 165
50 235
50 276
50 327
50 365
50 408
50 418
50 439
50 443
50 449
50 462
50 501
50 520
50 587
50 607
50 675
50 685
50 720
50 801
50 873
50 957
50 972
50 982
50 985
51 55
51 72
51 89
51 119
51 238
51 275
51 331
51 596
51 745
52 113
52 167
52 171
52 186
52 512
52 671
52 704
52 765
52 814
53 56
53 506
53 568
54 68
54 211
54 257
54 296
54 401
54 455
54 480
54 738
54 748
54 887
54 889
54 895
54 940
55 56
55 82
55 103
55 111
55 201
55 316
55 537
55 552
55 587
55 666
55 678
55 791
55 822
55 892
55 903
56 80
56 230
56 240
56 511
56 555
56 750
56 800
56 956
57 520
57 706
57 786
57 990
58 201
58 380
58 382
58 646
58 702
58 758
58 878
59 152
59 166
59 178
59 216
59 268
59 291
59 404
59 456
59 464
59 467
59 487
59 691
59 817
60 101
60 129
60 163
60 204
60 262
60 289
60 355
60 543
60 811
60 863
61 135
61 363
61 558
61 684
61 848
61 909
61 939
62 530
62 531
62 532
62 586
62 647
62 806
62 941
63 109
63 120
63 165
63 170
63 392
63 593
63 633
63 693
63 709
63 821
64 75
64 406
64 520
64 551
64 555
64 573
64 754
64 902
65 148
65 171
65 344
65 419
65 536
65 602
65 651
65 662
65 947
66 76
66 93
66 318
66 402
66 607
66 945
67 142
67 209
67 220
67 228
67 444
67 483
67 786
67 800
67 886
67 937
68 322
68 466
68 512
68 514
68 635
68 770
68 835
68 892
68 897
69 117
69 332
69 392
69 541
69 614
69 642
69 758
69 800
69 805
69 865
69 960
70 139
70 148
70 270
70 407
70 550
70 598
70 710
70 899
70 950
71 112
71 225
71 418
71 676
71 692
71 703
71 799
71 808
71 956
71 993
72 140
72 212
72 283
72 401
72 410
72 535
72 865
72 869
73 198
73 295
73 409
73 483
73 524
73 752
74 120
74 281
74 664
74 715
74 732
74 858
74 946
74 955
74 990
75 197
75 302
75 523
75 532
75 567
75 610
75 697
75 742
75 821
75 824
75 891
76 114
76 132
76 203
76 285
76 500
76 775
76 855
76 889
76 945
77 313
77 475
77 591
77 635
77 672
77 874
77 893
78 134
78 139
78 140
78 375
78 579
78 583
78 661
78 859
78 933
79 85
79 150
79 244
79 248
79 338
79 407
79 461
79 525
79 556
79 713
79 745
79 787
79 794
79 928
80 159
80 248
80 422
80 499
80 503
80 680
80 897
81 192
81 646
81 710
81 743
81 826
81 937
82 156
82 332
82 463
82 609
82 614
82 676
82 729
82 734
82 808
82 866
83 96
83 264
83 470
83 486
83 563
83 967
84 165
84 179
84 198
84 261
84 306
84 508
84 522
84 604
84 628
84 668
84 841
84 955
85 221
85 222
85 266
85 352
85 396
85 401
85 409
85 539
85 616
85 636
85 677
85 701
85 958
86 155
86 225
86 299
86 637
86 648
86 672
86 694
86 864
86 984
87 171
87 253
87 342
87 354
87 369
87 402
87 426
87 459
87 614
87 639
87 708
87 890
87 915
88 350
88 361
88 370
88 382
88 498
88 541
88 593
88 619
88 721
88 729
89 128
89 203
89 225
89 401
89 474
89 579
89 690
89 998
90 341
90 419
90 558
90 813
90 886
91 146
91 157
91 192
91 662
91 697
91 748
91 792
91 914
92 200
92 587
92 725
92 755
92 845
92 904
92 913
92 983
93 121
93 205
93 411
93 427
93 436
93 574
93 597
93 679
93 737
93 895
94 206
94 306
94 313
94 332
94 581
94 652
94 833
94 919
94 941
95 227
95 285
95 319
95 485
95 588
95 644
95 860
96 236
96 354
96 410
96 431
96 457
96 660
96 809
96 828
97 157
97 189
97 200
97 357
97 484
97 549
97 614
97 683
97 700
97 779
97 951
97 961
98 107
98 276
98 569
98 861
98 946
98 993
99 230
99 252
99 377
99 396
99 583
99 648
99 873
99 933
99 936
99 980
100 109
100 119
100 148
100 196
100 197
100 280
100 299
100 320
100 324
100 368
100 381
100 400
100 576
100 651
100 685
100 862
100 995
101 194
101 197
101 308
101 397
101 434
101 482
101 532
101 944
101 960
102 146
102 162
102 181
102 283
102 694
103 107
103 112
103 173
103 186
103 198
103 238
103 309
103 314
103 582
103 609
103 624
103 656
103 671
103 705
103 726
104 165
104 242
104 258
104 504
104 562
104 624
104 653
104 931
105 312
105 339
105 342
105 962
106 451
106 459
106 605
106 676
106 966
106 977
107 156
107 571
107 707
107 756
107 838
108 113
108 164
108 338
108 364
108 370
108 505
108 623
108 839
108 880
109 177
109 463
109 517
109 527
109 541
109 555
109 877
110 114
110 463
110 664
110 811
110 871
110 994
111 117
111 204
111 352
111 362
111 387
111 407
111 599
111 661
111 684
111 757
111 917
111 948
111 997
112 119
112 145
112 474
112 646
112 922
112 931
112 964
113 387
113 418
113 546
113 603
113 671
113 806
113 876
113 941
114 154
114 532
114 666
114 738
114 746
114 759
114 775
114 821
114 999
115 200
115 293
115 438
115 462
115 677
115 717
115 775
115 990
116 198
116 221
116 466
116 519
116 526
116 993
117 122
117 136
117 149
117 160
117 265
117 270
117 318
117 534
117 736
117 962
118 134
118 140
118 314
118 368
118 629
118 650
118 661
118 741
118 755
118 960
119 135
119 203
119 402
119 787
119 849
119 883
119 889
120 509
120 545
120 569
120 742
120 772
121 129
121 152
121 163
121 286
121 397
121 420
121 534
121 601
121 720
121 757
122 179
122 247
122 258
122 574
122 675
122 749
122 774
122 873
122 906
122 930
122 959
122 996
123 168
123 200
123 202
123 443
123 485
123 524
123 529
123 568
123 630
123 878
124 239
124 374
124 504
124 542
124 700
124 742
124 878
124 907
124 908
125 173
125 283
125 396
125 566
125 582
125 606
125 633
125 878
125 928
125 936
126 150
126 156
126 233
126 243
126 275
126 548
126 677
126 836
126 868
126 883
126 909
126 973
126 997
127 468
127 643
127 683
127 741
127 842
127 983
128 296
128 303
128 414
128 470
128 969
129 283
129 533
129 569
129 587
129 625
129 672
129 856
129 946
129 969
129 974
130 149
130 198
130 254
130 337
130 397
130 445
130 555
130 600
130 640
130 760
130 799
130 851
130 991
131 323
131 382
131 425
131 597
131 989
132 313
132 377
132 518
132 563
132 618
132 639
132 640
132 765
132 777
133 308
133 359
133 567
133 600
133 663
133 712
133 803
133 834
133 851
133 852
133 957
134 190
134 317
134 354
134 380
134 488
134 550
134 554
134 560
134 775
135 287
135 317
135 374
135 390
135 406
135 580
135 600
135 681
135 810
135 839
135 946
135 948
136 191
136 450
136 490
136 565
136 706
136 707
136 732
136 751
136 770
136 915
137 187
137 404
137 502
137 607
137 636
137 649
137 688
137 691
137 928
137 963
137 987
138 499
138 505
138 532
138 678
138 699
138 796
138 885
138 939
139 278
139 290
139 362
139 525
139 535
139 655
139 722
140 270
140 453
140 536
140 541
140 709
140 760
140 771
140 820
140 870
140 979
141 157
141 393
141 514
141 546
141 586
141 644
141 726
141 785
142 188
142 712
143 218
143 231
143 248
143 291
143 413
143 492
143 513
143 656
143 724
143 755
144 173
144 206
144 315
144 404
144 475
144 547
144 613
144 688
144 788
144 883
144 892
144 909
144 992
145 188
145 202
145 267
145 522
145 525
145 604
145 759
145 827
145 872
145 890
145 892
145 934
146 244
146 332
146 443
146 578
146 616
146 893
146 983
147 170
147 211
147 227
147 239
147 289
147 482
147 701
147 709
147 797
147 964
148 416
148 629
148 660
148 688
148 819
148 844
148 929
148 936
149 216
149 221
149 326
149 381
149 557
149 611
149 758
149 824
149 832
149 891
150 312
150 523
150 696
150 718
150 989
151 191
151 205
151 283
151 352
151 371
151 425
151 462
151 470
151 494
151 501
151 694
151 728
151 896
151 981
152 234
152 286
152 361
152 575
152 805
152 897
152 937
153 279
153 387
153 405
153 595
153 708
153 854
153 872
153 989
154 219
154 544
154 561
154 577
154 593
154 612
154 636
154 785
154 845
154 943
155 219
155 278
155 332
155 345
155 419
155 429
155 451
155 532
155 649
155 655
156 165
156 175
156 226
156 340
156 459
156 524
156 533
156 583
156 640
156 666
156 761
156 944
156 952
156 968
156 984
156 986
157 170
157 207
157 234
157 398
157 528
157 550
157 848
157 856
157 892
157 971
158 318
158 396
158 404
158 408
158 709
158 715
158 812
158 836
158 843
158 854
158 940
159 166
159 305
159 324
159 344
159 387
159 619
159 939
159 994
160 234
160 238
160 266
160 296
160 414
160 663
160 702
160 720
160 860
160 932
161 247
161 310
161 430
161 462
161 556
161 775
162 591
162 627
162 816
162 923
162 979
163 222
163 246
163 351
163 695
164 192
164 263
164 271
164 319
164 347
164 635
165 220
165 244
165 273
165 738
165 772
165 845
166 231
166 256
166 393
166 443
166 558
166 594
166 775
166 964
167 220
167 243
167 314
167 356
167 481
167 545
167 602
167 685
167 921
167 953
168 206
168 271
168 288
168 403
168 458
168 539
168 643
168 777
168 781
168 872
169 210
169 247
169 308
169 469
169 581
169 800
169 816
169 995
170 285
170 329
170 356
170 480
170 487
170 506
170 645
170 726
170 755
171 191
171 269
171 379
171 590
171 654
171 684
171 745
171 841
171 881
172 344
172 345
172 396
172 471
172 702
172 727
172 904
172 909
172 940
172 985
173 199
173 362
173 501
173 655
173 767
173 791
173 864
173 968
173 975
174 265
174 378
174 380
174 522
174 857
174 942
174 951
175 206
175 394
175 476
175 524
175 637
175 646
175 763
175 932
175 996
176 301
176 447
176 492
176 498
176 579
176 787
176 852
176 996
177 299
177 414
177 507
177 625
177 659
177 671
177 715
177 918
178 184
178 285
178 438
178 442
178 752
179 290
179 315
179 763
179 816
179 865
179 911
179 916
179 994
180 486
180 502
180 588
180 660
180 674
180 783
180 938
181 245
181 274
181 320
181 348
181 389
181 453
181 512
181 537
181 617
181 700
181 868
182 193
182 342
182 395
182 411
182 438
182 548
182 573
182 609
182 651
182 806
183 186
183 424
183 471
183 479
183 508
183 601
183 726
183 768
184 622
184 668
184 894
184 914
184 943
185 193
185 218
185 369
185 427
185 493
185 520
185 721
185 885
185 905
186 194
186 217
186 232
186 325
186 397
186 875
186 903
186 910
186 966
187 197
187 372
187 497
187 512
187 623
187 627
187 765
187 767
187 984
188 195
188 197
188 254
188 287
188 299
188 382
188 651
188 822
189 216
189 311
189 313
189 366
189 466
189 485
189 510
189 579
189 590
189 629
189 750
189 768
189 816
189 837
189 932
190 197
190 324
190 351
190 428
190 458
190 489
190 676
190 683
190 753
190 919
190 926
190 956
191 447
191 507
191 560
191 567
191 591
191 809
191 971
192 211
192 336
192 354
192 390
192 401
192 526
192 529
192 760
193 526
193 819
193 958
194 505
194 520
194 632
194 743
194 745
194 778
194 993
195 293
195 339
195 386
195 429
195 433
195 569
195 619
195 951
195 955
195 962
196 198
196 359
196 360
196 427
196 511
196 668
196 792
196 832
196 836
196 980
197 204
197 248
197 283
197 318
197 417
197 443
197 444
197 481
197 560
197 864
197 987
198 297
198 390
198 415
198 621
198 771
198 788
198 920
198 938
198 983
199 227
199 239
199 247
199 338
199 524
199 562
199 610
199 625
199 654
199 732
199 734
200 301
200 359
200 461
200 594
200 637
200 675
200 809
200 835
200 845
200 885
200 965
200 992
200 993
201 261
201 526
201 642
201 715
201 802
201 810
201 815
201 840
201 896
201 930
202 220
202 301
202 383
202 396
202 423
202 679
202 989
203 768
203 800
203 948
204 264
204 391
204 823
204 889
204 998
205 221
205 224
205 314
205 343
205 391
205 436
205 593
206 215
206 268
206 332
206 342
206 426
206 492
206 588
206 633
206 812
206 878
206 904
206 998
207 208
207 314
207 379
207 522
207 575
207 659
207 661
207 666
207 674
207 711
207 932
208 408
208 424
208 621
208 652
208 693
208 717
209 357
209 385
209 518
209 541
209 698
210 239
210 263
210 450
210 561
210 702
210 887
210 974
211 237
211 266
211 267
211 349
211 403
211 414
211 700
211 719
211 763
211 815
211 830
212 478
212 853
212 871
212 873
212 948
212 965
213 434
213 451
213 706
214 224
214 415
214 450
214 462
214 679
214 703
215 216
215 278
215 386
215 414
215 419
215 427
215 577
215 578
215 583
215 630
215 928
215 942
216 226
216 291
216 298
216 317
216 339
216 413
216 428
216 498
216 569
216 584
216 627
216 657
216 952
217 237
217 261
217 695
217 699
217 785
218 243
218 300
218 332
218 547
218 708
218 762
218 792
218 892
219 231
219 300
219 433
219 462
219 485
219 611
219 746
220 260
220 284
220 497
220 642
220 909
220 941
221 255
221 281
221 389
221 466
221 682
221 823
221 826
222 270
222 451
222 499
222 786
222 801
223 263
223 293
223 323
223 457
223 602
223 728
223 828
224 462
224 558
224 715
225 317
225 426
225 478
225 652
225 693
225 709
225 722
225 972
226 246
226 273
226 641
226 725
226 822
227 406
227 426
227 499
227 550
227 659
227 722
227 843
227 898
227 907
227 961
228 334
228 513
228 844
229 356
229 362
229 383
229 552
229 605
229 718
229 782
229 796
230 305
230 335
230 412
230 459
230 534
230 589
230 663
230 763
230 861
230 871
231 274
231 288
231 297
231 306
231 344
231 350
231 418
231 577
231 590
231 651
231 804
232 340
232 343
232 410
232 619
232 963
233 262
233 407
233 424
233 550
233 593
233 625
233 805
233 816
233 899
234 409
234 419
234 636
234 877
235 472
235 608
235 693
235 704
235 795
235 869
235 876
235 981
236 330
236 380
236 424
236 477
236 507
236 594
236 601
236 728
236 799
236 895
236 949
237 299
237 347
237 445
237 745
237 881
237 950
237 965
237 980
238 418
238 434
238 676
238 764
238 934
238 949
238 950
239 257
239 366
239 409
239 428
239 567
239 803
239 852
240 322
240 336
240 410
240 541
240 759
241 252
241 271
241 347
241 365
241 734
241 873
242 277
242 417
242 430
242 995
243 317
243 471
243 593
243 774
243 849
243 858
243 927
244 325
244 360
244 591
244 644
244 751
244 925
245 246
245 346
245 396
245 610
245 696
245 795
245 902
245 915
245 987
246 324
246 455
246 556
246 657
246 774
246 949
246 994
247 337
247 448
247 452
247 469
247 524
247 532
247 539
247 623
247 985
248 361
248 464
248 553
248 619
248 655
248 777
248 841
248 859
248 866
248 951
249 314
249 349
249 365
249 512
249 539
249 731
249 859
249 860
250 311
250 328
250 475
250 490
250 695
250 864
250 964
251 426
251 492
251 672
251 689
251 699
251 706
251 822
251 892
252 335
252 371
252 485
252 604
252 682
252 778
252 843
252 849
252 884
253 263
253 326
253 741
253 798
253 803
253 818
253 983
254 307
254 406
254 589
254 812
254 826
254 892
254 950
255 273
255 408
255 418
255 632
255 698
255 864
256 293
256 571
256 740
256 799
257 391
257 483
257 566
257 652
257 739
257 791
258 318
258 437
258 542
258 554
258 573
258 768
258 855
258 931
259 273
259 426
259 479
259 815
259 830
259 840
259 873
259 880
259 887
260 493
260 512
260 524
260 631
260 769
260 909
260 984
261 285
261 499
261 659
261 818
261 851
261 880
262 290
262 440
262 467
262 631
262 683
262 703
262 739
262 744
262 800
262 873
262 894
263 310
263 337
263 559
263 598
263 656
263 801
263 810
263 830
264 342
264 470
264 643
264 666
264 695
264 818
264 842
264 866
264 946
264 961
265 338
265 511
265 882
265 920
265 982
266 344
266 354
266 604
266 643
266 684
266 754
266 763
266 955
267 373
267 551
267 641
267 644
267 701
267 708
267 709
268 304
268 383
268 538
268 607
268 714
268 721
268 730
268 742
268 754
269 296
269 336
269 385
269 584
269 786
269 813
269 943
269 956
270 278
270 322
270 331
270 380
270 397
270 493
270 534
270 592
270 618
270 719
270 728
270 830
271 333
271 375
271 502
271 652
271 689
272 371
272 501
272 696
272 787
272 804
272 947
272 948
273 288
273 306
273 336
273 350
273 449
273 454
273 801
273 887
274 558
274 570
274 571
274 594
274 689
274 735
274 738
274 752
274 966
275 323
275 757
275 762
275 779
275 812
275 918
276 428
276 606
276 683
276 849
276 968
277 351
277 357
277 373
277 468
277 525
277 546
277 781
277 811
277 838
277 916
277 979
278 408
278 454
278 510
278 605
278 816
278 928
279 377
279 517
279 622
279 830
279 868
279 877
279 971
280 333
280 342
280 409
280 410
280 414
280 448
280 702
280 794
280 836
280 901
280 969
281 289
281 332
281 465
281 641
281 768
281 981
282 400
282 459
282 464
282 538
282 592
282 723
282 802
282 842
283 384
283 636
283 979
283 981
284 300
284 404
284 435
284 734
284 840
284 913
285 337
285 462
285 543
285 687
285 706
285 724
285 769
285 785
285 879
285 883
286 524
286 630
286 819
287 504
287 517
287 601
287 640
287 906
288 486
288 510
288 586
288 657
288 748
288 952
289 311
289 352
289 359
289 412
289 443
289 611
289 665
289 730
289 769
289 801
289 809
289 838
289 928
290 378
290 623
290 728
290 913
291 302
291 319
291 413
291 530
291 618
291 685
291 701
291 777
291 803
291 815
291 954
292 391
292 584
292 970
293 311
293 395
293 500
293 501
293 712
293 858
293 996
294 346
294 416
294 495
294 508
294 579
294 733
294 936
294 988
295 577
295 625
295 823
296 347
296 463
296 557
296 629
296 669
296 717
296 758
296 881
296 897
297 516
297 522
297 556
297 597
297 668
297 842
297 920
298 319
298 461
298 620
298 671
298 735
298 881
298 936
299 301
299 415
299 450
299 464
299 497
299 516
299 725
299 798
299 812
299 847
299 854
299 966
300 513
300 742
300 765
300 768
300 834
300 847
300 973
301 312
301 503
301 638
301 816
302 351
302 516
302 613
302 660
302 684
302 761
302 842
302 902
302 961
303 350
303 609
303 614
303 807
304 387
304 478
304 513
304 554
304 728
304 735
304 745
304 748
304 860
304 940
304 952
305 380
305 392
305 518
305 644
305 667
305 689
305 741
305 774
305 941
305 973
306 366
306 438
306 549
306 609
306 750
306 753
306 830
306 863
306 872
306 961
307 508
307 617
307 651
307 662
307 681
307 721
307 744
307 895
307 905
308 370
308 390
308 499
308 529
308 586
308 587
308 709
308 808
308 837
309 421
309 566
309 748
309 859
310 319
310 752
310 841
310 869
310 878
310 909
310 912
310 960
311 320
311 570
311 571
311 598
311 599
311 748
311 862
312 319
312 375
312 629
312 831
312 832
312 970
313 419
313 453
313 498
313 582
313 628
313 715
313 797
313 869
314 428
314 436
314 567
314 703
314 739
314 848
314 882
315 317
315 421
315 525
316 334
316 376
316 427
316 499
316 799
316 839
316 846
317 351
317 393
317 882
317 938
318 351
318 660
318 704
318 856
319 402
319 419
319 557
319 626
319 655
319 831
319 859
319 935
320 428
320 464
320 502
320 609
320 683
320 712
320 718
320 779
320 946
321 448
321 642
321 644
321 782
322 407
322 457
322 551
322 699
323 466
323 552
323 820
323 941
324 370
324 437
324 575
324 582
324 652
324 718
324 831
324 833
324 951
324 978
325 345
325 423
325 494
325 825
326 486
326 517
326 519
326 597
326 615
326 627
326 673
326 963
327 342
327 799
327 830
327 923
327 930
327 931
328 344
328 407
328 525
328 639
328 695
328 720
328 841
328 842
329 351
329 630
329 644
329 879
330 485
330 604
330 653
330 681
330 721
330 747
331 546
331 693
331 695
331 805
331 969
332 825
332 880
333 375
333 631
333 747
333 876
333 887
333 964
333 985
334 575
334 780
334 868
334 920
335 348
335 395
335 676
335 777
335 809
335 896
336 365
336 445
336 515
336 685
336 795
336 796
336 831
336 922
337 714
337 752
337 991
338 531
338 628
338 651
338 702
338 760
338 802
338 809
338 914
338 927
338 965
339 395
339 495
339 504
339 528
339 567
339 827
339 838
339 927
340 348
340 375
340 422
340 529
340 676
340 775
340 844
340 867
340 907
341 386
341 404
341 444
341 492
341 601
341 757
341 812
341 819
341 880
342 408
342 425
342 470
342 713
342 850
342 878
342 917
343 428
343 586
343 672
343 886
343 926
343 999
344 721
344 841
344 947
344 952
344 986
345 359
345 385
345 438
345 612
345 904
346 507
346 552
346 779
346 801
346 878
346 891
346 938
346 941
347 522
348 603
348 626
348 674
348 683
348 774
349 352
349 509
349 953
349 988
350 356
350 546
350 552
350 597
350 701
350 811
350 861
350 880
350 962
351 362
351 366
351 553
351 635
351 706
351 708
351 762
351 813
351 891
352 419
352 481
352 578
352 746
352 806
352 810
352 985
353 497
353 562
353 643
353 700
353 832
353 866
354 523
354 525
354 625
354 894
355 435
355 459
355 539
355 606
355 785
355 786
355 906
356 396
356 444
356 463
356 697
356 743
356 755
356 759
356 785
356 895
357 364
357 398
357 580
357 935
358 393
358 489
358 638
358 690
358 704
358 767
358 851
358 904
358 990
359 511
359 518
359 636
359 702
359 759
359 846
359 997
360 469
360 589
360 832
360 944
361 752
361 832
361 974
362 381
362 420
362 585
362 742
362 813
363 601
363 612
363 784
363 982
364 383
364 535
364 670
364 718
364 768
364 860
364 994
364 997
365 414
365 467
365 473
365 606
365 657
365 681
365 825
365 857
365 900
366 556
366 557
366 751
366 893
366 987
366 993
367 470
367 525
367 597
367 646
367 699
367 815
367 867
367 873
367 883
368 408
368 601
368 728
368 782
368 922
368 939
369 477
369 557
369 571
369 789
370 404
370 441
370 510
370 642
370 744
370 813
370 973
370 984
370 988
371 456
371 504
371 549
371 866
371 940
371 994
372 421
372 475
372 569
372 733
372 868
372 888
372 940
372 949
373 769
373 798
373 908
374 616
374 632
374 699
374 901
374 933
375 387
375 501
375 549
375 670
375 899
375 920
375 974
376 514
376 534
376 719
376 723
376 774
376 805
376 958
377 652
377 790
377 873
377 981
378 493
378 824
378 925
378 932
379 412
379 474
379 542
379 593
379 659
379 672
379 710
379 739
379 800
379 877
379 912
379 946
380 457
380 534
380 537
380 571
380 654
380 679
380 750
380 807
380 974
381 509
381 512
381 813
381 854
381 875
382 384
382 475
382 598
382 645
382 718
383 606
383 658
383 669
383 673
383 742
383 890
383 994
383 995
384 407
384 491
384 558
384 675
384 731
384 818
385 634
385 834
386 439
386 449
386 500
386 591
386 677
386 902
387 433
387 471
387 576
387 960
387 967
388 397
388 782
388 874
388 906
389 417
389 423
389 467
389 880
389 916
390 442
390 446
390 515
390 650
390 723
390 836
390 879
390 941
391 439
391 448
391 488
391 648
391 747
391 811
391 957
391 959
392 578
392 763
392 848
392 972
393 398
393 455
393 475
393 771
393 773
393 846
394 455
394 575
394 690
394 769
395 620
395 657
395 748
395 856
395 916
395 944
395 960
395 987
396 702
396 725
396 763
396 837
396 853
396 920
397 443
397 534
397 574
397 693
397 767
397 839
398 463
398 570
398 605
398 609
398 699
398 734
398 774
398 779
398 819
398 849
399 437
399 469
399 524
399 627
399 779
399 911
400 446
400 686
400 935
400 948
400 988
401 505
401 664
401 702
401 746
401 799
401 855
402 595
402 863
403 443
403 464
403 653
403 711
403 821
403 828
403 837
403 845
403 928
404 412
404 496
404 803
404 880
405 518
405 768
405 920
405 938
405 953
405 961
406 423
406 482
406 608
406 744
406 783
406 934
406 951
406 983
407 434
407 780
408 445
408 526
408 619
408 703
408 707
408 857
408 867
408 895
409 724
409 775
409 801
409 816
409 818
409 887
409 920
409 995
410 418
410 435
410 614
410 631
410 700
410 953
411 514
411 578
411 761
411 817
411 887
411 965
411 998
412 431
412 496
412 658
412 687
412 833
412 854
412 875
413 459
413 476
413 486
413 585
413 658
413 710
413 782
414 469
414 475
414 502
414 628
414 888
414 908
414 909
415 510
415 611
415 641
415 686
415 734
415 745
415 752
415 818
415 893
415 955
415 994
416 593
416 686
416 691
416 786
416 998
417 422
417 491
417 599
417 651
417 853
417 905
417 912
417 982
418 433
418 517
418 578
418 850
418 899
418 952
419 448
419 607
419 616
419 696
419 807
420 436
420 485
420 716
420 819
420 840
421 785
421 998
422 479
422 481
422 709
422 734
422 970
423 465
423 551
423 603
423 685
423 870
423 878
423 947
423 953
424 453
424 496
424 540
424 561
424 689
424 915
424 925
424 945
425 427
425 463
425 563
425 885
425 963
426 629
426 789
426 805
426 951
427 508
427 641
427 650
427 706
427 881
427 908
427 931
428 433
428 498
428 593
428 655
428 676
429 438
429 457
429 472
429 475
429 756
429 799
429 800
429 872
430 677
430 967
431 519
431 533
431 612
431 721
431 747
431 826
432 452
432 513
432 519
432 554
432 578
432 699
432 787
433 546
433 652
433 733
433 801
433 812
433 888
433 902
433 964
433 987
434 446
434 571
434 594
434 845
435 559
435 567
435 597
435 617
435 642
435 673
435 690
435 697
435 751
435 845
435 885
436 540
436 620
436 642
436 978
437 465
437 593
437 646
437 696
437 825
438 624
438 655
438 702
438 715
438 759
438 769
438 872
438 933
438 989
439 539
439 554
439 615
439 768
439 789
439 817
439 843
439 858
439 925
440 524
440 625
440 635
440 660
441 474
441 576
441 578
441 585
441 646
441 959
442 536
442 563
442 594
442 708
442 729
442 733
442 945
443 457
443 526
443 713
443 724
443 748
443 796
443 803
443 855
443 932
443 957
444 508
444 531
444 744
445 521
445 527
445 573
445 612
445 624
445 661
445 780
445 785
445 815
445 846
445 896
445 939
446 527
446 718
447 589
447 660
447 728
447 953
448 476
448 572
448 607
448 750
449 513
449 572
449 729
449 740
450 476
450 541
450 578
450 653
450 666
450 716
450 856
450 983
451 525
451 565
451 808
452 457
452 458
452 564
452 566
452 632
452 651
452 704
452 887
452 931
452 972
453 499
453 570
453 607
453 691
453 763
453 835
453 907
454 461
454 524
454 732
454 772
454 799
454 881
454 890
454 919
454 943
454 953
454 994
455 811
455 822
455 955
455 962
456 529
456 581
456 738
456 881
457 659
457 686
458 632
458 773
458 821
458 887
458 993
459 488
459 546
459 599
459 619
459 643
459 745
460 613
460 672
460 829
461 594
461 604
461 641
461 652
461 898
461 934
462 506
462 577
462 631
462 648
462 748
462 751
462 795
462 822
462 890
462 894
462 962
462 985
463 521
463 542
463 616
463 739
463 806
463 833
463 906
464 629
464 854
465 537
465 593
465 638
465 726
465 940
466 509
466 593
466 656
466 914
467 498
467 684
467 845
467 856
468 482
468 560
468 722
468 729
468 736
469 482
469 556
469 573
469 708
469 799
469 851
469 922
469 927
470 482
470 504
470 588
470 594
470 623
470 645
470 692
470 765
470 954
471 513
471 754
471 781
472 479
472 584
472 632
472 646
472 689
472 698
472 921
473 505
473 525
473 528
473 627
473 736
473 746
473 752
473 759
473 826
473 968
474 495
474 549
474 982
475 486
475 608
475 609
475 630
475 959
475 976
476 480
476 532
476 592
476 637
476 715
476 999
477 707
477 733
478 484
478 632
478 669
478 785
478 829
479 581
479 648
479 805
480 625
480 817
480 913
480 990
481 489
481 554
481 592
481 619
481 794
481 928
482 742
482 833
482 946
482 970
482 986
483 577
483 930
483 958
484 502
484 764
484 779
484 874
484 877
484 894
484 973
485 566
485 623
485 703
485 706
485 782
486 527
486 622
486 657
486 699
486 805
486 838
486 853
486 902
486 975
486 984
487 583
487 714
488 629
488 799
488 841
488 890
489 532
489 569
489 654
489 657
489 827
489 833
489 834
489 836
490 500
490 636
490 661
490 857
491 638
491 746
491 806
492 514
492 667
492 705
492 743
493 521
493 561
493 647
493 689
493 914
494 654
494 705
494 895
495 669
495 694
495 747
495 799
495 804
495 868
495 906
495 993
496 533
496 838
496 954
496 993
497 592
497 631
497 752
497 843
497 846
497 873
497 916
497 955
498 654
498 679
498 722
498 727
499 641
499 691
499 712
499 790
499 806
500 920
501 522
501 573
501 633
501 755
502 515
502 572
502 596
502 628
502 646
502 708
502 910
503 648
503 656
503 698
503 776
503 849
503 872
504 619
504 799
504 842
504 853
504 854
504 910
505 641
505 858
505 913
505 941
506 850
506 907
506 954
506 971
506 979
507 541
507 547
507 560
507 715
507 942
507 992
508 523
508 592
508 702
508 719
508 782
508 844
508 990
509 615
509 630
509 668
509 689
509 863
509 871
509 894
509 931
510 615
510 622
510 645
510 747
510 772
510 923
511 530
511 586
511 618
511 734
511 763
511 828
512 525
512 587
512 603
512 676
512 682
512 724
512 726
512 843
512 978
513 628
513 636
513 697
513 827
513 864
513 957
513 959
513 984
514 539
514 688
514 699
514 773
514 797
514 822
514 828
514 917
515 675
515 793
515 819
515 868
516 629
516 671
516 823
516 993
517 814
517 945
518 599
518 706
518 771
518 807
518 899
518 969
519 823
519 890
520 570
520 628
520 670
520 751
521 669
521 732
521 809
521 820
522 589
522 617
522 692
522 693
522 697
522 989
523 743
523 864
524 613
524 727
524 765
524 841
524 962
524 974
525 664
525 673
525 723
525 724
525 780
525 824
525 840
525 870
525 972
526 696
526 764
526 777
526 780
526 836
526 859
527 678
527 711
527 950
527 988
528 746
528 814
528 858
529 663
529 708
529 756
529 843
529 853
529 909
529 921
530 721
530 775
530 858
530 859
531 605
531 721
531 774
531 972
532 534
532 655
532 805
532 923
532 965
532 986
533 782
533 875
533 883
534 570
534 695
534 803
534 961
535 657
535 713
535 763
535 849
535 936
536 555
536 584
536 623
536 768
536 777
536 834
536 856
536 987
537 706
537 889
537 954
537 975
538 637
538 813
538 972
539 547
539 649
539 699
540 966
541 594
541 805
542 616
542 707
542 714
542 864
542 889
543 612
543 650
543 730
543 802
543 813
543 815
543 831
543 834
543 896
543 915
543 981
544 572
544 589
544 675
544 805
544 994
545 622
545 704
545 707
545 758
545 876
545 962
546 571
546 603
546 645
546 652
546 744
546 789
546 887
547 575
547 674
547 795
547 853
547 880
547 906
548 598
548 993
549 592
549 886
549 919
549 989
550 584
550 681
550 696
550 899
550 974
551 827
551 864
551 905
551 931
551 962
551 992
552 610
552 617
552 814
552 858
552 922
552 948
552 992
553 634
553 877
553 920
553 980
554 781
554 836
554 873
554 913
554 938
554 952
554 978
554 979
555 663
555 692
555 720
555 789
556 867
556 920
556 961
557 667
557 739
557 797
557 880
557 937
557 956
558 619
558 751
558 982
559 595
559 633
559 877
559 975
560 602
560 882
560 925
560 996
561 703
561 842
561 983
562 613
562 766
562 993
562 996
563 651
563 661
563 818
564 691
564 716
564 807
565 659
565 669
565 735
565 821
565 908
565 918
566 579
566 625
566 728
566 773
567 640
567 647
567 786
567 865
567 875
567 925
568 578
568 605
568 639
568 640
568 674
568 716
568 787
568 848
568 863
568 895
568 961
568 985
569 598
569 635
569 697
569 833
569 926
569 964
569 985
570 622
571 758
571 789
571 805
571 813
572 680
572 759
572 836
572 841
572 850
572 987
573 670
573 800
573 858
573 989
574 579
574 710
574 820
574 847
575 688
575 879
576 745
576 769
576 802
576 834
576 908
577 590
577 789
577 849
577 875
578 586
578 649
578 830
578 898
578 923
578 929
578 949
578 964
579 731
579 855
579 927
580 799
581 624
581 835
581 844
581 909
582 773
582 815
582 866
582 982
583 617
583 628
583 644
583 723
583 751
583 814
584 602
584 687
584 705
584 709
584 759
584 827
584 880
584 942
585 948
586 626
586 745
586 785
587 597
587 630
587 631
587 704
587 726
587 784
588 632
588 662
588 666
588 679
588 739
588 757
588 803
589 658
589 670
589 736
589 744
589 844
590 812
591 704
591 829
591 962
591 994
592 648
592 802
592 852
592 976
593 717
593 839
593 994
594 636
594 706
594 887
594 899
595 606
595 654
595 838
595 853
595 864
595 916
596 606
596 675
596 758
596 819
597 665
597 818
597 871
597 911
598 713
598 727
598 831
598 912
598 937
598 938
598 972
598 974
599 624
599 647
599 939
600 718
600 785
601 610
601 750
601 842
601 845
601 920
601 936
602 623
602 843
602 951
602 987
603 640
603 711
603 763
603 919
603 967
604 639
604 693
604 890
604 951
604 954
605 649
605 687
606 664
606 814
606 835
606 895
607 720
607 784
607 892
607 918
607 984
608 795
608 935
608 982
609 670
609 728
609 928
609 933
610 611
610 612
610 884
611 742
611 842
611 953
611 983
612 651
612 865
612 873
613 667
613 740
613 757
613 849
613 923
614 760
614 832
614 843
614 850
615 769
615 783
615 811
615 845
615 944
615 968
616 654
616 739
616 773
616 791
616 900
616 960
617 705
617 797
617 825
617 871
617 971
618 667
618 674
618 918
618 943
618 958
618 994
619 646
619 706
619 767
619 824
619 907
619 933
620 753
620 934
620 972
621 664
621 679
621 831
622 645
622 776
622 790
622 832
622 879
623 772
623 878
624 689
624 720
625 811
625 884
625 887
626 794
626 810
626 860
626 866
626 891
627 775
627 886
628 777
628 884
628 962
628 990
629 675
629 759
630 709
630 764
630 809
631 784
631 853
631 868
631 919
631 950
632 685
632 822
632 900
633 650
633 809
633 828
634 685
634 838
634 870
634 900
634 955
635 740
635 808
635 934
635 994
636 681
636 754
636 797
636 802
636 915
636 955
636 982
637 879
638 815
638 893
638 965
638 968
638 985
639 693
639 746
639 938
640 723
641 687
641 941
642 693
642 921
643 657
643 658
643 734
643 789
643 883
643 969
644 670
644 871
644 873
644 962
644 983
644 998
645 704
645 764
645 828
645 907
646 692
647 748
647 764
647 924
647 951
648 683
648 702
648 724
648 727
648 801
648 841
648 880
648 965
649 691
649 730
649 783
649 832
649 874
650 710
650 862
651 663
651 905
651 930
652 973
653 671
653 687
653 783
653 931
653 979
654 673
654 756
654 880
655 695
655 961
655 988
656 686
656 764
656 854
657 694
657 764
657 815
657 864
657 882
657 999
658 731
659 889
659 991
660 672
660 682
660 735
660 788
660 872
661 710
661 837
661 893
662 866
662 907
662 977
664 701
664 959
664 975
665 869
665 890
666 671
666 709
666 954
666 962
667 690
667 694
667 764
667 896
667 920
667 994
668 753
668 826
668 889
668 926
668 965
668 994
669 977
670 762
670 882
671 675
671 747
671 752
671 892
671 925
671 954
672 712
672 879
672 886
672 907
672 963
673 744
673 749
673 796
673 916
673 917
673 945
674 716
674 841
674 996
675 802
675 829
675 845
675 921
675 956
675 963
675 965
676 970
677 683
678 736
678 800
679 773
679 877
679 913
679 917
680 707
680 738
680 849
680 854
680 923
681 808
681 851
681 903
681 904
682 687
682 755
682 829
682 845
683 710
683 772
683 774
683 811
683 907
683 948
684 720
684 903
684 975
685 925
686 692
686 907
686 931
687 776
687 873
688 881
688 954
689 751
689 758
689 789
689 834
689 912
690 746
690 999
691 892
693 859
693 860
694 853
694 855
694 896
695 697
695 710
695 778
695 953
696 724
696 934
697 916
697 930
697 954
698 722
698 916
699 721
699 730
699 747
699 942
700 701
700 930
700 977
701 790
702 719
702 834
702 876
703 760
703 847
705 743
706 746
706 756
706 762
707 737
707 966
708 771
709 787
709 812
709 884
709 899
709 942
709 955
709 986
709 990
709 998
710 714
710 859
710 878
710 887
711 801
711 906
712 843
712 868
713 779
713 804
713 818
713 876
713 999
714 906
715 830
716 824
716 833
716 957
717 827
717 840
717 992
718 723
718 868
718 941
719 994
720 916
721 830
721 870
722 797
722 829
722 835
722 956
723 790
723 840
723 926
723 944
724 736
724 839
724 854
724 899
725 784
725 820
725 832
725 911
725 915
725 964
725 979
726 750
727 749
727 951
728 822
728 854
728 905
728 920
728 946
728 947
728 986
729 743
729 902
729 945
730 793
730 954
731 842
731 851
731 898
731 992
732 758
732 775
732 785
732 952
733 749
733 761
734 880
734 928
734 967
734 995
735 747
735 766
735 959
736 740
736 765
736 789
736 866
736 892
736 959
737 869
737 893
738 789
738 805
739 765
739 912
740 825
740 907
741 843
741 867
741 976
743 799
743 874
744 794
744 798
744 808
744 844
744 852
745 788
745 933
745 941
746 747
746 837
746 851
746 881
746 940
747 786
747 790
747 896
747 912
747 996
748 752
748 811
748 814
748 885
748 917
748 919
748 960
749 912
749 976
750 962
751 782
751 901
752 787
752 911
752 982
754 819
755 857
755 957
755 992
756 843
756 871
758 810
758 932
758 968
758 979
758 995
759 887
760 767
760 800
760 878
760 898
760 964
761 941
761 952
761 997
763 873
763 874
763 882
763 968
764 839
764 901
765 808
766 803
766 971
767 838
767 946
768 786
768 870
769 866
769 990
770 814
770 873
770 890
770 953
771 876
771 950
771 993
772 869
772 895
774 894
775 967
776 951
777 807
777 839
778 794
778 798
778 925
778 938
778 983
780 869
780 898
780 964
782 944
783 990
784 977
785 824
785 981
785 983
786 814
786 935
786 937
787 858
787 868
789 855
789 860
789 864
789 973
790 835
790 981
791 819
791 871
792 838
792 961
792 963
793 837
793 978
793 993
796 810
797 834
797 846
797 852
797 923
797 930
797 976
798 841
798 963
799 899
799 909
799 923
799 932
799 951
801 854
801 994
802 806
802 931
803 840
804 952
805 830
805 872
805 888
805 964
805 978
806 812
806 864
806 936
807 914
808 836
808 941
808 963
809 822
809 888
809 893
810 944
810 961
810 966
810 973
811 941
812 887
812 962
813 834
813 855
813 942
814 936
814 949
815 841
815 859
815 966
816 957
817 883
817 926
817 967
818 961
819 859
819 945
819 968
821 965
822 845
823 853
824 872
825 941
826 850
828 854
829 852
829 926
830 833
830 853
830 957
831 833
831 848
831 912
831 990
832 878
832 987
834 879
834 979
835 985
836 878
836 896
836 964
837 870
837 950
837 982
839 936
840 861
840 903
840 976
841 846
841 857
841 879
841 991
843 925
844 885
846 927
846 939
847 860
849 851
849 907
849 958
850 891
850 894
850 925
852 934
853 906
853 982
854 941
854 979
854 993
855 866
855 895
855 973
856 921
857 862
858 949
859 902
860 880
860 887
860 985
862 915
862 923
862 946
864 979
865 867
865 956
866 910
867 869
868 895
868 918
868 968
869 886
869 937
872 927
872 960
873 897
873 958
876 917
877 897
877 964
878 896
878 905
878 938
879 920
880 895
880 949
882 965
885 917
885 956
886 965
888 910
888 951
889 937
889 961
889 963
890 915
892 988
895 937
896 919
897 931
897 992
899 990
902 936
903 981
903 995
905 937
905 967
906 988
907 917
907 960
908 960
908 988
911 985
912 976
913 950
914 922
915 952
921 965
922 934
924 968
928 939
928 961
929 958
929 981
931 951
932 994
933 962
933 991
934 935
934 995
935 948
938 950
938 956
943 947
945 990
951 997
952 956
953 961
953 999
955 973
955 980
957 985
961 999
962 990
965 975
965 985
965 988
968 981
972 986
975 990
0
10 999
