1000	4900	 1
0 21
0 282
0 297
0 314
0 549
0 722
0 761
0 869
0 899
0 926
1 147
1 191
1 194
1 214
1 341
1 362
1 558
1 790
1 980
2 85
2 134
2 361
2 413
2 493
2 575
2 597
2 729
2 753
2 781
2 788
2 967
3 60
3 255
3 341
3 543
3 604
3 766
3 857
4 61
4 233
4 270
4 304
4 309
4 328
4 567
4 847
4 911
4 937
4 954
5 165
5 201
5 546
5 747
5 758
5 798
5 804
5 825
6 59
6 122
6 192
6 207
6 280
6 385
6 402
6 655
6 930
7 328
7 344
7 388
7 458
7 473
7 506
7 542
7 641
7 758
7 772
7 786
7 847
7 930
8 51
8 89
8 145
8 248
8 287
8 444
8 456
9 24
9 293
9 428
9 431
9 461
9 565
9 638
9 744
9 863
10 158
10 407
10 451
10 540
10 863
10 925
11 77
11 91
11 157
11 343
11 427
11 719
11 838
11 896
12 126
12 153
12 260
12 320
12 393
12 567
12 636
12 718
12 791
13 62
13 94
13 101
13 446
13 612
13 697
13 776
13 797
13 903
14 42
14 67
14 115
14 143
14 250
14 256
14 320
14 407
14 476
14 624
14 642
14 658
14 711
14 812
15 240
15 318
15 346
15 400
15 513
15 543
15 650
15 738
15 813
16 128
16 170
16 294
16 338
16 640
16 741
16 757
16 853
16 984
17 389
17 461
17 471
17 544
17 670
17 690
17 710
17 766
17 825
17 895
17 997
18 146
18 267
18 615
18 626
18 661
18 669
18 691
18 782
18 985
19 118
19 549
19 679
19 783
19 929
20 187
20 734
20 862
20 947
20 965
20 982
21 208
21 281
21 494
21 656
21 695
21 913
22 56
22 100
22 164
22 177
22 287
22 390
22 674
22 743
22 752
22 833
23 63
23 266
23 315
23 478
23 509
23 607
23 614
23 844
23 899
23 944
24 374
24 377
24 418
24 523
24 565
24 590
24 809
25 65
25 84
25 129
25 152
25 361
25 675
25 679
25 681
25 935
25 982
26 69
26 73
26 140
26 270
26 279
26 353
26 443
26 473
26 496
26 501
26 657
26 734
26 857
26 882
26 886
27 275
27 413
27 526
27 946
28 37
28 84
28 92
28 125
28 131
28 224
28 492
28 724
28 852
29 173
29 554
29 712
29 909
30 295
30 454
30 745
30 773
30 853
30 870
30 901
30 903
30 923
31 140
31 185
31 488
31 510
31 585
31 699
31 872
32 59
32 75
32 310
32 337
32 369
32 406
32 555
32 570
32 616
32 638
32 645
32 647
32 648
32 649
32 998
33 64
33 96
33 129
33 159
33 168
33 336
33 339
33 428
33 461
33 637
33 671
33 828
33 850
33 860
33 875
33 878
33 906
33 994
34 190
34 192
34 333
34 502
34 834
34 836
34 909
34 981
35 110
35 153
35 196
35 245
35 308
35 353
35 405
35 415
35 534
35 608
35 624
35 628
35 636
35 770
35 790
36 289
36 329
36 492
36 912
36 973
37 41
37 277
37 327
37 409
37 628
37 638
37 898
37 928
37 930
38 284
38 319
38 340
38 387
38 397
38 421
38 525
38 642
38 663
38 993
39 70
39 233
39 278
39 410
39 516
39 591
39 612
39 840
39 878
39 992
40 72
40 79
40 82
40 118
40 146
40 167
40 564
40 574
40 644
40 745
40 775
40 904
40 994
41 113
41 215
41 243
41 265
41 281
41 302
41 311
41 360
41 555
41 679
41 773
41 853
42 204
42 250
42 271
42 386
42 412
42 421
42 543
42 583
42 745
42 784
42 889
43 140
43 193
43 200
43 235
43 429
43 439
43 446
43 497
43 515
43 566
43 609
43 714
43 807
43 876
43 884
44 243
44 269
44 283
44 327
44 627
44 657
44 659
44 777
44 899
44 931
44 985
45 193
45 201
45 209
45 409
45 482
45 557
45 624
45 693
45 805
46 112
46 193
46 425
46 687
46 815
46 874
46 976
47 174
47 178
47 262
47 287
47 345
47 350
47 454
47 502
47 519
47 547
47 572
47 964
47 969
48 79
48 122
48 202
48 322
48 368
48 392
48 413
48 517
48 598
48 660
48 749
48 996
49 87
49 136
49 229
49 323
49 350
49 596
49 721
50 59
50 159
50 192
50 426
50 486
50 498
50 529
50 539
50 597
50 707
50 721
50 847
50 966
51 218
51 343
51 462
51 506
51 514
51 661
51 880
52 278
52 314
52 402
52 417
52 445
52 480
52 554
52 593
52 668
52 960
53 297
53 359
53 423
53 606
53 664
53 756
53 971
54 311
54 460
54 537
54 650
54 713
54 875
54 889
54 966
55 86
55 143
55 306
55 771
55 817
55 861
55 937
55 986
56 173
56 205
56 460
56 584
56 589
56 710
56 723
56 724
56 837
57 372
57 561
57 657
57 732
57 771
57 895
57 905
57 942
58 251
58 291
58 385
58 644
58 648
58 734
58 818
59 92
59 202
59 232
59 338
59 664
59 712
59 716
59 831
59 901
59 949
60 219
60 230
60 300
60 472
60 511
60 573
60 640
60 679
60 741
60 794
60 797
60 968
61 345
61 565
61 637
61 864
62 332
62 675
62 787
62 800
63 204
63 317
63 390
63 392
63 409
63 464
63 474
63 947
64 207
64 272
64 375
64 428
64 474
64 477
64 481
64 617
64 777
64 852
65 111
65 219
65 418
65 449
65 513
65 532
65 571
65 612
65 652
65 690
65 691
65 718
65 843
65 895
66 90
66 135
66 138
66 230
66 232
66 660
66 705
66 714
66 855
66 859
66 870
67 114
67 126
67 963
67 984
67 999
68 124
68 136
68 148
68 162
68 192
68 292
68 311
68 327
68 360
68 470
68 484
68 485
68 627
68 772
68 786
68 838
68 902
68 942
69 70
69 227
69 467
69 491
69 707
69 721
69 803
69 888
69 944
69 948
70 278
70 380
70 505
70 655
70 706
70 816
70 922
70 924
70 936
70 957
71 72
71 103
71 105
71 156
71 174
71 236
71 265
71 271
71 296
71 393
71 432
71 449
71 463
71 487
71 753
71 810
71 917
71 942
71 952
72 92
72 371
72 404
72 436
72 484
72 611
72 696
72 891
73 76
73 120
73 209
73 302
73 310
73 369
73 676
73 726
73 818
73 836
73 875
73 890
73 924
74 194
74 325
74 567
74 619
74 667
74 745
74 809
74 820
74 957
75 101
75 195
75 212
75 355
75 386
75 448
76 192
76 355
76 384
76 388
76 411
76 431
76 793
76 919
77 292
77 420
77 493
77 533
77 667
77 682
77 933
77 938
78 96
78 218
78 333
78 416
78 482
78 647
78 814
79 162
79 359
79 417
79 493
79 499
79 789
79 893
80 178
80 269
80 301
80 389
80 470
80 650
80 659
80 714
80 775
80 824
80 844
80 895
81 256
81 296
81 579
81 705
81 729
81 883
81 914
82 244
82 270
82 355
82 412
82 459
82 482
82 591
82 670
82 690
82 711
82 769
82 825
82 842
83 97
83 193
83 196
83 374
83 570
83 609
83 660
83 761
83 879
83 893
83 966
84 270
84 291
84 315
84 393
84 677
84 717
84 735
84 890
84 996
85 180
85 938
86 117
86 158
86 159
86 186
86 327
86 334
86 375
86 380
86 435
86 669
86 860
87 93
87 103
87 203
87 281
87 351
87 388
87 470
87 487
87 820
87 949
88 404
88 490
88 727
89 115
89 252
89 414
89 443
89 524
89 595
89 598
89 725
89 753
89 754
89 916
90 103
90 195
90 385
90 427
90 469
90 494
90 526
90 577
90 807
91 98
91 159
91 206
91 259
91 302
91 449
91 580
91 725
91 729
91 826
92 309
92 342
92 395
92 412
92 511
92 667
92 915
93 213
93 466
93 517
93 572
93 977
94 117
94 138
94 288
94 410
94 422
94 425
94 703
94 762
94 928
95 342
95 636
95 655
95 715
95 755
95 885
95 911
96 166
96 169
96 364
96 482
96 521
96 578
96 611
96 905
97 119
97 210
97 389
97 445
97 531
97 610
97 639
97 677
97 717
97 748
97 750
97 753
97 773
97 875
97 923
98 183
98 196
98 357
98 376
98 405
98 441
98 727
98 733
98 993
99 159
99 378
99 597
99 610
99 750
99 774
99 821
99 837
99 936
100 303
100 304
100 312
100 385
100 521
100 602
100 659
100 759
100 779
100 860
100 910
100 927
101 270
101 346
101 579
101 657
101 672
101 681
101 762
101 901
101 915
102 167
102 178
102 180
102 622
102 789
102 957
103 196
103 244
103 299
103 303
103 315
103 382
103 514
103 625
103 676
103 862
104 129
104 165
104 253
104 374
104 462
104 606
104 657
104 685
104 752
104 944
105 260
105 358
105 362
105 435
105 529
105 666
105 687
105 724
105 777
105 850
105 883
106 159
106 214
106 366
106 463
106 571
106 661
106 682
106 807
106 829
106 914
106 928
107 133
107 225
107 226
107 423
107 426
107 467
107 523
107 581
107 817
107 822
107 990
108 272
108 284
108 331
108 489
108 534
108 568
108 697
108 740
108 779
108 823
109 275
109 332
109 349
109 401
109 482
109 532
109 644
109 698
109 759
109 823
109 841
109 856
109 906
109 949
110 158
110 349
110 352
110 556
110 604
110 613
110 669
110 699
110 732
110 825
110 973
110 975
111 241
111 292
111 327
111 565
111 667
111 695
111 788
111 839
111 881
112 184
112 252
112 466
112 513
112 515
112 562
112 750
112 794
112 909
113 174
113 215
113 245
113 355
113 604
113 616
113 823
113 876
113 969
114 321
114 335
114 404
114 459
114 750
114 900
115 127
115 155
115 221
115 245
115 253
115 263
115 307
115 311
115 393
115 401
115 419
115 511
115 572
115 586
115 644
115 687
115 741
115 793
115 806
116 259
116 314
116 381
116 387
116 391
116 403
116 554
116 558
116 560
116 563
116 574
117 173
117 296
117 313
117 608
117 771
117 877
117 949
117 963
118 212
118 375
118 630
118 761
118 779
118 801
118 808
118 899
118 917
119 204
119 265
119 430
119 484
119 501
119 593
119 631
119 869
119 992
120 157
120 241
120 262
120 367
120 407
120 549
120 564
120 818
120 928
120 933
120 941
120 948
121 155
121 186
121 411
121 517
121 636
121 658
121 801
121 858
121 936
122 130
122 136
122 152
122 188
122 219
122 399
122 525
122 580
122 653
122 678
123 199
123 214
123 327
123 569
123 592
123 646
123 783
123 949
124 194
124 198
124 229
124 338
124 412
124 475
124 606
124 652
124 669
124 695
124 769
124 901
125 164
125 176
125 280
125 518
125 662
125 711
125 822
125 841
125 944
126 205
126 677
126 692
126 947
126 981
127 282
127 799
127 882
128 135
128 166
128 310
128 383
128 483
128 484
128 668
128 756
128 980
128 999
129 162
129 266
129 519
129 581
129 594
129 611
129 782
130 134
130 227
130 452
130 656
130 714
130 755
130 765
130 987
130 990
131 263
131 612
131 621
131 707
132 213
132 340
132 552
132 596
132 599
132 698
132 709
132 725
132 730
132 824
133 263
133 454
133 717
133 781
133 800
133 851
133 975
134 416
134 508
134 533
134 555
134 566
134 596
134 714
134 768
134 986
134 995
135 231
135 342
135 442
135 833
136 283
136 287
136 294
136 332
136 337
136 343
136 432
136 469
136 494
136 644
136 654
136 737
136 752
136 841
137 182
137 383
137 449
137 482
137 573
137 584
137 628
137 688
137 835
137 907
137 910
138 235
138 288
138 315
138 373
138 721
138 893
138 909
138 966
138 967
139 307
139 346
139 449
139 498
139 585
139 660
139 674
139 776
139 873
139 984
140 510
140 513
140 604
140 647
140 683
140 778
140 783
140 957
141 212
141 349
141 801
141 855
141 871
141 916
142 288
142 383
142 440
142 524
142 618
142 780
143 188
143 197
143 309
143 338
143 454
143 542
143 720
143 805
143 917
144 330
144 427
144 493
144 643
144 686
144 804
144 969
145 234
145 351
145 363
145 542
145 567
145 570
145 693
145 923
146 270
146 342
146 445
146 557
146 603
146 660
146 872
146 910
146 996
147 168
147 178
147 320
147 331
147 350
147 434
147 733
147 758
147 963
148 312
148 410
148 411
148 456
148 512
148 658
148 786
148 887
148 957
149 171
149 188
149 226
149 352
149 397
149 478
149 513
149 523
149 525
149 645
149 768
150 153
150 207
150 387
150 573
150 760
150 830
150 909
150 949
151 255
151 282
151 326
151 435
151 469
151 541
151 694
151 715
151 921
151 970
152 187
152 220
152 373
152 376
152 523
152 556
152 621
152 800
152 836
152 877
153 182
153 330
153 385
153 847
153 931
153 938
154 398
154 523
154 543
154 668
154 783
155 177
155 296
155 337
155 347
155 446
155 507
155 596
155 728
155 742
155 754
155 837
156 166
156 209
156 285
156 287
156 437
156 473
156 481
156 617
156 925
157 250
157 258
157 260
157 316
157 412
157 488
157 531
157 586
157 755
157 771
157 826
158 264
158 436
158 619
158 641
158 778
158 823
158 890
158 961
158 975
159 160
159 279
159 592
159 709
159 724
159 846
159 955
159 975
160 182
160 233
160 295
160 456
160 478
160 525
160 619
160 655
160 708
160 773
160 919
161 171
161 247
161 434
161 443
161 459
161 574
161 680
161 704
161 780
161 818
161 847
161 864
162 205
162 525
162 585
162 746
163 179
163 251
163 273
163 327
163 357
163 458
163 517
163 523
163 829
163 884
164 203
164 242
164 306
164 365
164 597
164 626
164 723
164 960
164 984
165 213
165 363
165 535
165 697
165 951
165 962
165 964
165 968
166 318
166 352
166 361
166 435
166 762
166 817
166 857
166 903
167 191
167 216
167 317
167 452
167 623
167 752
167 808
167 851
167 963
168 210
168 385
168 403
168 540
168 675
168 957
168 978
169 170
169 183
169 282
169 631
169 722
169 763
169 926
169 966
170 212
170 259
170 314
170 329
170 369
170 702
170 765
171 465
171 555
171 597
171 663
171 921
172 255
172 326
172 532
172 705
172 830
172 854
172 878
172 993
172 999
173 265
173 321
173 389
173 434
173 554
173 561
173 736
173 765
173 844
173 846
173 977
174 252
174 306
174 401
174 655
174 660
174 675
174 732
174 736
174 886
174 923
175 247
175 446
175 817
175 824
175 941
176 284
176 323
176 362
176 398
176 416
176 528
176 565
176 594
176 610
176 674
176 789
176 813
176 819
176 999
177 245
177 288
177 296
177 303
177 345
177 541
177 638
177 760
177 763
177 795
177 809
177 835
177 898
177 909
178 450
178 537
178 585
178 587
178 633
178 674
178 758
178 796
178 996
178 998
179 196
179 219
179 532
179 662
179 723
179 748
179 797
179 865
179 882
180 328
180 424
180 520
180 572
180 983
181 190
181 303
181 459
181 525
181 682
181 749
181 777
181 876
181 964
182 420
182 519
182 522
182 697
182 849
182 902
182 938
183 218
183 766
183 779
183 905
183 940
184 241
184 273
184 539
184 585
184 686
184 772
184 842
184 920
184 952
185 195
185 261
185 289
185 292
185 323
185 428
185 560
185 750
185 795
185 886
185 924
186 200
186 220
186 265
186 311
186 423
186 487
186 633
186 756
186 917
187 372
187 502
187 566
187 608
187 621
187 697
187 994
188 406
188 427
188 565
188 638
188 735
188 864
189 299
189 335
189 448
189 513
189 547
189 838
189 947
189 999
190 279
190 305
190 325
190 390
190 514
190 648
190 725
190 824
190 844
190 849
190 867
191 240
191 241
191 258
191 290
191 337
191 505
191 710
191 765
191 804
191 918
191 924
192 264
192 602
192 606
193 281
193 312
193 505
193 675
193 781
193 919
193 950
193 953
194 198
194 228
194 290
194 350
194 456
194 656
195 481
195 728
195 853
195 872
196 205
196 731
196 744
196 900
197 276
197 561
197 637
197 658
197 668
197 804
197 909
198 217
198 363
198 501
198 577
198 704
198 842
199 210
199 217
199 354
199 372
199 433
199 531
199 575
199 642
199 817
199 847
199 891
199 990
200 244
200 415
200 449
200 466
200 803
201 333
201 423
201 438
201 512
201 645
201 825
201 986
202 204
202 262
202 290
202 425
202 497
202 639
202 897
202 908
202 973
203 304
203 414
203 585
203 603
203 626
203 768
203 861
203 879
203 938
203 992
204 281
204 362
204 501
204 577
204 622
204 804
204 873
204 993
205 281
205 571
205 683
205 869
206 283
206 605
206 756
206 826
206 956
206 988
207 307
207 343
207 478
207 489
207 560
207 794
207 795
207 912
207 960
208 289
208 371
208 452
208 568
208 654
209 281
209 286
209 389
209 422
209 565
209 822
209 863
209 907
209 919
209 933
210 444
210 447
210 656
210 682
210 693
210 880
210 902
211 247
211 274
211 418
211 468
211 517
211 546
211 617
211 631
211 685
211 686
211 725
211 761
211 855
212 218
212 332
212 445
212 493
212 515
212 556
212 866
212 879
212 896
212 927
213 294
213 343
213 407
213 478
213 608
213 632
213 808
214 244
214 294
214 358
214 529
214 593
214 594
214 602
214 663
214 728
214 957
214 963
215 301
215 360
215 678
215 836
215 958
215 994
215 999
216 436
216 592
216 626
216 631
216 742
216 757
216 859
216 958
217 337
217 386
217 499
217 767
217 857
217 890
218 335
218 437
218 550
218 944
219 240
219 357
219 391
219 440
219 458
219 690
219 805
219 858
220 614
220 748
220 827
220 977
220 983
220 986
221 235
221 283
221 319
221 399
221 668
221 826
222 409
222 504
222 600
222 661
222 683
222 699
222 949
222 962
223 240
223 282
223 303
223 317
223 328
223 418
223 611
223 640
223 839
223 957
224 245
224 274
224 436
224 453
224 577
224 629
224 758
224 803
224 838
224 999
225 339
225 342
225 391
225 445
225 606
225 892
225 959
226 267
226 341
226 390
226 405
226 620
226 923
227 337
227 419
227 457
227 600
227 710
227 714
227 801
227 896
228 312
228 525
228 575
228 580
228 669
228 786
228 814
228 936
228 970
229 322
229 356
229 447
229 476
229 559
229 677
229 744
229 819
229 870
229 879
230 264
230 399
230 893
230 906
230 983
230 991
231 238
231 294
231 444
231 479
231 837
231 996
232 254
232 377
232 723
232 734
232 790
232 953
233 253
233 345
233 557
233 600
233 988
234 243
234 504
234 516
234 656
234 694
234 744
234 818
234 981
235 239
235 307
235 360
235 373
235 414
235 494
235 573
235 677
235 775
235 826
235 944
235 999
236 264
236 296
236 324
236 482
236 875
236 954
236 955
237 315
237 339
237 511
237 699
237 774
237 811
237 909
238 286
238 528
238 707
238 818
238 834
239 273
239 300
239 309
239 425
239 650
239 717
239 869
240 254
240 332
240 373
240 390
240 412
240 568
240 775
240 939
241 330
241 331
241 386
241 510
241 580
241 581
241 843
241 880
241 945
242 315
242 375
242 547
242 654
242 696
242 726
242 810
242 863
242 904
243 698
243 705
244 285
244 476
244 616
244 621
244 686
244 707
244 865
245 335
245 622
245 644
245 786
245 931
246 344
246 396
246 415
246 473
246 511
246 745
246 747
246 828
247 309
247 337
247 620
247 843
247 869
247 915
248 251
248 321
248 478
248 520
248 534
248 636
248 662
248 704
248 937
249 382
249 509
249 527
249 606
249 645
249 817
250 265
250 391
250 408
250 452
250 583
250 641
250 661
250 790
250 795
250 841
250 904
250 995
251 355
251 470
251 496
251 519
251 725
251 792
251 902
251 987
252 386
252 498
252 539
252 583
252 865
252 888
253 374
253 392
253 533
253 640
253 739
253 767
253 946
254 391
254 464
254 633
254 688
254 948
255 347
255 594
255 629
256 271
256 272
256 432
256 458
256 464
256 499
256 595
256 759
256 865
257 287
257 352
257 362
257 417
257 528
257 535
257 601
257 754
257 899
257 907
258 350
258 359
258 423
258 561
258 568
258 600
258 616
258 645
258 723
258 776
259 390
259 515
259 615
259 766
260 317
260 690
260 762
260 839
260 881
260 920
260 948
261 408
261 491
261 851
261 947
262 396
262 402
262 640
262 910
263 327
263 334
263 434
263 564
263 624
264 349
264 369
264 418
264 585
264 617
264 759
265 334
265 385
265 446
265 556
265 562
265 563
265 640
265 652
265 696
265 729
265 940
266 363
266 513
266 614
266 812
266 936
267 555
267 598
267 604
267 649
267 863
268 364
268 431
268 483
268 494
268 530
268 541
268 563
268 821
268 907
269 505
269 545
269 679
269 757
269 790
269 836
269 859
269 970
270 301
270 408
271 357
271 416
271 659
271 916
272 508
272 523
272 619
272 688
272 830
272 896
273 315
273 377
273 530
273 686
273 895
273 945
273 962
274 363
274 464
274 467
274 512
274 640
274 876
275 283
275 320
275 658
275 742
275 996
276 375
276 554
276 610
276 656
276 711
276 731
276 741
276 761
276 819
276 917
277 414
277 459
277 519
277 823
277 892
277 910
277 913
277 948
277 974
278 480
278 551
278 620
278 693
278 837
278 942
279 317
279 342
279 343
279 367
279 372
279 554
279 564
279 572
279 738
279 803
279 969
280 529
280 619
280 688
280 742
280 745
280 810
280 871
280 937
280 997
281 589
281 662
281 663
281 952
282 364
282 472
282 495
282 537
282 619
282 632
282 796
282 827
283 684
283 723
283 972
284 431
284 833
285 301
285 360
285 545
285 640
285 650
285 659
285 672
285 674
285 784
285 984
286 357
286 392
286 422
286 587
286 839
287 292
287 376
287 429
287 919
288 438
288 463
288 511
288 545
288 596
288 667
288 832
288 866
288 987
289 416
289 420
289 550
289 561
289 611
289 791
289 833
289 905
289 925
290 313
290 438
290 506
290 634
290 777
290 884
290 920
290 935
290 953
290 971
291 497
291 680
291 720
291 931
291 964
292 476
292 518
292 541
292 634
292 637
292 784
292 881
293 627
293 719
293 844
294 296
294 320
294 347
294 432
294 533
294 630
294 868
294 970
295 358
295 363
295 447
295 665
295 716
295 802
295 873
295 982
296 479
296 500
296 642
296 877
297 323
297 471
297 608
297 657
297 692
297 713
297 861
298 371
298 457
298 545
298 562
298 598
298 665
298 746
298 766
298 849
299 333
299 358
299 410
299 440
299 757
299 811
299 866
299 930
300 326
300 441
300 524
300 552
300 560
300 700
300 771
300 920
301 366
301 377
301 427
301 443
301 477
301 480
301 585
301 593
301 799
301 891
302 365
302 450
302 457
302 635
302 696
302 930
303 424
303 577
303 831
303 913
303 917
304 410
304 491
304 552
304 678
304 991
305 406
305 714
305 878
305 921
305 943
306 519
306 700
306 781
306 812
306 902
306 910
307 357
307 500
307 562
307 642
307 676
307 787
307 842
307 867
308 459
308 472
308 662
308 689
308 748
308 765
308 798
308 854
308 874
308 885
308 967
308 984
309 352
309 384
309 520
309 883
309 923
309 951
309 987
310 320
310 355
310 536
310 726
310 759
310 881
311 488
311 552
311 595
311 619
311 729
311 753
312 347
312 399
312 442
312 468
312 478
312 539
312 671
312 975
312 995
313 555
313 621
313 805
314 551
314 800
314 863
314 894
315 361
315 365
315 449
315 628
315 684
315 737
315 833
315 950
315 987
315 992
316 506
316 569
316 627
316 639
316 728
316 818
316 949
317 423
317 678
317 757
318 330
318 408
318 524
318 600
318 614
318 655
318 740
318 844
318 874
319 354
319 473
319 638
319 683
319 730
319 746
319 754
319 794
319 818
319 830
319 965
320 476
320 501
320 545
320 579
320 701
320 703
320 862
321 456
321 507
321 515
321 540
321 560
321 653
321 963
322 345
322 533
322 935
323 620
323 684
323 740
323 749
323 770
323 787
324 356
324 396
324 519
324 563
324 594
324 634
324 653
324 880
324 972
325 466
325 765
325 878
326 329
326 604
326 771
327 514
327 730
327 839
327 899
328 367
328 426
328 459
328 503
328 630
328 808
328 886
329 366
329 573
329 700
329 727
329 875
329 933
330 436
330 496
330 647
330 685
330 815
330 854
331 410
331 463
331 608
331 662
331 831
331 976
331 986
332 380
332 395
332 415
332 545
332 558
332 584
332 629
332 701
332 776
332 944
333 593
333 618
333 869
333 904
333 967
334 399
334 408
334 452
334 501
334 534
334 622
334 815
334 854
334 883
334 895
334 942
334 964
334 997
335 379
335 702
335 773
335 840
336 405
336 482
336 485
336 809
336 888
337 396
337 433
337 467
337 599
337 601
337 647
337 847
337 850
338 491
338 654
338 677
338 896
339 409
339 467
339 584
339 621
339 671
339 756
339 815
339 831
339 846
339 862
340 547
340 558
340 764
340 845
340 906
341 371
341 385
341 617
341 659
341 852
341 884
341 985
342 373
342 485
342 513
342 528
342 591
342 810
342 869
342 962
343 479
343 521
343 528
343 869
343 967
344 354
344 975
344 979
345 359
345 624
345 690
345 782
345 790
345 797
345 926
345 976
346 359
346 545
346 602
346 678
346 755
347 535
347 624
347 908
348 449
348 513
348 583
348 684
348 861
349 392
349 468
349 501
349 576
349 615
349 892
350 352
350 564
350 889
351 609
351 782
351 844
351 857
351 916
351 941
352 367
352 437
352 741
352 752
352 882
352 932
353 574
353 593
353 784
353 804
353 896
353 949
354 456
354 489
354 592
354 654
354 658
354 663
354 723
354 779
354 825
355 599
355 603
355 625
355 634
355 681
355 730
355 846
355 857
355 949
355 956
355 968
355 997
356 411
356 749
356 891
356 911
356 975
357 410
357 444
357 485
357 583
357 609
357 775
357 811
357 850
357 857
357 859
357 957
357 971
357 980
358 385
358 410
358 440
358 569
358 644
358 736
358 806
358 921
359 470
359 616
359 767
359 922
359 967
360 400
360 404
360 534
360 538
360 594
360 744
360 835
360 976
361 439
361 635
361 901
362 406
362 498
362 576
362 600
362 643
363 928
364 368
364 405
364 461
364 620
364 681
364 719
364 831
365 493
365 616
365 627
365 970
366 400
366 526
366 588
366 628
366 720
366 738
366 867
366 915
367 426
367 457
367 460
367 573
367 656
367 709
367 716
367 721
367 851
367 895
367 965
368 505
368 535
368 557
368 600
368 698
368 729
368 770
368 825
368 883
368 887
368 890
368 909
369 739
369 827
369 940
370 425
370 771
370 874
370 884
370 914
371 400
371 463
371 524
371 526
371 530
371 618
371 751
371 910
371 998
372 384
372 483
372 543
372 609
372 631
372 808
372 903
372 962
372 964
373 424
373 447
373 560
373 563
373 762
374 392
374 462
374 541
374 615
374 887
374 996
375 578
375 632
375 689
375 756
376 693
376 752
376 794
376 861
376 934
377 472
377 486
377 763
377 830
378 462
378 560
378 727
378 802
378 878
378 927
378 943
379 459
379 508
379 584
379 599
379 644
379 743
380 386
380 462
380 470
380 515
380 759
380 873
380 945
380 951
381 496
381 699
381 783
381 853
381 858
381 933
381 987
382 526
382 946
383 389
383 587
383 595
383 684
383 718
383 919
383 939
384 627
384 658
384 773
384 798
384 890
384 925
384 968
385 663
385 679
385 850
385 909
385 911
386 493
386 541
386 609
386 689
386 761
386 784
386 997
387 396
387 412
387 446
387 517
387 573
387 588
387 614
387 759
387 793
387 796
388 621
388 626
388 651
388 658
388 846
388 905
388 992
389 430
389 637
389 800
389 910
389 985
390 603
390 663
390 994
391 758
392 602
392 801
393 920
393 987
394 409
394 468
394 570
394 589
394 820
394 844
394 858
394 873
394 930
394 955
395 463
395 491
395 631
395 939
396 458
396 517
396 518
396 630
396 703
396 705
396 714
396 844
397 402
397 450
397 457
397 463
397 540
397 765
397 778
398 513
398 553
398 604
398 632
398 673
398 755
398 768
398 911
398 942
399 462
399 550
399 622
399 718
399 853
400 544
400 588
400 782
400 950
401 481
401 582
401 703
401 734
401 753
401 847
402 483
402 633
402 656
402 670
402 689
402 749
402 794
402 913
402 961
403 625
403 765
403 846
403 911
403 980
404 508
404 530
404 591
404 679
404 712
404 713
404 842
404 914
405 442
405 496
405 499
405 564
405 682
405 691
405 700
405 754
406 592
406 621
406 840
406 873
406 986
407 412
407 537
407 840
407 913
407 932
408 412
408 681
408 997
409 596
409 635
409 756
409 776
409 782
409 810
409 901
409 934
409 980
409 997
410 439
410 485
410 516
410 641
410 761
410 788
410 822
410 848
410 880
411 430
411 914
411 923
411 979
411 983
411 984
412 438
412 445
412 647
412 921
412 948
413 483
413 576
413 604
413 628
413 836
413 884
413 990
414 471
414 480
414 501
414 641
414 721
414 726
414 742
415 655
415 743
415 766
415 828
415 879
415 981
416 512
416 569
416 747
416 758
416 843
416 908
417 471
417 579
417 678
418 488
418 514
418 602
418 727
418 758
418 925
419 469
419 574
419 676
419 919
419 996
420 437
420 507
420 631
420 652
420 755
420 945
420 984
421 492
421 512
421 523
421 547
421 566
421 647
421 673
421 854
421 989
422 436
422 507
422 541
422 616
422 709
422 789
422 823
422 967
423 530
423 750
423 775
423 802
423 926
423 986
424 463
424 631
424 858
424 874
425 584
425 929
426 451
426 461
426 465
426 467
426 545
426 736
426 860
427 493
427 613
427 627
427 750
427 831
427 851
428 550
428 685
428 782
429 491
429 613
429 672
429 692
429 710
429 782
429 827
429 833
429 958
430 431
430 447
430 485
430 497
430 588
430 619
430 684
430 789
430 801
430 852
430 891
430 896
430 956
431 475
431 896
431 909
432 448
432 463
432 472
432 577
432 638
432 655
432 769
432 795
432 835
432 864
433 641
433 654
433 768
433 859
433 945
434 442
434 474
434 475
434 515
434 735
434 897
434 967
435 474
435 572
435 856
436 518
436 688
436 778
436 789
436 825
436 882
436 905
436 990
437 692
437 801
437 894
437 987
438 451
438 678
438 734
438 740
438 764
438 891
438 935
438 945
439 478
439 560
439 645
439 656
439 916
440 603
440 645
440 714
440 862
440 956
441 588
441 600
441 662
441 809
441 948
441 981
441 988
442 498
442 798
442 799
442 830
442 972
443 550
444 608
444 768
444 835
444 986
444 992
445 499
445 500
445 677
445 705
445 729
445 911
445 996
446 567
446 571
446 595
446 662
446 702
446 747
446 761
446 825
447 735
447 830
447 947
448 493
448 604
448 607
448 633
448 637
448 682
448 692
448 705
448 861
448 954
449 482
449 784
449 904
449 963
450 459
450 490
450 528
450 582
450 591
450 882
451 468
451 482
451 520
451 568
451 731
451 845
451 931
452 860
452 907
452 945
453 469
453 506
453 546
453 631
453 682
453 828
454 564
454 795
454 960
455 484
455 609
455 764
455 817
455 884
455 924
456 585
456 656
456 704
456 772
456 879
456 916
457 578
457 660
457 791
457 844
457 933
458 476
458 826
458 898
458 934
458 941
459 471
459 748
459 857
459 862
459 949
460 498
460 549
460 607
461 527
461 600
461 646
461 699
461 728
461 963
461 972
462 535
462 770
462 861
462 916
463 648
463 870
464 562
464 732
464 744
464 914
464 937
465 640
465 901
465 927
466 503
466 617
466 649
466 824
466 869
466 918
467 476
467 562
467 717
467 719
468 590
468 608
468 613
468 705
469 552
469 655
469 743
469 783
469 831
469 877
469 987
470 483
470 606
470 672
470 732
470 819
470 876
470 911
470 944
471 551
471 577
471 604
471 646
471 919
471 956
472 646
472 694
472 736
472 790
472 893
472 910
473 522
473 558
473 562
473 596
473 746
473 751
473 771
473 848
473 870
474 575
474 685
474 823
474 824
474 857
474 862
474 887
474 933
475 538
475 560
475 578
475 615
475 878
476 560
476 571
476 622
476 768
476 800
476 859
476 996
477 594
477 655
477 686
477 701
477 903
477 946
477 995
478 518
478 562
478 609
478 702
478 871
478 987
479 531
479 544
479 954
480 486
480 525
480 983
481 637
481 899
481 931
481 943
482 516
482 544
482 557
482 592
483 552
483 589
483 632
483 875
483 881
483 946
483 984
484 506
484 651
484 721
484 760
484 859
484 869
484 930
484 984
485 499
485 594
485 765
485 807
485 860
485 903
486 536
486 684
486 818
486 860
487 515
487 603
487 900
487 990
488 589
488 719
488 864
488 962
488 979
490 543
490 675
490 882
491 511
491 572
491 580
491 672
491 763
491 821
491 838
491 888
491 998
492 506
492 512
492 819
493 717
493 719
493 725
493 735
493 826
493 907
493 983
494 600
494 656
494 789
495 564
495 600
495 612
495 632
495 649
495 716
495 772
495 829
495 838
495 897
495 989
496 510
496 512
496 535
496 575
496 686
496 743
496 956
497 580
497 614
497 823
497 955
497 978
498 591
498 644
498 748
498 849
499 684
499 773
500 759
500 833
500 997
501 630
501 652
501 700
501 705
501 813
501 939
502 581
502 593
502 694
502 813
502 966
503 509
503 650
503 705
503 790
503 816
503 915
504 652
504 695
504 743
504 785
504 838
504 853
505 587
505 644
505 728
505 733
506 530
506 680
506 684
506 864
506 943
507 727
507 737
507 755
507 778
507 895
507 941
508 757
509 555
509 568
509 862
509 963
510 622
510 689
510 820
510 844
511 558
511 566
511 823
511 880
512 640
512 796
513 859
513 958
513 967
514 698
514 845
514 880
515 557
515 630
515 854
516 803
516 845
516 971
517 549
517 814
518 626
518 692
518 842
518 856
518 920
519 624
519 742
519 868
520 603
520 607
520 779
520 979
520 999
521 569
521 690
521 757
521 826
522 589
522 800
522 893
522 970
522 973
523 622
523 687
523 691
523 734
523 751
523 906
523 907
523 984
524 561
524 767
524 930
524 951
525 581
525 646
525 705
525 707
525 863
525 904
525 905
525 967
526 769
526 779
526 788
527 687
527 714
527 779
527 932
528 537
528 814
528 952
529 544
529 581
529 615
529 703
529 751
529 851
529 975
530 925
531 536
531 821
531 985
532 620
532 630
532 731
532 900
533 737
533 839
533 969
533 991
534 588
534 865
535 582
535 620
535 661
535 682
535 764
535 782
535 844
535 846
535 892
535 920
535 933
535 982
537 944
538 566
538 631
538 641
538 670
538 703
538 751
538 788
538 894
539 623
539 733
539 954
539 962
539 987
540 719
540 836
540 853
540 864
540 871
540 910
540 961
541 601
541 787
541 847
541 899
541 955
541 998
542 613
542 624
542 636
542 825
543 623
543 655
543 798
543 800
543 896
543 967
544 908
544 934
545 619
545 997
546 604
546 859
546 899
547 743
547 835
548 555
548 559
548 582
548 676
548 683
549 721
549 730
549 743
549 774
549 843
549 982
550 645
550 719
550 807
550 940
550 950
551 621
551 664
551 689
551 855
551 893
551 981
552 570
553 631
553 650
553 696
553 718
553 782
553 814
553 946
553 971
554 622
554 760
555 582
555 630
555 667
555 681
555 984
555 992
555 996
556 661
557 645
557 655
557 671
557 688
557 711
557 893
558 587
558 731
559 586
559 693
559 700
559 733
559 794
560 763
560 862
560 934
560 980
561 598
561 624
561 990
562 909
563 996
564 726
564 763
565 796
565 890
566 715
566 748
566 873
566 907
567 677
567 682
567 756
567 943
568 614
568 634
568 822
568 881
569 610
569 625
569 690
569 893
569 912
569 927
569 982
569 991
569 996
570 594
570 699
570 707
570 731
570 851
571 593
571 790
571 922
571 952
572 651
572 847
572 897
572 987
573 604
573 678
573 884
573 919
573 937
573 994
574 576
574 613
574 639
574 827
574 851
575 791
575 984
577 609
577 644
577 766
577 793
578 616
578 642
578 700
578 812
578 885
578 950
579 683
579 748
580 624
580 701
580 953
581 695
581 700
582 744
582 834
583 600
583 602
583 639
583 758
583 831
583 943
583 952
584 661
584 731
584 745
584 794
584 835
584 919
585 641
585 652
585 667
585 700
585 714
585 717
585 725
585 732
585 766
586 694
586 696
586 728
586 818
586 878
587 667
587 820
587 847
588 852
588 891
589 689
589 807
589 825
589 844
589 850
589 874
589 912
589 942
590 609
590 723
590 889
590 898
591 600
591 867
591 998
592 658
592 756
592 870
592 898
593 609
593 615
593 617
593 865
594 636
594 661
594 748
594 879
594 979
595 614
595 734
595 925
596 669
596 736
596 807
596 809
596 813
596 903
596 936
597 644
597 662
597 967
598 705
598 763
598 830
598 942
599 685
600 762
600 921
600 923
600 991
601 699
601 894
601 935
602 629
602 638
602 868
603 641
603 714
603 749
603 871
603 939
604 680
604 719
605 726
605 966
605 984
606 609
606 641
606 793
606 967
606 973
607 633
607 677
607 804
608 709
608 778
608 833
608 897
608 947
608 994
609 715
609 763
609 768
609 814
609 819
609 856
610 642
610 992
611 646
611 899
611 952
611 989
612 622
612 748
612 803
613 686
613 748
613 907
614 647
614 752
614 983
615 735
615 929
615 945
616 731
616 784
616 809
616 877
616 905
616 924
616 939
617 730
618 856
618 860
619 689
619 744
619 922
619 993
620 622
620 825
620 959
621 653
621 687
621 884
621 898
622 678
623 814
623 838
623 899
624 880
625 760
625 855
625 917
626 673
626 792
626 807
626 898
626 916
626 993
627 732
627 789
627 884
627 977
628 789
628 932
629 666
629 869
629 887
630 651
630 782
630 804
631 706
631 713
631 794
631 918
631 982
633 748
633 751
633 807
633 833
634 666
634 919
635 667
635 712
635 814
636 835
637 692
637 705
639 710
639 715
639 766
640 699
640 935
640 975
641 771
641 773
641 851
642 670
642 852
642 912
643 999
644 742
644 748
644 868
644 949
645 881
645 897
646 696
646 963
647 660
647 729
647 790
648 682
648 821
648 979
649 725
649 798
649 872
650 695
650 704
650 789
650 844
650 859
650 923
650 926
650 960
651 697
651 699
651 777
651 839
651 923
652 781
652 896
652 916
652 983
653 754
653 935
654 897
654 938
654 992
655 741
655 888
656 665
656 728
656 782
656 842
657 703
657 749
657 805
658 750
659 683
659 979
659 998
660 672
660 783
660 791
660 801
660 829
661 787
661 873
662 759
663 821
663 848
664 680
664 723
664 777
664 808
664 828
664 839
666 784
666 799
666 818
666 995
667 778
667 813
667 943
667 977
668 702
668 827
669 676
669 815
669 888
669 901
670 765
670 830
670 886
671 695
671 802
671 812
671 880
672 800
673 867
673 906
673 938
673 949
673 954
673 959
674 738
674 800
674 810
674 993
675 764
675 767
675 791
675 806
675 930
676 970
676 991
677 767
677 846
677 852
677 917
678 683
678 693
679 796
679 839
679 857
680 717
680 853
680 875
680 933
680 988
680 997
681 889
681 912
682 735
683 696
683 700
683 795
683 899
683 906
683 917
684 703
684 769
684 811
684 812
685 771
685 791
685 949
685 971
685 992
686 703
686 782
686 807
687 784
687 808
687 945
687 971
688 761
688 799
689 840
689 868
689 874
691 758
692 739
692 757
692 786
692 889
693 806
693 874
693 956
694 700
694 942
695 738
695 755
695 906
696 771
696 853
696 925
697 717
697 740
697 765
697 767
697 873
697 901
698 757
698 783
699 769
699 806
699 840
699 872
699 882
699 919
699 974
699 999
700 769
700 776
700 875
700 928
701 745
701 783
701 950
701 972
701 982
702 937
702 958
703 825
703 847
703 896
704 897
704 961
705 934
705 981
705 991
706 746
706 750
706 804
706 875
706 896
707 776
707 806
707 881
707 986
708 763
708 788
708 817
708 900
708 921
708 956
708 972
709 778
709 871
709 953
710 727
710 824
710 923
711 719
711 774
711 829
711 866
711 934
712 730
712 763
712 854
713 763
713 765
713 772
713 926
714 827
714 973
715 898
715 975
716 783
716 831
716 870
717 764
717 836
717 885
717 947
717 995
718 811
718 863
718 939
719 830
719 893
720 803
720 928
720 970
721 746
721 756
721 868
721 885
722 936
723 737
723 881
723 921
723 922
723 941
724 733
724 752
724 814
725 845
725 885
725 903
726 845
727 951
728 868
728 988
729 856
730 761
730 781
730 984
730 997
731 750
731 861
732 814
732 870
733 780
733 823
733 898
733 903
733 982
734 782
734 893
734 939
735 755
735 823
735 947
735 956
737 902
737 930
738 813
738 853
738 997
739 804
739 894
739 920
739 965
739 982
740 965
741 753
741 801
741 945
741 971
742 850
742 877
742 935
743 766
743 800
743 972
744 932
744 964
744 975
744 992
745 764
745 839
745 903
746 773
746 912
747 759
747 785
747 989
748 850
748 982
749 758
749 925
750 911
750 976
751 895
752 776
753 864
753 886
754 770
754 809
754 982
754 987
755 920
756 808
756 835
756 894
757 954
758 817
758 921
759 837
759 930
759 964
760 792
760 867
760 935
760 972
761 865
761 937
761 948
761 984
762 821
762 857
763 854
764 776
764 807
765 894
765 904
765 974
765 987
766 813
766 868
767 819
767 977
768 791
768 817
768 899
770 900
771 781
771 796
771 908
772 788
772 798
772 920
772 983
773 789
773 834
773 837
774 913
774 980
775 824
775 851
776 949
777 799
777 832
777 861
777 888
777 952
778 830
779 856
779 909
780 852
781 790
781 976
782 992
783 914
783 973
783 997
784 888
785 807
785 858
785 882
786 888
786 955
786 999
787 836
788 827
788 877
788 922
790 792
790 836
790 896
791 863
792 831
792 963
793 832
793 887
793 922
795 943
795 978
795 980
796 874
796 959
797 917
797 981
797 998
798 876
799 828
799 977
800 809
800 942
800 952
801 829
801 876
801 960
802 820
802 866
802 872
802 926
803 838
803 864
804 862
804 953
805 903
805 913
805 984
806 915
807 841
808 817
808 945
809 868
810 892
811 875
811 912
811 927
811 964
811 991
812 843
813 945
813 967
813 994
814 832
814 888
814 901
814 917
814 972
815 994
815 998
816 895
816 910
816 926
817 826
817 886
817 891
817 947
819 879
819 940
821 886
822 867
822 913
823 854
824 903
827 983
827 989
828 883
829 965
829 977
830 860
830 909
830 947
831 943
832 834
832 836
832 877
832 953
833 888
834 908
836 977
839 956
840 898
840 920
840 977
841 883
841 948
841 997
843 943
844 862
847 866
847 920
847 984
849 986
850 908
851 866
852 867
853 965
854 935
855 875
855 877
855 885
857 894
858 869
858 948
859 880
860 906
861 921
862 965
863 865
863 989
865 989
866 887
866 961
866 988
868 958
868 964
869 935
869 954
869 968
870 938
870 959
870 975
871 904
871 923
871 953
872 955
872 963
873 895
873 923
873 958
874 937
875 886
877 927
878 954
880 900
880 957
881 884
881 972
882 889
882 960
883 940
884 997
886 925
888 902
889 952
889 983
890 913
890 993
891 914
893 964
893 976
896 989
898 900
900 903
900 938
900 952
902 951
903 968
903 981
904 939
906 936
909 910
910 964
911 919
911 930
911 990
911 991
912 944
913 921
913 990
914 926
914 950
914 980
915 952
915 977
921 938
921 977
925 932
929 982
930 993
931 965
934 990
935 942
936 940
939 945
940 956
940 980
942 944
942 988
943 964
946 979
947 984
949 965
952 999
953 973
955 981
957 976
958 970
963 987
964 985
965 978
965 979
969 990
977 984
984 997
0
10 999
