1000	5006	 1
0 96
0 113
0 155
0 453
0 552
0 553
0 586
0 606
0 630
0 666
0 747
0 761
0 873
0 897
1 37
1 226
1 620
1 754
1 775
1 783
1 903
1 950
2 131
2 137
2 183
2 193
2 202
2 254
2 678
2 998
2 999
3 45
3 128
3 374
3 392
3 495
3 514
3 560
3 597
3 716
3 733
3 745
3 807
3 970
4 22
4 30
4 413
4 801
4 930
5 48
5 148
5 164
5 200
5 226
5 255
5 277
5 368
5 408
5 599
5 674
5 775
5 779
5 821
5 994
6 8
6 32
6 190
6 556
6 775
6 790
6 954
7 80
7 183
7 204
7 207
7 318
7 478
7 644
7 727
7 894
8 169
8 210
8 319
8 443
8 495
8 516
8 542
8 646
8 690
8 751
8 951
8 958
9 107
9 174
9 258
9 396
9 429
9 449
9 800
9 853
9 866
9 960
10 203
10 308
10 377
10 540
10 542
10 649
10 678
10 681
10 978
11 66
11 185
11 265
11 513
11 796
11 855
11 972
11 973
11 996
12 21
12 60
12 61
12 144
12 300
12 341
12 363
12 622
12 883
12 907
12 935
12 958
13 73
13 133
13 248
13 360
13 635
13 657
13 835
13 938
14 60
14 163
14 408
14 434
14 441
14 448
14 508
14 569
14 610
14 677
14 719
14 794
14 817
14 881
15 95
15 96
15 276
15 440
15 490
15 502
15 584
15 733
15 788
15 797
15 938
15 957
15 967
16 259
16 284
16 309
16 369
16 383
16 465
16 487
16 893
17 36
17 46
17 257
17 350
17 352
17 425
17 502
17 592
17 638
17 651
17 859
17 862
17 892
17 922
17 965
18 70
18 264
18 273
18 518
18 653
18 809
18 916
19 55
19 148
19 183
19 193
19 483
19 541
19 589
19 619
19 621
19 832
20 51
20 127
20 337
20 428
20 613
20 662
20 775
20 796
20 940
21 62
21 291
21 635
21 746
21 890
22 268
22 342
22 417
22 536
22 573
22 989
23 313
23 421
23 502
23 518
23 536
23 554
23 707
23 727
23 899
24 229
24 266
24 267
24 393
24 498
24 582
24 784
24 815
24 986
25 40
25 215
25 243
25 324
25 386
25 632
25 677
25 690
25 744
25 824
25 826
25 831
25 886
26 362
26 542
26 589
26 674
26 682
26 819
26 887
27 40
27 140
27 162
27 219
27 535
27 705
27 850
27 880
27 962
28 67
28 74
28 81
28 212
28 220
28 256
28 336
28 339
28 351
28 378
28 419
28 592
28 625
28 708
28 828
29 42
29 58
29 257
29 427
29 589
29 614
29 762
29 944
30 98
30 115
30 212
30 289
30 302
30 305
30 493
30 670
30 743
30 764
31 174
31 289
31 433
31 744
31 752
31 960
31 994
32 456
32 491
32 527
32 670
32 680
32 745
32 781
32 913
33 38
33 215
33 256
33 335
33 467
33 555
33 576
33 680
33 718
33 754
34 90
34 152
34 193
34 287
34 354
34 481
34 498
34 624
34 736
34 910
35 123
35 273
35 374
35 437
35 493
35 510
35 531
35 858
35 997
36 100
36 241
36 251
36 280
36 315
36 386
36 436
36 475
36 634
36 648
36 692
36 809
36 831
36 872
36 948
37 488
37 611
37 715
37 716
38 250
38 396
38 471
38 477
38 648
38 729
38 816
39 133
39 147
39 476
39 659
39 712
39 819
39 865
39 937
40 41
40 156
40 295
40 334
40 373
40 518
40 761
40 890
41 183
41 307
41 767
41 816
41 882
41 889
41 948
42 46
42 177
42 217
42 622
42 623
42 791
42 857
43 354
43 397
43 539
43 665
43 749
43 912
43 956
43 958
44 102
44 144
44 192
44 253
44 406
44 537
44 730
44 761
44 772
44 787
44 813
44 931
45 91
45 107
45 147
45 539
45 577
45 628
45 794
45 863
45 891
45 999
46 207
46 396
46 463
46 514
46 641
46 655
46 791
46 882
47 127
47 146
47 156
47 175
47 198
47 353
47 356
47 456
47 525
47 530
47 586
47 587
47 605
47 818
47 905
47 916
48 71
48 198
48 246
48 327
48 368
48 436
48 526
49 208
49 516
49 737
49 795
49 807
49 994
50 73
50 150
50 312
50 336
50 408
50 510
50 709
50 926
50 992
51 197
51 251
51 326
51 328
51 356
51 407
51 686
51 805
51 936
52 90
52 164
52 226
52 239
52 240
52 367
52 500
52 625
52 632
52 714
52 794
52 798
52 872
52 909
52 976
52 983
53 300
53 334
53 436
53 500
53 514
53 620
53 708
53 789
53 978
54 73
54 173
54 325
54 383
54 415
54 421
54 534
54 592
54 694
54 979
55 310
55 355
55 371
55 530
55 577
55 681
55 707
55 822
55 863
56 319
56 480
56 582
56 655
56 694
56 794
56 825
56 855
56 860
56 893
57 101
57 205
57 224
57 261
57 483
57 567
57 576
57 618
57 750
57 755
57 840
58 149
58 175
58 206
58 374
58 390
58 455
58 458
58 512
58 519
58 585
58 646
58 672
58 848
58 894
58 935
59 170
59 181
59 198
59 200
59 218
59 231
59 333
59 433
59 539
59 627
60 327
60 334
60 690
60 951
60 975
61 350
61 360
61 376
61 533
61 545
61 573
61 596
61 690
61 783
61 811
62 170
62 216
62 441
62 598
62 728
62 795
62 832
63 93
63 178
63 223
63 535
63 546
63 774
63 956
63 985
64 117
64 164
64 200
64 330
64 356
64 442
64 467
64 540
64 550
64 617
64 746
64 772
64 836
64 980
65 80
65 234
65 338
65 350
65 559
65 929
66 132
66 214
66 511
66 922
66 932
67 163
67 231
67 291
67 505
67 608
67 937
68 99
68 203
68 252
68 330
68 489
68 562
68 853
68 863
68 969
69 332
69 457
69 547
69 611
70 109
70 199
70 334
70 468
70 518
70 541
70 558
70 886
70 924
70 944
70 992
71 74
71 82
71 176
71 328
71 330
71 686
71 720
71 755
71 829
71 892
71 928
71 993
72 135
72 372
72 468
72 479
72 495
72 572
72 682
72 704
72 815
72 898
72 913
72 982
72 983
73 145
73 393
73 492
73 706
73 749
73 962
74 91
74 198
74 344
74 412
74 469
74 595
74 709
74 730
74 754
75 237
75 580
75 617
75 637
75 638
75 754
75 813
75 817
76 217
76 358
76 400
76 632
76 818
76 873
77 181
77 239
77 404
77 681
77 930
77 994
78 92
78 108
78 381
78 386
78 443
78 457
78 525
78 537
78 555
78 591
78 600
78 616
78 634
78 659
78 844
78 846
78 942
79 84
79 214
79 459
79 652
79 752
79 753
79 773
79 786
79 832
79 880
80 159
80 390
80 405
80 814
80 849
80 924
80 931
80 995
81 130
81 131
81 152
81 297
81 357
81 499
81 503
81 562
81 634
81 651
81 653
81 803
81 865
81 885
81 974
82 195
82 205
82 400
82 451
82 468
82 550
82 603
82 630
82 781
82 791
82 817
82 855
83 237
83 317
83 343
83 430
83 473
83 565
83 715
83 800
83 945
83 970
84 157
84 296
84 462
84 494
84 500
84 536
84 613
84 721
84 806
84 810
84 940
84 969
84 981
85 221
85 268
85 277
85 307
85 356
85 534
85 823
86 442
86 558
86 573
86 677
86 789
86 802
86 830
86 890
86 969
86 998
87 141
87 146
87 213
87 219
87 392
87 429
87 430
87 441
87 488
87 512
87 684
87 687
87 778
87 850
87 937
87 982
88 491
88 497
88 894
88 950
88 998
89 201
89 352
89 394
89 426
89 473
89 533
89 594
89 693
89 720
89 729
89 826
90 95
90 190
90 327
90 405
90 464
90 511
90 731
90 745
90 776
90 780
90 812
90 863
90 977
90 993
91 585
91 682
91 752
91 919
91 953
91 977
91 983
91 992
92 246
92 247
92 412
92 644
92 684
92 709
92 795
92 994
93 110
93 152
93 267
93 536
93 553
93 586
93 849
93 889
94 147
94 221
94 370
94 446
94 524
94 805
94 837
94 884
94 918
94 925
94 997
95 215
95 220
95 256
95 497
95 583
95 620
95 647
96 129
96 175
96 180
96 266
96 293
96 423
96 462
96 482
96 668
96 771
97 105
97 110
97 117
97 188
97 575
97 629
97 962
98 203
98 267
98 421
98 739
98 860
98 998
98 999
99 374
99 466
99 619
99 638
99 770
99 808
99 900
99 997
100 191
100 263
100 700
100 750
100 777
100 806
100 824
100 909
101 156
101 166
101 224
101 234
101 256
101 257
101 314
101 365
101 608
101 676
101 756
101 789
101 809
101 868
101 938
102 451
102 466
102 511
102 516
102 550
102 885
102 969
103 194
103 207
103 236
103 316
103 378
103 421
103 638
103 686
103 782
103 830
104 177
104 209
104 242
104 616
104 751
104 911
104 918
104 942
105 157
105 339
105 371
105 474
105 713
105 765
105 814
105 990
106 329
106 388
106 400
106 538
106 832
106 950
107 208
107 209
107 254
107 314
107 334
107 438
107 622
107 642
107 757
107 814
107 984
108 153
108 167
108 257
108 280
108 408
108 557
108 616
108 707
108 777
108 788
108 942
108 992
108 995
109 324
109 376
109 498
109 525
109 657
109 679
109 726
109 753
109 800
109 858
109 888
110 478
110 576
110 761
110 888
110 962
111 170
111 201
111 406
111 498
111 573
111 705
111 733
111 758
111 814
111 893
111 926
111 953
111 969
111 971
112 117
112 127
112 249
112 278
112 325
112 606
112 754
113 159
113 271
113 381
113 513
113 529
113 652
113 670
113 727
113 807
113 916
114 128
114 140
114 178
114 222
114 233
114 254
114 505
114 599
114 604
114 659
114 678
114 752
114 762
115 286
115 408
115 615
115 700
115 719
115 736
115 847
115 874
115 905
116 151
116 224
116 289
116 347
116 369
116 440
116 517
116 578
116 666
116 671
116 689
116 841
116 929
117 188
117 434
117 544
117 566
117 572
117 642
117 733
117 971
117 982
118 157
118 220
118 514
118 570
118 876
118 881
119 225
119 254
119 460
119 506
119 534
119 603
119 754
119 814
119 833
119 937
119 996
120 511
120 570
120 639
120 885
120 919
121 162
121 428
121 448
121 573
121 640
121 677
121 720
121 956
122 200
122 360
122 373
122 387
122 414
122 543
122 604
122 658
122 847
122 946
122 971
122 975
123 127
123 130
123 176
123 390
123 684
123 731
123 766
123 862
123 864
123 871
124 330
124 374
124 701
124 709
124 747
124 827
125 218
125 253
125 300
125 383
125 406
125 425
125 448
125 511
125 539
125 544
125 549
125 908
125 968
125 993
126 219
126 275
126 314
126 369
126 509
126 652
126 704
126 724
126 894
126 998
127 173
127 277
127 375
127 408
127 421
127 963
128 147
128 342
128 389
128 421
128 458
128 462
128 849
128 896
129 395
129 464
129 689
129 770
130 391
130 556
130 574
130 683
130 842
130 901
130 985
131 197
131 216
131 403
131 611
131 823
131 879
131 984
132 195
132 333
132 365
132 542
132 805
132 864
132 907
133 195
133 203
133 214
133 298
133 465
133 630
133 655
133 656
133 665
133 699
133 824
134 154
134 200
134 258
134 316
134 482
134 574
134 578
134 676
134 738
134 814
134 836
134 890
134 895
134 904
134 952
135 188
135 205
135 379
135 464
135 481
135 513
135 554
135 575
135 628
135 635
135 698
135 916
135 984
136 173
136 227
136 379
136 474
136 515
136 590
136 636
136 675
136 729
136 916
137 330
137 513
137 521
137 749
137 810
137 824
137 909
138 284
138 404
138 405
138 535
138 570
138 612
138 686
138 695
138 785
138 831
139 185
139 287
139 535
139 584
139 631
139 652
139 761
139 982
140 361
140 428
140 511
140 552
140 592
140 606
140 637
140 682
140 790
140 795
140 973
141 144
141 546
141 591
141 778
141 811
142 386
142 458
142 783
142 984
143 192
143 215
143 237
143 323
143 354
143 517
143 602
143 712
143 746
143 852
143 862
143 909
143 916
143 933
143 960
144 149
144 223
144 243
144 280
144 390
144 432
144 582
144 665
144 712
144 807
144 885
145 276
145 283
145 769
145 887
145 913
146 291
146 350
146 416
146 448
146 675
146 683
146 821
146 935
146 995
147 374
147 480
147 513
147 524
147 685
147 733
147 770
147 776
147 814
147 859
148 219
148 229
148 360
148 399
148 466
148 506
148 515
148 542
148 616
148 637
148 639
148 864
149 208
149 301
149 327
149 361
149 435
149 497
149 501
149 540
149 622
149 841
149 907
150 165
150 166
150 383
150 565
150 685
150 723
150 725
150 792
150 806
150 811
151 277
151 364
151 379
151 667
151 777
152 218
152 376
152 512
152 910
152 916
152 917
153 191
153 406
153 445
153 523
153 535
153 957
154 283
154 315
154 437
154 470
154 866
154 907
154 962
155 174
155 266
155 436
155 476
155 569
155 680
155 800
155 940
156 158
156 216
156 368
156 445
156 525
156 554
157 215
157 309
157 407
157 950
158 217
158 309
158 323
158 352
158 374
158 661
158 728
158 780
158 831
158 893
159 177
159 227
159 334
159 484
159 881
160 235
160 843
160 867
160 893
160 961
160 966
160 996
161 200
161 211
161 519
161 578
161 735
161 762
161 799
161 974
162 248
162 269
162 462
162 494
163 302
163 331
163 360
163 461
163 593
163 848
163 894
163 930
164 218
164 385
164 424
164 520
164 820
164 875
164 919
164 999
165 216
165 384
165 627
165 854
165 897
165 916
165 989
166 203
166 230
166 297
166 339
166 395
166 438
166 527
167 237
167 261
167 267
167 298
167 310
167 501
167 723
167 814
167 817
167 844
168 314
168 377
168 428
168 656
168 837
168 863
168 881
168 960
169 210
169 229
169 427
169 594
169 801
169 902
169 985
170 254
170 262
170 354
170 378
170 409
170 419
170 475
170 562
170 590
170 815
170 908
171 217
171 365
171 416
171 422
171 495
171 655
171 926
172 233
172 345
172 435
172 493
172 618
172 704
172 869
172 909
172 919
173 717
173 960
173 980
174 368
174 463
174 542
174 556
174 587
174 616
174 758
174 809
175 293
175 299
175 425
175 457
175 470
175 531
175 663
175 731
175 782
175 827
175 978
176 291
176 316
176 686
176 696
176 717
176 730
176 834
176 926
176 976
177 313
177 521
177 553
177 651
177 673
177 860
177 867
178 189
178 317
178 506
178 853
178 906
178 934
179 280
179 307
179 337
179 437
179 438
179 602
179 728
179 859
179 902
179 975
180 323
180 369
180 371
180 454
180 495
180 511
180 857
180 867
180 950
181 297
181 385
181 410
181 414
181 696
181 776
181 828
181 842
181 966
182 226
182 341
182 352
182 374
182 427
182 440
182 463
182 487
182 531
182 550
182 961
183 200
183 203
183 272
183 442
183 530
183 540
183 620
183 644
183 654
183 731
183 895
184 346
184 453
184 521
184 548
184 625
184 650
184 830
184 839
184 859
184 867
184 918
185 351
185 586
185 587
185 801
186 257
186 292
186 317
186 406
186 589
186 685
186 786
186 876
186 895
186 928
187 379
187 424
187 441
187 910
188 264
188 484
188 520
188 532
188 654
188 714
188 765
188 902
189 269
189 290
189 321
189 448
189 713
189 766
189 958
190 296
190 393
190 419
190 501
190 577
190 652
190 691
191 205
191 274
191 298
191 588
191 609
191 687
191 765
191 888
191 934
192 223
192 234
192 392
192 412
192 445
192 612
192 720
192 745
192 873
192 874
192 878
192 894
193 196
193 439
193 524
193 531
193 616
193 678
193 817
193 819
193 898
194 203
194 213
194 399
194 471
194 497
194 537
194 599
194 653
194 678
194 984
195 254
195 538
195 749
195 763
195 823
195 845
195 886
195 920
196 253
196 373
196 543
196 673
196 736
196 744
196 800
196 855
196 870
197 455
197 464
197 619
197 646
197 843
197 932
198 281
198 286
198 300
198 468
198 497
198 608
198 816
198 881
198 935
198 955
199 211
199 244
199 355
199 373
199 712
199 792
199 901
199 988
200 490
200 520
200 933
201 313
201 385
201 670
201 680
201 762
201 827
201 870
201 900
201 955
201 988
202 206
202 277
202 336
202 358
202 469
202 660
202 880
202 993
203 322
203 665
203 740
203 811
204 226
204 277
204 342
204 346
204 372
204 383
204 531
204 592
204 643
204 698
204 967
205 226
205 254
205 335
205 696
205 707
205 778
206 259
206 505
206 742
206 770
206 771
206 780
206 788
206 912
206 935
206 959
207 544
207 621
207 734
207 958
208 274
208 317
208 320
208 356
208 389
208 494
208 626
208 891
209 429
209 431
209 632
209 705
209 838
209 957
209 972
210 228
210 289
210 659
210 713
210 830
210 899
210 946
210 965
210 983
211 409
211 564
211 776
211 965
212 240
212 321
212 443
212 576
212 631
212 705
212 786
212 910
212 942
213 273
213 284
213 378
213 454
213 466
213 467
213 547
213 651
213 663
213 742
213 864
214 222
214 278
214 593
214 738
215 291
215 295
215 327
215 466
215 475
215 568
215 668
215 726
215 991
215 998
216 262
216 368
216 486
216 588
216 637
216 703
216 716
217 239
217 402
217 554
217 722
217 782
217 801
217 876
218 394
218 397
218 505
218 814
219 285
219 367
219 377
219 420
219 613
219 973
219 991
220 271
220 332
220 458
220 461
220 638
220 774
220 843
220 969
221 420
221 662
221 689
221 702
221 712
221 855
221 898
221 908
221 947
222 227
222 251
222 311
222 361
222 379
222 382
222 621
222 865
222 914
222 986
223 281
223 363
223 372
223 419
223 670
223 732
224 352
224 527
224 739
224 786
224 828
224 837
224 846
224 880
225 270
225 303
225 405
225 431
225 436
225 483
225 618
225 662
225 670
225 680
225 870
225 882
226 289
226 399
226 524
226 708
226 739
226 944
226 950
226 976
227 325
227 490
227 532
227 629
227 639
227 826
227 933
227 949
228 474
228 582
228 613
228 861
228 877
228 911
228 997
229 286
229 359
229 491
229 515
229 522
229 572
229 700
229 722
230 412
230 502
230 555
230 866
231 345
231 663
231 745
231 850
231 856
231 883
231 912
231 997
232 247
232 327
232 584
232 866
232 926
233 689
233 693
233 777
233 778
233 883
233 894
234 274
234 296
234 338
234 365
234 372
234 493
234 505
234 577
234 658
234 669
234 672
234 741
234 820
235 245
235 280
235 382
235 469
235 668
235 680
235 718
235 795
235 986
235 998
236 362
236 421
236 503
236 574
236 678
236 737
236 771
236 857
236 937
237 436
237 466
237 536
237 552
237 605
237 677
237 688
237 706
237 866
237 889
238 327
238 392
238 534
238 747
238 835
238 960
239 288
239 436
239 627
239 826
239 833
240 328
240 450
240 512
240 780
241 267
241 268
241 394
241 397
241 409
241 463
241 639
241 659
241 752
241 769
241 770
241 777
241 834
241 920
242 329
242 399
242 400
242 417
242 696
242 741
242 745
242 816
242 836
242 997
243 306
243 435
243 536
243 556
243 622
243 851
244 382
244 571
244 735
244 802
244 838
245 269
245 410
245 577
245 581
245 610
245 644
245 680
245 780
245 882
245 908
245 919
246 258
246 344
246 523
246 588
246 612
246 829
246 880
246 896
246 906
247 306
247 548
247 564
247 620
247 666
247 901
247 960
248 372
248 442
248 553
248 803
249 942
249 954
249 969
249 975
250 345
250 356
250 387
250 388
250 525
250 610
250 615
250 656
251 254
251 320
251 375
251 479
251 507
251 508
251 584
251 619
251 722
251 764
251 791
251 794
251 822
251 846
251 849
252 401
252 415
252 481
252 492
252 531
252 580
252 966
253 387
253 488
253 630
253 738
253 793
253 806
253 855
253 902
253 909
254 494
254 542
254 609
254 785
254 797
254 924
255 262
255 649
255 710
255 753
255 916
255 976
256 282
256 290
256 462
256 537
256 569
256 881
256 910
256 965
256 971
257 406
257 479
257 601
257 832
257 957
258 281
258 371
258 494
258 533
258 534
258 757
258 988
259 512
259 515
259 576
259 757
260 382
260 437
260 568
261 381
261 478
261 675
261 680
261 726
261 914
262 377
262 514
262 828
262 903
263 348
263 437
263 446
263 467
263 561
263 691
263 707
263 836
263 885
264 327
264 475
264 495
264 580
264 629
264 805
264 854
264 907
264 979
265 342
265 443
265 509
265 525
265 539
265 660
266 271
266 526
266 691
266 811
266 837
266 880
266 893
266 935
267 329
267 623
267 647
267 745
267 939
268 648
268 717
268 791
268 828
268 832
268 962
268 974
269 375
269 431
269 584
269 630
269 664
269 923
269 999
270 458
270 668
270 686
270 965
271 585
271 594
271 686
271 752
271 819
271 846
271 872
271 882
271 906
272 329
272 652
272 659
272 850
272 866
272 942
272 975
272 996
273 318
273 435
273 631
273 732
273 810
273 905
274 391
274 398
274 591
274 627
274 631
274 706
274 892
274 924
274 990
275 310
275 338
275 492
275 515
275 541
275 560
275 589
275 685
275 743
275 829
275 938
276 473
276 539
276 699
276 973
277 438
277 549
277 757
277 812
277 987
278 300
278 392
278 402
278 426
278 544
278 609
278 935
279 453
279 493
279 504
279 600
279 736
279 807
279 939
280 339
280 362
280 520
280 521
280 622
280 673
280 797
280 828
280 923
280 926
281 368
281 413
281 466
281 527
281 532
281 549
281 695
281 761
282 432
282 436
282 626
282 627
282 750
282 756
282 856
282 949
283 509
283 541
283 587
283 598
283 697
284 366
284 613
284 619
284 718
284 740
284 830
285 294
285 309
285 375
285 418
285 456
285 458
285 464
285 533
285 787
286 342
286 349
286 355
286 463
286 567
286 582
286 610
286 633
286 655
286 726
286 786
286 793
286 815
286 955
287 375
287 422
287 574
287 622
287 728
287 756
287 877
288 407
288 410
288 498
288 542
288 595
288 604
288 715
288 778
288 874
288 932
289 358
289 520
289 573
289 694
289 910
289 935
289 943
290 560
290 571
290 677
290 714
290 770
290 783
290 861
290 870
291 394
291 445
291 481
291 607
291 670
291 678
291 731
291 878
292 350
292 422
292 605
292 648
292 679
292 804
292 847
292 975
293 462
293 526
293 588
293 693
293 750
293 892
293 970
294 323
294 340
294 347
294 470
294 572
294 777
294 918
295 338
295 415
295 461
295 467
295 512
295 548
295 702
295 764
296 424
296 625
296 751
296 873
297 328
297 477
297 521
297 522
297 704
297 724
297 762
297 784
297 808
297 839
298 347
298 410
298 446
298 459
298 489
298 546
298 610
298 688
298 767
298 883
299 305
299 322
299 346
299 395
299 492
299 528
299 655
300 359
300 391
300 579
300 608
300 758
300 771
300 793
300 864
300 974
301 379
301 388
301 390
301 435
301 463
301 498
301 507
301 555
301 797
301 904
301 932
302 435
302 631
302 676
303 331
303 338
303 419
303 422
303 523
303 632
303 849
304 362
304 481
304 488
304 734
304 766
304 779
304 941
305 334
305 423
305 770
305 903
305 986
306 383
306 446
306 451
306 507
306 568
307 385
307 568
307 651
307 777
307 817
307 825
307 958
308 351
308 383
308 637
308 769
308 848
309 310
309 820
309 911
309 975
310 774
310 819
310 848
310 889
310 932
310 958
311 318
311 483
311 568
311 599
311 611
311 657
311 678
311 742
311 746
311 850
311 919
312 475
312 495
312 498
312 511
312 522
312 595
312 650
312 703
312 744
312 782
312 831
312 875
312 883
313 377
313 469
313 519
313 545
314 340
314 342
314 648
314 774
314 938
314 994
315 355
315 487
315 592
315 803
315 817
315 947
315 988
316 491
316 506
317 514
317 523
317 554
317 569
317 718
317 781
317 907
317 908
317 943
318 322
318 335
318 500
318 599
318 604
318 632
318 661
318 921
318 957
318 986
319 476
319 556
319 701
319 848
319 908
319 912
320 354
320 599
320 668
320 909
320 946
320 967
320 989
321 370
321 437
321 526
321 533
321 603
321 705
321 901
322 347
322 390
322 415
322 523
322 973
323 355
323 460
323 492
323 543
323 549
323 556
323 706
323 922
323 935
323 995
324 325
324 459
324 536
324 579
324 618
324 629
324 685
324 857
325 401
325 410
325 495
325 497
325 877
325 905
326 353
326 412
326 576
326 600
326 610
326 920
327 487
327 525
327 593
327 606
327 679
327 787
328 361
328 471
328 501
328 620
328 871
328 874
328 917
329 402
329 437
329 493
329 566
329 582
329 704
329 749
329 820
329 821
329 841
330 505
330 649
330 830
330 852
330 892
330 914
331 339
331 392
331 443
331 692
331 900
331 985
332 439
332 460
332 561
332 662
332 704
332 789
332 821
332 872
332 932
332 937
333 376
333 398
333 442
333 467
333 632
333 730
333 871
333 950
333 962
334 372
334 495
334 511
334 586
334 711
334 713
334 795
335 623
335 692
335 773
335 910
336 423
336 523
336 665
336 689
336 800
336 805
336 845
336 918
336 938
337 360
337 371
337 388
337 586
337 705
337 784
337 825
337 857
337 961
338 386
338 454
338 465
338 477
338 507
338 509
338 515
338 598
338 777
339 391
339 466
339 650
339 757
339 896
340 341
340 564
340 756
340 772
340 919
340 931
340 977
341 421
341 428
341 476
341 509
341 753
341 817
341 890
341 951
341 958
342 374
342 688
342 777
342 825
342 896
343 419
343 463
343 607
343 617
343 821
343 907
344 360
344 473
344 570
344 578
344 712
344 771
344 814
344 903
344 949
345 369
345 396
345 441
345 570
345 636
345 771
345 816
346 412
346 625
346 706
346 755
346 870
347 473
347 529
347 563
347 579
347 685
347 950
347 973
348 356
348 397
348 476
348 488
348 592
348 726
348 851
348 877
348 885
348 891
348 943
348 948
348 952
349 595
349 793
349 972
350 353
350 589
350 720
350 840
350 872
350 878
351 362
351 675
351 867
351 939
352 756
352 839
352 860
352 934
352 975
353 692
353 757
353 836
353 928
354 387
354 393
354 404
354 495
354 662
354 743
355 501
355 505
355 525
355 719
356 619
356 669
356 681
356 744
356 751
356 824
356 835
356 926
357 600
357 712
358 359
358 586
358 681
358 805
358 852
359 371
359 500
359 501
359 525
359 729
359 744
359 840
360 628
360 774
360 788
360 822
360 829
360 967
360 971
361 404
361 419
361 447
361 799
362 367
362 444
362 446
362 485
362 530
362 586
362 594
362 762
362 917
362 969
363 378
363 417
363 574
363 646
363 753
364 378
364 460
364 489
364 685
364 754
364 865
364 884
365 430
365 469
365 576
365 750
365 846
365 884
365 986
366 419
366 437
366 586
366 651
366 703
366 757
366 831
367 706
367 977
367 979
368 426
368 556
368 812
368 823
369 596
369 611
369 691
369 774
369 803
369 850
370 454
370 482
370 488
370 565
370 587
370 603
370 658
370 726
370 835
370 991
371 560
371 561
371 623
371 724
371 891
371 920
371 927
372 524
372 777
372 778
372 880
373 408
373 423
373 506
373 546
373 559
373 560
373 724
373 842
373 976
374 489
374 494
374 517
374 600
374 658
374 856
374 922
374 927
375 436
375 447
375 668
375 804
375 909
375 938
375 970
376 461
376 709
376 742
376 781
376 937
376 961
377 381
377 573
377 851
377 878
377 942
377 979
378 437
378 546
378 668
378 803
378 870
378 871
379 514
379 762
379 853
379 856
379 897
379 982
380 533
380 569
380 670
380 914
380 956
381 544
381 601
381 610
381 922
382 395
382 432
382 743
382 926
382 973
382 992
383 446
383 574
383 575
383 863
384 454
384 613
384 686
384 727
384 921
385 408
385 848
385 867
385 914
385 984
386 461
386 483
386 538
386 681
386 689
386 737
386 826
386 916
386 954
387 926
387 946
388 480
388 580
388 582
388 755
388 810
388 837
388 921
388 981
389 705
389 772
389 891
389 896
389 916
389 986
390 460
390 682
390 970
390 998
392 528
392 683
392 831
392 854
392 894
393 638
393 725
393 841
393 843
393 889
393 906
393 953
393 987
394 406
394 444
394 543
394 951
394 995
395 532
395 734
395 771
396 467
396 473
396 555
396 741
397 507
397 814
397 910
397 922
398 456
398 503
398 626
398 641
398 661
398 662
398 715
398 749
398 794
398 970
398 980
399 465
399 588
399 760
400 519
400 635
400 675
400 735
400 742
400 776
400 810
400 832
400 868
400 939
400 941
400 989
401 417
401 576
401 748
401 903
402 618
402 832
403 694
403 753
403 888
403 897
403 921
403 936
403 983
404 428
404 511
404 545
404 904
404 934
405 416
405 513
405 660
405 845
406 754
406 774
406 875
406 941
406 974
407 536
407 559
407 693
407 697
407 699
407 724
408 458
408 468
408 533
408 536
408 565
408 784
408 799
408 900
408 954
408 989
409 411
409 654
409 721
409 794
409 956
410 563
410 596
410 682
410 848
410 951
411 581
411 625
411 666
412 480
412 525
412 532
412 620
412 856
412 911
413 423
413 431
413 475
413 747
413 784
413 829
414 454
414 487
414 527
414 748
414 754
415 564
415 579
415 889
415 895
416 520
416 701
416 705
416 776
416 948
417 420
417 731
417 937
418 537
418 558
418 585
418 701
418 846
418 904
418 943
419 421
419 491
419 538
419 628
419 740
419 766
419 835
419 842
419 927
420 458
420 484
420 640
420 693
420 891
421 527
421 677
421 891
422 511
422 529
422 564
422 736
422 783
422 888
422 952
423 436
423 511
423 612
423 768
423 799
423 852
423 958
423 998
424 588
424 778
424 842
424 975
425 458
425 555
425 573
425 747
425 779
425 787
426 436
426 588
426 612
426 754
426 825
426 911
426 920
426 923
427 603
427 868
427 927
427 971
427 990
428 529
428 638
428 655
428 692
428 771
429 630
429 657
429 697
429 718
429 935
430 534
430 557
430 753
430 894
430 906
430 914
430 987
431 703
431 730
432 568
432 826
432 992
433 617
433 644
433 656
433 672
433 696
434 522
434 612
434 618
434 673
434 801
434 804
434 807
434 919
435 448
435 451
435 491
435 578
435 660
435 709
435 932
435 941
435 981
436 502
436 527
436 562
436 691
437 473
437 486
437 523
437 573
437 596
437 746
437 833
437 868
438 462
438 493
438 619
438 693
438 936
438 975
438 988
439 448
439 688
439 839
440 544
440 614
440 664
440 780
440 864
440 895
441 447
441 450
441 503
441 536
441 635
441 671
441 822
441 937
441 942
442 697
442 704
442 885
442 956
443 545
443 550
443 640
443 693
443 857
444 499
444 554
444 645
444 743
444 783
444 811
444 823
444 922
445 840
445 845
445 898
445 953
446 497
446 550
446 595
446 600
446 646
446 743
446 792
446 809
446 820
447 706
447 709
447 775
447 876
447 891
447 974
448 449
448 488
448 648
448 805
448 899
449 573
449 761
449 854
450 816
450 858
450 869
451 524
451 630
451 661
451 714
451 838
451 864
451 876
452 503
452 514
452 542
452 611
452 623
452 789
452 967
452 994
453 496
453 663
453 681
453 888
453 914
453 951
454 705
454 775
454 818
454 920
454 993
455 510
455 548
455 594
456 479
456 572
456 595
456 628
456 738
456 802
456 815
456 891
456 927
457 467
457 613
457 869
457 898
457 919
457 949
458 547
458 603
458 768
458 853
458 930
459 576
459 758
459 765
459 814
459 968
460 474
460 479
460 528
460 537
460 603
460 719
460 759
460 847
460 918
460 964
461 527
461 560
461 610
461 624
461 719
461 780
461 906
462 474
462 563
462 796
462 799
462 829
462 921
463 799
463 819
463 978
463 981
463 995
464 471
464 588
464 664
464 852
464 939
464 944
464 945
464 961
464 990
465 537
465 655
465 758
465 859
465 909
465 954
465 966
465 979
466 564
466 642
466 866
466 895
467 478
467 502
467 546
467 689
467 736
467 744
467 768
467 995
468 505
468 510
468 571
468 941
468 957
468 962
468 965
468 985
469 648
469 756
470 495
470 560
470 606
470 667
470 948
470 961
471 517
471 743
471 806
471 825
471 892
472 502
472 541
472 581
472 740
472 793
472 824
472 857
472 884
473 534
473 608
473 644
473 689
473 771
473 875
473 897
474 587
474 650
474 670
474 712
474 747
474 759
474 841
474 867
474 878
475 513
475 613
475 661
475 820
475 873
475 959
476 675
476 688
476 775
476 787
477 676
477 703
477 783
477 861
477 893
478 833
478 985
479 606
479 680
479 768
479 852
480 492
480 683
480 934
481 560
481 666
481 704
481 797
481 910
481 942
481 946
481 978
482 541
482 659
482 665
482 699
482 792
482 904
483 798
483 843
483 880
483 890
484 655
484 772
484 798
484 853
484 866
484 880
485 547
485 596
485 601
485 714
485 865
486 582
486 687
486 732
486 781
486 969
486 981
487 488
487 687
488 520
488 521
488 699
488 842
489 493
489 573
489 589
489 624
489 752
490 530
490 534
490 728
490 968
491 612
491 665
491 763
491 773
491 843
491 934
492 695
492 933
493 527
493 550
493 577
493 662
493 854
494 673
494 861
494 922
494 946
495 777
496 584
496 598
496 608
496 788
496 820
497 649
497 677
497 758
497 810
497 908
498 500
498 549
498 602
498 794
498 812
498 877
499 646
499 803
499 818
499 826
499 843
499 883
499 916
499 917
500 546
500 618
500 625
500 687
500 699
500 709
500 799
500 851
500 872
500 997
501 547
501 668
501 698
501 702
501 930
502 555
502 822
502 844
502 971
503 557
503 630
503 754
504 540
504 567
504 587
504 631
504 641
504 648
504 712
504 727
504 831
504 890
504 897
505 706
505 707
505 718
505 850
505 908
505 928
506 781
507 674
508 550
508 576
508 614
508 969
508 975
509 543
509 610
509 728
509 986
510 523
510 627
510 670
510 721
510 744
510 774
510 811
510 908
510 931
510 963
511 744
511 765
511 886
512 760
512 799
512 842
512 868
512 960
512 973
512 984
513 645
513 699
513 709
513 725
513 796
513 803
514 525
514 567
514 612
514 722
514 817
515 577
515 603
515 723
515 760
515 856
515 874
515 966
516 584
516 613
516 631
516 633
516 785
516 865
516 871
516 878
517 707
517 745
517 831
517 941
518 807
518 822
518 845
519 591
519 702
519 774
519 798
520 694
520 791
520 851
521 595
521 630
521 768
521 775
521 824
521 919
522 805
523 800
523 871
523 875
523 931
523 932
524 528
524 593
524 767
524 815
525 546
525 574
525 607
525 634
525 690
525 756
525 910
526 723
526 860
526 864
527 745
527 746
527 830
528 594
528 712
528 755
529 587
529 657
529 722
529 913
529 975
530 765
530 878
530 936
531 783
531 787
531 865
531 934
533 580
533 603
533 641
533 719
533 892
533 987
534 593
534 613
534 631
534 663
534 705
534 714
534 814
534 820
534 875
534 892
535 622
535 706
535 778
535 954
536 643
536 677
536 707
536 931
536 991
537 551
537 886
537 900
538 596
538 705
538 706
538 770
538 843
539 544
539 596
539 603
539 667
539 736
539 782
540 638
540 713
540 786
540 946
540 967
540 981
541 824
541 902
541 935
541 985
542 615
542 784
542 899
543 610
543 693
543 780
543 792
543 805
543 822
543 912
544 600
544 764
544 998
545 553
545 579
545 742
545 756
545 842
546 867
546 907
546 913
547 599
547 741
547 837
547 926
548 684
548 780
548 836
548 887
549 585
549 614
549 636
549 710
549 727
549 819
549 899
550 635
550 801
550 906
550 934
550 947
550 986
551 566
551 574
551 632
551 650
551 730
551 763
551 766
551 902
551 928
551 972
552 565
552 596
552 608
552 889
552 906
553 635
553 674
553 692
553 823
553 902
553 918
554 571
554 580
554 887
554 914
554 931
555 605
555 658
555 778
555 846
555 896
556 622
556 950
557 561
557 564
557 764
557 791
557 859
558 647
558 670
558 712
558 975
558 978
558 998
559 693
560 634
560 669
560 682
560 862
560 879
560 929
560 938
561 753
561 766
561 915
561 995
562 690
562 829
562 864
563 827
563 894
563 973
564 807
564 853
564 948
565 726
566 791
566 952
567 643
567 719
567 768
567 920
567 956
567 999
568 660
568 682
568 832
569 606
569 660
569 757
569 794
569 806
569 814
569 900
570 613
570 617
570 659
570 867
571 619
571 677
571 888
571 919
572 763
572 776
572 956
572 986
572 993
573 691
573 708
573 727
573 849
573 951
574 582
574 727
574 801
574 864
574 910
574 957
575 668
575 672
575 912
575 939
576 731
577 782
577 875
577 932
577 993
577 997
578 787
578 882
578 885
578 977
579 609
579 650
579 677
579 768
579 777
580 822
580 823
580 891
581 729
581 742
581 843
581 850
581 875
582 721
582 834
582 941
582 996
583 602
583 679
583 692
583 776
583 876
583 908
583 983
584 697
584 842
585 608
585 885
585 976
586 643
586 686
586 745
586 817
587 617
587 729
587 795
587 844
587 857
587 875
587 974
588 598
588 694
588 716
588 720
588 895
589 699
589 835
590 675
590 689
590 710
590 728
590 745
590 789
591 601
591 919
591 932
592 824
592 927
593 609
593 758
593 781
593 981
594 690
594 898
594 975
594 993
595 723
595 809
595 814
596 667
596 678
596 864
596 888
596 927
597 604
597 693
597 775
598 631
598 811
598 873
598 949
598 980
599 628
599 730
599 775
599 829
599 838
599 853
599 896
600 605
600 780
601 670
601 830
601 900
601 952
601 965
602 654
602 728
603 672
603 716
603 780
603 789
603 940
604 672
604 813
604 956
605 632
605 660
605 701
606 614
606 714
607 894
607 920
608 679
608 820
608 913
608 932
609 940
609 945
610 739
610 894
610 999
611 628
611 764
611 893
611 923
612 615
612 627
612 710
612 772
612 795
612 847
613 931
614 731
614 872
615 698
615 900
615 905
615 992
616 899
617 619
617 799
618 792
618 833
618 834
618 915
618 959
618 966
619 810
619 866
619 962
619 978
620 675
620 810
621 625
621 681
621 741
621 863
622 941
623 913
623 917
623 947
624 784
624 892
625 647
625 662
625 667
625 704
625 733
625 854
626 668
626 753
626 786
626 989
627 691
627 781
627 790
627 834
627 880
628 873
629 703
629 735
629 792
629 860
629 983
630 719
630 809
630 820
630 875
631 666
631 814
631 843
631 910
632 639
632 681
632 752
633 849
634 697
634 853
634 946
636 799
637 699
637 871
637 969
638 644
638 768
638 818
638 897
639 642
640 654
640 665
640 880
640 895
641 734
641 795
641 917
642 655
642 826
642 878
643 687
643 878
643 897
643 900
643 901
643 966
644 673
644 687
644 838
644 853
644 956
645 763
645 802
645 830
646 651
646 659
646 755
646 918
646 955
646 982
647 751
647 809
647 861
647 882
647 914
647 928
648 678
648 911
649 657
649 776
649 891
649 910
649 953
649 978
650 682
650 913
651 709
651 757
651 901
651 913
652 695
652 832
652 960
653 811
653 863
653 891
653 922
653 976
653 984
654 770
654 846
655 663
655 664
655 825
655 907
655 911
656 895
656 969
657 706
657 743
657 770
657 783
657 940
657 992
658 692
658 745
658 830
658 888
659 986
660 761
660 904
661 695
661 731
661 918
661 996
662 670
662 673
662 740
662 794
662 952
662 978
663 735
663 798
663 799
663 897
663 990
664 673
664 741
665 694
665 704
665 714
665 758
665 891
667 762
667 803
667 860
667 947
667 964
668 707
668 898
669 794
669 877
669 971
670 809
670 852
670 909
670 923
671 757
671 995
672 689
672 782
672 813
672 886
673 831
673 856
673 903
674 682
674 757
674 791
674 921
675 679
675 716
675 768
675 876
675 905
675 943
675 961
676 884
677 718
677 727
677 798
677 802
677 823
677 881
678 829
678 857
678 915
678 927
679 802
679 912
679 977
680 709
680 725
680 767
680 773
680 839
680 973
680 985
680 993
681 736
681 805
681 834
681 915
682 684
682 777
682 976
683 708
683 824
684 773
684 945
684 957
684 999
685 749
685 870
686 716
686 767
686 861
686 889
686 890
686 931
686 935
687 733
687 836
688 761
688 763
688 780
688 842
688 972
689 734
689 996
690 693
690 730
690 791
690 832
691 692
691 730
691 750
691 773
691 783
691 812
692 712
692 879
693 706
693 940
695 706
695 928
696 764
696 799
696 823
696 926
696 933
696 935
697 787
697 877
697 882
698 821
698 881
698 905
698 950
699 707
699 750
699 766
699 916
700 770
700 814
701 728
701 879
701 933
702 777
702 902
702 978
703 900
703 961
704 759
704 867
704 894
704 947
704 965
705 850
705 879
706 808
706 860
708 851
708 907
710 808
710 933
711 767
711 787
711 817
711 952
711 984
711 997
712 724
712 737
712 796
712 861
713 743
713 815
713 959
713 978
714 755
714 767
714 841
714 897
715 766
715 768
716 773
716 803
716 876
716 947
716 961
716 972
717 752
717 787
717 816
718 749
718 779
718 793
718 891
718 928
719 779
720 764
720 777
720 816
720 958
721 729
721 764
721 780
721 787
721 818
721 874
721 879
721 967
721 972
722 851
722 888
722 920
722 921
722 936
724 770
724 790
724 884
724 940
724 982
725 743
725 799
725 836
726 966
727 808
727 810
728 846
728 869
728 894
729 829
729 869
729 887
729 908
729 958
729 972
730 887
731 746
731 891
731 998
732 778
732 847
732 870
732 949
733 777
733 787
733 839
733 849
733 880
733 929
734 736
734 777
734 843
734 915
734 923
735 832
735 883
736 800
736 902
737 752
737 765
738 798
738 800
738 939
738 955
739 803
739 825
739 868
739 947
739 954
739 997
740 846
740 858
741 851
741 878
741 933
741 945
741 974
742 761
742 818
742 855
742 939
742 957
743 795
743 844
743 880
744 782
744 822
744 852
744 936
744 938
745 815
745 906
745 931
745 937
746 788
746 865
746 995
747 933
747 943
748 753
748 802
748 962
750 983
750 985
751 801
751 840
751 923
751 926
751 996
752 856
752 876
752 891
752 921
752 953
752 972
753 806
753 889
755 802
755 975
756 981
757 925
757 930
757 945
758 879
758 957
759 810
759 856
759 888
759 932
760 763
760 797
760 885
761 780
761 821
761 856
762 800
762 947
762 967
764 771
764 938
766 775
766 911
767 839
768 798
769 853
769 873
769 960
769 993
771 854
771 902
771 973
772 898
773 895
773 956
773 978
773 988
774 784
774 790
774 831
775 825
775 845
776 848
776 867
776 918
776 973
777 908
777 915
778 900
778 947
779 812
779 820
779 854
779 857
779 941
779 980
780 801
780 958
780 999
781 796
781 998
782 836
782 950
783 865
783 882
783 975
784 858
784 976
785 897
785 954
786 854
787 812
787 956
787 983
788 864
788 877
788 968
789 832
789 871
789 972
789 991
791 958
791 986
792 821
793 890
793 973
794 918
795 801
795 992
797 826
797 933
798 864
798 966
799 821
799 913
800 853
800 871
801 856
801 881
802 929
803 858
803 943
804 946
806 953
806 993
807 857
807 907
807 910
807 924
807 940
807 998
808 846
809 870
810 879
811 852
812 961
812 986
813 860
814 834
814 840
814 878
815 932
816 826
816 878
816 971
818 839
818 855
818 871
818 975
818 998
819 872
819 913
819 938
820 882
821 928
821 984
822 851
822 966
823 827
824 954
825 848
825 961
826 856
826 914
828 831
828 866
828 891
828 914
828 985
829 837
829 967
830 838
830 865
831 896
833 923
833 960
833 965
834 973
837 845
838 888
838 906
838 980
839 904
839 931
840 929
841 845
841 961
842 914
842 918
842 925
842 933
842 947
843 947
843 954
844 882
844 971
845 894
845 922
845 979
847 859
847 929
849 869
851 877
851 878
853 938
853 974
853 983
857 890
857 960
861 992
863 874
863 900
864 888
864 993
865 905
866 881
867 973
868 966
870 936
870 964
870 973
871 940
872 922
872 930
875 883
876 955
877 908
877 996
880 888
880 902
880 968
880 983
881 898
881 980
884 906
884 936
884 963
884 999
887 902
887 904
888 984
889 951
889 970
890 935
890 983
892 972
893 924
893 954
894 967
895 934
897 993
898 905
898 937
899 970
901 953
901 955
902 908
903 914
903 984
904 913
905 918
906 956
908 998
912 917
912 991
912 995
913 966
919 956
920 968
922 971
922 992
925 935
925 964
926 941
927 977
928 947
928 978
932 984
933 982
933 991
940 963
944 957
944 977
945 960
950 982
953 964
953 993
955 986
955 998
957 962
964 991
971 992
973 982
976 997
977 993
982 994
986 998
0
10 999
