1000	5049	 1
0 117
0 148
0 246
0 250
0 372
0 454
0 585
0 595
0 707
1 36
1 67
1 107
1 310
1 497
1 598
1 708
1 723
1 949
2 6
2 160
2 595
2 621
2 634
2 674
2 693
2 840
2 897
3 77
3 102
3 663
3 671
3 725
3 807
3 856
3 915
4 6
4 75
4 172
4 262
4 321
4 323
4 496
4 696
4 725
4 829
5 242
5 246
5 298
5 352
5 598
5 835
6 35
6 55
6 175
6 213
6 245
6 365
6 509
6 540
6 576
6 697
6 729
6 865
6 997
7 15
7 26
7 205
7 326
7 385
7 698
7 708
7 721
7 937
8 31
8 42
8 46
8 226
8 320
8 328
8 443
8 483
8 554
8 674
8 771
8 812
8 831
8 845
8 963
8 991
9 19
9 65
9 85
9 161
9 272
9 302
9 357
9 379
9 459
9 638
9 763
9 843
10 46
10 72
10 89
10 184
10 350
10 512
10 622
10 852
10 905
11 65
11 75
11 87
11 307
11 357
11 504
11 515
11 557
11 603
11 624
11 625
11 636
11 655
11 716
11 844
11 872
11 930
12 332
12 490
12 551
12 782
12 788
12 798
12 860
13 79
13 127
13 336
13 376
13 405
13 469
13 722
13 811
13 871
13 997
14 83
14 135
14 190
14 191
14 322
14 324
14 480
14 788
14 862
14 902
15 16
15 672
15 830
15 924
15 940
16 125
16 235
16 490
16 539
16 561
16 688
16 813
16 933
17 157
17 266
17 274
17 383
17 596
17 612
17 756
17 784
17 900
18 24
18 138
18 221
18 317
18 677
18 794
19 129
19 140
19 177
19 319
19 326
19 593
19 601
19 779
19 808
19 831
19 847
19 875
19 934
20 109
20 147
20 153
20 262
20 272
20 671
20 907
20 923
20 956
21 94
21 294
21 329
21 336
21 449
21 651
21 794
22 240
22 355
22 356
22 606
22 689
22 710
22 716
22 940
23 87
23 162
23 171
23 285
23 406
23 511
23 524
23 640
23 915
23 922
23 935
23 981
24 93
24 291
24 296
24 339
24 340
24 594
24 597
24 677
24 931
25 46
25 180
25 202
25 228
25 307
25 609
25 663
25 775
25 828
25 832
25 867
25 869
25 872
25 880
26 185
26 473
26 479
26 512
26 687
26 911
27 54
27 79
27 116
27 196
27 379
27 400
27 439
27 499
27 512
27 525
27 610
27 667
27 800
27 918
28 69
28 107
28 150
28 249
28 353
28 371
28 546
28 593
28 598
28 621
28 635
28 708
28 763
28 787
29 146
29 155
29 185
29 383
29 422
29 481
29 862
30 38
30 40
30 118
30 124
30 208
30 229
30 421
30 632
30 676
30 728
30 793
30 831
30 858
30 913
31 239
31 453
31 466
31 635
32 53
32 62
32 106
32 334
32 597
32 612
32 618
32 700
32 714
32 994
33 52
33 106
33 201
33 209
33 243
33 350
33 467
33 493
33 655
33 733
34 212
34 376
34 408
34 487
34 496
34 551
34 778
34 965
35 138
35 233
35 258
35 277
35 450
35 463
35 644
35 660
35 681
35 760
35 851
36 127
36 429
36 594
36 837
36 846
36 926
36 978
36 987
37 164
37 168
37 195
37 252
37 375
37 421
37 734
37 770
37 969
38 46
38 176
38 347
38 662
38 749
38 761
38 801
38 984
39 48
39 146
39 151
39 311
39 560
39 743
39 926
40 42
40 79
40 198
40 393
40 564
40 585
40 728
40 846
41 100
41 287
41 298
41 330
41 369
41 516
41 592
41 703
41 821
41 906
41 912
41 949
42 44
42 61
42 193
42 408
42 530
42 566
42 845
42 996
42 997
43 63
43 348
43 358
43 483
43 627
43 645
43 661
43 732
43 746
43 770
43 804
43 842
43 933
43 971
44 75
44 380
44 441
44 454
44 507
44 653
44 764
44 801
45 92
45 93
45 183
45 249
45 332
45 439
45 611
45 698
45 845
45 968
46 117
46 245
46 370
46 372
46 475
46 524
46 672
46 835
46 857
46 874
46 880
46 943
47 127
47 279
47 444
47 447
47 500
47 616
47 712
47 986
48 93
48 100
48 129
48 229
48 246
48 269
48 272
48 548
48 762
48 900
49 69
49 124
49 197
49 254
49 265
49 266
49 507
49 635
49 671
49 810
49 924
50 210
50 389
50 428
50 605
50 751
50 779
50 812
51 71
51 142
51 384
51 397
51 399
51 506
51 628
51 638
51 650
51 807
51 978
52 58
52 137
52 161
52 183
52 492
52 604
52 641
52 696
52 849
53 286
53 343
53 464
53 498
53 508
53 512
53 518
53 596
53 611
53 836
53 892
53 989
54 105
54 111
54 283
54 353
54 384
54 477
54 563
54 596
54 656
54 913
55 104
55 133
55 143
55 155
55 157
55 226
55 256
55 299
55 314
55 878
55 923
56 117
56 138
56 323
56 566
56 693
56 731
56 762
56 928
57 107
57 153
57 187
57 238
57 426
57 439
57 646
57 694
57 704
57 757
58 227
58 247
58 318
58 343
58 481
58 570
58 819
58 902
58 929
59 62
59 64
59 93
59 397
59 408
59 443
59 518
59 562
59 625
60 211
60 248
60 331
60 366
60 370
60 383
60 530
60 563
60 881
61 287
61 558
61 768
61 821
61 872
61 939
62 140
62 199
62 317
62 341
62 378
62 602
63 76
63 219
63 345
63 368
63 427
63 741
63 988
64 100
64 122
64 201
64 283
64 302
64 380
64 417
64 558
64 662
64 724
64 738
64 819
64 924
65 146
65 223
65 379
65 648
65 688
65 703
65 931
65 944
65 945
65 986
66 149
66 286
66 379
66 567
66 603
66 627
66 636
66 763
66 796
66 812
66 878
66 956
66 958
66 960
67 184
67 467
67 547
67 572
67 705
67 766
67 813
67 903
67 973
68 88
68 105
68 118
68 123
68 152
68 362
68 476
68 534
68 625
68 715
68 903
68 937
69 150
69 188
69 257
69 271
69 320
69 326
69 425
69 496
69 498
69 606
69 662
69 782
69 896
70 86
70 184
70 324
70 553
70 648
70 709
70 791
70 948
70 953
70 992
71 99
71 202
71 327
71 361
71 399
71 487
71 502
71 524
71 570
71 611
71 668
71 680
71 790
71 886
71 903
72 109
72 315
72 399
72 476
72 785
72 798
72 804
72 822
72 870
72 921
73 95
73 239
73 242
73 260
73 382
73 420
73 705
73 727
74 483
74 597
74 946
75 126
75 218
75 251
75 471
75 510
75 706
75 834
75 918
76 120
76 187
76 297
76 329
76 374
76 400
76 591
76 593
76 602
76 613
76 705
76 708
76 851
76 886
76 906
76 946
77 253
77 278
77 307
77 417
77 466
77 593
77 657
77 905
77 983
77 986
78 85
78 287
78 400
78 486
78 607
78 674
78 799
78 950
79 336
79 370
79 617
79 618
79 662
79 681
79 704
79 730
79 742
79 746
79 762
79 808
79 939
80 188
80 317
80 331
80 457
80 497
80 630
80 692
80 729
80 896
80 983
80 991
81 83
81 111
81 253
81 456
81 828
81 857
81 873
81 894
81 930
81 975
82 196
82 273
82 277
82 371
82 422
82 741
82 746
82 772
82 823
83 112
83 281
83 378
83 507
83 709
83 940
84 171
84 237
84 269
84 309
84 356
84 503
84 716
84 928
84 990
85 152
85 190
85 292
85 366
85 574
85 668
86 284
86 299
86 332
86 460
86 575
86 602
86 869
86 889
86 903
86 953
87 119
87 167
87 259
87 268
87 301
87 339
87 573
87 659
87 707
87 739
88 97
88 114
88 248
88 258
88 322
88 488
88 540
88 794
88 847
88 850
89 115
89 145
89 236
89 244
89 365
89 399
89 452
89 513
89 534
89 875
89 907
90 132
90 241
90 249
90 392
90 421
90 500
90 613
90 620
90 866
90 906
90 989
91 138
91 230
91 386
91 393
91 399
91 607
91 692
91 815
91 932
92 175
92 209
92 472
92 595
92 663
92 790
92 883
93 94
93 134
93 342
93 386
93 388
93 391
93 452
93 481
93 531
93 542
93 653
93 688
93 834
93 892
94 249
94 340
94 410
94 456
94 534
94 677
94 718
94 733
95 297
95 592
95 601
95 669
95 675
95 697
95 805
95 819
95 921
95 928
96 334
96 482
96 494
96 500
96 520
96 578
96 579
96 613
96 717
96 764
96 784
96 930
97 149
97 230
97 305
97 341
97 409
97 420
97 460
97 480
97 532
97 660
97 746
97 773
97 921
98 176
98 182
98 235
98 269
98 286
98 299
98 373
98 404
98 502
98 668
98 669
98 845
99 103
99 297
99 867
99 939
100 271
100 728
100 840
100 916
100 926
101 189
101 462
101 502
101 506
101 791
101 980
102 216
102 230
102 464
102 542
102 670
102 691
102 922
102 924
103 470
103 519
103 537
103 674
103 836
103 901
103 933
103 940
104 239
104 342
104 450
104 653
104 692
104 719
104 731
104 784
104 825
104 852
104 890
105 163
105 211
105 250
105 255
105 261
105 388
105 403
105 417
105 471
105 487
105 555
105 578
105 661
105 672
105 930
106 277
106 302
106 352
106 482
106 490
106 677
107 111
107 283
107 297
107 363
107 465
107 651
107 927
107 983
108 399
108 404
108 538
108 539
108 588
108 607
108 610
108 791
108 858
109 257
109 311
109 588
109 661
109 676
109 734
109 852
110 214
110 263
110 288
110 433
110 668
110 730
110 759
110 827
110 828
111 145
111 157
111 258
111 545
111 714
111 729
111 904
112 330
112 378
112 384
112 405
112 460
112 467
112 493
112 551
112 569
112 607
112 657
113 400
113 483
113 484
113 524
113 594
113 899
113 942
113 989
114 156
114 194
114 264
114 300
114 325
114 558
114 626
114 987
115 155
115 200
115 339
115 373
115 429
115 483
115 519
115 569
116 328
116 365
116 368
116 554
116 652
116 882
116 961
117 206
117 499
117 510
117 639
118 153
118 162
118 208
118 226
118 453
118 548
118 597
118 640
118 667
118 857
118 965
118 973
119 126
119 155
119 278
119 318
119 428
119 491
119 510
119 701
119 934
119 993
120 124
120 377
120 644
120 946
120 967
121 201
121 270
121 292
121 322
121 341
121 350
121 471
121 606
121 723
121 789
121 836
122 369
122 439
122 549
122 648
122 906
123 145
123 216
123 422
123 429
123 519
123 556
123 585
123 687
123 708
123 765
123 925
123 978
124 154
124 229
124 262
124 318
124 503
124 619
124 665
124 702
124 764
124 839
124 861
124 964
125 163
125 184
125 209
125 232
125 327
125 599
125 812
125 982
126 143
126 172
126 224
126 359
126 693
126 719
126 802
126 990
127 198
127 609
127 629
127 667
127 945
127 955
128 172
128 248
128 519
128 664
129 150
129 359
129 660
129 694
129 730
129 862
129 884
129 909
129 992
130 143
130 204
130 370
130 389
130 443
130 542
130 991
131 513
131 728
131 743
131 916
131 990
132 156
132 309
132 331
132 497
132 831
132 881
132 947
132 977
133 267
133 300
133 306
133 442
133 507
133 535
133 758
133 953
133 958
133 966
133 992
134 205
134 219
134 220
134 251
134 313
134 420
134 464
134 570
134 605
134 620
134 664
134 797
135 152
135 153
135 352
135 470
135 545
135 875
136 215
136 221
136 223
136 253
136 415
136 527
136 578
136 618
136 663
136 738
136 781
137 195
137 475
137 522
137 619
137 747
137 891
137 957
137 964
138 166
138 183
138 262
138 350
138 521
138 523
138 688
138 792
138 919
138 962
139 173
139 242
139 467
139 590
139 674
139 710
139 746
139 821
139 823
140 216
140 276
140 334
140 414
140 454
140 460
140 475
140 535
140 592
140 689
140 713
140 784
140 859
141 362
141 422
141 435
141 476
141 478
141 561
141 565
141 806
141 865
142 242
142 258
142 323
142 344
142 400
142 401
142 403
142 532
142 686
142 728
143 346
143 350
143 417
143 514
143 809
143 971
144 161
144 169
144 585
144 593
144 607
144 724
144 881
145 257
145 437
145 475
145 591
145 695
145 697
145 834
145 873
146 399
146 525
146 658
146 771
146 886
147 193
147 493
147 554
147 839
147 991
148 228
148 346
148 781
148 835
148 838
148 846
148 885
149 162
149 187
149 579
149 899
149 926
150 346
150 463
150 477
150 508
150 560
150 623
150 650
150 662
150 837
150 871
151 172
151 208
151 218
151 276
151 378
151 402
151 475
151 483
151 523
151 560
151 657
151 715
151 748
151 767
151 795
151 827
151 830
151 917
152 287
152 337
152 359
152 418
152 447
152 597
152 648
152 716
152 840
152 947
153 289
153 368
153 552
153 554
153 740
153 870
153 875
153 877
154 193
154 209
154 323
154 492
154 777
154 788
155 168
155 252
155 297
155 317
155 339
155 340
155 350
155 469
155 476
155 570
155 663
155 716
155 909
155 910
155 928
156 294
156 312
156 499
156 502
156 749
156 909
156 955
157 232
157 278
157 376
157 401
157 559
157 599
158 168
158 435
158 469
158 574
158 586
158 591
158 597
158 905
159 626
159 761
159 793
159 844
160 235
160 463
160 626
160 630
160 837
160 853
160 882
160 946
161 305
161 421
161 547
161 609
161 662
161 679
161 807
161 880
161 970
161 988
162 234
162 282
162 304
162 713
162 822
162 836
162 967
163 230
163 322
163 347
163 386
163 389
163 501
163 893
163 895
163 938
164 212
164 403
164 428
164 563
165 483
165 490
165 543
165 669
165 693
165 947
165 963
166 223
166 262
166 366
166 412
166 512
166 772
166 859
167 192
167 364
167 367
167 374
167 395
167 597
167 687
167 708
167 853
167 886
168 170
168 218
168 250
168 262
168 458
168 741
168 756
169 469
169 672
169 680
169 725
169 758
169 817
169 874
170 193
170 264
170 266
170 299
170 354
170 367
170 536
170 546
170 591
170 633
170 732
170 857
170 864
170 907
170 917
170 925
171 196
171 242
171 258
171 262
171 328
171 422
171 574
171 649
171 782
171 970
172 333
172 374
172 432
172 442
172 557
172 691
172 834
173 203
173 249
173 251
173 371
173 435
173 562
173 603
173 643
173 689
173 886
173 899
173 908
174 207
174 334
174 353
175 182
175 228
175 231
175 267
175 325
175 851
175 868
175 972
175 982
176 269
176 392
176 584
176 624
176 628
176 817
176 870
177 221
177 485
177 572
177 867
177 960
178 187
178 529
178 661
178 685
178 842
179 290
179 298
179 362
179 424
179 435
179 467
179 527
179 529
179 586
179 614
179 700
179 732
179 740
179 807
179 837
179 966
180 389
180 396
180 431
180 860
180 879
181 281
181 285
181 474
181 616
181 689
181 718
181 742
181 939
182 195
182 203
182 338
182 463
182 482
182 519
182 578
182 654
182 783
182 818
182 992
183 199
183 349
183 416
183 649
183 957
183 961
183 980
184 223
184 472
184 706
184 754
184 862
184 915
185 262
185 263
185 283
185 333
185 488
185 503
185 690
185 928
185 962
186 331
186 472
186 485
186 608
186 650
186 718
186 743
186 766
186 953
187 373
187 391
187 401
187 481
187 605
187 748
187 781
187 855
187 867
187 904
187 917
188 220
188 244
188 257
188 310
188 487
188 489
188 506
188 717
188 770
188 812
188 891
188 957
189 258
189 332
189 387
189 402
189 522
189 574
189 692
190 243
190 322
190 504
190 507
190 592
190 655
191 326
191 683
191 793
191 819
191 826
191 844
191 920
191 941
191 985
192 235
192 265
192 407
192 429
192 485
193 315
193 330
193 536
193 642
193 709
193 718
193 737
193 863
193 886
193 910
193 959
194 379
194 553
194 635
194 670
194 731
194 869
194 876
195 240
195 265
195 350
195 397
195 437
195 865
196 346
196 532
196 606
196 677
196 796
196 978
197 211
197 391
197 433
197 516
197 590
197 620
197 663
198 259
198 275
198 292
198 314
198 328
198 345
198 399
198 405
198 507
198 514
198 558
198 658
198 742
199 489
199 511
199 620
199 708
199 739
199 805
199 902
199 928
199 966
200 283
200 714
200 727
200 839
200 924
200 963
200 986
201 389
201 609
201 662
201 691
201 734
201 797
201 909
201 911
202 320
202 576
202 579
202 593
202 647
202 673
202 725
202 828
203 267
203 364
203 494
203 733
203 804
204 225
204 581
204 646
204 919
205 244
205 339
205 385
205 452
205 793
205 895
205 928
206 216
206 243
206 436
206 443
206 496
206 716
206 770
206 889
206 911
206 928
207 453
207 761
207 763
207 886
208 241
208 299
208 452
208 459
208 558
208 573
208 605
208 816
208 989
209 335
209 370
209 428
209 577
209 747
209 830
210 664
210 805
210 848
210 881
210 893
211 327
211 391
211 471
211 775
211 850
212 265
212 278
212 415
212 453
212 514
212 576
212 801
213 269
213 379
213 384
213 607
213 621
213 865
214 340
214 562
214 634
214 666
214 710
214 963
215 235
215 311
215 326
215 587
215 647
215 689
215 884
215 885
215 917
216 271
216 281
216 352
216 362
216 478
216 587
216 594
216 643
216 756
216 844
216 935
216 978
217 284
217 318
217 321
217 459
217 531
217 558
217 588
217 642
217 645
217 649
217 684
217 909
217 987
218 448
218 481
218 689
218 717
218 733
218 916
218 991
219 252
219 295
219 387
219 391
219 434
219 447
219 482
219 484
219 491
219 706
219 865
219 904
219 966
220 228
220 247
220 315
220 880
220 928
221 531
221 555
221 800
221 942
221 990
222 527
222 616
222 809
222 869
222 889
222 934
222 963
223 449
223 481
223 602
223 682
223 762
223 892
223 959
223 977
224 230
224 239
224 305
224 404
224 424
224 434
224 456
224 616
224 643
224 679
224 689
224 775
224 852
224 860
224 879
225 238
225 418
225 420
225 494
225 537
225 539
225 557
225 694
225 704
225 799
225 923
226 247
226 310
226 535
226 648
226 790
226 800
226 866
226 868
226 944
227 268
227 304
227 351
227 384
227 549
227 644
227 708
227 804
227 819
227 865
227 938
227 942
228 406
228 597
228 828
228 851
228 855
228 971
229 283
229 602
229 788
229 931
229 978
230 418
230 477
230 493
230 577
230 596
230 778
230 799
230 879
230 883
230 943
230 954
231 330
231 341
231 356
231 504
231 522
231 605
231 708
231 755
231 764
231 833
231 984
232 305
232 357
232 849
232 996
232 999
233 364
233 428
233 461
233 463
233 861
233 909
233 910
233 915
233 924
233 936
233 981
234 332
234 526
234 612
234 668
234 682
235 281
235 318
235 404
235 783
236 322
236 340
236 509
236 511
236 550
236 571
236 863
236 886
236 902
236 926
237 384
237 402
237 486
237 510
237 513
237 517
237 524
237 808
237 984
238 363
238 383
238 472
238 623
238 684
238 690
238 812
238 860
239 353
239 435
239 604
239 637
239 700
239 845
239 910
239 963
239 995
240 332
240 501
240 514
240 519
240 554
240 558
240 676
240 750
240 854
241 345
241 778
241 818
242 468
242 477
242 594
243 288
243 292
243 306
243 628
243 925
243 933
243 991
243 997
244 251
244 386
244 425
244 466
244 663
244 927
245 332
245 349
245 417
245 668
245 810
245 835
245 929
246 277
246 350
246 516
246 548
246 671
247 330
247 355
247 392
247 552
247 554
247 604
247 616
247 825
248 401
248 482
248 667
248 788
249 526
249 601
249 725
249 739
249 778
249 848
250 321
250 330
250 628
250 642
250 688
250 773
250 921
250 956
250 980
251 255
251 305
251 386
251 472
251 506
251 626
251 670
251 711
251 806
252 305
252 331
252 360
252 366
252 652
252 773
252 802
252 934
253 451
253 542
253 563
253 572
253 715
253 721
253 828
253 873
253 893
253 976
254 277
254 288
254 402
254 507
254 522
254 607
254 736
255 276
255 605
255 656
255 660
255 720
255 769
255 892
255 975
256 286
256 311
256 417
256 729
256 784
256 803
257 290
257 400
257 602
257 677
257 748
257 847
257 913
257 960
258 435
258 467
258 483
258 589
258 602
258 621
258 677
258 742
258 787
258 831
258 910
258 917
259 416
259 452
259 519
259 536
259 590
259 613
259 871
259 903
259 904
259 975
260 356
260 462
260 481
260 727
260 755
260 779
260 946
261 318
261 331
261 456
261 480
261 548
261 810
261 871
261 876
261 947
261 957
262 266
262 394
262 415
262 483
262 510
262 946
262 958
262 978
263 281
263 378
263 407
263 417
263 739
263 762
263 804
263 860
264 270
264 433
264 463
264 540
264 702
264 724
264 747
264 915
265 271
265 539
265 653
265 779
265 876
266 338
266 377
266 422
266 507
266 812
266 828
266 862
267 508
267 527
267 596
267 705
267 977
267 978
268 280
268 312
268 336
268 547
268 603
268 850
268 913
268 938
268 940
269 330
269 359
269 581
269 583
269 587
269 695
269 703
269 717
269 825
269 892
269 931
269 945
269 956
269 971
270 305
270 386
270 430
270 456
270 514
270 542
270 575
270 580
270 662
270 829
270 866
270 870
271 281
271 357
271 435
271 756
271 957
272 297
272 359
272 430
272 755
272 872
272 875
273 413
273 486
273 504
273 698
273 708
273 715
273 740
273 859
273 873
274 279
274 284
274 320
274 483
274 554
274 721
274 850
274 926
275 387
275 429
275 561
275 574
275 676
275 695
275 785
275 867
275 869
275 908
275 924
276 286
276 718
276 736
276 932
276 970
277 375
277 484
277 500
277 695
277 845
277 871
277 886
277 899
277 933
278 583
278 646
278 839
279 425
279 461
279 486
279 559
279 690
279 807
279 877
279 977
280 540
280 731
280 737
280 775
280 786
280 931
280 956
281 585
281 775
281 806
282 369
282 469
282 478
282 677
282 800
282 812
282 966
283 365
283 505
283 651
283 833
284 332
284 369
284 382
284 593
284 840
285 341
285 380
285 391
285 438
285 549
285 643
285 701
285 745
285 832
285 871
285 974
286 318
286 387
286 579
286 580
286 636
286 659
286 735
286 824
286 865
287 353
287 408
287 409
287 572
287 638
287 811
287 883
288 547
288 585
288 630
288 688
288 727
288 818
288 824
288 948
288 996
289 315
289 422
289 451
289 634
289 824
289 880
289 905
289 976
290 440
290 518
290 602
290 741
290 948
290 984
291 362
291 388
291 483
291 596
291 725
291 884
292 297
292 348
292 461
292 641
292 652
292 688
292 707
292 802
293 484
293 500
293 623
293 660
293 695
294 323
294 388
294 841
294 943
295 352
295 409
295 517
295 540
295 546
295 904
295 960
296 312
296 361
296 450
296 716
296 754
296 757
296 851
296 887
296 913
296 941
297 307
297 364
297 398
297 458
297 514
297 575
297 605
297 723
297 842
297 858
298 351
298 489
298 654
298 712
298 825
298 918
299 313
299 399
299 474
299 503
299 702
299 784
299 834
299 845
300 324
300 459
300 486
300 555
300 642
300 711
300 733
300 737
300 792
300 828
300 838
300 903
300 916
301 433
301 519
301 708
302 415
302 446
302 586
302 708
302 956
302 961
303 308
303 428
303 463
303 560
303 569
303 658
303 669
303 677
303 803
304 352
304 355
304 401
304 419
304 423
304 425
304 480
304 514
304 533
304 593
304 878
304 985
304 988
305 393
305 701
305 772
305 777
305 927
305 932
305 977
306 357
306 381
306 515
306 542
306 657
306 726
306 767
306 839
306 887
307 344
307 418
307 448
307 459
307 662
307 699
307 709
307 818
307 822
307 908
308 392
308 400
308 404
308 527
308 649
308 650
308 702
308 774
308 926
308 964
309 368
309 478
309 501
309 606
309 611
309 620
309 734
309 777
309 911
309 957
310 347
310 490
310 491
310 811
310 890
311 340
311 464
311 476
311 675
311 906
311 982
312 396
312 523
312 665
312 699
312 792
312 845
312 971
313 365
313 779
313 782
313 809
313 941
314 316
314 638
314 700
314 795
314 839
314 858
314 897
314 975
315 456
315 538
315 617
315 811
316 381
316 516
316 520
316 627
316 707
316 746
316 785
316 853
317 345
317 459
317 815
317 929
318 427
318 448
318 455
318 497
318 543
318 559
318 628
318 642
318 680
319 553
319 566
319 594
319 636
319 806
319 843
319 944
320 351
320 362
320 401
320 415
320 488
320 653
320 701
320 777
320 822
320 850
321 351
321 391
321 466
321 603
321 673
321 698
321 761
321 771
321 772
321 852
321 871
321 894
321 946
322 342
322 356
322 428
322 439
322 654
322 688
322 806
322 810
322 873
323 382
323 419
323 635
323 636
323 741
323 783
323 798
323 888
324 386
324 501
324 570
324 663
324 801
324 849
324 946
325 331
325 344
325 365
325 711
326 600
326 676
326 692
326 803
326 935
326 993
327 373
327 552
327 581
327 709
327 829
327 951
327 996
327 998
328 514
328 524
328 762
328 815
328 892
328 945
329 775
329 804
329 846
329 885
330 332
330 365
330 419
330 545
330 638
330 979
331 379
331 421
331 809
331 864
331 998
332 353
332 387
332 423
332 663
332 857
333 374
333 381
333 577
333 689
333 916
333 954
333 969
334 445
334 453
334 620
334 688
334 726
334 728
334 832
334 975
335 444
335 464
335 588
335 592
335 675
335 739
335 808
335 843
335 852
335 969
335 978
335 988
336 380
336 400
336 460
336 497
336 802
336 879
336 892
337 413
337 438
337 475
337 476
337 521
337 608
337 611
338 340
338 352
338 530
338 568
338 628
338 702
338 759
338 777
339 392
339 671
339 815
339 915
340 569
340 675
340 803
340 814
340 821
340 842
341 393
341 495
341 498
341 650
341 787
341 875
341 966
342 473
342 544
342 580
342 726
342 734
342 772
343 358
343 628
343 718
343 895
343 983
344 376
344 426
344 596
344 665
344 904
345 499
345 585
345 599
345 709
345 777
345 793
345 796
345 948
346 420
346 441
346 636
346 655
346 848
346 870
346 985
347 389
347 708
347 739
347 795
347 825
348 524
348 618
348 667
348 851
348 856
348 874
348 881
348 894
348 974
349 559
349 702
349 729
350 495
350 518
350 579
350 757
350 900
351 552
351 765
351 896
352 418
352 507
352 550
352 684
352 687
352 819
352 820
352 821
352 853
353 418
353 533
353 562
353 649
353 896
353 900
353 979
354 430
354 617
354 721
355 592
355 796
355 817
355 833
355 906
355 912
355 953
355 981
356 394
356 824
357 491
357 764
357 829
357 926
357 944
358 367
358 585
358 660
358 782
359 399
359 544
359 551
359 666
359 785
359 830
359 887
360 491
360 552
360 649
360 710
360 724
360 848
360 992
361 425
361 440
361 448
361 560
361 619
361 689
361 754
361 758
361 824
361 847
361 872
362 517
362 609
362 610
362 636
362 768
362 809
362 850
362 895
362 949
362 997
363 493
363 546
363 607
363 835
364 377
364 392
364 553
364 621
364 677
364 709
364 712
364 878
364 934
364 939
365 368
365 431
365 444
365 489
365 530
365 613
365 614
365 632
365 823
366 624
366 665
366 738
366 888
366 952
367 384
367 411
367 676
367 721
367 850
367 867
368 439
368 444
368 496
368 530
368 548
368 667
368 722
368 863
368 926
368 927
368 943
369 458
369 526
369 848
369 958
370 407
370 501
370 793
370 804
370 809
370 971
370 980
371 376
371 455
371 811
371 857
371 893
372 584
372 667
372 785
372 793
372 896
373 457
373 484
373 492
373 496
373 520
373 572
373 588
373 637
373 659
373 680
373 711
373 816
373 832
374 402
374 438
374 539
374 574
374 674
374 914
375 433
375 527
375 712
375 718
375 751
375 808
375 857
376 631
376 657
376 722
376 882
376 995
377 411
377 422
377 587
377 597
377 625
377 640
377 801
377 860
377 969
378 381
378 446
378 524
378 683
378 715
378 742
378 941
378 985
379 393
379 591
379 633
379 829
380 520
380 608
380 621
380 984
381 842
381 890
381 968
382 400
382 424
382 571
382 713
382 716
382 762
382 825
383 419
383 555
383 610
383 612
383 673
383 747
383 760
383 811
383 850
383 872
384 538
384 540
384 672
384 824
385 487
385 630
385 790
385 882
385 951
386 552
386 572
386 637
387 537
387 780
388 399
388 791
389 479
389 580
389 628
389 704
389 707
389 720
389 897
389 924
389 931
389 992
390 488
390 495
390 509
390 510
390 545
390 665
390 755
390 804
390 930
391 466
391 513
391 567
391 649
391 763
391 781
391 800
391 896
391 924
392 479
392 600
392 874
393 400
393 438
393 502
393 563
393 678
393 693
393 743
394 423
394 426
394 435
394 617
394 750
394 883
395 475
395 631
395 656
395 665
395 680
395 707
395 834
396 465
396 595
396 740
396 832
397 448
397 455
397 535
397 662
397 845
397 891
398 424
398 612
398 704
398 903
398 989
399 546
399 571
399 593
399 689
399 734
399 752
399 803
399 909
400 519
400 535
400 541
400 563
400 603
400 652
400 657
400 730
400 779
400 800
400 843
400 872
401 424
401 714
401 730
401 769
402 445
402 536
402 846
402 896
403 420
403 456
403 525
403 528
403 591
403 691
403 810
403 849
403 851
403 898
404 507
404 517
404 570
404 660
404 845
404 874
405 475
405 734
405 795
405 810
405 902
405 967
406 424
406 593
406 842
406 898
406 919
406 957
406 961
407 411
407 545
407 593
407 603
408 465
408 499
408 589
408 648
408 694
408 821
408 876
408 953
409 489
409 549
409 559
409 607
409 693
409 814
409 906
410 527
410 608
410 665
410 862
410 900
411 437
411 439
411 460
411 522
411 744
411 810
411 881
412 559
412 561
412 755
412 835
412 860
412 936
413 420
413 491
413 569
413 780
413 812
413 991
414 564
414 582
414 669
414 729
414 942
414 951
414 991
415 447
415 511
415 563
415 627
415 661
415 735
416 472
416 841
416 939
416 997
417 553
417 586
417 590
417 713
417 799
418 547
418 716
418 836
418 878
419 510
419 548
419 566
419 605
419 669
419 835
420 591
420 602
420 705
420 797
420 875
420 963
421 542
421 754
421 757
421 803
421 897
422 506
422 645
422 671
422 682
422 765
422 830
422 965
422 966
423 442
423 489
423 501
423 722
423 836
423 867
423 898
423 899
423 952
424 462
424 600
424 635
424 701
425 426
425 583
425 644
425 687
425 698
425 909
425 926
425 970
426 468
426 517
426 799
426 801
426 987
426 998
427 466
427 527
427 594
427 658
428 600
428 615
428 933
428 992
429 459
429 521
429 654
429 695
429 978
430 502
430 805
430 807
430 874
430 940
431 640
431 687
431 772
431 814
432 484
432 556
432 861
432 896
432 956
433 438
433 454
433 484
433 490
433 497
433 511
433 690
433 734
433 799
433 810
433 925
433 932
434 581
434 757
434 855
434 875
434 912
435 756
435 827
436 485
436 631
436 872
436 874
436 891
437 458
437 522
437 682
437 813
437 878
437 976
438 452
438 540
438 714
438 716
438 883
438 928
438 989
439 569
439 645
439 790
439 946
440 479
440 581
440 777
440 795
440 901
440 932
441 488
441 672
441 718
441 726
441 912
441 952
441 979
442 470
442 491
442 495
442 684
442 717
442 750
442 883
443 477
443 529
443 599
443 734
443 786
444 500
444 508
444 520
444 905
444 932
445 468
445 559
445 634
445 762
445 833
445 974
446 463
446 478
446 514
446 546
446 593
446 781
446 908
447 570
447 580
447 699
447 789
447 803
447 881
448 606
448 800
448 913
448 934
449 451
449 520
449 642
449 682
449 808
450 562
450 722
450 885
451 463
451 568
451 602
451 604
451 729
451 772
451 849
451 852
451 941
452 528
452 657
452 712
452 738
452 879
452 950
452 963
452 991
452 998
453 482
453 750
453 946
454 557
454 599
454 729
454 778
454 832
455 517
455 683
455 715
456 504
456 508
456 622
456 633
456 715
456 772
456 987
457 551
457 578
457 658
457 663
457 752
457 796
458 561
458 728
458 768
458 769
458 777
458 839
458 848
458 859
458 987
459 686
459 763
459 780
459 980
460 492
460 533
460 673
460 681
460 789
460 808
460 872
460 898
460 918
461 487
461 505
461 526
461 578
461 710
461 751
461 927
462 797
462 850
463 586
463 660
463 664
464 636
464 747
464 785
464 797
464 882
464 950
465 484
465 568
465 601
465 685
465 697
466 540
466 554
466 564
466 618
466 875
467 491
467 497
467 507
467 932
467 951
468 540
468 630
468 649
468 705
468 723
468 773
468 887
468 933
469 595
469 604
469 677
469 836
469 878
469 899
469 958
470 480
470 637
470 762
470 829
470 858
470 904
471 502
471 708
471 789
472 474
472 589
472 618
472 640
472 643
472 679
472 770
472 805
473 493
473 494
473 533
473 587
473 594
473 612
473 678
473 773
473 815
473 941
474 596
474 647
474 708
474 815
475 697
475 801
475 964
477 562
477 573
477 611
477 703
477 745
477 786
477 941
477 951
477 990
478 667
478 789
478 909
479 614
479 736
479 763
479 791
479 833
479 850
479 862
479 886
479 966
480 613
480 620
480 631
480 729
480 767
480 784
480 863
480 930
481 541
481 569
481 735
481 832
481 871
481 888
482 651
483 587
483 659
483 786
483 894
484 490
484 525
484 614
484 656
484 787
484 855
485 682
485 754
485 917
486 576
486 595
486 625
486 796
486 969
486 997
487 522
487 537
487 726
487 863
488 865
488 950
489 564
489 610
489 870
489 960
490 599
490 818
490 819
490 889
491 792
491 819
491 838
491 960
492 772
492 792
492 841
492 926
492 973
493 544
493 590
493 683
494 501
494 571
494 623
494 689
494 959
495 657
495 696
495 924
496 510
496 535
496 801
496 832
496 866
497 669
497 957
498 617
498 623
498 673
498 678
498 826
498 880
498 908
499 522
499 534
499 555
499 625
499 677
500 525
500 675
500 889
500 972
501 628
501 807
501 962
502 505
502 669
502 873
502 917
502 950
503 958
504 505
504 552
504 625
504 691
504 696
504 744
504 841
504 844
504 851
504 902
505 548
505 557
505 796
505 875
505 879
506 540
506 542
506 711
506 719
506 743
506 824
506 827
506 898
506 915
506 934
506 995
507 514
507 549
507 687
508 564
508 678
508 733
509 632
509 655
509 671
509 692
509 842
509 921
509 949
510 607
510 629
510 664
510 873
510 888
511 674
511 686
511 781
511 823
511 987
512 565
512 581
512 607
512 717
512 757
512 932
512 995
513 744
513 759
514 529
514 780
514 864
514 940
514 966
515 592
515 633
515 672
515 765
515 770
515 784
516 608
516 658
516 694
516 769
516 904
517 565
517 714
517 774
517 925
517 955
518 621
518 889
518 916
518 926
518 989
519 560
519 586
519 666
519 678
519 854
520 527
521 558
521 611
521 660
521 707
521 851
522 576
522 718
522 855
522 905
523 672
523 677
523 702
523 852
523 967
524 622
524 800
524 963
525 603
525 648
525 762
525 817
525 907
525 986
526 706
526 718
526 819
526 860
526 929
526 944
526 956
527 575
527 891
527 899
527 957
527 958
528 781
528 884
528 912
528 950
528 999
529 602
529 744
529 827
529 993
530 538
530 676
530 858
530 922
530 984
531 586
531 612
531 663
531 674
531 768
531 825
531 861
531 902
532 541
532 629
532 640
532 672
532 703
532 953
533 643
533 696
533 722
533 770
533 816
534 581
534 649
534 716
534 725
534 988
535 551
535 726
535 816
535 852
535 895
535 900
535 922
535 925
535 950
535 987
536 799
537 607
537 611
537 622
537 813
537 893
537 956
538 667
538 707
538 767
538 782
539 579
539 616
539 632
539 808
539 941
539 990
540 585
540 711
540 961
541 574
541 607
541 673
541 682
541 705
541 906
542 609
542 636
542 686
542 688
542 799
542 807
543 583
543 593
543 623
543 789
543 946
543 981
544 552
544 668
544 829
544 831
544 920
544 940
544 995
545 582
546 642
546 730
547 775
547 824
547 883
547 918
547 926
547 968
547 973
547 978
548 644
548 662
548 730
548 754
548 991
548 999
549 624
549 642
549 674
549 678
549 681
549 966
550 720
550 821
550 931
550 951
551 556
551 570
551 615
551 626
551 634
551 642
551 652
551 808
551 927
551 944
552 606
552 613
552 804
552 871
552 872
552 986
553 691
553 790
553 808
553 878
553 945
553 967
553 985
554 619
554 654
554 758
554 792
554 823
554 900
555 674
555 763
555 796
555 835
555 881
556 606
556 849
556 876
556 949
556 952
556 996
556 999
557 573
557 836
557 854
557 967
558 585
558 886
558 894
558 925
559 565
559 765
560 641
561 611
561 635
561 735
561 800
561 843
561 899
561 958
562 626
562 795
562 978
562 988
563 678
563 712
563 789
563 890
564 698
564 739
564 813
564 826
564 838
564 979
565 626
565 662
565 815
565 848
565 951
566 698
566 714
566 925
567 579
567 611
567 783
567 784
567 823
567 843
567 873
568 581
568 615
568 732
568 751
568 778
568 908
568 916
569 770
569 808
569 873
570 647
570 684
570 693
570 731
570 867
570 925
570 988
571 580
571 683
572 908
573 625
573 638
573 842
573 941
573 951
573 987
574 647
574 844
574 859
575 671
575 689
575 697
575 707
575 730
575 745
575 980
575 984
576 785
576 824
576 907
576 985
577 662
577 688
577 844
577 963
577 973
578 773
579 599
579 619
579 631
579 849
579 980
580 589
580 680
580 743
581 602
581 822
581 910
581 921
581 926
582 621
582 662
582 666
582 680
582 717
582 742
582 743
582 767
582 875
582 881
583 652
583 654
583 705
583 716
583 834
583 858
583 946
583 988
584 693
584 733
585 730
585 955
586 605
586 652
586 740
586 766
586 994
586 999
587 601
587 652
587 748
587 753
587 796
587 813
587 851
587 926
588 602
588 604
588 628
588 791
588 962
588 975
588 989
589 678
589 892
589 893
589 995
590 664
590 748
590 817
590 840
590 962
591 611
591 726
591 850
591 921
592 877
592 900
593 666
593 736
593 815
594 630
594 652
594 704
594 954
595 737
595 811
595 865
596 608
596 637
596 716
596 828
596 958
597 694
597 884
597 970
597 986
598 789
599 629
599 638
599 652
599 942
600 687
600 803
600 907
600 994
601 866
601 916
603 751
603 789
604 615
604 771
604 905
604 937
604 956
605 667
605 684
605 882
605 908
605 964
605 992
606 659
606 696
606 777
606 938
606 943
607 659
607 696
607 747
607 763
607 819
607 860
608 746
608 899
608 903
608 965
609 641
609 646
609 719
609 774
609 937
610 666
610 847
610 879
611 633
611 829
611 884
612 795
613 650
613 696
613 908
614 660
614 708
614 778
615 861
615 920
615 946
615 959
615 961
615 983
616 899
616 901
617 625
618 687
618 770
618 796
619 634
619 688
619 821
619 950
619 990
620 711
621 641
621 781
621 834
621 901
621 905
621 965
621 991
622 708
622 727
622 728
622 877
622 884
622 889
622 898
622 969
623 697
623 738
623 746
623 764
623 826
623 850
623 889
623 953
623 997
624 816
624 830
624 886
624 938
625 640
625 767
625 858
625 871
626 781
626 917
626 952
626 957
627 703
627 758
627 907
628 735
628 748
628 831
628 866
628 906
628 916
628 954
629 910
630 644
630 844
630 845
631 662
631 792
632 694
632 728
632 822
632 823
632 879
632 980
633 638
633 761
633 986
634 812
634 857
635 799
635 812
635 814
635 952
636 789
636 792
636 966
636 975
637 721
638 993
639 980
639 987
640 720
640 769
640 788
641 686
641 927
642 738
642 911
643 658
643 741
643 773
643 795
643 908
643 927
644 684
644 691
644 806
644 873
644 994
645 953
646 716
648 680
648 704
648 878
648 964
648 992
649 653
649 737
649 948
650 739
650 837
650 848
650 900
651 656
651 675
651 683
651 699
651 897
651 899
652 670
652 792
652 823
652 917
653 884
653 891
654 695
654 760
655 809
655 910
655 951
656 686
656 734
656 904
657 897
657 956
658 704
658 920
659 708
659 777
659 861
659 968
660 870
660 912
661 684
661 715
661 895
661 999
662 874
662 936
663 759
663 785
663 805
663 851
663 897
663 977
664 830
664 875
664 949
665 709
665 953
665 997
666 716
666 906
666 998
667 918
668 757
668 861
668 945
669 700
670 682
670 971
671 684
671 736
671 750
671 987
672 736
672 737
673 829
673 991
674 761
674 934
674 946
674 996
675 785
675 839
676 869
676 945
677 860
679 766
679 825
679 969
680 715
680 735
680 945
680 967
680 993
681 690
681 826
681 919
681 949
682 760
683 693
683 706
684 786
684 815
684 819
684 938
684 985
684 990
684 996
685 772
685 773
685 919
685 929
685 980
686 721
686 810
686 860
686 870
687 766
687 906
687 975
688 772
688 859
688 942
688 966
689 729
689 770
689 825
690 736
690 791
690 814
690 855
690 939
690 989
691 927
691 940
691 953
691 986
692 959
692 970
692 974
693 702
693 798
694 754
694 805
694 943
694 950
695 962
695 972
696 756
696 790
696 872
697 887
698 773
698 791
698 798
698 858
699 706
699 729
699 822
700 710
700 861
700 906
700 937
701 763
701 832
701 835
701 855
702 929
703 802
705 758
705 868
705 894
706 854
707 710
707 731
707 902
708 863
708 971
709 759
709 813
709 829
709 940
710 718
710 759
711 769
711 927
712 781
712 860
712 908
712 981
713 757
713 815
713 832
713 836
713 980
714 887
714 950
714 980
715 931
716 918
716 931
716 938
716 970
717 817
717 840
719 804
719 871
719 892
719 921
719 971
720 727
720 835
721 880
721 924
721 973
721 989
722 814
722 895
723 935
723 949
724 835
724 896
725 766
725 807
726 983
727 841
727 869
727 890
727 892
727 972
728 943
729 763
729 777
729 848
729 952
730 917
730 945
731 890
732 986
732 995
733 756
733 794
733 951
734 802
734 842
734 889
734 977
734 990
734 993
735 771
735 784
735 972
736 742
736 816
736 943
736 955
737 777
737 941
738 957
739 761
740 757
740 827
740 867
740 914
740 985
741 856
741 870
741 928
742 757
742 768
742 776
743 922
743 979
744 821
744 822
744 863
744 871
744 876
745 946
746 851
747 829
747 915
747 931
747 996
748 760
749 756
749 987
750 821
750 899
750 921
751 809
751 812
751 846
751 954
752 847
753 811
754 863
755 756
755 921
755 954
755 958
757 885
757 919
757 962
758 839
758 950
759 775
759 784
759 803
760 828
760 917
761 818
761 823
762 790
762 826
762 877
763 907
763 988
764 772
764 782
764 806
764 930
765 781
765 862
766 793
766 804
766 879
766 910
766 999
767 793
767 850
768 931
769 886
769 978
770 804
770 821
770 917
770 993
771 804
771 816
771 837
773 818
773 831
774 792
774 857
774 932
775 780
775 787
775 853
775 874
777 782
777 809
778 848
778 901
779 780
779 823
780 824
780 825
780 879
780 973
781 789
781 794
781 858
781 914
782 908
782 927
782 972
783 784
784 871
785 788
785 816
785 833
785 869
786 902
786 939
786 949
787 881
787 894
787 927
787 984
788 795
788 853
788 912
788 976
789 992
790 829
790 860
790 871
790 943
791 922
791 943
792 850
792 852
792 951
793 951
793 977
794 847
795 817
795 929
795 944
796 892
797 813
797 869
797 938
798 895
799 851
799 963
800 991
801 928
801 990
802 901
803 981
805 905
805 940
805 970
805 999
806 843
806 996
807 940
808 893
808 918
809 876
810 813
810 867
810 899
810 905
811 867
812 863
812 993
814 842
814 882
814 986
815 840
815 842
815 869
815 917
815 931
815 932
816 930
817 839
817 886
817 915
818 826
818 834
818 923
818 955
818 968
819 872
819 937
820 844
820 938
820 969
821 836
821 871
821 883
824 892
824 947
825 880
825 963
827 830
827 932
827 959
827 965
829 967
829 993
830 996
831 834
831 835
832 918
833 911
834 849
834 944
834 947
834 986
834 993
835 872
835 915
836 873
836 906
836 952
836 989
837 841
838 922
838 927
839 857
839 929
839 987
841 940
841 958
842 914
843 849
843 871
843 975
844 846
844 889
844 912
845 970
846 883
847 872
847 950
847 985
848 874
849 899
849 970
849 988
850 912
850 994
851 870
851 871
851 944
852 958
852 979
852 995
853 877
854 906
855 909
855 959
856 983
857 995
858 910
861 958
861 970
861 997
862 874
863 905
863 970
864 989
866 912
866 923
866 933
866 947
866 996
868 892
868 954
868 957
869 953
869 962
869 997
870 917
870 927
871 877
872 976
873 976
874 894
875 885
875 952
877 887
877 942
878 898
879 982
880 951
881 991
882 924
885 987
886 985
889 936
889 946
889 968
889 982
891 979
893 995
894 971
895 913
895 930
897 900
898 959
903 994
906 958
907 959
908 977
908 991
913 970
914 916
917 956
920 976
920 989
923 924
923 946
926 929
926 986
929 960
929 983
930 993
933 965
933 991
934 990
936 941
938 977
938 996
942 993
946 961
946 996
955 958
961 965
961 989
962 992
966 971
967 979
969 972
974 988
975 997
982 994
989 997
990 997
994 998
0
10 999
