1000	4995	 1
0 164
0 244
0 384
0 562
0 721
0 725
0 797
0 865
0 923
0 926
0 949
1 66
1 410
1 450
1 490
1 563
1 564
1 617
1 640
1 649
1 711
1 778
1 977
2 167
2 214
2 377
2 526
2 632
2 673
2 803
2 837
2 857
2 883
2 939
3 130
3 546
3 673
3 843
3 998
4 90
4 101
4 141
4 305
4 356
4 381
4 497
4 632
4 873
4 994
5 15
5 43
5 100
5 156
5 160
5 164
5 184
5 297
5 419
5 471
5 545
5 571
5 643
5 722
5 793
5 818
5 821
6 16
6 51
6 110
6 137
6 168
6 320
6 433
6 563
6 801
6 879
6 966
7 47
7 225
7 255
7 302
7 713
7 874
8 211
8 281
8 307
8 413
8 760
8 998
9 31
9 80
9 131
9 170
9 218
9 395
9 475
9 545
9 699
9 754
9 762
9 954
10 112
10 169
10 184
10 285
10 432
10 515
10 517
10 533
10 585
10 619
10 689
10 797
10 910
10 925
11 26
11 87
11 181
11 201
11 340
11 348
11 434
11 543
11 616
11 633
11 640
11 663
11 709
11 712
11 730
11 808
11 908
11 950
12 25
12 184
12 562
12 582
12 598
12 669
12 709
12 765
12 790
12 803
12 815
12 876
12 984
13 154
13 191
13 204
13 224
13 499
13 518
13 544
13 677
13 740
13 837
14 73
14 313
14 391
14 392
14 605
14 626
14 708
14 926
15 102
15 277
15 431
15 536
15 572
15 799
15 841
15 897
15 910
15 922
16 105
16 157
16 290
16 418
16 529
16 624
16 639
16 718
16 736
16 787
17 42
17 138
17 296
17 297
17 397
17 456
17 651
17 678
17 740
17 762
17 935
18 292
18 388
18 427
18 494
18 633
18 634
18 747
18 815
18 840
18 872
18 968
19 144
19 312
19 370
19 408
19 489
19 507
19 525
19 811
19 836
19 985
20 30
20 37
20 314
20 486
20 651
20 658
20 713
20 905
20 915
21 83
21 240
21 358
21 523
21 650
21 729
21 773
21 817
22 273
22 403
22 435
22 440
22 631
22 829
22 988
23 73
23 163
23 247
23 308
23 318
23 336
23 347
23 502
23 579
23 941
24 25
24 26
24 116
24 308
24 334
24 476
24 589
24 594
24 788
24 896
25 79
25 365
25 572
25 591
25 609
25 768
25 943
26 176
26 275
26 318
26 340
26 407
26 572
26 589
26 634
26 767
26 890
26 898
27 294
27 435
27 590
27 606
27 716
27 752
27 804
27 816
27 932
27 975
28 194
28 290
28 298
28 367
28 404
28 504
28 579
29 63
29 108
29 110
29 247
29 317
29 658
29 665
29 722
29 774
29 863
29 874
29 892
30 34
30 138
30 254
30 286
30 306
30 330
30 961
30 992
31 35
31 181
31 240
31 357
31 430
31 634
31 636
31 917
31 999
32 139
32 179
32 348
32 615
32 625
32 713
32 719
32 838
33 107
33 120
33 475
33 524
33 526
33 537
33 604
33 774
34 68
34 92
34 140
34 176
34 291
34 303
34 313
34 318
34 396
34 418
34 486
34 561
34 592
34 776
34 945
35 119
35 188
35 195
35 230
35 545
35 840
35 895
36 76
36 233
36 333
36 387
36 421
36 467
36 560
36 625
36 728
36 903
36 979
37 75
37 156
37 177
37 274
37 280
37 309
37 312
37 350
37 368
37 386
37 474
37 549
37 632
37 804
37 806
37 944
37 993
38 69
38 114
38 264
38 291
38 305
38 335
38 433
38 517
38 633
38 906
38 911
39 309
39 362
39 599
39 620
39 660
39 924
39 974
40 251
40 254
40 324
40 338
40 365
40 498
40 821
40 963
41 72
41 144
41 189
41 203
41 230
41 473
41 480
41 512
41 548
41 789
42 166
42 388
42 424
42 511
42 782
42 829
42 868
43 231
43 362
43 408
43 435
43 449
43 522
43 729
43 739
43 781
43 858
43 914
44 96
44 118
44 185
44 197
44 219
44 276
44 446
44 456
44 558
44 565
44 630
44 637
44 715
44 786
44 812
44 855
44 905
45 288
45 361
45 425
45 499
45 524
45 676
45 703
45 803
45 849
46 131
46 164
46 288
46 357
46 490
46 495
46 547
46 588
46 595
46 642
46 830
46 911
46 931
47 171
47 491
47 564
47 705
47 758
48 79
48 276
48 304
48 330
48 621
48 748
48 791
48 888
48 918
48 954
49 118
49 227
49 275
49 402
49 404
49 741
49 745
49 911
49 947
49 998
50 103
50 277
50 505
50 608
50 781
51 293
51 296
51 395
51 422
51 514
51 807
51 861
51 978
52 93
52 175
52 197
52 238
52 249
52 330
52 406
52 785
52 854
52 905
52 972
53 105
53 274
53 334
53 354
53 485
53 537
53 769
53 831
54 102
54 233
54 239
54 283
54 430
54 660
54 782
54 810
54 903
54 977
55 148
55 174
55 444
55 452
55 551
55 558
55 833
55 838
56 158
56 186
56 251
56 263
56 532
56 559
56 582
56 632
56 682
56 799
56 890
57 105
57 110
57 349
57 365
57 514
57 526
57 657
57 676
57 800
58 217
58 626
58 718
58 792
58 826
58 841
59 260
59 311
59 354
59 459
59 634
59 702
60 159
60 163
60 287
60 477
60 508
60 734
60 796
60 889
60 917
60 926
60 989
61 129
61 364
61 416
61 594
61 728
61 750
61 984
62 241
62 551
62 558
62 726
62 753
62 832
62 838
62 856
63 70
63 116
63 229
63 619
63 676
63 849
63 904
63 945
64 173
64 194
64 372
64 440
64 483
64 752
64 954
65 137
65 140
65 164
65 180
65 230
65 591
65 822
65 848
65 961
66 92
66 313
66 449
66 469
66 499
66 555
66 644
66 726
66 834
66 878
66 887
67 143
67 190
67 358
67 370
67 396
67 397
67 406
67 411
67 414
67 426
67 582
67 711
67 775
67 806
67 895
68 117
68 434
68 520
68 541
68 803
68 884
68 946
68 949
68 959
69 203
69 226
69 286
69 371
69 482
69 576
69 665
69 682
69 737
69 820
69 867
70 174
70 242
70 243
70 406
70 486
70 613
70 631
70 707
70 726
70 925
71 143
71 473
71 582
71 654
71 677
71 772
71 947
72 197
72 278
72 733
72 799
72 928
73 172
73 298
73 367
73 502
73 591
73 598
73 623
73 646
73 760
73 763
73 869
74 197
74 269
74 317
74 394
74 434
74 469
74 531
74 698
74 785
74 800
74 860
74 865
75 157
75 360
75 395
75 416
75 442
75 588
75 758
75 879
76 246
76 266
76 400
76 511
76 570
76 627
76 634
76 852
76 864
76 886
77 262
77 319
77 329
77 331
77 463
77 572
77 626
77 688
77 706
77 826
77 851
77 895
77 918
77 936
77 947
78 146
78 220
78 299
78 360
78 647
78 784
78 955
78 970
79 358
79 422
79 513
79 605
79 710
79 814
79 980
80 188
80 221
80 279
80 541
80 560
80 614
80 660
80 662
80 767
80 940
80 978
81 179
81 205
81 302
81 383
81 426
81 493
81 540
81 694
82 104
82 200
82 245
82 305
82 490
82 512
82 686
82 712
82 902
82 927
83 182
83 224
83 253
83 508
83 523
83 623
83 802
83 808
83 881
83 950
83 995
84 291
84 521
84 528
84 758
84 774
84 908
85 274
85 277
85 303
85 406
85 684
85 983
86 148
86 317
86 376
86 476
86 545
86 649
86 658
87 184
87 311
87 338
87 408
87 573
87 703
87 795
87 886
87 923
88 96
88 334
88 341
88 343
88 363
88 451
88 586
88 831
89 132
89 215
89 254
89 285
89 289
89 316
89 524
89 566
89 622
89 736
90 128
90 137
90 193
90 325
90 412
90 464
90 678
90 802
90 837
90 848
91 308
91 508
91 565
91 951
91 965
91 976
92 146
92 579
92 676
92 749
92 857
92 962
93 174
93 315
93 499
93 666
93 739
93 878
94 125
94 214
94 295
94 585
94 588
94 693
94 701
94 741
94 922
94 986
95 397
95 650
95 689
95 756
95 825
95 911
95 912
96 182
96 279
96 299
96 436
96 656
96 817
96 905
96 908
97 191
97 211
97 286
97 552
97 590
97 670
97 697
97 808
97 889
97 971
98 100
98 188
98 533
98 604
98 960
99 175
99 310
99 511
99 588
99 660
99 874
99 893
99 897
100 187
100 280
100 320
100 328
100 330
100 399
100 455
100 553
100 620
100 662
100 830
100 938
100 942
100 997
101 144
101 223
101 249
101 597
101 652
102 222
102 247
102 412
102 480
102 503
102 580
102 599
102 614
102 832
102 837
102 912
102 988
102 997
103 142
103 259
103 294
103 315
103 563
103 617
103 778
103 804
103 814
103 931
103 951
104 243
104 247
104 248
104 278
104 292
104 399
104 437
104 560
104 785
104 855
105 129
105 208
105 254
105 489
105 531
105 754
105 809
105 866
106 485
106 612
106 626
106 631
106 692
106 718
106 804
106 826
107 152
107 208
107 296
107 419
107 740
107 839
107 986
108 284
108 575
108 704
108 742
108 851
108 919
109 233
109 263
109 394
109 399
109 403
109 421
109 453
109 495
109 529
109 572
109 729
110 228
110 469
110 510
110 514
110 633
110 662
110 666
110 694
110 698
110 704
110 772
110 787
110 871
110 982
111 156
111 226
111 415
111 634
111 667
111 717
111 790
111 795
111 815
111 868
111 887
111 987
112 167
112 234
112 308
112 445
112 514
112 616
112 758
113 345
113 358
113 363
113 559
113 634
113 776
113 846
113 862
113 881
114 217
114 281
114 379
114 479
114 664
114 716
114 881
114 943
115 173
115 224
115 300
115 445
115 537
115 694
116 211
116 222
116 250
116 339
116 613
116 712
117 121
117 192
117 333
117 563
117 821
117 830
117 968
118 273
118 416
118 928
118 944
119 351
119 407
119 424
119 456
119 604
119 643
119 664
119 768
119 778
119 924
120 136
120 151
120 157
120 237
120 512
120 767
120 880
120 986
121 204
121 256
121 287
121 319
121 336
121 428
121 547
121 557
121 615
121 624
121 844
121 867
121 873
121 942
121 953
121 978
122 136
122 238
122 258
122 287
122 345
122 382
122 460
122 471
122 519
122 668
122 763
122 902
123 173
123 195
123 603
123 605
123 606
123 686
123 693
123 849
123 859
123 898
123 907
123 911
123 960
123 962
124 223
124 378
124 399
124 436
124 439
124 622
124 879
124 895
124 918
124 990
125 293
125 443
125 458
125 626
125 669
125 711
125 789
125 937
125 954
126 140
126 309
126 315
126 462
126 530
126 599
126 774
126 860
126 870
127 288
127 402
127 453
127 739
127 917
128 286
128 374
128 592
128 606
128 697
128 912
128 956
128 985
128 987
129 162
129 170
129 188
129 404
129 417
129 562
129 594
129 719
129 764
129 853
129 865
130 180
130 241
130 337
130 368
130 476
130 811
130 818
130 832
130 833
130 856
130 959
131 166
131 365
131 568
131 639
131 762
131 869
132 142
132 165
132 170
132 179
132 491
132 541
132 795
132 845
132 877
132 956
133 370
133 414
133 418
133 484
133 595
133 596
133 604
134 400
134 442
134 463
134 475
134 487
134 541
134 560
134 665
134 696
134 727
134 906
134 950
134 963
134 986
135 274
135 331
135 438
135 448
135 597
135 806
135 868
136 303
136 397
136 429
136 451
136 550
136 682
136 713
137 346
137 360
137 377
137 544
137 704
137 711
137 883
137 950
137 986
138 163
138 212
138 321
138 420
138 563
138 622
138 836
139 200
139 212
139 316
139 326
139 370
139 386
139 420
139 466
139 770
139 802
139 821
139 886
139 888
140 315
140 327
140 332
140 421
140 454
140 697
140 863
140 985
141 256
141 262
141 301
141 346
141 412
141 535
141 553
141 715
141 815
141 843
141 997
142 195
142 350
142 384
142 633
142 884
142 927
143 210
143 231
143 246
143 332
143 370
143 392
143 473
143 510
143 614
143 730
143 752
143 889
143 933
144 346
144 390
144 468
144 488
144 595
144 694
144 738
144 768
144 805
144 855
144 868
144 871
144 888
145 170
145 279
145 798
145 929
146 166
146 467
146 637
146 712
146 799
147 406
147 479
147 483
147 590
147 596
147 604
147 610
147 789
147 802
147 827
147 913
147 997
148 179
148 186
148 198
148 509
148 555
148 557
148 598
148 842
148 912
149 203
149 333
149 385
149 410
149 607
149 697
149 713
149 761
149 844
149 880
149 943
150 258
150 423
150 428
150 465
150 519
150 625
150 762
150 880
150 893
151 344
151 559
151 888
151 905
152 245
152 281
152 288
152 383
152 431
152 441
152 612
152 727
152 938
153 173
153 177
153 294
153 376
153 465
153 626
153 789
153 897
153 900
153 962
153 978
154 167
154 211
154 296
154 400
154 643
154 714
154 760
154 801
154 916
154 999
155 401
155 465
155 561
155 632
155 674
155 744
155 854
155 875
155 934
156 429
156 464
156 471
156 664
156 773
156 823
156 840
156 983
156 995
157 158
157 288
157 433
157 520
157 548
157 586
157 612
157 844
158 362
158 369
158 388
158 495
158 803
158 807
158 975
159 390
159 515
159 583
159 671
159 748
159 835
160 413
160 421
160 437
160 480
160 567
160 584
160 741
160 763
160 838
160 915
160 942
160 967
161 237
161 566
161 672
161 764
161 784
161 912
161 983
162 190
162 256
162 418
162 466
162 474
162 508
162 585
162 591
162 661
162 743
162 753
162 798
162 799
162 924
162 936
162 987
163 224
163 315
163 422
163 550
163 592
163 608
163 694
163 700
163 918
164 199
164 208
164 376
164 567
164 621
164 715
164 914
164 973
165 281
165 289
165 364
165 559
165 747
165 917
166 258
166 356
166 493
166 548
166 657
166 748
166 757
166 982
167 245
167 354
167 792
167 844
167 916
168 286
168 645
168 722
168 748
169 379
169 395
169 455
169 514
169 630
169 774
170 222
170 283
170 303
170 308
170 500
170 608
170 625
170 704
170 753
170 765
170 859
170 958
171 215
171 305
171 398
171 521
171 575
171 636
171 783
171 837
171 951
172 173
172 337
172 697
172 715
172 868
172 891
172 976
172 995
173 333
173 356
173 357
173 451
173 546
173 687
173 692
173 717
173 832
173 906
174 183
174 231
174 245
174 347
174 600
174 606
174 760
174 890
174 993
175 278
175 292
175 623
175 636
175 794
175 861
175 921
176 412
176 578
176 622
176 772
176 882
176 910
176 928
176 930
177 201
177 202
177 233
177 328
177 330
177 344
177 354
177 417
177 502
177 516
177 519
177 529
177 680
177 697
177 702
177 723
177 927
178 226
178 232
178 294
178 461
178 737
178 746
178 771
178 821
179 180
179 274
179 289
179 551
179 952
180 377
180 407
180 459
180 515
180 599
180 750
180 765
180 766
180 879
180 970
181 235
181 250
181 417
181 527
181 532
181 570
181 608
181 725
181 922
181 964
182 198
182 455
182 498
182 568
182 764
182 780
182 803
182 807
182 880
182 928
182 998
183 213
183 232
183 319
183 329
183 333
183 427
183 471
183 479
183 512
183 624
183 999
184 220
184 386
184 584
184 712
184 758
184 852
184 856
184 861
184 954
185 242
185 271
185 400
185 561
185 598
185 610
185 796
185 858
186 319
186 400
186 435
186 556
186 649
186 697
186 782
186 858
186 866
186 989
187 272
187 309
187 313
187 368
187 548
187 595
187 634
187 685
187 740
187 762
187 815
187 881
188 380
188 580
188 690
188 771
188 799
188 839
188 868
189 195
189 207
189 211
189 221
189 306
189 439
189 606
189 714
189 741
189 900
189 951
190 245
190 259
190 324
190 446
190 483
190 496
190 668
190 972
191 227
191 235
191 360
191 501
191 575
191 949
192 374
192 903
193 205
193 540
193 558
193 582
193 812
193 855
194 537
194 558
194 593
194 600
194 612
194 659
194 828
194 843
194 861
194 970
195 223
195 238
195 304
195 534
195 634
195 658
195 761
195 801
195 851
195 858
195 961
195 975
196 222
196 223
196 300
196 301
196 336
196 504
196 760
196 814
196 829
196 864
196 874
196 950
196 989
197 323
197 520
197 643
197 647
197 669
197 778
198 339
198 357
198 379
198 423
198 573
198 578
198 756
198 781
198 838
199 282
199 290
199 298
199 417
199 458
199 640
199 738
199 869
199 939
200 233
200 299
200 424
200 553
200 573
200 847
200 872
200 958
201 432
201 469
201 628
201 648
201 766
201 854
201 861
202 306
202 373
202 374
202 902
202 960
203 222
203 383
203 482
203 500
203 622
203 697
203 737
203 843
204 319
204 324
204 459
204 563
204 604
204 613
204 660
204 744
204 759
204 856
204 862
205 291
205 497
205 621
205 653
205 860
205 975
206 404
206 678
206 708
206 736
206 779
206 819
206 987
207 250
207 454
207 472
207 519
207 635
207 676
207 806
208 210
208 363
208 485
208 616
208 806
208 972
209 302
209 357
209 465
209 507
209 607
209 684
209 910
209 977
210 239
210 271
210 445
210 835
210 944
210 967
210 968
211 289
211 387
211 579
211 590
211 632
211 688
211 712
211 847
211 979
212 338
212 347
212 465
212 506
212 562
212 661
212 696
212 853
212 968
213 294
213 447
213 503
213 772
213 811
213 872
213 988
213 990
214 227
214 237
214 287
214 655
214 717
214 776
214 876
214 940
215 383
215 487
215 752
215 810
215 884
215 980
216 233
216 303
216 328
216 338
216 423
216 765
216 770
216 848
216 993
217 444
217 561
217 724
217 831
217 876
217 883
217 897
217 937
218 231
218 260
218 272
218 463
218 640
218 727
218 794
218 930
218 945
219 323
219 497
219 640
219 795
219 821
219 923
219 932
220 362
220 545
220 792
221 518
221 599
221 680
221 858
221 927
221 968
222 269
222 307
222 315
222 348
222 478
222 681
223 229
223 577
223 660
223 681
223 751
223 914
224 237
224 343
224 352
224 505
224 587
224 629
224 871
224 988
225 248
225 321
225 428
225 486
225 545
225 639
225 652
225 764
225 778
225 787
225 798
225 895
226 235
226 538
226 625
226 684
226 722
226 900
226 912
227 236
227 268
227 298
227 308
227 455
227 510
227 543
227 736
227 778
227 797
227 838
227 854
228 550
228 598
228 828
228 884
228 918
229 250
229 257
229 628
229 712
229 734
229 757
229 794
229 981
230 414
230 517
230 583
230 644
230 712
230 869
230 909
231 233
231 254
231 290
231 299
231 339
231 470
231 507
231 531
231 648
231 734
231 812
232 268
232 364
232 512
232 722
232 780
232 853
232 993
233 618
233 709
233 901
234 261
234 393
234 403
234 455
234 578
234 597
234 638
234 795
234 881
234 941
235 237
235 307
235 312
235 463
235 881
235 906
236 488
236 539
236 565
236 609
236 778
236 860
237 244
237 264
237 305
237 653
237 707
237 802
237 945
238 496
238 570
238 750
238 917
238 935
238 992
239 311
239 353
239 407
239 485
239 582
239 697
239 737
239 780
240 331
240 433
240 558
240 677
240 711
240 810
241 262
241 287
241 313
241 550
241 567
241 586
241 672
241 828
241 847
242 473
242 539
242 547
242 961
243 674
243 820
243 847
243 865
243 885
243 951
244 298
244 325
244 351
244 372
244 662
244 725
244 740
244 775
244 791
244 796
245 284
245 301
245 355
245 620
245 960
245 963
245 969
246 313
246 320
246 335
246 377
246 581
246 606
246 813
246 858
246 921
246 949
246 991
247 294
247 488
247 537
247 618
247 737
248 283
248 296
248 579
248 592
248 648
248 711
248 728
248 744
248 847
248 971
249 317
249 403
249 547
249 557
249 563
249 698
250 303
250 346
250 462
250 814
251 375
251 590
251 662
251 862
252 395
252 632
252 656
252 677
252 892
252 897
253 385
253 537
253 638
253 721
253 755
253 913
253 983
254 277
254 344
254 345
254 723
254 916
255 378
255 441
255 698
255 994
256 373
256 407
256 727
256 849
257 522
257 527
257 589
257 679
257 735
257 769
258 261
258 268
258 547
258 566
258 748
258 929
259 385
259 519
259 593
259 739
260 699
260 722
260 890
260 902
261 363
261 392
261 461
261 542
261 547
261 558
261 640
261 660
261 797
261 929
262 263
262 364
262 372
262 393
262 462
262 632
262 715
262 960
263 304
263 422
263 501
263 652
263 660
263 767
263 782
263 808
263 860
263 926
264 286
264 485
264 774
264 843
265 312
265 402
265 462
265 509
265 999
266 302
266 523
266 581
266 638
266 679
266 742
267 385
267 434
267 457
267 480
267 522
267 649
267 700
267 953
268 638
268 812
268 843
268 935
268 941
268 980
269 305
269 318
269 322
269 425
269 491
269 539
269 562
269 778
269 945
269 963
270 338
270 353
270 412
270 566
271 362
271 367
271 428
271 542
271 758
271 797
271 866
271 977
272 326
272 342
272 372
272 404
272 421
272 652
272 690
272 920
273 292
273 552
273 588
273 691
273 785
273 820
273 890
273 896
274 303
274 418
274 473
274 589
274 601
274 747
274 775
274 880
274 918
275 445
275 459
275 487
275 709
275 796
275 843
275 847
275 877
275 886
276 715
276 764
277 558
277 806
277 854
277 937
277 951
277 954
277 983
278 436
278 440
278 667
278 682
278 769
278 776
278 823
278 979
279 286
279 625
279 915
279 955
279 977
279 985
280 499
280 578
280 759
280 768
280 962
281 448
281 523
281 576
281 686
281 875
281 951
282 385
282 448
282 521
282 559
282 647
282 828
282 887
283 393
283 455
283 534
283 602
283 621
283 642
283 714
283 777
283 830
284 469
284 486
284 543
284 557
284 660
284 672
284 775
284 998
285 442
285 495
285 544
285 569
285 617
285 790
285 875
285 890
285 906
285 950
286 353
286 427
286 461
286 659
286 703
287 631
287 712
287 843
287 888
287 926
287 985
288 466
288 468
288 487
288 536
289 311
289 560
289 579
289 735
289 771
289 966
289 982
290 737
290 870
290 909
290 919
290 990
291 649
291 720
291 738
291 836
291 859
292 304
292 416
292 438
292 471
292 483
292 775
292 850
292 891
293 339
293 530
293 692
293 890
294 318
294 393
294 494
294 592
294 684
294 742
294 759
294 801
294 936
294 960
295 786
295 821
295 954
296 342
296 476
296 507
296 535
296 669
296 701
296 723
296 752
296 976
296 996
297 403
297 606
297 630
297 761
297 775
297 780
298 409
298 653
298 899
299 307
299 412
299 437
299 460
299 481
299 519
299 662
299 727
299 834
299 866
299 917
299 921
299 986
300 331
300 405
300 455
300 480
300 515
300 566
300 827
300 894
300 984
301 324
301 332
301 674
301 679
301 957
301 963
302 406
302 505
302 516
302 773
302 777
302 784
302 883
302 959
303 325
303 417
303 616
303 693
303 733
303 799
303 806
303 931
303 942
304 609
304 640
304 654
304 664
305 379
305 417
305 520
305 537
305 572
306 479
306 558
306 561
306 635
306 676
306 679
306 719
306 987
307 372
307 386
307 423
307 656
307 732
307 794
307 821
307 861
307 862
307 879
307 883
307 949
308 370
308 372
308 533
308 582
308 666
308 669
308 723
308 766
308 963
309 601
309 661
309 785
309 809
309 962
309 978
310 412
310 553
310 718
310 852
310 895
310 934
311 400
311 489
311 524
311 585
311 645
311 781
311 861
311 946
312 345
312 455
312 648
312 743
312 757
312 822
312 978
313 323
313 377
313 520
313 556
313 632
313 784
313 839
313 900
313 984
314 338
314 376
314 478
314 568
314 720
314 777
314 898
315 324
315 452
315 516
315 533
315 542
315 673
315 955
316 319
316 354
316 407
316 450
316 730
316 734
316 757
316 813
316 980
317 591
317 601
317 759
317 893
318 417
318 426
318 644
318 842
318 980
319 348
319 628
319 638
319 699
319 748
319 756
319 783
319 808
319 915
319 923
320 406
320 408
320 574
320 582
320 606
320 617
320 637
320 768
320 874
320 889
320 896
320 966
321 361
321 372
321 599
321 624
321 713
321 716
321 737
321 900
322 429
322 560
322 721
322 797
322 848
322 869
322 982
323 416
323 429
323 584
323 733
323 819
323 862
323 891
323 944
324 336
324 451
324 462
324 517
324 616
324 726
324 964
324 969
325 646
325 774
325 833
325 835
326 519
326 557
326 762
326 785
326 914
326 965
327 404
327 412
327 437
327 560
327 799
327 824
327 838
327 901
327 920
328 359
328 562
328 780
328 893
328 987
328 995
329 822
329 852
329 978
329 986
330 404
330 455
330 502
330 505
330 607
330 613
330 618
330 664
330 894
330 947
331 458
331 564
331 569
331 591
331 665
331 714
331 764
331 777
331 842
331 843
332 424
332 486
332 504
332 512
332 550
332 647
332 690
332 851
332 988
333 571
333 659
333 705
333 719
333 833
333 952
333 994
334 399
334 521
334 554
334 730
335 437
335 592
335 615
335 697
335 715
335 767
335 818
335 860
335 869
335 974
335 986
336 361
336 434
336 490
336 604
336 608
336 609
336 641
336 746
336 830
337 411
337 418
337 769
337 807
337 888
337 906
338 375
338 408
338 476
338 706
338 745
338 747
338 804
338 894
338 917
339 585
339 841
340 344
340 406
340 515
340 881
340 975
341 401
341 444
341 502
341 675
341 756
341 811
341 875
341 985
342 468
342 619
342 901
343 569
343 660
343 726
343 782
344 464
344 506
344 657
344 739
344 746
344 976
345 355
345 396
345 471
345 481
345 618
345 731
345 742
345 750
345 759
345 831
345 937
345 951
345 998
346 355
346 643
346 666
346 765
346 792
346 865
346 911
346 945
346 953
346 964
347 485
348 372
348 383
348 419
348 476
348 584
348 715
348 875
348 917
348 922
349 430
349 751
350 470
350 574
350 747
350 766
350 851
350 973
350 998
350 999
351 361
351 393
351 802
351 949
352 508
352 591
352 697
352 733
352 860
352 877
352 915
353 580
353 674
353 732
353 749
353 817
354 357
354 406
354 448
354 471
354 532
354 817
354 882
354 956
355 360
355 501
355 835
355 984
356 568
356 645
357 538
357 619
357 671
357 749
357 793
357 859
358 490
358 500
358 610
358 630
358 643
358 644
358 756
358 823
358 997
359 389
359 395
359 464
359 515
359 996
360 464
360 477
360 767
360 802
360 907
360 908
360 918
360 986
361 521
361 529
361 606
361 764
361 885
361 953
362 485
362 589
362 773
362 823
362 920
362 962
362 978
363 473
363 624
363 655
363 763
364 372
364 551
364 744
364 772
364 814
365 388
365 475
365 507
365 716
365 751
365 932
366 375
366 515
366 535
366 650
366 683
366 693
366 811
367 386
367 629
367 648
367 985
368 493
368 772
368 815
368 989
369 439
369 561
369 588
369 731
369 763
369 773
370 430
370 523
370 549
370 650
371 484
371 489
371 551
371 727
372 379
372 667
372 745
372 870
373 464
373 519
373 531
373 717
373 800
374 394
374 458
374 562
374 632
374 698
374 792
375 553
375 605
375 760
375 857
375 858
376 452
376 663
376 774
376 797
376 851
377 504
377 589
377 622
377 775
377 811
377 825
377 834
377 893
377 926
377 953
378 674
378 763
378 873
378 883
379 403
379 430
379 455
379 494
379 627
379 763
379 824
379 848
379 859
379 967
380 384
380 453
380 487
380 556
381 478
381 619
381 773
381 830
381 931
382 428
382 499
382 566
382 933
383 576
383 698
383 758
383 938
383 987
384 416
384 457
384 509
384 521
384 932
384 938
385 429
385 513
385 567
385 623
385 717
385 863
385 903
385 934
386 482
386 494
386 553
386 696
386 773
386 832
386 953
387 588
387 734
387 933
387 938
387 972
388 504
388 556
388 582
388 684
388 808
389 403
389 505
389 561
389 761
389 781
389 789
389 884
390 404
390 444
390 497
390 522
390 681
390 920
390 984
391 496
391 543
391 657
391 959
392 491
392 499
392 522
392 527
392 766
392 778
393 547
393 579
393 591
393 662
393 828
393 856
393 870
394 416
394 470
394 647
394 925
395 407
395 458
395 586
395 698
395 887
396 417
396 445
396 747
396 862
396 880
396 992
397 503
397 655
397 872
397 885
397 933
398 486
398 622
398 755
398 779
399 400
399 403
399 504
399 523
399 705
399 716
399 761
399 834
399 913
399 928
399 937
400 615
400 876
400 884
400 912
401 535
401 667
401 790
401 816
401 869
401 991
402 420
402 532
402 598
402 748
402 818
402 867
402 933
402 978
402 994
403 648
403 716
403 846
403 912
403 964
404 424
404 467
404 652
404 746
404 760
404 783
404 790
404 906
404 995
405 451
405 587
405 608
405 908
405 924
406 507
406 555
406 591
406 643
406 727
406 734
406 736
406 790
406 860
406 883
406 898
406 937
407 523
407 567
407 706
407 873
408 542
408 569
408 590
408 702
408 730
408 821
408 853
408 970
409 538
409 677
409 754
409 850
410 460
410 487
410 638
410 673
410 734
410 801
410 897
410 959
411 486
411 498
411 541
411 805
411 950
412 513
412 595
412 623
412 814
412 980
413 472
413 483
413 575
413 618
413 718
413 885
413 990
414 506
414 555
414 563
414 636
414 964
415 616
415 625
415 676
415 752
415 821
415 943
416 557
416 745
416 824
416 920
417 457
417 564
417 574
417 705
417 860
417 866
417 993
418 526
418 569
418 629
418 652
418 741
418 793
418 937
419 425
419 448
419 507
419 623
419 649
419 701
419 725
419 767
419 774
419 788
420 464
420 715
420 801
420 953
420 982
421 457
421 477
421 792
421 998
422 431
422 542
422 568
422 702
422 955
422 983
423 437
423 519
423 689
423 771
424 501
424 645
424 662
424 673
424 720
424 790
424 806
425 471
425 696
425 701
425 720
425 759
425 783
425 784
425 802
425 825
426 744
426 793
426 854
426 862
426 898
427 522
427 553
427 564
427 615
427 981
428 514
428 546
428 582
428 759
428 775
429 702
429 780
429 793
429 832
430 505
430 550
430 762
430 814
430 915
430 940
431 481
431 508
431 561
431 679
432 455
432 576
432 580
432 770
432 936
433 471
433 534
433 706
433 845
433 883
434 570
434 608
434 651
434 921
434 931
435 510
435 663
435 710
435 988
435 999
436 450
436 630
436 794
436 863
436 995
437 475
437 548
437 749
437 874
437 894
437 956
438 441
438 495
438 669
438 792
438 846
438 923
438 989
439 440
439 485
439 492
439 552
439 720
439 733
439 783
439 853
440 475
440 571
440 572
440 595
440 789
440 876
441 907
441 912
442 609
442 758
442 798
442 966
442 983
443 450
443 492
443 571
443 608
443 687
443 718
443 781
443 909
443 978
444 448
444 463
444 561
444 565
444 583
444 586
444 632
444 636
444 678
444 851
444 852
445 578
445 657
445 703
445 900
447 451
447 543
447 656
447 660
447 718
447 732
447 821
447 838
447 847
447 942
448 477
448 547
448 589
448 629
448 653
448 667
448 702
448 747
448 772
448 793
448 800
449 606
449 706
450 481
450 489
450 513
450 772
450 951
451 513
451 600
451 676
451 818
451 831
451 846
452 515
452 582
452 665
452 720
452 836
452 893
453 651
453 666
453 702
453 850
453 881
453 890
454 603
454 616
454 699
454 769
454 796
454 972
455 474
455 478
455 851
456 474
456 476
456 739
456 758
456 821
456 939
457 815
457 918
458 464
458 491
458 545
458 560
458 651
458 680
458 733
458 807
459 545
459 683
459 765
459 779
459 792
459 929
460 568
460 587
460 614
460 711
460 783
460 805
460 824
460 992
461 702
461 823
461 850
462 486
462 556
462 737
462 856
462 865
462 875
462 999
463 465
463 513
463 646
463 654
463 655
463 718
464 523
464 650
464 977
465 700
465 763
465 849
465 855
465 864
465 945
466 485
466 557
466 769
466 803
466 842
466 894
466 900
467 510
467 575
467 637
467 710
467 865
468 474
468 508
468 552
468 626
468 642
468 699
468 819
469 847
469 853
469 999
470 950
471 602
471 615
471 646
471 672
471 714
471 765
471 788
471 882
472 528
472 726
473 551
473 761
473 810
473 909
473 938
474 491
474 709
475 512
475 548
475 554
475 585
475 604
475 631
475 854
475 924
475 927
475 979
475 980
476 531
476 553
476 915
476 930
476 938
476 969
476 972
477 540
477 758
477 796
477 812
479 503
479 621
479 875
479 885
479 900
480 549
480 669
480 739
480 849
480 930
482 497
482 760
482 883
483 538
483 544
483 550
483 836
483 934
484 592
484 620
484 703
484 793
484 954
485 543
485 546
485 707
485 777
486 494
486 693
486 893
487 680
487 733
487 750
487 788
487 789
487 908
488 682
488 747
488 852
488 917
488 921
489 653
489 913
489 921
489 997
490 508
490 626
490 756
490 835
490 886
490 921
491 643
491 667
491 706
491 780
491 856
491 914
492 559
492 624
492 629
492 846
492 948
492 951
493 632
493 670
493 718
493 753
493 953
493 987
494 521
494 547
494 550
494 646
494 670
494 777
494 957
495 620
495 651
495 690
495 746
495 748
496 590
496 633
496 797
496 805
497 540
497 544
497 673
497 950
497 965
498 529
498 538
498 545
498 591
498 615
498 642
498 739
498 950
499 739
499 825
499 834
500 606
500 733
500 808
500 887
500 947
501 641
501 653
501 763
501 807
501 836
502 783
502 809
502 831
502 845
502 930
503 610
503 773
503 787
503 880
503 953
503 959
503 992
504 630
504 664
504 673
504 699
504 828
504 923
504 965
505 625
505 700
505 759
505 972
506 593
506 683
506 726
506 733
506 913
506 971
507 583
507 651
507 740
507 776
507 821
507 947
508 526
508 710
508 850
509 522
509 538
509 539
509 944
510 672
510 701
511 766
511 796
511 833
511 853
511 891
511 911
512 533
512 808
513 819
514 547
514 758
514 772
514 804
514 830
514 914
514 939
515 557
515 858
515 913
515 934
516 521
516 674
516 752
516 760
516 915
517 587
517 743
517 760
517 809
517 810
517 821
517 829
517 852
517 860
517 951
517 957
518 694
518 774
518 955
518 972
518 976
518 993
519 553
519 635
519 681
519 824
519 842
520 625
521 711
521 794
521 876
521 904
522 774
522 808
522 941
522 961
522 992
523 637
523 699
523 714
523 861
523 875
523 882
523 914
523 963
524 557
524 797
524 825
524 970
525 697
525 710
525 818
525 967
526 534
526 664
526 904
526 990
527 702
527 726
527 744
528 564
528 846
528 909
528 973
529 645
529 869
530 597
530 657
530 693
530 750
530 875
531 595
531 721
531 723
531 734
531 744
531 775
531 858
531 910
531 979
532 748
532 794
532 846
532 932
532 936
532 963
532 988
533 659
533 660
533 802
533 945
533 972
534 634
534 760
534 847
534 853
535 633
535 880
535 895
535 997
536 541
536 827
536 900
537 544
537 656
537 823
537 901
538 880
538 985
538 992
539 572
539 599
539 725
539 801
539 855
539 926
539 946
540 698
540 716
540 758
540 956
541 587
541 831
541 859
541 932
542 866
542 924
543 581
543 674
544 549
544 809
545 848
546 644
546 763
546 864
546 901
546 902
546 913
547 600
547 616
547 669
547 829
547 946
547 999
548 820
548 914
548 929
548 948
549 608
549 746
549 961
549 971
550 587
550 683
550 759
550 901
551 798
551 809
551 900
552 608
552 703
552 931
552 935
553 567
553 944
554 617
554 727
554 748
554 759
554 875
554 940
555 828
555 861
555 878
555 881
556 558
556 587
556 602
556 777
556 856
556 946
557 686
557 838
558 611
558 618
558 657
558 697
558 698
558 788
558 826
558 902
558 918
558 942
559 907
560 609
560 649
560 672
561 804
561 917
562 597
562 709
562 933
562 959
563 784
564 596
564 680
565 572
565 577
565 579
565 645
565 707
565 710
565 716
566 596
566 692
566 697
566 884
566 928
566 989
567 612
567 881
567 896
567 913
568 588
568 630
568 888
568 956
569 673
570 622
570 638
570 646
570 669
570 765
570 781
570 820
571 718
571 791
571 823
571 832
571 867
571 995
572 669
572 697
572 698
572 724
572 897
572 916
572 922
572 996
573 609
573 610
573 694
574 709
574 778
575 725
575 854
575 963
575 999
576 651
576 671
576 844
576 878
577 697
577 887
577 947
578 616
578 718
578 840
579 663
579 773
580 587
580 603
580 610
580 692
580 915
581 593
581 634
581 758
581 855
581 869
581 874
581 876
581 882
582 602
582 752
582 830
582 881
582 939
583 768
583 786
583 787
583 847
583 949
584 683
584 735
584 828
584 929
584 932
585 634
585 686
585 779
585 925
586 714
586 842
586 979
587 766
588 636
588 785
588 862
588 908
588 912
588 991
589 630
589 707
589 715
589 717
589 786
589 793
589 957
590 671
590 738
591 644
591 699
591 797
591 870
591 985
592 941
593 670
593 739
593 745
593 829
593 940
594 699
594 753
594 761
594 865
594 963
594 969
595 674
595 747
595 820
595 886
595 968
596 637
596 738
597 672
597 709
597 710
597 723
597 756
597 813
597 838
597 851
597 910
598 738
598 757
598 826
598 979
599 759
599 874
599 895
599 927
599 968
600 860
600 914
600 936
600 937
601 710
601 723
601 761
601 786
601 913
601 980
602 643
602 791
602 866
602 930
602 985
603 675
603 734
603 782
603 956
603 963
604 615
604 663
604 722
604 742
604 840
604 880
604 959
605 685
605 689
605 756
605 758
605 856
605 890
605 977
606 772
606 790
606 815
606 854
606 998
607 642
607 648
607 686
607 868
607 962
608 636
608 664
608 977
609 785
609 839
609 851
609 906
609 949
609 971
610 785
610 811
611 658
611 752
611 906
611 960
611 966
612 662
612 734
613 637
613 665
613 720
613 803
613 987
613 990
614 719
614 817
614 823
615 631
615 645
615 812
615 899
616 626
616 666
616 667
616 811
616 840
616 892
617 672
618 687
618 699
618 700
618 841
619 645
619 649
619 817
619 858
620 653
621 708
621 823
621 891
621 903
622 735
622 768
622 878
622 883
622 920
622 969
623 636
623 699
623 761
623 965
624 776
624 812
624 966
625 815
625 911
625 970
626 651
626 784
626 915
627 771
627 782
627 785
627 893
627 976
628 629
628 761
628 770
628 908
628 939
629 702
629 745
629 748
629 987
630 920
630 932
630 994
631 767
631 782
631 785
632 933
632 950
632 961
633 659
633 689
633 721
633 722
633 794
633 795
634 831
635 752
635 806
635 871
635 884
636 680
637 664
637 725
637 855
637 928
638 938
638 986
639 687
639 711
639 812
639 882
640 727
640 750
641 681
641 815
641 913
641 942
641 971
641 998
642 648
642 710
643 669
643 707
643 730
643 761
643 800
644 681
644 755
644 863
644 874
644 949
645 737
645 800
645 906
645 951
645 958
646 705
646 845
646 954
646 960
646 972
647 692
647 787
647 867
648 666
648 685
648 732
648 771
648 843
648 857
649 721
649 752
649 879
649 942
649 944
649 958
650 704
650 710
650 989
650 994
651 723
651 942
652 723
652 802
652 816
652 935
652 942
652 952
653 744
653 801
653 823
653 860
654 738
655 840
655 857
655 876
656 798
657 830
657 924
657 982
657 983
658 845
658 939
659 665
659 673
660 677
660 727
660 942
660 997
661 672
661 700
661 706
661 773
661 801
661 946
661 958
661 969
661 995
662 673
662 861
662 887
663 887
663 896
664 856
665 869
666 747
666 761
666 783
666 823
667 784
667 809
667 818
668 710
668 886
668 958
669 735
669 742
669 849
669 909
670 797
670 804
670 866
670 981
671 704
671 817
671 915
672 733
672 758
672 790
672 900
673 867
674 875
675 687
675 757
675 900
675 904
676 696
676 888
676 901
676 976
676 980
677 763
677 976
678 693
678 713
678 783
678 833
678 842
678 961
679 685
679 813
680 793
680 848
680 851
680 878
681 691
681 757
681 860
681 932
682 699
682 828
682 856
682 857
682 966
682 968
683 718
684 757
684 949
685 782
685 798
685 933
685 944
685 978
686 795
686 831
687 689
687 697
687 715
687 895
687 916
688 732
688 795
688 885
689 709
689 727
689 818
689 823
690 705
690 764
690 824
690 852
691 800
691 838
691 870
691 940
692 826
692 869
692 919
693 886
693 897
693 961
694 793
694 815
694 822
694 831
695 732
695 781
695 787
695 792
695 883
695 957
696 764
696 769
696 959
697 741
697 824
698 920
698 956
698 968
699 801
699 915
700 769
700 890
700 892
700 902
700 944
700 966
701 835
701 941
702 743
702 802
702 817
702 849
702 892
704 730
704 752
704 849
704 855
704 945
704 976
705 718
705 767
705 769
706 848
706 966
707 723
707 730
707 878
707 980
708 736
708 786
708 850
709 731
709 977
710 750
710 761
710 785
710 932
712 838
712 922
713 752
713 816
713 838
713 876
713 928
713 966
714 856
714 933
715 863
716 745
716 769
716 835
717 764
717 789
718 790
718 801
719 883
719 911
719 928
720 782
720 802
720 887
721 802
721 875
722 813
722 824
722 825
722 871
722 933
723 821
724 827
724 887
725 761
725 897
725 958
726 794
726 797
726 869
726 993
727 944
727 947
730 769
730 825
730 852
730 888
730 949
731 762
731 807
731 895
732 864
732 920
732 979
732 982
734 827
734 881
734 905
735 892
735 967
735 969
736 791
736 802
736 953
737 854
737 873
738 832
738 908
738 989
739 808
739 818
739 940
740 941
741 833
741 894
742 780
742 958
742 963
742 972
743 861
743 933
743 978
744 753
744 789
744 803
744 943
745 795
745 943
746 772
746 791
746 947
746 989
747 779
747 992
748 763
748 889
748 944
748 961
749 753
749 778
749 794
749 827
750 769
750 783
750 859
750 874
751 761
751 907
751 962
751 990
752 756
752 766
752 799
752 949
753 908
753 927
754 873
754 922
755 760
755 848
755 895
755 931
755 932
755 959
755 962
755 993
756 805
756 841
756 924
756 936
756 995
757 828
757 865
757 879
757 949
758 766
758 953
759 986
760 804
760 929
760 996
761 902
761 972
762 804
763 806
764 823
764 857
764 970
764 979
765 958
766 813
766 832
767 773
767 924
768 769
768 788
768 875
768 897
768 941
769 842
769 903
769 940
770 811
770 873
771 797
771 988
772 790
773 834
773 950
774 836
775 791
775 812
775 899
775 923
776 980
777 903
779 819
779 834
779 908
779 946
779 955
780 858
780 861
780 947
780 963
781 925
783 932
783 943
783 956
783 959
783 988
784 796
784 919
785 882
785 916
786 796
786 803
786 957
787 911
787 926
787 967
788 837
788 978
790 843
791 894
792 829
792 837
792 886
792 928
792 932
792 998
793 794
793 902
793 951
794 825
794 861
795 911
796 854
796 986
797 982
797 989
798 834
798 862
799 911
799 960
800 928
801 821
801 838
801 869
801 914
801 978
801 994
802 865
802 983
802 987
803 813
804 843
805 839
806 863
807 910
807 923
808 883
808 939
809 900
810 862
811 871
811 910
811 919
811 955
812 992
813 826
813 939
813 953
815 848
815 912
816 946
819 820
819 956
819 992
820 875
821 865
821 874
822 849
822 946
822 972
823 829
823 869
823 897
823 926
824 849
824 876
824 915
825 881
825 912
826 962
827 880
827 916
827 964
829 856
829 988
830 996
831 911
831 930
833 836
833 918
833 927
835 884
835 905
835 946
835 947
835 950
835 959
835 989
836 917
836 931
836 972
837 921
837 949
837 968
838 959
840 917
841 856
842 892
842 947
843 877
844 865
844 881
844 948
844 962
845 877
847 927
847 940
847 976
848 859
849 877
850 934
851 934
852 874
852 955
852 974
853 899
853 955
854 966
854 971
855 915
855 939
855 969
857 922
858 923
858 942
858 969
859 879
859 933
859 946
859 973
860 952
861 864
861 997
862 903
864 876
864 918
865 967
867 925
867 989
869 911
871 962
873 898
874 882
875 915
875 964
875 976
875 983
877 913
877 995
878 886
878 952
880 881
881 895
882 935
882 992
883 906
883 914
883 916
883 927
884 928
885 915
885 988
886 943
887 952
887 996
888 996
891 938
893 995
895 943
895 963
896 917
897 959
898 918
899 972
899 980
900 982
904 919
904 984
905 927
906 950
908 926
909 928
909 931
909 943
909 969
913 927
914 935
914 938
916 977
917 942
917 955
918 941
919 969
920 983
923 967
924 981
925 944
925 958
925 959
926 936
926 940
931 959
933 948
934 945
939 945
948 949
949 965
951 962
953 986
957 998
959 997
966 967
966 969
966 979
969 982
973 993
974 990
989 990
0
10 999
