1000	4922	 1
0 107
0 144
0 312
0 344
0 360
0 410
0 528
0 815
0 838
1 227
1 309
1 326
1 348
1 543
1 603
1 871
1 952
2 28
2 56
2 57
2 124
2 185
2 215
2 216
2 257
2 300
2 401
2 483
2 499
2 558
2 599
2 645
2 733
3 167
3 265
3 320
3 331
3 847
3 917
3 919
3 974
3 984
4 24
4 65
4 90
4 275
4 299
4 331
4 375
4 936
5 124
5 236
5 334
5 459
5 512
5 603
5 687
5 855
5 912
6 19
6 107
6 186
6 497
6 500
6 693
6 711
6 727
6 793
7 46
7 134
7 186
7 558
7 584
7 592
7 866
7 908
7 925
8 157
8 198
8 200
8 292
8 296
8 364
8 574
8 638
8 651
8 657
8 691
8 705
8 726
8 757
9 35
9 75
9 77
9 286
9 351
9 482
9 499
9 546
9 580
9 732
9 821
9 987
10 203
10 333
10 425
10 600
10 631
10 705
10 791
11 234
11 396
11 452
11 625
11 852
11 980
12 39
12 80
12 102
12 122
12 124
12 233
12 253
12 367
12 391
12 459
12 532
12 550
12 577
12 725
12 726
12 774
12 863
13 201
13 305
13 313
13 336
13 556
13 613
13 656
13 693
13 821
13 929
14 77
14 234
14 267
14 394
14 466
14 553
14 914
14 944
15 40
15 44
15 91
15 431
15 606
15 611
15 689
15 807
16 222
16 282
16 391
16 432
16 660
16 742
16 773
16 812
16 867
17 127
17 142
17 225
17 450
17 635
17 643
17 702
17 994
18 137
18 446
18 602
18 810
18 811
18 894
19 23
19 97
19 172
19 255
19 327
19 399
19 416
19 612
19 669
19 895
19 909
20 342
20 720
20 768
20 806
20 938
20 971
21 25
21 43
21 56
21 152
21 214
21 248
21 256
21 327
21 352
21 550
21 628
21 630
21 642
21 756
21 801
21 952
22 41
22 73
22 279
22 289
22 535
22 557
22 598
22 900
22 982
22 986
23 86
23 178
23 230
23 232
23 339
23 410
23 720
23 762
23 805
24 44
24 225
24 380
24 473
24 487
24 666
24 692
24 750
24 841
24 917
25 217
25 231
25 289
25 353
25 397
25 493
25 540
25 560
25 618
25 641
25 654
25 883
26 87
26 206
26 213
26 236
26 343
26 363
26 479
26 577
26 600
26 792
26 848
26 960
26 998
27 44
27 59
27 66
27 93
27 132
27 312
27 343
27 387
27 424
27 653
27 829
28 59
28 161
28 254
28 313
28 532
28 728
28 810
29 49
29 90
29 143
29 231
29 288
29 430
29 632
29 652
29 764
29 821
30 127
30 129
30 339
30 389
30 398
30 459
30 595
30 902
30 903
30 911
30 927
31 121
31 503
31 574
31 669
31 682
31 731
31 753
31 844
32 254
32 397
32 501
32 509
32 511
32 542
32 549
32 715
32 749
32 804
32 808
33 143
33 148
33 169
33 351
33 509
33 527
33 555
33 560
33 654
33 846
33 855
34 36
34 86
34 213
34 271
34 291
34 360
34 531
34 825
35 308
35 509
35 550
35 698
35 746
35 868
36 260
36 318
36 566
36 605
36 621
36 670
36 764
36 775
36 830
36 865
36 948
36 954
37 79
37 103
37 419
37 684
37 726
37 763
38 57
38 73
38 197
38 227
38 232
38 335
38 649
38 651
38 663
38 687
38 701
38 746
38 846
39 90
39 207
39 450
39 484
39 547
39 687
39 712
39 754
39 793
39 799
40 127
40 148
40 164
40 201
40 266
40 319
40 789
40 913
40 952
41 70
41 441
41 666
41 693
41 714
41 747
41 968
42 199
42 324
42 417
42 467
42 501
42 759
42 961
42 998
43 84
43 149
43 378
43 652
43 665
44 117
44 297
44 320
44 321
44 437
44 521
44 622
44 729
44 775
44 806
44 871
44 910
45 136
45 259
45 273
45 293
45 300
45 385
45 462
45 481
45 748
45 916
46 108
46 460
46 650
46 666
46 863
46 990
47 75
47 334
47 340
47 394
47 480
47 521
47 565
47 862
47 864
47 968
47 986
47 988
47 993
48 61
48 157
48 162
48 344
48 425
48 472
48 579
48 772
48 861
48 919
49 114
49 232
49 275
49 278
49 325
49 573
49 754
49 889
49 971
50 200
50 240
50 284
50 518
50 715
50 840
50 866
50 913
51 108
51 166
51 216
51 286
51 338
51 349
51 390
51 452
51 458
51 579
51 619
51 801
51 890
51 941
52 284
52 374
52 527
52 536
52 619
52 652
52 775
52 802
52 922
52 963
53 202
53 443
53 483
53 538
53 582
54 268
54 514
54 646
54 647
54 761
54 794
54 807
54 832
54 862
54 931
55 153
55 268
55 282
55 554
55 609
55 752
55 822
55 978
56 109
56 151
56 193
56 205
56 221
56 265
56 529
56 898
56 937
57 71
57 285
57 342
57 349
57 844
58 81
58 118
58 231
58 278
58 295
58 353
58 365
58 518
58 583
59 99
59 321
59 405
59 559
59 698
59 992
60 152
60 321
60 525
60 763
60 808
60 843
60 887
60 918
60 996
61 80
61 230
61 335
61 445
61 495
61 647
61 748
61 989
62 110
62 238
62 269
62 311
62 362
62 391
62 570
62 575
62 744
62 850
62 912
63 232
63 406
63 456
63 644
63 775
63 794
63 879
63 985
63 994
64 226
64 605
64 666
64 963
65 202
65 339
65 392
65 506
65 590
65 678
65 889
65 920
65 933
65 959
66 386
66 602
66 640
66 643
66 673
66 682
66 688
66 819
66 829
66 979
67 207
67 212
67 324
67 545
67 666
67 886
67 957
68 72
68 142
68 164
68 381
68 550
68 591
68 760
68 813
69 241
69 263
69 285
69 648
69 680
69 776
69 817
70 243
70 498
70 774
70 881
70 889
70 958
70 970
70 976
71 94
71 198
71 413
71 446
71 453
71 520
71 580
71 819
71 825
71 884
71 962
72 83
72 101
72 139
72 377
72 464
72 512
72 631
72 817
72 903
72 981
73 133
73 287
73 343
73 360
73 735
73 837
73 887
74 111
74 122
74 150
74 409
74 487
74 544
74 667
74 951
75 135
75 170
75 223
75 341
75 371
75 458
75 476
75 619
75 672
75 714
75 764
75 823
76 186
76 214
76 284
76 380
76 437
76 471
76 479
76 561
76 687
76 778
76 848
77 142
77 478
77 542
77 582
77 601
77 774
77 781
77 815
77 847
77 967
78 136
78 225
78 409
78 600
78 762
78 903
79 115
79 131
79 148
79 174
79 185
79 257
79 276
79 344
79 534
79 596
79 676
79 891
80 402
80 544
80 566
80 668
80 850
81 343
81 351
81 404
81 438
81 547
81 567
81 601
81 631
81 688
81 771
81 780
82 254
82 321
82 323
82 417
82 477
82 850
82 896
82 920
83 216
83 240
83 257
83 268
83 663
83 845
83 952
84 159
84 250
84 353
84 709
84 883
84 964
85 129
85 322
85 454
85 516
85 531
85 547
85 565
85 797
85 848
86 183
86 229
86 252
86 321
86 554
86 771
86 800
86 802
86 812
86 861
87 344
87 410
87 487
87 630
87 815
87 906
87 960
88 171
88 482
88 513
88 606
88 659
88 699
88 744
88 872
88 881
88 946
88 980
89 110
89 692
89 709
89 854
89 982
90 173
90 214
90 331
90 620
90 624
90 658
90 784
90 959
91 111
91 322
91 389
91 432
91 680
91 687
91 960
92 155
92 261
92 290
92 690
92 691
92 836
92 850
92 912
92 937
93 118
93 136
93 145
93 301
93 364
93 448
93 465
93 560
93 750
93 752
93 883
93 933
94 138
94 581
94 589
94 590
94 765
94 889
94 970
95 303
95 312
95 324
95 328
95 445
95 489
95 490
95 506
95 562
95 948
95 962
96 211
96 257
96 332
96 364
96 441
96 491
96 497
96 545
96 611
96 833
97 221
97 481
97 613
97 676
97 777
97 828
97 894
97 895
97 932
98 101
98 120
98 172
98 187
98 236
98 408
98 421
98 432
98 584
98 619
98 650
98 715
98 751
98 843
99 154
99 295
99 328
99 408
99 429
99 503
99 580
99 612
99 721
99 810
99 988
99 991
99 993
100 194
100 203
100 359
100 395
100 405
100 459
100 755
100 769
101 105
101 155
101 415
101 507
101 518
101 550
101 562
101 583
101 586
101 770
101 906
102 376
102 400
102 411
102 577
102 627
102 664
102 714
102 979
103 119
103 145
103 216
103 240
103 491
103 560
103 585
103 595
103 917
104 124
104 848
105 245
105 267
105 296
105 415
105 494
105 517
105 597
105 717
105 816
105 932
105 955
106 520
106 761
106 781
106 912
107 171
107 232
107 358
107 550
107 625
107 808
108 441
108 650
108 658
108 671
108 740
108 751
108 917
109 303
109 430
109 461
109 474
109 546
109 582
109 688
110 235
110 295
110 312
110 446
110 456
110 519
110 524
110 614
110 678
110 752
110 843
110 888
110 949
111 164
111 208
111 234
111 409
111 429
111 462
111 505
111 516
111 774
111 877
112 592
112 596
112 644
112 747
112 958
113 315
113 487
113 577
113 589
113 618
113 648
113 756
113 814
113 890
114 322
114 693
114 769
114 903
115 157
115 417
115 624
115 651
115 766
115 862
115 893
115 966
116 279
116 410
116 447
116 647
117 294
117 390
117 404
117 478
117 859
118 144
118 214
118 223
118 311
118 534
118 761
118 790
118 822
118 879
119 260
119 294
119 314
119 326
119 359
119 466
119 479
119 554
119 604
119 648
119 766
119 875
119 904
120 258
120 419
120 560
120 725
120 964
121 154
121 282
121 561
121 750
121 766
121 806
122 158
122 201
122 287
122 673
122 677
122 718
122 788
122 886
122 929
123 378
123 408
123 415
123 492
123 775
123 796
123 867
123 912
123 913
123 975
124 182
124 200
124 291
124 415
124 613
124 741
124 917
125 221
125 249
125 254
125 393
125 410
125 604
125 649
125 734
125 777
125 835
125 919
125 927
125 948
126 362
126 418
126 442
126 518
126 635
126 640
126 654
126 853
126 856
126 970
126 999
127 184
127 423
127 435
127 466
127 550
127 552
127 813
127 816
128 201
128 222
128 359
128 426
128 630
128 731
128 879
128 882
128 913
129 221
129 303
129 599
129 714
129 730
129 945
129 950
130 187
130 194
130 663
130 664
130 665
130 675
130 715
130 777
130 799
130 874
131 192
131 402
131 433
131 468
131 679
132 235
132 278
132 299
132 461
132 486
132 536
132 552
132 566
132 634
132 669
132 732
132 880
133 235
133 321
133 385
133 771
133 973
134 259
134 355
134 440
134 449
134 452
134 625
134 758
134 786
134 961
135 263
135 372
135 430
135 624
135 667
135 910
135 932
135 944
136 226
136 252
136 385
136 487
136 939
137 290
137 402
137 408
137 463
137 566
137 641
137 672
137 749
137 945
137 979
138 251
138 342
138 470
138 510
138 517
138 631
138 671
138 694
138 771
138 836
139 221
139 271
139 366
139 451
139 483
139 489
139 605
139 627
139 726
139 809
139 865
139 908
139 973
140 141
140 191
140 200
140 397
140 576
140 590
141 187
141 313
141 364
141 410
141 534
141 615
141 620
141 689
141 758
141 843
141 932
142 315
142 320
142 467
142 528
142 630
142 716
142 752
143 227
143 229
143 294
143 313
143 393
143 464
143 547
143 758
143 774
143 839
143 855
144 145
144 150
144 167
144 179
144 274
144 301
144 493
144 733
144 807
144 863
144 962
144 971
145 150
145 160
145 176
145 221
145 409
145 464
145 471
145 594
145 651
145 671
145 687
145 692
145 907
145 927
145 974
146 338
146 499
146 526
146 611
146 658
146 665
146 710
146 825
146 859
147 157
147 165
147 180
147 221
147 260
147 350
147 364
147 538
147 712
147 713
147 752
147 777
148 184
148 468
148 586
148 706
149 228
149 341
149 420
149 618
149 717
149 748
149 821
149 856
149 901
149 978
150 225
150 435
150 446
150 743
150 840
150 883
151 170
151 284
151 300
151 453
151 478
151 510
151 543
151 651
151 877
151 900
151 972
151 992
152 157
152 179
152 270
152 369
152 642
152 662
152 722
152 762
152 872
152 922
152 965
152 984
153 157
153 170
153 186
153 198
153 328
153 411
153 464
153 485
153 564
153 719
153 742
153 958
154 187
154 570
154 730
154 745
154 759
154 801
155 270
155 320
155 566
155 573
155 791
155 794
155 833
155 916
156 373
156 385
156 757
156 779
156 853
157 209
157 516
157 633
157 679
157 764
157 956
158 196
158 331
158 401
158 423
158 455
158 550
158 773
159 205
159 232
159 275
159 278
159 407
159 430
159 503
159 525
159 588
159 592
159 626
159 628
159 964
160 270
160 567
160 723
160 882
160 956
160 963
161 240
161 394
161 475
161 526
161 729
161 856
161 979
162 196
162 286
162 291
162 334
162 365
162 415
162 449
162 596
162 708
162 748
163 175
163 282
163 336
163 628
163 794
164 245
164 307
164 314
164 479
164 544
164 584
164 671
164 682
164 730
164 752
164 887
164 961
164 970
164 989
165 170
165 259
165 296
165 329
165 464
165 491
165 496
165 561
165 919
166 230
166 302
166 308
166 477
166 635
166 736
166 906
166 914
167 204
167 309
167 330
167 427
167 472
167 498
167 595
167 676
167 709
167 766
168 228
168 241
168 377
168 538
168 629
168 721
168 832
168 851
168 951
169 403
169 614
169 742
169 778
169 829
169 931
170 318
170 382
170 482
170 613
170 648
170 684
170 735
170 742
170 899
170 939
171 256
171 268
171 455
171 523
171 570
171 577
171 664
172 241
172 244
172 327
172 504
172 582
172 777
172 807
172 897
172 954
173 304
173 342
173 362
173 410
173 429
173 529
173 570
173 576
173 674
173 778
173 873
173 874
174 238
174 296
174 302
174 444
174 451
174 459
174 465
174 481
174 501
174 583
174 706
174 802
175 324
175 410
175 558
175 580
175 581
175 694
175 959
175 961
176 196
176 324
176 337
176 426
176 662
176 685
176 716
176 729
176 864
176 958
177 502
177 521
177 613
177 734
177 990
178 225
178 434
178 512
178 573
178 658
178 782
178 926
178 988
178 996
179 231
179 378
179 387
179 491
179 705
179 948
180 398
180 405
180 432
180 454
180 639
180 657
180 713
180 851
181 468
181 517
181 528
181 606
181 680
181 764
181 863
181 877
181 920
181 997
182 223
182 339
182 380
182 502
182 864
182 898
182 916
183 232
183 233
183 261
183 304
183 319
183 347
183 354
183 695
183 716
183 735
183 809
183 829
183 981
184 401
184 599
184 643
184 983
185 231
185 234
185 309
185 341
185 479
185 946
186 623
186 842
186 995
187 307
187 312
187 487
187 630
187 635
187 758
187 771
187 786
187 818
187 866
188 485
188 507
188 511
188 540
188 785
188 995
189 333
189 432
189 490
189 590
189 856
189 988
190 358
190 506
190 564
190 646
190 683
190 717
190 722
190 780
190 787
190 850
191 286
191 555
191 560
191 601
191 847
192 404
192 489
192 576
192 607
192 701
192 721
193 303
193 363
193 507
193 713
193 818
193 825
193 853
193 892
193 894
193 905
193 987
194 206
194 298
194 359
194 391
194 466
194 516
194 624
194 734
194 859
195 205
195 235
195 247
195 303
195 342
195 608
195 648
195 704
195 828
195 851
196 346
196 356
196 480
196 523
196 575
196 659
196 667
196 825
196 853
196 863
196 897
196 962
197 208
197 470
197 524
197 529
197 618
197 677
197 693
197 956
198 256
198 259
198 420
198 478
198 488
198 712
198 806
198 856
198 886
198 984
199 229
199 274
199 693
199 833
199 994
200 311
200 408
200 669
200 753
200 814
200 827
200 833
200 842
200 935
201 202
201 425
201 544
201 714
201 744
201 895
201 909
202 511
202 658
202 749
202 803
203 427
203 504
203 724
203 753
203 905
203 965
204 227
204 482
204 859
204 899
205 239
205 431
205 445
205 540
205 590
205 695
205 826
205 863
205 993
206 308
206 331
206 569
206 742
206 809
206 950
207 301
207 367
207 382
207 398
207 553
207 622
207 749
207 813
207 827
207 929
208 209
208 211
208 581
208 836
209 318
209 404
209 406
209 492
209 604
209 710
209 789
209 814
209 928
209 974
210 286
210 465
210 575
210 594
210 619
210 673
211 232
211 291
211 388
211 467
211 543
211 554
211 696
211 705
211 707
211 761
211 885
211 936
211 959
211 981
212 325
212 586
212 645
212 956
213 504
213 623
213 771
213 783
213 811
213 973
214 284
214 367
214 521
214 648
214 901
215 221
215 274
215 722
215 729
215 921
216 255
216 520
216 533
216 776
216 833
217 307
217 552
217 554
217 630
217 715
217 869
217 917
218 276
218 347
218 354
218 439
218 537
218 690
218 742
218 817
219 363
219 384
219 506
219 529
219 780
219 907
219 999
220 230
220 273
220 293
220 366
220 475
220 493
220 604
220 703
220 743
220 826
220 894
220 906
220 924
220 990
221 430
221 441
221 511
221 716
221 769
221 941
222 257
222 360
222 456
222 561
222 618
222 887
222 935
222 944
223 289
223 387
223 417
223 430
223 699
223 749
223 769
223 807
223 810
223 855
223 896
223 936
223 953
224 233
224 238
224 316
224 424
224 704
224 901
225 550
225 606
225 759
225 905
225 982
226 282
226 320
226 333
226 374
226 419
226 473
226 552
226 620
226 730
226 803
226 846
226 851
226 978
227 403
227 462
227 574
227 724
227 743
227 837
228 237
228 385
228 413
228 538
228 650
228 899
228 935
228 993
229 322
229 367
229 369
229 412
229 527
229 592
229 665
229 704
229 901
229 954
229 999
230 248
230 521
230 561
230 585
230 641
230 755
230 862
231 479
231 585
231 614
231 627
231 680
231 921
231 924
232 260
232 286
232 316
232 408
232 585
232 661
232 727
232 809
232 898
232 960
232 968
233 261
233 416
233 599
233 653
233 805
233 843
233 877
234 272
234 370
234 514
234 628
234 689
234 770
234 791
235 307
235 492
235 548
235 640
235 671
236 409
236 422
236 475
236 557
236 598
236 691
236 800
236 848
236 874
236 949
237 297
237 306
237 357
237 647
237 651
237 674
238 569
238 583
238 593
238 853
238 967
239 303
239 319
239 334
239 373
239 723
239 790
240 279
240 299
240 445
240 467
240 615
240 616
240 646
240 655
240 760
241 272
241 299
241 387
241 419
241 600
241 631
241 779
241 934
241 959
241 970
242 377
242 456
242 459
242 465
242 627
242 683
242 811
242 929
243 284
243 314
243 802
244 256
244 280
244 288
244 406
244 461
244 527
244 759
244 810
244 813
244 845
244 997
245 739
245 772
246 264
246 347
246 427
246 513
246 558
246 598
246 879
246 980
247 468
247 604
247 766
248 282
248 291
248 465
248 479
248 516
248 532
248 561
248 591
248 615
248 761
248 848
249 276
249 368
249 380
249 754
249 764
249 803
249 925
249 937
250 344
250 379
250 418
250 546
250 560
250 622
250 664
250 797
250 883
250 917
251 321
251 387
251 407
251 535
251 600
251 711
251 761
251 804
251 967
252 279
252 337
252 429
252 470
252 517
252 545
252 574
252 853
252 933
252 953
252 966
252 967
253 308
253 715
253 857
253 866
253 937
254 275
254 317
254 391
254 402
254 512
254 815
255 281
255 289
255 305
255 367
255 451
255 526
255 596
255 656
255 748
256 434
256 593
256 694
256 713
256 845
256 909
256 918
256 974
257 292
257 423
257 485
257 502
257 520
257 800
258 362
258 376
258 439
258 511
258 552
258 686
258 744
258 966
259 264
259 545
259 583
259 685
259 720
259 754
259 785
259 918
260 373
260 407
260 434
260 456
260 468
260 546
260 623
261 352
261 479
261 555
261 858
262 369
262 452
262 472
262 571
262 592
262 621
262 643
262 767
262 786
262 940
263 355
263 374
263 395
263 463
263 552
263 637
263 655
263 711
263 713
263 796
263 816
264 335
264 533
264 755
264 762
264 938
265 323
265 380
265 404
265 466
265 814
265 949
266 286
266 485
266 506
266 584
266 623
266 644
266 679
266 749
266 793
266 845
266 901
266 939
266 958
267 328
267 343
267 455
267 559
267 799
267 861
267 862
267 948
268 316
268 323
268 627
268 650
268 675
268 737
268 827
268 903
269 437
269 484
269 751
269 821
269 858
270 287
270 324
270 377
270 517
270 670
270 838
270 857
270 903
271 321
271 365
271 483
271 942
272 451
272 474
272 515
272 533
272 544
272 629
272 654
272 860
272 925
273 277
273 293
273 367
273 391
273 393
273 510
273 605
273 718
273 768
273 906
274 506
274 831
274 856
274 870
274 901
274 927
274 934
274 953
275 470
275 541
275 572
275 674
275 713
275 745
275 773
275 783
275 796
275 807
275 808
275 870
275 894
275 946
275 967
276 327
276 469
276 657
276 658
276 666
276 677
276 715
276 749
277 317
277 407
277 456
277 566
277 829
278 765
279 322
279 329
279 479
279 515
279 560
279 709
279 726
279 803
280 322
280 331
280 341
280 482
280 717
280 759
280 810
280 827
281 359
281 542
281 720
281 965
281 988
282 291
282 517
282 538
282 563
282 587
282 677
282 741
282 898
282 961
283 292
283 470
283 484
283 533
283 552
283 580
283 661
283 687
283 919
283 985
284 310
284 319
284 436
284 469
284 543
284 552
284 553
284 621
284 663
285 341
285 362
285 668
285 731
285 977
286 441
286 527
286 542
286 558
286 564
286 621
286 684
286 692
286 736
286 795
286 837
286 922
286 997
287 366
287 371
287 391
287 446
287 715
287 828
287 867
287 883
288 742
288 851
289 506
289 507
289 657
289 710
289 982
290 304
290 319
290 531
290 568
290 733
290 740
290 768
290 797
290 982
291 295
291 344
291 478
291 770
291 837
291 951
291 984
292 352
292 744
292 869
293 329
293 377
293 493
293 506
293 558
293 664
293 677
293 725
293 787
293 803
293 818
293 841
293 959
294 332
294 336
294 390
294 407
294 621
294 678
294 808
294 921
294 934
294 969
295 332
295 653
295 929
295 960
296 310
296 386
296 568
296 899
296 961
296 963
296 968
297 365
297 755
297 794
298 339
298 498
298 510
298 968
299 495
299 591
299 610
299 777
299 851
300 309
300 481
300 514
300 615
300 705
300 747
300 958
301 356
301 482
301 580
301 650
301 762
302 379
302 685
302 744
302 761
303 378
303 467
303 603
303 623
303 950
304 494
304 500
304 531
304 542
304 594
305 314
305 530
305 550
305 708
305 721
305 722
305 850
306 364
306 499
306 775
306 942
306 966
307 381
307 622
307 729
307 762
307 841
307 844
307 927
308 365
308 369
308 574
308 888
308 890
308 904
309 391
309 461
309 498
309 585
309 632
309 685
309 704
309 824
309 912
309 993
310 366
310 589
310 748
310 874
311 391
311 409
311 421
311 724
311 737
311 778
311 886
311 934
311 980
312 540
312 756
312 828
312 956
312 967
313 421
313 592
313 689
313 829
313 852
314 518
314 633
315 330
315 364
315 375
315 384
315 521
315 823
315 967
316 358
316 581
316 719
316 738
316 967
317 366
317 411
317 515
317 557
317 672
317 705
317 757
317 780
317 808
317 817
317 877
318 374
318 459
318 661
318 726
318 806
318 817
319 373
319 708
319 763
319 858
319 966
320 389
320 652
320 696
320 780
320 869
321 420
321 478
321 660
321 735
321 859
321 867
321 877
322 410
322 412
322 562
322 742
322 892
322 942
323 371
323 415
323 496
323 618
323 743
323 792
323 848
323 909
324 363
324 388
324 622
324 856
325 381
325 431
325 725
325 757
325 813
325 899
326 344
326 348
326 527
326 601
326 620
326 634
326 729
326 738
326 758
326 911
327 366
327 445
327 450
327 514
327 574
327 696
327 797
327 807
327 828
327 893
328 448
328 466
328 553
328 628
328 848
329 372
329 691
329 824
329 856
329 930
330 345
330 684
330 867
330 954
331 397
331 890
332 387
332 552
332 693
332 723
332 787
332 848
333 402
333 592
333 625
333 703
333 993
334 801
334 840
334 945
335 431
335 532
335 634
335 730
335 745
335 899
336 461
336 749
336 824
336 878
337 387
337 479
337 493
337 546
337 585
337 656
337 674
337 830
337 884
337 892
338 542
338 598
338 603
338 669
338 757
338 822
338 919
338 952
338 997
339 442
339 704
339 779
339 789
339 918
339 982
340 558
340 731
340 781
340 844
340 915
340 995
341 408
341 460
341 554
341 759
341 835
341 941
342 360
342 526
342 570
342 664
342 746
342 803
342 975
343 562
343 600
343 871
343 916
344 413
344 459
344 502
344 578
344 666
344 750
344 858
344 881
344 883
345 373
345 462
345 540
345 561
345 751
345 823
345 885
345 922
345 936
345 941
346 401
346 498
346 573
346 936
347 393
347 570
347 651
347 701
347 827
348 549
348 618
348 715
348 848
348 880
348 990
349 351
349 367
349 473
349 552
349 763
349 797
349 953
349 980
349 995
350 462
350 486
350 522
350 706
350 802
350 866
350 898
351 429
351 541
351 564
351 569
351 644
351 911
352 587
352 605
352 608
352 617
352 668
352 706
352 777
352 979
353 507
353 639
353 835
353 869
354 379
354 557
354 784
354 986
355 365
355 617
355 671
355 690
355 724
355 756
355 788
356 379
356 385
356 492
356 520
356 725
356 734
356 746
356 796
356 959
357 518
357 579
357 708
357 792
358 376
358 401
358 436
358 576
358 725
358 759
358 788
358 840
358 851
359 361
359 442
359 475
359 642
359 861
360 498
360 578
360 667
360 773
360 775
360 781
360 900
361 543
361 570
361 664
361 795
361 847
362 462
362 512
362 578
362 625
362 737
362 744
362 929
363 448
363 471
363 610
363 836
364 381
364 558
364 578
364 767
364 910
365 420
365 545
365 657
366 522
366 536
366 539
366 839
366 909
366 936
367 474
367 773
367 823
367 916
368 491
368 552
368 566
368 718
368 994
369 457
369 535
369 616
369 659
369 719
369 721
369 858
369 917
369 950
369 956
370 581
370 619
370 648
370 658
370 872
371 495
371 567
371 625
371 629
371 851
371 875
371 916
371 940
372 655
372 690
372 732
372 798
372 880
373 460
373 476
373 549
373 577
373 771
373 815
373 920
374 428
374 633
374 749
374 898
374 901
374 951
375 448
375 524
375 542
375 552
375 656
375 681
375 702
375 716
375 730
376 534
376 556
376 666
376 692
376 725
376 885
376 958
376 994
377 498
377 611
377 801
377 925
377 980
378 421
378 442
378 449
378 459
378 771
378 809
378 934
379 431
379 620
379 691
379 788
379 790
379 943
379 947
379 995
380 440
380 554
380 556
380 763
380 810
380 815
380 841
380 977
381 450
381 516
381 544
381 563
381 657
381 791
381 923
381 929
382 419
382 515
382 612
382 664
382 700
382 822
382 936
383 438
383 519
383 561
383 730
383 809
383 845
383 869
383 963
384 573
384 724
384 760
384 832
384 955
384 962
385 389
385 795
385 875
385 952
386 513
386 524
386 532
386 555
386 726
386 738
386 845
386 977
387 459
387 901
387 908
388 456
388 472
388 628
388 963
389 522
389 605
389 615
389 654
389 904
389 925
389 951
390 526
390 663
390 717
390 826
390 867
391 541
391 556
391 613
391 732
391 830
392 752
392 757
392 793
392 921
393 522
393 537
393 614
394 456
394 773
394 821
394 828
394 879
395 567
395 624
395 741
395 766
395 887
395 950
395 980
396 404
396 532
396 651
396 732
396 747
396 792
396 807
396 874
397 460
397 529
397 557
397 643
397 842
397 965
397 974
398 609
398 615
398 919
398 999
399 410
399 439
399 635
399 739
400 433
400 560
400 589
400 616
400 655
400 779
400 961
400 982
401 435
401 479
401 923
401 984
402 519
402 612
402 755
403 451
403 518
403 607
403 811
403 941
404 460
404 468
404 516
404 724
404 774
404 819
404 919
404 966
405 426
405 438
405 448
405 451
405 580
405 601
405 654
406 427
406 635
406 641
406 723
406 918
407 426
407 500
407 577
407 625
407 727
407 810
408 421
408 527
408 593
408 708
408 737
408 806
408 878
408 906
408 974
409 481
409 683
409 739
409 752
409 853
410 440
410 456
410 621
410 742
410 810
411 582
411 840
411 850
411 943
412 752
412 963
413 533
413 556
413 591
413 725
413 750
413 762
413 787
413 819
413 824
414 435
414 487
414 534
414 615
414 739
414 788
414 812
414 955
414 986
415 841
415 854
415 861
415 990
416 678
416 920
416 945
416 975
417 423
417 426
417 446
417 456
417 463
417 863
417 993
418 426
418 534
418 560
418 593
418 780
418 810
418 866
418 971
419 427
419 486
419 593
419 660
419 713
419 865
420 607
420 617
420 814
420 834
420 918
420 935
420 950
421 428
421 580
421 596
421 607
421 609
421 622
421 638
421 646
421 704
421 979
422 442
422 522
422 553
422 573
422 574
422 733
422 760
423 429
423 523
423 538
423 567
423 710
423 746
423 753
423 835
424 537
424 582
424 598
424 609
424 809
424 947
425 654
425 657
425 751
425 901
426 476
426 616
426 906
426 935
426 961
427 634
427 637
427 695
427 700
427 857
427 874
428 577
428 640
428 723
428 925
429 433
429 485
429 493
429 516
429 622
429 624
429 714
429 765
429 768
429 838
430 556
430 564
430 764
430 842
430 864
430 871
430 887
430 927
430 936
431 467
431 632
431 820
431 877
431 878
431 908
432 439
432 496
432 500
432 944
432 987
433 490
433 642
433 755
433 800
433 923
433 934
433 939
434 654
434 699
434 759
434 998
435 444
435 468
435 475
435 478
435 480
435 554
435 566
435 625
435 745
435 837
435 855
436 578
436 594
436 979
437 499
437 622
437 661
437 727
437 907
437 943
438 481
438 596
438 600
438 730
439 493
439 525
439 662
439 769
439 912
439 980
440 498
440 538
440 762
440 907
440 930
440 934
440 948
440 954
441 511
441 646
441 651
441 658
441 785
441 917
441 989
442 521
442 555
442 939
443 456
443 472
443 542
443 697
443 772
443 834
444 700
444 898
444 919
444 950
445 723
445 779
445 788
445 791
445 866
445 873
445 894
445 941
446 763
446 967
446 987
447 460
447 562
447 610
447 613
447 636
447 786
447 947
448 449
448 496
448 572
448 630
448 733
448 775
448 801
448 802
448 838
448 892
448 988
449 711
449 806
449 982
450 540
450 546
450 759
450 807
450 830
451 452
451 470
451 474
451 562
451 701
451 741
451 805
451 847
451 871
452 500
452 675
452 760
452 767
452 789
452 798
453 556
453 578
453 687
453 729
453 956
453 960
454 532
454 550
454 732
454 912
454 991
455 807
455 988
456 506
456 532
456 689
456 742
456 893
457 510
457 641
457 830
457 886
458 477
458 495
458 639
458 657
458 813
458 884
459 538
459 620
459 635
459 738
459 757
459 819
459 936
459 937
460 469
460 564
460 621
460 791
460 952
461 695
461 880
461 986
462 476
462 585
462 586
462 869
462 913
462 975
462 991
463 606
463 734
463 831
463 873
463 968
464 556
464 573
464 633
464 820
464 860
464 949
464 974
465 554
465 639
465 866
466 584
466 750
466 753
466 922
467 667
467 843
467 855
467 939
467 989
468 518
468 602
468 682
468 691
468 781
468 938
469 502
469 509
469 696
469 786
469 851
470 537
470 545
470 594
470 862
470 993
471 592
471 641
471 676
471 713
471 964
472 581
472 619
472 763
472 844
472 911
473 502
473 573
473 617
473 670
473 691
473 734
473 888
473 936
474 515
474 754
474 836
474 839
475 479
475 571
475 604
475 784
475 835
475 865
475 971
475 986
476 480
476 887
477 561
477 605
477 784
477 940
478 481
478 587
478 801
478 819
478 852
478 897
479 571
480 653
480 806
480 912
480 920
481 668
481 747
481 879
481 904
482 705
482 792
482 839
482 989
483 554
483 592
483 817
483 920
483 989
484 604
484 678
484 812
485 600
485 657
485 864
485 904
485 956
486 657
486 758
486 827
486 830
487 507
487 925
488 531
488 746
488 784
488 790
489 531
489 740
489 851
489 869
490 560
490 578
490 716
490 820
490 884
491 674
491 768
491 796
491 846
491 882
491 894
491 902
491 923
491 952
491 975
492 668
492 763
492 791
492 801
492 809
492 834
492 882
493 518
493 783
493 796
494 498
494 728
494 953
495 694
495 945
495 950
495 992
496 725
496 799
496 805
496 835
496 903
496 914
496 935
497 639
497 721
497 732
497 781
497 918
498 512
498 778
498 783
498 865
498 937
498 941
498 945
499 536
499 551
499 621
499 767
499 779
499 929
499 938
500 638
500 839
501 552
501 680
501 783
501 820
502 723
502 904
502 905
502 977
503 594
503 615
503 625
503 766
503 889
504 627
504 684
504 718
504 926
504 928
505 625
505 695
505 725
505 894
506 516
506 574
506 672
506 748
506 847
506 929
506 936
506 962
507 544
507 804
507 941
508 693
508 772
508 782
508 803
508 885
510 583
510 656
510 661
510 726
510 759
510 784
510 794
510 833
510 879
511 658
511 866
511 921
511 960
512 529
512 632
512 659
512 681
512 684
512 815
512 896
512 899
513 571
513 639
513 711
513 726
513 965
514 556
514 667
514 730
514 935
515 598
515 664
515 803
515 933
516 669
516 710
516 746
516 923
516 987
516 989
517 547
517 565
517 578
517 623
517 856
518 522
518 563
518 627
518 788
518 894
518 946
518 977
519 593
519 670
519 711
519 809
519 917
519 931
520 658
520 749
520 801
520 815
520 945
521 559
521 598
521 736
521 842
521 872
521 956
521 972
522 910
522 969
522 996
523 594
523 653
523 734
523 768
523 964
524 769
524 846
524 964
525 582
525 615
525 675
525 748
525 839
526 558
526 589
526 708
526 892
527 528
527 571
527 592
527 608
527 742
527 762
527 836
527 927
528 699
528 854
528 956
528 967
529 635
529 684
529 727
529 786
529 795
529 973
530 575
530 586
530 588
530 612
530 624
530 640
530 648
530 656
531 636
531 653
531 834
531 842
531 893
532 678
532 690
532 708
532 747
532 866
532 872
532 981
533 645
533 713
533 715
534 609
534 656
534 715
534 786
534 811
534 812
534 938
534 964
535 648
535 769
535 870
535 896
535 962
535 995
536 565
536 570
537 544
537 654
537 692
537 864
537 902
537 913
538 556
538 568
538 617
538 647
538 679
538 863
539 565
539 598
539 648
539 859
539 899
539 954
539 963
540 678
540 702
540 745
540 968
541 550
541 587
541 666
541 984
542 583
542 692
544 709
544 711
544 920
545 551
545 863
546 675
546 699
546 765
546 770
546 829
547 631
547 806
547 832
547 937
547 957
548 573
548 586
548 697
548 721
548 908
549 720
549 867
550 555
550 580
550 704
550 715
550 799
550 900
551 756
551 984
552 609
552 836
552 846
552 903
553 611
553 689
553 705
553 739
553 765
553 787
553 803
553 824
554 583
554 690
554 753
554 760
554 827
554 919
554 930
554 955
554 979
555 587
555 693
555 823
555 991
556 632
556 917
556 985
557 567
557 641
557 804
557 882
557 940
558 677
558 725
558 824
558 920
559 602
559 616
559 660
559 662
559 693
559 711
559 739
559 787
559 922
560 861
560 961
560 995
561 562
561 800
561 866
562 663
562 690
562 731
562 753
562 779
562 892
562 951
562 991
563 797
563 940
564 581
564 639
564 656
564 684
564 779
565 597
565 620
565 673
565 694
565 742
565 794
565 876
565 911
565 979
566 608
566 874
567 653
567 731
567 922
568 676
568 709
568 773
568 893
569 586
569 944
569 958
570 632
570 634
570 676
570 685
570 687
570 992
571 574
571 832
571 975
572 869
572 960
572 972
573 610
573 800
574 607
574 679
574 690
574 754
574 891
574 967
574 975
575 631
575 839
575 888
575 912
576 618
576 682
576 808
576 855
576 904
577 792
577 793
577 872
578 802
578 860
578 888
578 926
579 748
579 772
580 638
580 773
580 824
580 869
580 972
580 985
581 657
581 695
581 956
582 722
582 750
582 776
582 800
583 661
583 705
583 772
583 957
584 709
584 865
585 650
585 689
585 700
585 718
585 869
586 770
586 826
586 852
587 608
587 768
587 813
587 821
587 863
587 868
587 947
587 967
588 591
588 626
588 721
588 885
588 889
588 897
589 680
589 710
589 774
589 865
589 895
590 617
590 661
590 832
590 973
591 651
591 697
591 801
591 839
592 696
592 870
592 970
593 654
593 787
593 800
593 859
593 931
594 648
594 658
594 723
594 806
594 823
594 872
595 773
595 855
595 945
596 626
596 636
596 739
596 753
596 902
596 935
596 971
597 604
597 684
597 737
597 788
597 800
597 859
597 882
598 681
598 712
599 646
599 692
599 728
599 762
599 851
599 913
600 871
600 937
601 639
601 640
601 671
601 675
601 911
601 991
602 732
602 769
602 853
603 696
603 809
603 929
603 936
603 981
604 630
604 659
604 685
604 728
604 884
605 660
605 766
605 787
605 889
605 976
606 801
607 825
607 830
607 867
608 862
608 897
609 845
609 927
609 999
610 615
610 650
610 675
610 713
610 837
611 787
611 884
611 885
612 679
612 964
613 646
613 687
613 765
613 880
613 912
613 937
614 761
614 874
615 621
615 704
615 740
615 743
615 795
616 770
616 986
617 632
617 820
617 920
617 987
618 793
618 827
618 850
618 935
619 893
620 815
621 690
621 803
621 937
621 972
622 882
622 890
622 925
622 932
622 944
623 647
623 702
623 810
623 864
623 950
624 674
624 789
624 830
624 936
624 950
624 970
624 990
625 651
625 664
625 682
625 852
626 640
626 664
627 642
627 695
627 805
627 850
627 853
628 695
628 778
628 817
628 864
628 876
628 881
628 935
630 887
630 934
631 679
631 938
632 733
632 775
632 785
632 813
632 931
632 980
633 646
633 662
633 703
633 741
633 949
634 970
635 704
635 794
635 947
635 995
636 680
636 781
636 831
636 979
637 954
638 655
638 813
638 828
638 897
638 998
639 738
639 766
639 897
639 957
640 660
640 674
640 692
640 713
640 843
640 950
641 887
641 907
642 759
642 783
642 971
643 710
643 722
643 821
643 938
643 991
644 692
644 774
644 975
645 756
645 839
645 889
645 986
646 708
646 770
647 816
647 849
647 922
647 932
647 956
648 690
648 715
648 748
648 757
648 966
649 668
649 683
649 709
649 942
650 971
650 987
651 687
651 897
651 979
652 757
652 882
652 931
652 945
652 970
652 999
653 782
653 822
653 833
653 894
654 691
654 992
655 701
655 850
655 920
656 675
656 706
656 783
656 806
656 834
657 888
657 977
658 660
658 900
658 949
659 841
659 939
660 715
660 718
661 675
661 681
661 901
662 685
663 762
663 799
663 807
663 845
663 879
663 950
664 678
664 682
664 943
664 970
665 787
665 826
665 830
665 848
666 866
667 704
667 748
667 795
667 811
667 812
667 880
667 886
668 735
668 773
668 917
669 793
669 828
669 912
670 934
670 941
671 839
671 945
671 954
672 866
672 871
673 801
674 725
674 834
674 846
674 947
674 956
675 962
676 783
676 883
676 904
677 715
677 773
677 781
677 802
677 817
677 959
678 797
679 775
679 822
679 874
679 918
679 986
680 713
680 766
680 809
680 882
680 900
680 921
681 767
681 978
682 702
682 809
682 914
682 937
682 997
683 747
684 747
684 764
684 783
685 723
685 785
685 798
686 976
687 738
687 746
687 766
687 832
688 757
688 880
688 977
690 770
690 994
691 726
691 732
691 786
691 787
691 853
691 925
692 734
692 760
692 800
692 834
692 935
692 952
693 788
694 737
694 785
694 797
694 897
695 720
695 866
695 963
695 978
697 705
697 725
697 782
697 814
697 849
697 999
698 841
698 865
698 876
698 884
699 857
699 974
699 980
700 795
700 801
700 838
700 891
700 914
700 943
701 757
701 758
701 772
701 920
701 931
702 740
702 783
702 825
702 891
702 924
702 938
704 727
704 761
704 813
704 974
705 764
705 816
705 888
706 768
706 793
706 796
706 906
706 982
706 993
707 883
708 718
708 783
708 818
708 838
708 842
708 892
708 953
709 740
709 874
709 927
709 953
710 752
710 766
710 969
711 754
711 816
712 759
712 811
712 818
712 853
712 885
713 837
714 857
714 877
714 932
715 755
715 840
716 938
716 972
718 778
718 815
719 757
719 761
719 927
719 984
720 752
720 771
720 877
721 779
721 816
721 883
721 912
722 742
722 768
722 860
722 962
723 763
723 855
724 786
726 839
726 874
726 933
727 786
727 792
727 896
728 801
729 793
729 851
729 915
729 962
729 996
730 758
730 856
730 978
730 984
731 771
731 952
732 742
732 772
733 883
734 759
734 829
734 858
734 973
735 936
736 839
736 877
736 890
737 818
737 990
738 845
738 961
739 823
739 954
739 955
740 804
740 918
741 852
741 876
741 992
742 793
743 824
743 859
743 860
744 771
744 882
744 919
745 796
745 935
746 917
746 937
748 934
748 971
749 791
749 795
750 780
750 882
750 919
750 928
750 946
751 907
751 913
752 781
753 959
753 986
754 998
755 991
756 805
756 814
756 915
757 758
757 778
757 819
757 899
757 959
758 791
758 898
758 976
758 979
758 993
759 876
759 935
760 766
760 779
760 945
760 959
760 976
761 789
761 812
761 840
761 846
761 874
762 948
763 780
763 917
764 780
764 958
765 816
765 850
767 847
767 979
768 943
768 977
769 793
771 873
772 815
772 922
772 941
772 997
773 820
773 824
773 829
773 861
774 861
775 938
778 839
779 794
779 831
779 891
779 966
780 799
780 906
780 976
781 798
781 827
781 842
781 844
781 870
782 808
783 815
783 850
783 857
783 890
783 900
783 935
784 826
784 983
785 848
785 875
785 897
786 819
787 942
787 959
788 814
788 815
788 929
789 818
789 868
789 943
790 807
791 797
791 815
791 818
791 952
792 959
793 920
793 932
795 886
795 930
797 917
797 933
798 811
798 863
798 891
799 819
799 849
799 992
801 819
801 865
801 886
801 987
802 815
802 824
802 970
803 836
803 879
803 936
803 967
804 825
805 852
806 894
807 912
807 930
808 960
808 963
808 965
810 933
810 936
810 980
811 837
812 905
812 950
812 995
813 905
814 905
815 848
815 882
815 952
816 984
817 911
818 977
819 932
820 897
820 953
820 980
820 999
822 865
822 871
823 942
824 865
827 844
827 868
827 893
827 901
827 912
827 934
827 949
827 967
828 847
828 897
828 912
828 951
829 854
829 893
829 904
829 912
830 913
831 834
831 854
832 841
832 847
832 896
833 867
833 964
834 981
836 940
836 984
837 907
838 927
839 860
839 992
841 845
841 893
841 962
842 974
843 901
843 925
844 982
845 847
845 934
845 993
846 989
848 921
849 984
850 996
852 885
852 900
853 983
854 906
855 870
855 978
857 863
857 867
857 898
857 936
857 973
859 873
859 939
860 973
860 983
861 898
862 978
862 993
864 895
865 948
866 870
869 897
869 930
870 885
872 894
872 947
872 963
873 884
875 899
876 979
879 947
880 920
880 974
880 995
881 932
881 945
882 923
882 952
883 896
883 957
883 989
884 924
885 914
888 996
890 903
890 946
891 895
891 971
892 977
893 907
893 915
893 957
893 993
894 933
894 984
895 910
895 969
895 972
897 905
898 927
899 901
899 953
900 954
902 992
903 984
904 969
905 910
905 945
905 995
908 999
909 961
910 919
910 952
911 975
915 925
915 959
916 948
921 986
923 939
923 967
923 994
924 930
926 965
930 966
931 984
936 946
938 943
938 967
940 944
941 976
942 960
943 987
944 954
948 985
950 991
953 986
955 997
957 967
961 976
962 993
964 982
965 983
969 970
972 995
975 993
985 994
987 988
0
10 999
