1000	5054	 1
0 152
0 305
0 426
0 472
0 505
0 545
0 968
0 974
1 170
1 258
1 400
1 512
1 616
1 679
1 691
2 5
2 172
2 202
2 233
2 298
2 337
2 377
2 419
2 591
2 672
3 232
3 291
3 462
3 470
3 710
3 838
3 861
4 42
4 102
4 136
4 199
4 240
4 267
4 661
4 814
4 941
4 992
5 220
5 225
5 279
5 311
5 362
5 523
5 583
5 593
5 795
6 238
6 259
6 299
6 316
6 439
6 479
6 568
6 646
6 753
6 908
6 949
7 501
7 554
7 574
7 780
8 88
8 101
8 241
8 353
8 453
8 663
8 668
8 921
9 53
9 66
9 244
9 277
9 416
9 440
9 550
9 614
9 620
9 868
10 23
10 79
10 232
10 305
10 498
10 658
10 702
10 883
11 206
11 263
11 284
11 396
11 466
11 510
11 541
11 587
11 694
11 709
11 844
11 858
11 911
11 969
12 123
12 383
12 488
12 531
12 582
12 676
12 828
13 87
13 90
13 310
13 331
13 355
13 472
13 507
13 570
13 578
13 579
13 639
13 677
13 688
13 816
13 843
14 186
14 315
14 365
14 454
14 460
14 474
14 607
14 611
14 647
14 731
14 808
14 961
15 93
15 101
15 105
15 114
15 148
15 171
15 447
15 480
15 679
15 740
15 819
15 937
15 982
16 23
16 61
16 154
16 306
16 343
16 378
16 454
16 456
16 516
16 604
16 727
16 789
16 817
16 883
17 81
17 165
17 332
17 346
17 359
17 441
17 452
17 481
17 483
17 490
17 498
17 505
17 552
17 688
17 894
17 912
18 75
18 133
18 162
18 309
18 396
18 495
18 531
18 676
18 731
18 897
19 81
19 119
19 141
19 145
19 241
19 390
19 451
19 506
19 567
19 686
19 737
19 784
19 813
19 942
20 46
20 104
20 350
20 462
20 595
20 757
20 995
21 26
21 78
21 145
21 158
21 190
21 491
21 644
21 706
21 808
21 856
22 40
22 95
22 196
22 279
22 311
22 366
22 392
22 483
22 487
22 489
22 667
22 807
22 836
22 892
22 894
23 94
23 105
23 151
23 315
23 417
23 475
23 493
23 508
23 540
23 586
23 657
23 787
24 46
24 198
24 358
24 618
24 776
24 983
25 92
25 147
25 255
25 256
25 257
25 294
25 303
25 395
25 599
25 632
25 806
25 849
25 920
25 942
26 107
26 415
26 463
26 488
26 492
26 577
26 665
26 725
27 45
27 365
27 455
27 541
27 757
27 765
27 933
28 30
28 33
28 57
28 116
28 137
28 418
28 569
28 683
28 691
28 797
28 896
28 953
29 123
29 186
29 451
29 560
29 606
29 755
29 939
29 997
30 122
30 214
30 458
30 610
30 755
30 815
30 965
31 324
31 556
31 610
31 688
31 719
31 896
32 100
32 289
32 375
32 441
32 458
32 467
32 541
32 652
32 735
32 948
32 987
33 382
33 448
33 492
33 502
33 545
33 850
33 993
34 257
34 319
34 361
34 405
34 424
34 441
34 452
34 760
34 840
34 904
35 152
35 370
35 393
35 405
35 730
35 904
35 920
36 163
36 264
36 406
36 447
36 581
36 586
36 604
36 767
36 771
36 941
36 956
37 102
37 343
37 366
37 423
37 472
37 476
37 502
37 722
37 745
37 893
37 917
37 952
38 192
38 250
38 417
38 446
38 567
38 610
38 685
38 741
39 218
39 232
39 398
39 414
39 428
39 497
39 521
39 536
39 781
40 84
40 143
40 409
40 673
40 682
40 855
41 86
41 156
41 364
41 609
41 639
41 661
41 859
41 890
41 900
41 929
41 951
41 956
42 332
42 418
42 422
42 427
42 608
42 684
42 716
42 738
42 818
42 981
42 990
43 50
43 67
43 110
43 439
43 500
43 607
43 952
44 460
44 471
44 571
44 624
44 734
44 736
44 875
44 878
45 194
45 256
45 277
45 443
45 456
45 979
46 154
46 184
46 206
46 255
46 366
46 430
46 532
46 568
46 573
46 701
46 718
46 726
46 754
46 808
46 846
46 870
47 361
47 390
47 581
47 597
47 599
47 617
47 639
47 649
48 281
48 484
48 633
48 673
48 833
48 875
48 914
49 130
49 173
49 249
49 272
49 305
49 422
49 696
49 739
49 840
49 979
50 163
50 356
50 360
50 396
50 464
50 472
50 528
50 562
50 660
50 788
50 891
50 896
50 988
51 112
51 119
51 166
51 273
51 305
51 307
51 325
51 326
51 527
51 612
51 716
51 770
51 984
52 100
52 251
52 262
52 590
52 727
52 814
52 899
53 98
53 119
53 169
53 456
53 578
53 606
53 663
53 675
53 701
53 853
53 968
53 969
54 156
54 297
54 306
54 679
54 742
54 768
54 785
54 922
55 144
55 214
55 279
55 394
55 574
55 716
55 869
56 358
56 394
56 506
56 519
56 584
56 710
56 893
57 170
57 182
57 491
57 505
57 814
57 944
57 967
58 71
58 98
58 269
58 274
58 338
58 359
58 397
58 404
58 711
58 771
58 957
59 181
59 427
59 441
59 477
59 564
59 581
59 670
59 766
59 922
59 937
60 116
60 148
60 451
60 504
60 544
60 600
60 668
60 708
60 731
60 795
61 115
61 151
61 271
61 379
61 581
61 613
61 762
61 775
61 789
61 838
61 839
61 880
61 900
62 77
62 298
62 328
62 353
62 445
62 506
62 594
62 660
62 758
62 919
63 80
63 164
63 291
63 431
63 473
63 990
64 71
64 179
64 346
64 362
64 451
64 531
64 616
64 691
64 822
64 863
65 337
65 428
65 631
65 756
65 963
65 986
66 88
66 117
66 242
66 325
66 386
66 426
66 500
66 609
66 725
67 256
67 274
67 382
67 748
67 861
67 873
67 907
68 151
68 241
68 256
68 428
68 454
68 557
68 619
68 651
68 695
68 837
68 866
68 901
68 948
69 282
69 378
69 470
69 575
69 679
69 837
69 843
69 854
70 94
70 160
70 230
70 264
70 442
70 573
70 575
70 588
70 758
70 759
70 908
70 985
70 992
70 998
71 73
71 82
71 83
71 148
71 215
71 436
71 522
71 558
71 563
71 661
71 819
71 925
71 957
71 978
72 214
72 329
72 421
72 622
72 823
72 829
73 124
73 276
73 351
73 420
73 425
73 430
73 485
73 591
73 615
73 698
73 712
73 909
73 987
74 246
74 318
74 344
74 397
74 647
74 810
74 837
74 843
74 889
74 910
74 922
75 235
75 455
75 490
75 515
75 527
75 620
75 621
75 665
75 727
75 739
75 851
75 964
75 978
76 113
76 117
76 121
76 297
76 395
76 491
76 518
76 542
76 663
76 698
76 708
76 879
76 880
76 891
77 149
77 370
77 408
77 497
77 507
77 517
77 573
77 689
77 738
77 739
77 869
77 992
78 165
78 403
78 677
78 711
78 892
78 953
79 169
79 298
79 347
79 436
79 488
79 494
79 512
79 612
79 870
80 90
80 393
80 430
80 434
80 450
80 466
80 598
80 780
80 995
81 142
81 145
81 321
81 542
81 605
81 738
81 832
81 840
81 942
81 999
82 104
82 109
82 129
82 175
82 218
82 332
82 457
83 129
83 173
83 174
83 197
83 462
83 641
83 653
83 706
83 712
83 716
83 761
83 893
83 979
84 141
84 354
84 462
84 552
84 762
84 826
84 856
84 883
84 933
85 93
85 185
85 264
85 268
85 283
85 603
85 808
85 881
85 911
85 950
86 110
86 140
86 254
86 283
86 355
86 394
86 579
86 864
87 253
87 411
87 720
87 805
87 824
88 188
88 191
88 261
88 303
88 368
88 446
88 552
88 646
88 683
88 829
88 847
88 942
89 170
89 339
89 531
89 725
89 869
89 932
89 939
90 482
90 574
90 738
90 846
90 996
91 96
91 275
91 309
91 354
91 376
91 609
91 690
91 814
91 834
91 840
91 920
91 937
92 151
92 311
92 401
92 503
92 606
92 660
92 733
92 824
92 930
92 980
92 997
93 104
93 144
93 159
93 256
93 706
93 782
93 833
94 184
94 205
94 243
94 251
94 425
94 466
94 469
94 470
94 622
94 682
94 809
94 870
94 921
94 970
95 340
95 426
95 485
95 513
95 603
95 623
95 628
95 693
95 826
95 838
95 912
95 913
96 162
96 288
96 304
96 394
96 425
96 475
96 552
96 600
96 625
96 664
96 706
96 831
96 942
96 960
96 980
96 981
97 148
97 229
97 540
97 555
97 579
97 594
97 707
97 825
97 983
98 201
98 361
98 370
98 373
98 376
98 438
98 623
98 736
98 752
98 829
99 163
99 467
99 503
99 548
99 735
99 770
99 879
99 971
99 975
100 195
100 238
100 261
100 264
100 317
100 346
100 391
100 418
100 456
100 507
100 685
100 802
100 884
100 995
101 317
101 389
101 587
101 732
101 794
101 895
101 988
102 284
102 362
102 374
102 466
102 579
102 661
102 750
102 825
102 891
103 247
103 284
103 307
103 395
103 448
103 482
103 487
103 488
103 561
103 647
103 712
103 727
103 843
103 927
103 978
104 140
104 147
104 166
104 210
104 236
104 293
104 313
104 465
104 519
104 661
104 888
104 943
105 108
105 164
105 180
105 217
105 231
105 278
105 399
105 442
105 450
105 487
105 779
105 994
106 162
106 259
106 282
106 508
106 564
106 685
106 795
106 825
106 850
107 318
107 415
107 550
107 626
107 659
107 674
107 755
107 818
107 873
108 147
108 205
108 405
108 594
108 621
108 755
108 786
108 809
108 958
109 212
109 384
109 481
109 528
109 576
109 828
109 863
110 224
110 416
110 445
110 512
110 698
110 722
110 768
110 910
111 123
111 175
111 302
111 406
111 605
111 681
111 736
111 899
111 934
111 987
112 211
112 222
112 237
112 394
112 400
112 414
112 438
112 595
112 740
112 840
112 923
112 994
113 280
113 380
113 461
113 473
113 525
113 616
113 653
113 715
113 984
114 188
114 269
114 538
114 762
114 807
114 884
115 124
115 168
115 350
115 429
115 569
115 585
115 658
115 663
115 704
115 850
115 889
115 917
115 966
116 168
116 188
116 413
116 438
116 636
116 693
116 714
116 741
116 809
116 818
116 947
117 150
117 373
117 378
117 774
117 818
118 248
118 281
118 574
118 660
118 705
118 707
118 766
118 867
119 237
119 334
119 370
119 772
119 815
119 877
120 171
120 296
120 400
120 662
120 684
120 730
120 963
121 172
121 175
121 238
121 259
121 370
121 398
121 666
121 677
121 712
121 810
121 928
121 947
121 993
122 155
122 172
122 236
122 240
122 244
122 270
122 272
122 367
122 460
122 479
122 668
122 815
122 870
122 926
122 978
122 985
123 136
123 258
123 351
123 421
123 659
123 736
123 738
123 743
123 828
123 829
123 874
123 923
123 959
123 971
124 482
124 634
124 730
124 868
124 914
124 932
124 964
124 985
125 207
125 365
125 542
125 553
125 584
125 587
125 728
125 797
125 945
125 998
126 177
126 407
126 420
126 444
126 462
126 492
126 521
126 538
126 585
126 598
126 652
126 829
126 836
127 335
127 539
127 585
127 600
127 626
127 648
127 720
127 727
127 773
127 852
127 934
128 189
128 294
128 412
128 421
128 433
128 446
128 461
128 610
128 617
128 806
128 926
128 928
129 155
129 229
129 241
129 576
129 601
129 617
129 859
130 203
130 204
130 268
130 280
130 300
130 464
130 485
130 634
130 804
130 837
130 879
130 911
130 989
131 175
131 462
131 498
131 549
131 839
131 968
132 398
133 161
133 243
133 258
133 316
133 544
133 555
133 605
133 764
133 956
134 390
134 537
134 589
134 593
134 674
134 814
134 825
135 153
135 356
135 405
135 602
135 697
135 955
135 978
135 997
136 181
136 252
136 447
136 584
136 590
136 752
136 900
136 914
136 942
136 960
136 990
137 215
137 262
137 287
137 392
137 400
137 406
137 407
137 436
137 581
137 586
137 599
137 637
137 659
137 748
137 750
137 756
137 833
137 980
138 429
138 460
138 509
138 642
138 661
138 848
138 887
138 935
138 958
139 293
139 360
139 457
139 566
139 574
139 681
139 719
139 970
140 502
140 626
140 668
140 746
140 773
140 863
140 997
141 194
141 216
141 263
141 286
141 296
141 330
141 348
141 468
141 538
141 561
141 615
141 635
141 738
142 179
142 252
142 306
142 350
142 452
142 537
142 703
142 916
142 955
143 211
143 302
143 423
143 537
143 564
143 652
143 673
143 851
143 877
143 886
143 897
144 208
144 318
144 466
144 556
144 780
144 905
145 469
145 481
145 614
145 623
145 657
145 662
145 808
145 898
145 906
146 165
146 313
146 378
146 798
146 866
146 944
147 184
147 237
147 358
147 415
147 565
147 726
148 172
148 177
148 254
148 596
148 893
148 902
148 909
148 930
148 969
149 222
149 293
149 299
149 460
149 706
149 759
149 956
149 976
150 270
150 298
150 332
150 644
151 216
151 278
151 581
151 603
151 958
152 277
152 382
152 407
152 628
152 630
152 781
152 915
152 992
153 219
153 256
153 385
153 548
153 621
153 959
153 978
154 157
154 305
154 382
154 448
154 518
154 532
154 643
154 790
154 831
154 881
154 928
155 214
155 341
155 343
155 421
155 529
155 600
155 624
155 648
155 675
155 687
155 723
155 732
155 840
155 922
156 294
156 464
156 517
156 550
156 615
156 821
156 845
156 860
156 925
156 979
157 172
157 177
157 308
157 466
157 676
157 796
157 989
157 992
158 202
158 221
159 398
159 458
159 488
159 750
159 813
159 942
160 166
160 243
160 291
160 413
160 618
160 722
160 935
161 200
161 435
161 483
161 542
161 630
161 880
161 987
161 989
162 188
162 310
162 358
162 406
162 419
162 519
162 850
162 998
163 406
163 448
163 493
163 909
164 359
164 686
164 803
164 836
164 842
165 285
165 312
165 348
165 433
165 521
165 769
165 805
165 815
165 872
165 914
165 966
166 206
166 313
166 330
166 358
166 562
166 622
166 626
166 733
166 875
166 957
167 196
167 269
167 289
167 386
167 435
167 436
167 442
167 488
167 618
167 693
168 280
168 424
168 798
168 844
168 863
168 931
168 953
168 966
168 976
168 995
169 304
169 356
169 421
169 430
169 477
169 509
170 686
170 799
170 833
170 870
170 911
171 417
171 511
171 534
171 575
171 616
171 651
171 657
171 766
171 788
171 805
171 885
171 937
171 974
172 251
172 330
172 456
172 597
172 602
172 649
172 662
172 754
172 814
172 877
172 923
172 966
173 288
173 458
173 573
173 756
173 811
174 241
174 295
174 352
174 523
174 582
174 618
174 789
175 194
175 303
175 360
175 487
175 529
175 724
175 751
175 759
175 784
176 195
176 254
176 388
176 412
176 509
176 616
176 790
176 834
176 859
176 907
176 997
177 228
177 238
177 277
177 390
177 391
177 403
177 912
178 387
178 462
178 972
178 991
179 204
179 337
179 405
179 563
179 625
179 635
179 728
179 771
179 907
179 968
180 326
180 362
180 439
180 687
180 793
180 873
180 936
181 424
181 480
181 691
181 741
181 911
181 920
181 968
181 986
182 479
182 488
182 596
182 714
182 859
182 892
183 198
183 247
183 332
183 445
183 526
183 731
184 243
184 248
184 323
184 470
184 483
184 484
184 735
184 810
184 827
184 887
185 385
185 418
185 431
185 498
185 643
185 705
185 894
185 999
186 253
186 327
186 387
186 446
186 493
186 582
186 707
186 726
186 755
186 800
187 292
187 454
187 702
187 713
187 878
187 971
188 423
188 565
188 609
188 770
188 822
189 360
189 403
190 266
190 496
190 500
190 700
190 969
190 983
191 397
191 508
191 657
191 882
192 284
192 288
192 291
192 389
192 551
192 585
192 785
192 880
192 964
193 263
193 280
193 394
193 397
193 456
193 527
193 622
193 762
193 877
193 890
193 892
194 472
194 494
194 904
194 954
195 257
195 411
195 521
195 556
195 560
195 567
195 754
195 891
196 249
196 266
196 324
196 391
196 392
196 487
196 562
196 565
196 765
196 807
196 898
197 266
197 289
197 922
197 925
197 931
198 294
198 299
198 391
198 398
198 520
198 547
198 557
198 643
198 794
198 810
198 853
198 872
198 893
198 927
198 989
199 308
199 459
199 491
199 506
199 640
199 709
199 739
199 932
199 937
199 949
200 221
200 244
200 666
200 696
200 727
200 770
200 920
200 959
201 210
201 241
201 283
201 384
201 400
201 471
201 595
201 663
201 745
201 792
201 953
202 235
202 271
202 501
202 584
202 605
202 634
202 819
202 892
202 895
202 957
203 253
203 375
203 423
203 446
203 507
203 525
203 955
204 292
204 597
204 809
204 865
204 987
205 454
205 564
205 935
205 992
205 999
206 232
206 284
206 392
206 480
206 548
206 611
206 662
206 771
206 782
206 791
206 793
206 804
207 228
207 313
207 360
207 447
207 549
207 600
207 663
207 686
207 715
207 719
207 764
207 836
207 985
208 227
208 251
208 260
208 637
208 702
208 706
208 749
208 853
209 463
209 532
209 648
209 676
209 776
209 844
210 454
210 514
210 598
210 671
210 715
210 754
210 846
210 999
211 231
211 284
211 360
211 461
211 546
211 627
211 673
211 732
211 858
211 883
211 895
211 922
211 959
211 982
212 261
212 720
212 902
213 255
213 279
213 317
213 327
213 395
213 524
213 591
213 682
213 715
213 797
214 268
214 300
214 339
214 464
214 549
214 627
214 670
214 729
214 793
215 233
215 277
215 359
215 360
215 629
215 632
215 681
215 708
215 860
215 912
216 232
216 354
216 420
216 639
216 656
216 838
217 219
217 322
217 565
217 677
217 689
217 691
217 725
217 954
218 240
218 253
218 274
218 377
218 568
218 646
218 655
218 701
218 844
219 272
219 309
219 505
219 523
219 634
219 670
219 720
219 814
219 928
219 986
220 251
220 331
220 459
220 473
220 663
220 673
220 863
220 964
221 282
221 336
221 400
221 510
221 540
221 737
221 761
221 918
221 959
222 237
222 399
222 450
222 558
222 579
222 806
222 857
223 224
223 642
223 772
223 949
223 982
224 257
224 327
224 434
224 457
224 503
224 742
224 743
224 760
224 813
224 938
224 967
225 340
225 352
225 363
225 408
225 447
225 477
225 483
225 835
225 900
225 904
225 947
226 320
226 406
226 409
226 610
226 630
226 647
226 734
226 849
226 904
227 262
227 304
227 343
227 617
227 777
227 999
228 393
228 527
228 653
228 713
228 825
228 983
229 230
229 464
229 504
229 704
229 841
229 879
230 234
230 381
230 410
230 553
230 556
230 629
230 826
230 983
230 995
231 232
231 246
231 283
231 318
231 391
231 395
231 444
231 475
231 481
231 579
231 581
231 754
231 813
231 841
231 928
231 955
232 239
232 326
232 581
232 669
232 866
232 880
232 942
233 359
233 412
233 496
233 550
233 637
233 641
233 652
233 677
233 817
233 943
234 602
234 605
234 678
234 691
234 712
234 738
234 799
234 873
234 977
235 536
235 541
235 823
235 918
235 930
235 975
236 258
236 284
236 309
236 465
236 507
236 698
236 789
236 792
236 804
236 822
236 919
237 316
237 401
237 436
237 447
237 607
237 628
237 647
237 672
237 971
237 977
237 988
238 370
238 483
238 555
238 616
238 686
238 840
238 892
238 916
238 991
239 369
239 594
239 644
239 831
239 880
240 328
240 494
240 495
240 544
240 653
240 744
240 772
240 782
240 855
241 271
241 436
241 440
241 553
241 741
241 756
241 810
241 899
241 910
241 919
242 271
242 503
242 517
242 534
242 658
242 760
242 953
243 347
243 403
243 767
243 801
243 877
243 954
244 264
244 270
244 321
244 361
244 562
244 579
244 589
244 633
244 651
244 676
244 680
244 738
244 918
244 990
245 597
245 605
245 656
245 727
245 745
245 749
245 789
245 858
245 872
245 927
246 525
246 648
246 717
246 766
246 780
246 850
247 347
247 396
247 425
247 440
247 441
247 687
247 815
247 816
247 858
247 991
248 295
248 360
248 409
248 477
248 597
248 622
248 788
248 800
248 819
248 988
249 505
249 665
249 798
249 914
249 953
249 970
250 419
250 454
250 600
250 693
250 846
251 257
251 260
251 342
251 353
251 484
251 612
251 951
251 985
252 263
252 317
252 402
252 447
252 487
252 585
252 948
253 289
253 486
253 529
253 679
253 725
253 755
253 854
253 931
254 264
254 414
254 417
254 418
254 438
254 500
254 584
254 702
254 795
254 805
254 927
255 509
255 611
255 618
255 701
255 717
255 923
256 321
256 490
256 553
256 624
256 741
256 851
256 899
256 918
257 312
257 376
257 407
257 419
257 423
257 671
257 773
257 792
257 844
258 393
258 415
258 429
258 557
258 594
258 646
258 786
258 922
259 269
259 335
259 385
259 439
259 593
259 637
259 682
259 694
259 828
259 839
259 874
260 264
260 343
260 597
260 652
260 798
260 807
260 838
260 906
261 373
261 382
261 396
261 432
261 504
261 534
261 574
261 576
261 634
261 883
261 890
261 906
262 276
262 372
262 421
262 432
262 490
262 690
262 969
262 975
262 981
263 282
263 365
263 391
263 468
263 689
264 362
264 486
264 558
264 572
264 601
264 662
264 810
264 865
264 902
265 679
265 694
265 857
266 269
266 489
266 497
266 632
266 688
266 709
266 733
267 339
267 420
267 482
267 611
267 613
267 762
267 784
267 872
268 270
268 297
268 380
268 518
268 617
268 646
268 700
268 729
268 755
268 817
269 441
269 522
269 731
269 918
269 959
269 975
270 666
270 748
270 764
270 870
270 994
271 326
271 337
271 478
271 726
271 934
272 295
272 353
272 460
272 701
272 907
272 972
273 350
273 452
273 692
273 829
273 838
273 859
274 283
274 378
274 417
274 895
274 938
275 361
275 434
275 682
275 735
275 912
276 280
276 443
276 582
276 652
276 814
276 817
277 377
277 604
277 700
277 919
277 963
278 366
278 423
278 506
278 647
278 709
278 856
278 920
279 316
279 439
279 476
279 522
279 621
279 652
279 726
279 958
280 505
280 546
280 577
280 691
280 756
280 884
280 959
281 358
281 386
281 494
281 768
281 815
281 859
282 432
282 435
282 620
282 661
282 863
283 304
283 342
283 471
283 508
283 509
283 537
283 569
283 616
283 839
284 734
284 750
284 804
284 859
285 486
285 758
285 829
286 527
286 561
286 572
286 587
286 616
286 627
286 735
286 741
286 787
286 800
286 839
287 548
287 564
287 643
287 644
288 311
288 447
288 520
288 523
288 555
288 578
288 746
288 845
288 853
288 989
289 379
289 646
289 845
290 534
290 637
290 684
290 739
290 821
290 842
290 965
291 483
291 503
291 601
292 303
292 374
292 433
292 495
292 728
292 851
292 955
293 513
293 527
293 725
293 850
294 312
294 370
294 563
294 582
294 673
294 679
294 909
294 943
294 952
294 961
294 962
294 993
295 415
295 507
295 611
295 685
295 756
295 804
295 936
296 308
296 591
296 708
296 731
296 802
296 902
296 972
296 981
297 374
297 588
297 714
297 744
297 784
297 921
298 311
298 314
298 334
298 571
298 621
298 906
299 562
299 619
299 695
299 748
299 829
299 910
299 985
300 358
300 471
300 546
300 568
300 616
300 870
300 873
300 894
300 977
301 414
301 420
301 493
301 511
301 552
301 600
301 741
301 816
301 824
302 529
302 621
302 711
302 758
302 796
302 865
302 875
302 990
303 311
303 453
303 540
303 668
303 673
303 872
304 570
304 976
304 994
305 620
305 800
306 340
306 344
306 485
306 566
306 643
306 649
306 695
306 762
306 783
306 790
306 810
306 895
307 362
307 533
307 577
307 594
307 686
307 808
307 822
307 868
307 998
308 312
308 315
308 553
308 615
308 739
308 837
308 948
309 314
309 803
309 909
310 417
310 693
310 740
310 745
310 768
310 800
310 864
311 420
311 424
311 698
311 721
311 732
311 771
311 812
311 841
312 530
312 689
312 764
312 814
312 815
312 852
312 897
312 907
313 513
313 537
313 546
313 628
313 777
313 962
314 539
314 545
314 694
314 761
314 792
314 857
314 958
315 319
315 462
315 581
315 585
315 628
315 644
316 449
316 620
316 703
316 732
316 804
316 864
317 340
317 402
317 499
317 579
317 717
317 763
317 958
318 388
318 487
318 688
318 705
318 792
318 904
319 322
319 418
319 423
319 622
319 659
319 674
319 786
319 799
319 821
319 884
319 931
319 976
320 321
320 324
320 853
321 375
321 385
321 415
321 534
321 551
321 658
321 838
322 345
322 402
322 441
322 492
322 526
322 605
322 652
322 662
322 717
322 727
322 767
322 889
322 980
323 327
323 450
323 497
323 542
323 554
323 757
323 808
323 884
323 920
324 344
324 369
324 386
324 644
324 682
324 697
325 423
325 535
325 617
325 685
325 800
325 857
325 944
325 987
326 331
326 451
326 732
326 772
326 803
327 389
327 415
327 828
327 844
327 931
328 387
328 449
328 450
328 524
328 612
328 709
328 790
328 812
328 980
328 993
329 416
329 523
329 601
329 878
329 900
330 397
330 405
330 494
330 658
330 693
330 738
330 753
330 800
330 942
331 380
331 453
331 468
331 551
331 647
331 707
331 750
331 834
331 855
331 857
331 862
331 920
331 933
332 409
332 461
332 614
332 674
332 702
332 703
332 920
332 944
332 969
333 493
333 495
333 665
333 803
333 877
333 939
334 487
334 549
334 676
334 683
334 808
334 982
335 535
335 699
335 805
336 351
336 369
336 433
336 815
336 820
337 438
337 549
337 586
337 681
337 714
337 747
337 764
337 801
337 836
337 927
337 996
338 529
338 650
338 712
338 762
338 884
339 500
339 833
339 853
340 376
340 407
340 522
340 592
340 707
340 980
340 992
341 356
341 434
341 481
341 503
341 613
341 636
341 823
341 848
341 899
341 999
342 424
342 610
342 687
342 851
342 872
342 922
343 361
343 433
343 459
343 482
343 713
344 371
344 418
344 621
344 657
344 726
344 856
344 903
345 442
345 517
345 529
345 562
345 639
345 914
346 539
346 592
346 603
346 625
346 679
346 693
346 744
347 364
347 384
347 446
347 491
347 539
347 551
347 587
347 624
347 664
347 721
347 869
347 897
347 949
348 400
348 543
348 606
348 816
348 832
348 922
349 360
349 399
349 509
349 678
349 753
349 783
350 397
350 445
350 633
350 809
350 862
350 938
350 975
351 379
351 401
351 443
351 456
351 607
351 743
351 799
352 425
352 468
352 495
352 796
352 936
353 448
353 586
353 644
353 729
353 794
353 800
353 855
354 414
354 437
354 473
354 560
354 812
355 376
355 670
355 944
356 444
356 490
356 555
356 591
356 929
356 951
357 565
357 630
357 637
357 786
358 408
358 432
358 617
358 696
358 806
358 811
358 813
358 857
359 466
359 601
359 640
359 668
359 678
359 680
359 695
359 706
359 775
359 813
359 819
359 906
360 396
360 431
360 619
360 663
360 683
360 690
360 709
360 781
360 930
361 401
361 502
361 566
361 716
361 718
361 720
361 791
362 518
362 745
362 922
362 963
363 501
363 679
363 727
363 844
363 953
364 370
364 421
364 563
364 746
364 766
364 782
364 801
364 829
364 831
364 869
364 889
365 587
365 617
365 678
365 915
366 520
366 787
367 368
367 473
367 514
367 641
367 919
367 961
368 375
368 451
368 477
368 562
368 605
368 684
368 728
368 770
368 945
369 436
369 646
369 650
369 813
369 976
370 622
370 628
370 757
371 441
371 564
371 753
371 817
371 917
371 995
372 395
372 435
372 514
372 727
372 788
373 391
373 393
373 438
373 528
373 587
373 636
373 676
373 737
373 750
373 975
373 977
374 399
374 424
374 563
374 692
374 847
375 417
375 428
375 490
375 577
375 609
375 620
375 670
375 956
375 982
376 593
376 864
377 427
377 502
377 537
377 550
377 613
377 732
377 781
377 919
378 487
378 558
378 793
378 896
379 404
379 415
379 470
379 684
379 711
380 425
380 463
380 466
380 472
380 488
380 520
380 825
380 842
380 927
380 932
381 497
381 827
381 947
381 958
382 391
382 549
382 947
383 424
383 425
383 439
383 544
383 624
383 675
383 685
383 780
384 400
384 543
384 600
384 604
384 825
385 551
385 621
385 905
386 482
386 614
386 703
386 769
386 813
386 835
386 952
387 475
387 645
387 748
387 877
387 985
388 446
388 516
388 736
388 839
388 926
389 391
389 431
389 772
389 819
389 826
389 937
389 985
389 986
390 532
390 899
390 985
391 479
391 538
391 600
391 618
391 765
391 887
391 906
391 979
392 718
392 841
392 926
392 928
392 948
392 972
393 410
393 522
393 543
393 826
393 874
393 876
393 938
394 419
394 649
394 714
395 566
395 641
395 668
396 412
396 457
396 497
396 716
396 860
396 897
397 470
397 588
397 606
397 645
397 685
397 855
398 476
398 970
399 442
399 484
399 528
399 578
399 645
399 973
400 411
400 697
400 981
401 460
401 584
401 749
401 764
401 858
401 893
401 904
402 412
402 421
402 450
402 565
402 815
402 932
402 950
403 408
403 476
403 587
403 847
403 897
403 950
403 993
404 704
404 847
404 964
405 518
405 601
405 652
405 670
405 782
405 846
405 874
406 413
406 481
406 594
406 604
406 641
406 697
406 799
406 819
406 849
407 677
407 696
407 740
407 829
407 965
408 574
408 577
408 705
408 740
408 769
408 961
408 981
409 417
409 508
409 523
409 576
409 605
409 715
409 759
409 789
409 790
409 916
410 504
410 601
410 773
410 838
410 974
411 620
411 673
411 736
411 769
411 958
412 436
412 543
412 684
412 792
412 794
412 798
412 870
412 913
412 915
413 438
413 493
413 593
413 676
413 724
413 751
413 754
413 919
413 963
413 989
413 990
414 621
414 640
414 648
414 740
414 884
414 929
414 972
414 989
415 421
415 493
415 499
415 502
415 653
415 803
416 503
416 506
416 625
416 954
416 989
417 455
417 714
417 761
418 523
418 596
418 636
418 816
418 871
419 676
419 687
419 883
420 463
420 511
420 739
420 827
420 985
421 425
421 529
421 592
421 732
421 822
421 972
422 508
422 841
423 435
423 492
423 520
423 603
423 693
423 698
423 783
423 866
423 889
423 919
424 510
424 741
424 813
424 840
424 907
424 974
424 982
425 542
425 709
425 721
425 763
426 444
426 598
426 615
426 621
426 654
426 683
426 753
426 799
426 914
426 950
427 453
427 498
427 537
427 573
427 734
427 762
427 811
428 554
428 581
428 648
428 703
428 739
429 448
429 470
429 526
429 731
429 805
429 998
430 440
430 457
430 496
430 506
430 548
430 634
430 992
431 434
431 508
431 727
431 743
431 904
431 933
432 460
432 466
432 498
432 573
432 684
432 714
432 777
432 922
432 944
433 507
433 531
433 543
433 574
433 728
433 811
433 990
434 454
434 646
434 791
434 809
434 959
434 981
435 461
435 615
435 653
435 774
435 795
436 455
436 536
436 843
436 940
436 969
437 485
437 509
437 827
437 988
438 581
438 733
438 929
439 448
439 599
439 621
439 751
439 825
439 990
440 562
440 871
441 461
441 476
441 571
441 580
441 620
441 670
441 748
441 987
442 466
442 525
442 542
442 645
442 878
442 991
443 474
443 479
443 585
443 614
443 723
443 768
443 783
443 788
443 810
443 994
444 633
444 676
444 695
444 786
444 798
445 663
445 672
445 845
445 866
445 951
445 967
446 453
446 474
446 593
446 619
446 662
446 708
446 936
447 450
447 472
447 831
447 954
448 489
448 534
448 537
448 555
448 567
448 613
449 551
449 610
449 664
449 755
449 771
449 832
450 526
450 707
450 712
450 716
450 800
450 842
451 578
451 633
451 656
451 923
451 925
451 947
452 486
452 499
452 561
452 593
452 705
452 787
452 932
453 458
453 471
453 633
453 634
453 675
453 720
453 842
453 889
454 459
454 606
454 617
454 816
455 520
455 545
455 606
455 715
455 853
455 970
456 520
456 820
456 977
457 631
457 653
457 664
457 703
457 781
457 892
457 972
458 493
458 672
458 674
458 743
458 766
458 898
458 990
459 469
459 490
459 549
459 631
459 855
460 562
460 605
460 768
460 827
460 992
461 535
461 854
461 961
462 862
463 689
463 969
464 474
464 557
464 671
464 945
464 952
464 968
465 637
465 892
466 508
466 612
466 742
466 770
466 779
466 846
467 490
467 560
467 584
467 589
467 601
467 652
467 708
467 878
467 912
467 932
467 986
467 993
467 999
468 735
468 784
468 948
468 999
469 507
469 837
469 981
470 473
470 535
470 569
470 678
470 680
470 832
470 843
471 497
471 757
471 769
471 799
471 832
471 910
471 916
472 556
472 737
472 751
472 839
472 972
473 495
473 505
473 675
474 583
474 619
474 659
474 676
474 764
474 768
474 851
474 943
475 539
475 606
475 633
475 779
475 796
475 998
476 516
476 543
476 615
476 689
476 790
476 812
476 819
477 617
477 690
477 995
478 808
478 836
478 910
478 911
478 950
479 525
479 701
479 820
479 936
479 992
479 998
480 552
480 618
480 901
481 611
481 732
481 738
481 772
482 541
482 546
482 644
482 668
482 712
482 771
482 795
482 815
482 953
483 623
483 629
483 631
483 866
483 893
484 508
484 676
484 775
484 776
484 801
484 861
484 953
485 604
485 649
485 670
485 677
485 956
485 968
486 518
486 561
486 767
486 974
486 982
487 608
487 655
487 824
487 937
488 523
488 576
488 763
488 916
488 980
489 556
489 635
489 674
489 715
489 745
489 807
489 847
490 940
490 962
491 580
491 616
492 526
492 583
492 645
492 771
492 859
492 885
492 892
493 575
493 920
494 501
494 728
494 943
495 594
495 812
495 977
496 549
496 773
496 800
496 854
496 941
497 513
497 549
497 586
497 646
498 517
498 603
498 614
498 628
498 650
498 660
498 678
498 973
499 564
499 616
499 661
499 673
499 778
499 945
499 976
500 518
500 532
500 631
500 770
500 852
500 896
500 981
501 562
501 586
501 597
501 683
501 713
501 805
501 822
501 908
502 523
502 533
502 760
502 838
502 903
503 743
503 785
503 836
503 862
503 882
503 903
503 929
504 644
504 778
504 816
504 856
504 909
504 971
505 605
505 618
505 657
505 698
505 762
505 859
505 961
506 517
506 668
506 930
506 933
506 966
507 762
507 774
507 860
507 946
507 975
508 749
508 761
508 772
508 901
509 528
509 541
509 757
509 866
509 888
509 896
509 923
509 937
510 516
510 616
510 634
510 654
510 656
510 663
510 712
510 729
510 734
510 773
510 989
510 996
511 602
511 776
511 778
511 817
512 513
512 600
512 873
512 941
513 568
513 596
513 648
513 756
513 789
513 830
514 567
514 648
514 706
514 712
514 744
514 879
515 676
515 733
515 837
516 594
516 668
516 780
516 881
516 898
516 912
517 562
517 569
517 611
517 624
517 821
517 993
518 566
518 764
518 916
518 995
519 621
519 651
519 679
519 703
519 779
519 891
519 928
520 552
520 560
520 562
520 588
520 727
520 774
520 800
520 927
521 557
521 657
521 792
521 992
522 562
522 718
523 596
523 738
523 749
523 769
523 797
523 894
523 905
523 928
523 945
524 568
524 653
524 661
524 696
524 941
524 960
524 976
525 608
525 693
525 838
525 999
526 547
526 945
526 986
527 630
527 997
528 576
528 883
528 891
529 634
529 946
530 670
530 774
530 804
530 915
530 955
531 791
531 867
531 938
531 960
532 687
532 811
532 870
532 981
533 584
533 651
533 683
533 749
533 753
533 795
533 831
533 836
533 902
533 916
534 563
534 596
534 607
534 622
534 727
534 747
534 804
535 573
535 680
535 825
536 545
536 591
536 743
536 866
536 894
536 923
537 597
537 752
537 981
538 670
538 676
538 703
538 724
538 753
538 862
538 912
538 938
539 758
539 809
539 963
539 978
540 565
540 767
540 922
540 947
541 653
541 685
541 879
541 931
541 935
541 965
542 565
542 695
542 751
542 814
542 859
542 898
543 608
543 672
543 812
543 826
543 833
543 869
543 950
543 992
544 686
544 788
544 920
545 581
545 674
545 680
545 840
545 958
546 556
546 664
546 706
546 811
546 887
547 646
547 710
547 754
547 818
547 825
547 924
548 552
548 651
548 769
548 811
548 854
548 883
548 921
548 939
549 556
549 708
549 755
549 891
549 981
549 987
550 581
550 757
550 787
550 850
551 593
551 700
551 950
551 975
552 864
552 897
553 731
553 739
554 569
554 711
554 799
554 905
555 621
555 814
555 900
555 913
555 978
556 724
556 812
556 823
556 861
556 914
556 942
557 645
557 831
557 894
557 932
557 952
558 928
559 590
559 892
559 913
559 941
559 994
560 656
560 801
560 872
560 928
561 682
561 704
561 866
561 945
561 960
561 981
562 646
562 678
562 835
562 880
562 915
562 975
563 680
563 787
563 911
563 990
564 707
564 747
564 824
564 930
565 573
565 631
565 671
565 710
565 752
565 765
565 821
566 697
566 858
566 936
567 624
567 809
567 896
567 991
568 569
568 573
568 846
568 884
569 871
569 895
570 613
570 767
570 840
571 695
571 795
571 851
571 934
571 991
572 634
572 684
572 690
572 708
572 827
572 906
573 719
573 731
573 739
573 803
574 577
574 596
574 666
574 869
574 908
575 622
575 796
575 799
576 907
577 669
577 807
577 886
577 915
578 608
578 687
578 845
579 589
579 623
579 833
579 859
580 627
580 747
580 774
580 797
580 864
580 875
580 994
581 680
581 831
582 725
582 882
583 666
583 817
583 820
583 897
583 971
583 987
584 633
584 997
585 595
585 600
585 646
585 709
585 722
585 726
585 760
585 768
585 816
585 888
585 915
586 667
586 807
586 874
586 999
588 628
588 773
588 796
588 847
588 977
589 844
589 950
590 617
590 745
590 752
590 753
590 907
591 660
591 686
591 898
591 921
592 686
592 701
592 769
592 936
593 799
593 808
594 794
594 816
595 627
595 668
595 700
595 713
595 740
595 793
596 609
596 728
596 772
596 775
596 948
597 618
597 634
597 638
597 782
597 821
597 879
597 940
598 649
598 698
598 835
598 839
598 988
599 697
599 699
599 701
599 804
599 896
599 958
600 652
600 654
600 821
600 856
601 645
601 695
601 814
601 835
601 896
601 923
602 663
602 710
602 722
602 882
602 977
603 663
603 680
603 815
603 833
603 905
604 615
604 832
604 940
605 926
606 807
606 875
606 996
607 737
607 767
608 734
608 796
608 903
609 657
609 681
609 866
609 888
610 708
610 876
610 886
611 698
611 877
611 959
612 626
612 713
612 762
612 860
612 888
613 894
614 663
614 687
614 742
614 996
615 681
615 733
615 781
615 808
616 667
616 832
616 995
617 652
617 694
617 761
617 781
617 809
617 969
618 756
618 973
618 995
619 700
620 630
620 855
621 649
622 678
622 732
622 896
623 766
623 814
623 975
624 647
624 726
624 885
624 889
625 717
625 762
625 792
625 878
625 966
625 983
626 689
626 703
626 708
626 719
626 830
626 883
628 659
628 693
630 697
630 740
630 879
630 906
630 912
630 924
630 939
631 674
631 919
631 989
632 726
632 756
633 870
633 881
633 995
634 718
634 857
634 928
635 858
635 883
635 900
636 676
636 832
636 988
637 785
637 872
637 969
637 973
638 763
638 795
638 852
638 980
639 675
639 696
639 737
639 740
639 898
639 964
639 972
640 646
640 767
640 907
640 937
641 721
641 723
641 755
641 790
641 935
642 648
642 680
642 893
643 668
643 731
643 898
643 949
644 675
644 737
645 694
645 810
645 829
645 877
645 901
645 905
645 953
645 992
646 656
646 686
646 769
646 811
647 713
647 761
647 963
648 903
649 701
649 753
649 821
649 908
650 692
650 873
651 773
651 853
651 885
652 677
652 754
652 783
653 807
653 832
653 856
653 897
654 841
654 895
654 897
654 898
654 934
655 752
655 776
655 950
656 831
656 882
657 723
657 740
657 828
657 885
658 787
658 877
658 878
659 886
660 957
662 720
662 763
662 873
662 894
663 714
663 716
663 762
663 869
664 701
664 779
664 846
664 877
665 835
666 900
667 743
667 819
667 869
667 960
668 830
668 917
668 935
669 670
669 739
670 789
670 994
671 674
671 887
672 977
673 768
673 959
674 846
675 747
675 751
675 767
675 784
675 939
676 692
676 809
676 845
676 849
676 898
676 903
676 982
677 679
678 765
678 786
678 986
679 835
680 685
680 760
680 820
680 898
681 782
681 795
681 824
682 721
682 755
682 789
683 775
683 828
683 870
684 699
684 707
684 715
684 864
684 897
684 965
685 878
685 888
686 693
687 829
687 831
687 927
688 715
688 861
688 927
688 936
689 704
689 743
689 875
690 932
691 731
691 960
692 880
692 966
692 973
693 780
693 827
693 837
693 860
693 918
694 715
694 726
694 929
695 739
696 705
696 870
697 911
697 937
697 961
698 879
698 891
698 981
699 745
699 807
699 847
699 892
700 847
700 963
701 892
702 703
702 712
702 756
702 984
704 863
704 916
706 825
707 815
707 889
707 904
708 825
708 827
709 731
709 765
709 993
710 753
710 779
710 880
710 894
711 719
711 926
711 995
712 854
712 970
712 998
713 812
713 841
714 811
714 833
714 885
714 896
714 944
715 829
715 909
715 933
716 783
716 941
717 729
717 788
717 790
717 799
717 890
717 892
718 733
718 772
718 841
719 752
719 767
719 871
719 880
719 883
719 902
720 832
720 905
721 837
722 741
722 770
722 915
723 851
723 856
723 962
724 755
724 900
726 781
726 911
726 997
727 991
728 757
729 853
729 908
729 932
729 945
729 975
730 763
730 969
731 791
731 908
732 750
732 759
733 953
734 820
734 822
735 759
735 954
736 844
736 954
737 786
737 787
738 809
738 848
739 806
739 839
740 778
740 780
740 953
740 973
741 839
741 848
741 889
741 902
743 815
743 882
744 785
744 952
745 956
745 970
746 758
746 798
746 952
747 992
748 776
748 796
748 817
748 909
748 935
748 982
749 768
749 789
749 881
750 842
750 861
750 876
750 975
751 757
751 769
751 832
751 842
751 879
751 882
751 987
752 779
752 789
752 972
752 976
752 991
753 778
753 825
753 876
753 921
754 805
754 846
754 982
755 906
756 875
758 886
758 947
759 840
759 856
759 871
759 885
759 975
760 832
760 841
760 867
760 911
761 829
761 854
761 882
762 823
762 840
762 873
762 887
762 931
762 943
762 975
763 951
764 824
764 842
764 963
765 888
765 928
766 782
766 810
766 965
767 824
769 799
769 815
769 964
770 796
770 926
771 776
771 851
771 889
772 836
773 874
773 952
773 975
774 782
774 895
775 829
775 843
775 883
775 907
775 958
776 891
777 822
777 873
778 829
778 877
779 929
779 952
781 907
781 916
781 949
782 936
782 965
783 910
783 960
784 890
784 948
784 969
786 837
786 875
786 895
786 968
786 971
787 837
787 964
788 885
788 997
789 914
789 924
790 821
790 840
791 799
791 808
791 849
791 946
791 971
792 855
792 889
792 890
792 955
793 808
793 838
793 886
794 938
795 852
795 888
795 928
796 812
796 865
796 911
796 968
797 879
798 825
798 837
798 884
798 889
798 901
798 987
799 938
800 940
801 894
802 833
802 840
802 954
803 911
803 984
804 827
804 994
805 908
805 941
806 966
807 822
807 869
807 870
807 944
807 998
808 830
809 875
809 877
809 936
810 929
811 872
811 970
812 949
812 968
813 981
813 992
814 844
815 839
816 896
816 928
817 846
817 849
817 941
818 840
818 872
820 980
821 943
821 998
822 940
823 958
824 828
824 916
824 974
825 869
826 916
827 869
827 888
827 947
827 966
828 994
829 922
830 893
830 952
831 862
831 886
833 868
834 897
834 907
835 841
835 843
836 877
838 839
839 895
840 923
840 972
841 860
841 986
842 868
842 871
843 871
844 870
844 975
844 998
846 938
846 987
846 989
847 861
848 877
848 928
848 945
850 981
852 948
853 858
853 874
853 913
854 897
854 913
855 999
857 931
859 880
860 922
860 947
861 900
862 923
864 932
867 984
869 939
869 942
869 994
870 896
872 874
872 888
872 910
873 919
873 971
874 940
875 962
876 983
877 995
879 907
879 928
880 956
880 972
881 892
881 896
881 983
883 924
883 946
883 996
884 914
887 981
890 980
892 961
892 994
894 903
894 921
894 979
895 990
896 969
897 907
898 906
900 972
900 985
902 906
902 933
903 972
903 979
905 930
906 938
907 916
907 920
910 977
917 963
923 950
923 955
924 998
927 941
927 962
935 973
936 971
937 980
937 984
938 980
939 965
940 980
942 944
943 982
944 994
946 953
946 995
948 952
948 993
949 981
950 953
950 958
950 968
953 964
953 999
954 974
960 964
960 974
968 988
974 976
978 981
0
10 999
