1000	4820	 1
0 189
0 290
0 340
0 407
0 561
0 563
0 871
0 926
1 108
1 182
1 221
1 232
1 311
1 433
1 477
1 853
1 877
1 937
1 960
1 983
1 991
2 101
2 149
2 173
2 199
2 430
2 492
2 508
2 553
2 788
3 8
3 128
3 289
3 381
3 384
3 394
3 429
3 456
3 494
3 675
3 703
3 828
3 859
3 970
4 21
4 603
4 793
4 847
4 879
4 938
4 951
5 26
5 159
5 169
5 352
5 446
5 465
5 510
5 635
5 682
5 691
5 767
5 787
5 808
5 836
5 941
6 223
6 347
6 384
6 546
6 552
6 643
6 873
7 199
7 215
7 302
7 451
7 545
7 733
7 884
7 904
8 18
8 160
8 396
8 417
8 428
8 546
8 548
8 581
8 700
8 722
8 802
8 878
8 912
8 997
9 174
9 177
9 543
9 581
9 772
9 830
9 836
10 17
10 95
10 472
10 484
10 508
10 583
10 690
10 815
10 873
10 900
10 948
10 979
11 230
11 248
11 261
11 337
11 564
11 606
11 687
12 165
12 196
12 241
12 244
12 274
12 484
12 486
12 542
12 567
12 600
12 627
12 879
12 913
12 921
12 989
13 29
13 421
13 481
13 614
13 637
13 705
13 763
13 921
13 929
13 961
14 34
14 60
14 120
14 445
14 453
14 511
14 555
14 620
14 690
14 825
15 102
15 163
15 183
15 244
15 311
15 316
15 322
15 331
15 483
15 558
15 561
15 626
15 842
15 899
16 39
16 45
16 46
16 90
16 235
16 271
16 328
16 384
16 416
16 427
16 462
16 521
16 651
16 656
16 692
16 878
17 132
17 165
17 363
17 400
17 454
17 621
17 634
17 848
18 239
18 681
19 119
19 281
19 301
19 400
19 416
19 545
19 615
19 732
19 803
20 109
20 122
20 147
20 209
20 387
20 424
20 425
20 433
20 525
20 542
20 564
20 586
20 615
20 737
21 42
21 100
21 519
21 663
21 731
22 156
22 226
22 295
22 443
22 597
22 633
22 790
22 918
22 988
23 304
23 449
23 469
23 574
23 658
23 696
23 701
23 817
23 833
24 183
24 410
24 487
24 594
24 699
24 704
24 739
24 869
24 909
25 98
25 216
25 221
25 245
25 405
25 475
25 737
25 946
26 406
26 445
26 456
26 600
26 607
26 630
27 52
27 68
27 130
27 155
27 367
27 409
27 449
27 453
27 647
27 653
27 835
28 152
28 687
28 723
28 832
28 879
29 245
29 248
29 259
29 355
29 498
29 537
29 588
29 593
29 858
29 885
30 250
30 427
30 619
30 673
30 719
30 779
31 227
31 320
31 350
31 449
31 471
31 597
31 847
32 84
32 125
32 214
32 267
32 362
32 375
32 490
32 790
33 67
33 143
33 173
33 206
33 606
33 985
34 299
34 312
34 453
34 801
34 954
35 128
35 139
35 330
35 417
35 445
35 480
35 613
35 651
35 678
35 832
35 881
35 890
36 111
36 128
36 154
36 210
36 477
36 500
36 733
36 734
36 790
36 812
36 825
37 80
37 111
37 138
37 366
37 373
37 406
37 409
37 471
37 541
37 773
37 822
37 904
37 994
38 74
38 80
38 102
38 210
38 455
38 465
38 649
38 675
38 823
38 833
38 934
39 152
39 220
39 295
39 352
39 367
39 516
39 627
39 640
39 813
39 820
39 921
39 979
40 63
40 86
40 406
40 417
40 573
40 580
40 600
40 607
40 659
40 802
41 250
41 318
41 332
41 334
41 405
41 496
41 860
42 173
42 208
42 358
42 376
42 725
42 987
43 169
43 269
43 407
43 470
43 702
43 719
43 900
44 83
44 155
44 239
44 426
44 616
44 727
44 728
44 736
44 800
44 811
44 859
44 861
44 887
44 890
44 927
44 945
44 956
45 54
45 90
45 94
45 203
45 282
45 366
45 446
45 465
45 509
45 682
45 711
45 782
45 869
46 84
46 170
46 213
46 422
46 510
46 604
46 671
47 52
47 375
47 427
47 488
47 544
47 551
47 831
47 876
47 932
47 933
47 968
47 972
48 73
48 285
48 370
48 404
48 708
48 839
48 862
48 976
49 132
49 221
49 275
49 383
49 405
49 612
50 164
50 190
50 228
50 241
50 334
50 536
50 661
50 749
50 940
51 55
51 96
51 315
51 356
51 421
51 522
51 670
51 872
52 97
52 279
52 418
52 612
52 623
52 657
52 773
52 847
53 111
53 136
53 266
53 336
53 417
53 509
53 522
53 577
53 614
53 719
53 730
53 826
54 127
54 141
54 249
54 725
54 749
54 818
54 883
54 999
55 179
55 208
55 220
55 291
55 319
55 355
55 361
55 371
55 529
55 661
55 743
55 941
55 944
56 88
56 161
56 292
56 296
56 521
56 545
56 650
56 720
56 788
56 915
57 324
57 391
57 435
57 608
57 824
57 873
57 891
57 946
58 109
58 190
58 206
58 228
58 350
58 499
58 695
58 698
58 803
58 922
59 140
59 218
59 385
59 541
59 611
59 660
59 711
59 904
59 984
60 119
60 249
60 318
60 355
60 358
60 474
60 662
60 747
60 792
60 909
60 942
60 966
60 967
61 94
61 103
61 313
61 345
61 397
61 411
61 621
61 769
61 787
62 101
62 149
62 160
62 264
62 330
62 384
62 452
62 543
62 660
62 695
62 718
62 978
62 999
63 538
63 545
63 573
63 761
63 990
64 181
64 228
64 251
64 255
64 688
64 849
64 918
64 969
64 984
65 156
65 179
65 399
65 652
65 689
65 714
65 812
65 847
65 872
65 967
66 169
66 196
66 404
66 591
66 605
66 636
66 638
66 732
66 828
66 913
67 92
67 143
67 576
67 577
67 766
67 790
67 937
68 157
68 219
68 378
68 448
68 503
68 505
68 561
68 591
68 603
68 853
69 207
69 224
69 309
69 426
69 476
69 589
69 746
69 786
69 794
69 815
69 943
69 977
70 105
70 168
70 187
70 315
70 437
70 638
70 692
70 699
70 733
70 750
70 757
70 906
70 948
71 253
71 401
71 410
71 465
71 493
71 541
71 615
71 759
71 859
71 920
72 271
72 273
72 316
72 343
72 368
72 400
72 553
73 107
73 176
73 313
73 335
73 374
73 446
73 489
73 607
73 656
73 818
73 935
74 113
74 126
74 136
74 197
74 396
74 525
74 867
74 874
74 917
75 540
75 597
75 680
75 713
75 759
76 102
76 118
76 760
76 880
77 243
77 268
77 308
77 401
77 439
77 815
77 826
77 910
78 230
78 238
78 282
78 349
78 396
78 552
78 710
79 264
79 277
79 302
79 497
79 520
79 681
79 715
79 834
80 259
80 397
80 468
80 606
80 627
80 691
80 735
80 810
80 857
80 866
80 912
80 943
81 173
81 369
81 569
81 632
81 746
81 884
81 889
82 210
82 353
82 364
82 435
82 496
82 498
82 763
82 799
83 116
83 159
83 278
83 281
83 319
83 439
83 496
83 625
83 897
83 917
83 953
83 959
84 224
84 345
84 382
84 528
84 547
84 735
85 222
85 240
85 296
85 511
85 601
85 604
85 652
85 804
85 981
86 124
86 185
86 198
86 201
86 245
86 322
86 372
86 470
86 561
86 581
86 600
86 634
86 658
86 891
87 96
87 166
87 192
87 309
87 332
87 367
87 384
87 621
87 791
87 959
88 252
88 306
88 510
88 735
88 756
88 764
88 777
88 867
88 986
89 361
89 433
89 711
89 714
89 787
89 794
90 390
90 399
90 411
90 466
90 741
90 775
90 832
90 886
90 896
90 929
90 943
91 130
91 274
91 358
91 423
91 585
91 653
91 727
91 841
91 850
92 156
92 430
92 803
92 812
92 944
93 114
93 238
93 331
93 379
93 416
93 527
93 633
94 102
94 233
94 302
94 422
94 492
94 566
94 653
94 656
95 97
95 106
95 284
95 350
95 411
95 553
95 570
95 600
95 651
95 794
95 806
95 817
95 839
95 867
95 990
96 133
96 212
96 373
96 419
96 545
96 611
96 636
96 752
97 145
97 254
97 458
97 475
97 480
97 576
97 646
97 841
97 861
98 248
98 348
98 361
98 454
98 721
98 722
98 781
98 841
98 859
99 241
99 407
99 532
99 619
99 884
99 946
100 193
100 208
100 246
100 417
100 736
101 339
101 465
101 670
101 676
101 783
101 819
101 824
101 881
101 914
102 121
102 172
102 204
102 418
102 494
102 534
102 560
102 639
102 844
102 920
102 972
102 982
102 990
103 114
103 184
103 271
103 309
103 502
103 616
103 714
103 903
104 229
104 397
104 445
104 496
104 613
104 697
105 232
105 253
105 269
105 527
105 530
105 575
105 839
105 866
105 892
105 921
106 229
106 253
106 286
106 298
106 299
106 311
106 377
106 456
106 616
106 619
106 685
106 695
106 909
106 930
106 963
107 204
107 326
107 456
107 506
107 824
107 886
107 925
108 199
108 255
108 294
108 574
108 709
108 762
109 175
109 203
109 218
109 228
109 248
109 263
109 567
109 615
109 672
109 886
109 985
110 200
110 296
110 347
110 420
110 441
110 754
111 170
111 325
111 372
111 386
111 397
111 487
111 566
111 764
111 795
111 947
112 355
112 432
112 481
112 631
112 654
112 856
112 860
112 862
112 863
112 995
113 124
113 210
113 220
113 324
113 375
113 429
113 502
113 659
113 875
113 933
114 123
114 333
114 338
114 404
114 783
114 963
115 146
115 356
115 542
115 646
115 854
115 886
116 149
116 279
116 280
116 458
116 570
116 580
116 595
116 620
116 689
116 712
116 724
116 767
116 769
116 773
116 774
116 803
116 871
116 920
116 921
116 951
116 973
117 224
117 232
117 278
117 289
117 299
117 839
118 206
118 231
118 391
118 402
118 472
118 490
118 591
118 612
118 726
118 859
118 882
119 215
119 227
119 295
119 318
119 488
119 645
119 671
119 709
119 782
119 877
120 136
120 258
120 342
120 387
120 587
120 781
120 899
121 134
121 200
121 212
121 262
121 461
121 486
121 663
122 323
122 352
122 381
122 473
122 486
122 718
123 171
123 318
123 321
123 478
123 602
123 735
123 752
123 795
123 849
124 150
124 292
124 310
124 337
124 512
124 550
124 638
124 833
124 936
125 190
125 457
125 465
125 525
125 763
125 875
125 947
125 953
126 283
126 396
126 402
126 532
126 741
126 891
126 996
127 178
127 323
127 326
127 455
127 574
127 611
127 633
127 736
127 971
128 233
128 326
128 346
128 373
128 407
128 427
128 479
128 535
128 540
128 544
128 548
128 685
128 713
128 731
128 759
128 823
129 201
129 297
129 387
129 413
129 566
129 579
129 708
129 766
129 789
129 873
130 226
130 361
130 527
130 545
130 629
130 883
131 175
131 206
131 372
131 388
131 499
131 515
131 545
131 569
131 641
131 690
131 835
131 864
131 956
132 210
132 526
132 599
132 612
132 694
132 791
133 193
133 218
133 351
133 544
133 545
133 560
133 621
133 706
133 719
133 747
133 782
133 784
133 953
133 958
134 135
134 142
134 236
134 620
134 650
134 665
134 880
134 898
135 214
135 458
135 533
135 560
135 585
135 603
135 676
135 731
135 954
135 974
136 316
136 325
136 407
136 522
136 667
136 916
137 236
137 287
137 290
137 461
137 572
137 645
137 673
137 770
137 855
137 976
137 991
138 222
138 366
138 541
138 566
138 568
138 679
138 849
138 965
139 210
139 469
139 517
139 609
139 648
139 729
139 772
139 984
140 199
140 219
140 246
140 252
140 328
140 399
140 443
140 483
140 551
140 786
141 200
141 237
141 556
141 634
141 656
141 824
141 921
142 159
142 230
142 233
142 590
142 679
142 775
142 872
142 941
142 978
143 221
143 357
143 688
143 732
143 918
143 973
144 202
144 379
144 770
145 148
145 501
145 511
145 518
145 549
145 572
145 929
145 958
146 311
146 446
146 636
146 717
146 727
146 906
147 376
147 484
147 487
147 491
147 577
147 621
147 657
147 697
147 806
147 838
147 912
148 381
148 486
148 679
148 783
148 928
148 948
149 245
149 395
149 444
149 747
149 795
149 867
149 890
149 980
150 208
150 248
150 361
150 413
150 462
150 682
150 684
150 772
150 830
150 913
150 992
151 396
151 420
151 523
151 807
151 844
151 849
151 913
151 931
151 975
151 982
152 204
152 248
152 422
152 567
152 724
152 731
152 798
152 811
152 951
153 179
153 194
153 312
153 496
153 506
153 638
153 733
153 917
154 301
154 329
154 481
154 552
154 577
154 945
154 990
155 201
155 209
155 225
155 240
155 557
155 623
155 637
155 713
155 745
155 749
156 296
156 395
156 506
156 545
156 562
156 745
156 941
156 992
157 237
157 296
157 331
157 357
157 463
157 471
157 558
157 595
157 673
157 746
157 833
157 869
157 943
158 255
158 405
158 439
158 441
158 785
158 789
158 865
158 980
158 998
159 175
159 276
159 412
159 456
159 513
159 530
159 550
159 937
160 338
160 354
160 473
160 645
160 698
160 855
160 882
160 942
160 943
161 307
161 312
161 506
161 562
161 630
161 638
161 640
162 224
162 227
162 281
162 396
162 398
162 539
162 879
162 907
162 919
163 292
163 337
163 365
163 636
163 689
163 786
163 796
163 897
163 899
164 171
164 232
164 401
164 444
164 571
164 668
164 791
164 883
164 946
165 401
165 805
165 807
165 998
166 294
166 326
166 364
166 405
166 471
166 523
166 555
166 677
166 754
166 786
166 888
166 954
167 187
167 368
167 414
167 418
167 446
167 464
167 655
167 877
167 933
168 175
168 369
168 461
168 467
168 716
169 276
169 339
169 521
169 554
169 759
169 986
170 233
170 343
170 630
170 666
170 949
170 982
171 210
171 613
171 743
171 790
171 819
171 833
172 430
172 450
172 458
172 482
172 655
172 662
172 712
172 929
172 933
173 232
173 798
173 970
174 380
174 400
174 455
174 560
174 630
174 633
174 702
174 740
174 766
174 856
174 895
174 943
175 271
175 316
175 461
175 533
175 710
175 727
175 737
175 746
175 875
175 892
175 894
176 185
176 218
176 232
176 419
176 519
176 636
176 656
176 764
176 990
177 191
177 207
177 260
177 325
177 329
177 368
177 432
177 486
177 508
177 544
177 554
177 606
177 627
177 681
177 772
178 200
178 468
178 486
178 590
178 786
178 796
178 897
178 968
179 299
179 455
179 521
179 650
179 680
179 861
179 869
180 304
180 371
180 418
180 470
180 535
180 591
180 720
180 953
180 983
181 214
181 381
181 396
181 414
181 583
181 925
181 944
182 307
182 406
182 505
182 620
182 685
182 700
182 703
182 929
182 993
182 995
183 336
183 355
183 535
183 596
183 840
183 971
184 299
184 852
184 965
185 284
185 525
185 601
185 627
185 738
185 746
185 829
185 864
185 957
186 461
186 584
186 875
187 226
187 278
187 504
187 519
187 520
187 547
187 561
187 641
187 702
187 971
188 195
188 209
188 244
188 376
188 562
188 619
188 842
188 891
189 214
189 261
189 641
189 825
190 203
190 217
190 438
190 504
190 585
190 922
191 202
191 331
191 599
191 670
191 766
191 783
191 892
191 978
192 194
192 212
192 224
192 263
192 667
192 778
193 237
193 285
193 338
193 506
193 607
193 722
194 338
194 415
194 484
194 542
194 596
194 639
194 664
194 668
194 730
194 949
195 232
195 361
195 423
195 656
195 722
195 839
196 458
196 550
196 574
196 664
196 687
196 860
196 984
197 453
197 456
197 593
197 821
197 902
197 920
198 345
198 389
198 418
198 438
198 560
198 561
198 563
198 646
198 848
198 915
198 944
199 395
199 477
199 551
199 654
199 679
199 821
199 931
200 227
200 363
200 936
200 948
201 207
201 252
201 341
201 397
201 656
201 698
201 700
201 719
201 725
201 891
201 959
202 318
202 324
202 493
202 528
202 598
202 660
202 661
202 722
202 748
203 518
203 529
203 538
203 633
203 762
203 907
203 971
204 339
204 399
204 473
204 721
204 921
204 935
204 948
205 215
205 310
205 312
205 411
205 725
205 770
205 949
205 953
206 293
206 661
206 851
207 369
207 493
207 654
207 727
207 766
207 788
208 362
208 408
208 453
208 549
208 565
208 680
208 792
208 808
208 848
208 916
208 942
208 986
208 999
209 267
209 268
209 295
209 331
209 483
209 603
209 832
209 889
210 239
210 467
210 485
210 563
210 565
210 616
210 617
210 692
210 798
211 215
211 512
211 633
211 663
211 691
211 733
211 740
211 877
212 390
212 518
212 668
212 721
212 842
212 865
212 978
213 279
213 501
213 688
213 794
214 309
214 404
214 417
214 645
214 858
214 874
214 922
214 980
215 371
215 374
215 427
215 473
215 672
215 759
215 765
215 918
215 922
215 998
216 529
216 532
216 604
216 608
216 627
216 699
216 804
216 846
216 893
216 898
216 947
216 956
217 247
217 255
217 686
217 755
217 772
217 794
217 958
217 960
217 997
218 262
218 270
218 352
218 497
218 997
219 262
219 349
219 386
219 428
219 588
219 601
219 739
219 868
219 894
219 911
220 451
220 790
220 802
221 441
221 535
221 616
221 656
221 755
221 811
221 813
221 895
221 950
222 333
222 881
222 914
222 918
223 261
223 328
223 426
223 459
223 520
223 540
223 724
223 769
223 937
223 994
224 262
224 298
224 390
224 560
224 620
224 621
224 739
224 801
225 353
225 380
225 532
225 612
225 703
225 851
225 893
226 448
226 463
226 615
226 666
226 834
226 863
226 866
226 882
227 403
227 471
227 500
227 765
227 786
227 836
228 301
228 541
228 698
228 751
228 893
228 925
228 971
229 285
229 290
229 372
229 456
229 749
229 777
229 898
230 247
230 308
230 423
230 532
230 604
230 739
230 869
230 876
231 293
231 406
231 505
231 709
231 781
231 988
232 256
232 322
232 339
232 440
232 647
232 791
232 902
232 954
232 957
233 624
233 944
233 945
234 425
234 510
234 800
234 821
235 265
235 299
235 370
235 415
235 526
235 537
235 554
235 813
235 894
236 247
236 265
236 277
236 342
236 620
236 621
236 676
236 688
236 980
237 261
237 351
237 472
237 627
237 703
237 748
237 830
237 868
237 890
237 904
238 340
238 435
238 667
238 713
238 714
238 769
238 792
238 961
238 963
239 277
239 289
239 307
239 425
239 543
239 651
239 834
239 931
240 279
240 298
240 327
240 377
240 497
240 621
240 652
240 735
240 785
240 902
240 956
240 992
241 669
241 682
241 733
241 895
242 253
242 254
242 313
242 336
242 337
242 429
242 446
242 558
242 571
242 785
243 286
243 400
243 574
243 606
243 737
243 828
243 849
244 247
244 292
244 304
244 400
244 420
244 608
244 716
244 811
244 832
244 852
244 879
244 900
244 923
244 976
245 395
245 492
245 597
245 632
245 660
245 739
246 299
246 365
246 401
246 546
246 552
246 801
246 804
246 851
246 888
246 938
246 957
246 989
247 267
247 286
247 299
247 320
247 434
247 555
247 726
247 771
248 255
248 321
248 357
248 502
248 566
248 617
248 710
249 354
249 429
249 455
249 497
249 610
249 689
249 775
249 776
249 822
249 945
250 303
250 375
250 719
250 990
251 357
251 528
251 677
251 685
251 722
251 818
251 961
252 293
252 305
252 522
252 524
252 677
253 388
253 635
253 745
253 788
253 859
253 911
254 351
254 537
254 739
254 850
254 867
255 263
255 297
255 367
255 432
255 511
255 587
255 608
255 793
256 331
256 375
256 380
256 406
256 526
256 544
256 865
256 974
257 575
257 631
257 699
257 882
257 983
258 327
258 405
258 473
258 582
258 618
258 729
259 382
259 500
259 510
259 596
259 598
259 876
260 487
260 762
260 823
260 890
260 922
261 541
261 556
261 784
261 812
261 984
262 439
262 749
262 870
262 878
263 290
263 343
263 428
263 534
263 542
263 607
263 617
263 695
263 702
263 729
263 740
263 759
263 913
264 447
264 515
265 284
265 291
265 457
265 513
265 593
265 738
265 742
265 770
265 809
265 990
266 312
266 514
266 618
266 717
266 819
266 897
267 308
267 356
267 374
267 506
267 616
267 765
268 319
268 382
268 457
268 501
268 685
268 756
268 765
268 795
268 816
268 847
268 873
268 894
268 934
269 310
269 428
269 675
270 489
270 532
270 535
270 594
270 681
270 790
271 450
271 588
271 690
271 939
271 961
271 964
271 986
272 456
272 531
272 643
272 753
272 765
272 791
272 888
272 925
273 288
273 303
273 335
273 369
273 401
273 407
273 608
273 713
273 831
273 896
274 525
274 559
274 612
274 644
274 697
274 897
274 920
274 932
275 343
275 388
275 422
275 483
275 591
275 620
275 688
275 817
275 906
275 987
276 319
276 401
276 689
276 757
276 793
276 896
277 285
277 471
277 552
277 731
277 787
277 796
277 984
277 989
278 377
278 434
278 697
278 834
278 919
279 310
279 343
279 365
279 428
279 469
279 525
279 684
279 801
279 959
280 373
280 377
280 418
280 468
280 580
280 939
280 964
281 363
281 442
281 501
281 654
281 694
281 856
281 870
281 889
281 950
281 980
282 329
282 484
283 319
283 397
283 411
283 470
283 600
283 641
284 499
284 513
284 544
284 670
284 753
284 760
284 787
284 947
285 464
285 468
285 490
285 706
285 936
285 947
286 339
286 647
286 759
286 777
286 838
286 961
286 983
287 346
287 354
287 366
287 552
287 799
287 811
288 354
288 418
288 650
288 674
288 891
288 941
288 984
289 365
289 416
289 608
289 824
289 866
289 889
290 365
290 452
290 482
290 728
290 769
290 781
290 819
290 953
290 975
291 317
291 321
291 425
291 494
291 748
291 794
291 868
291 919
292 327
292 352
292 353
292 375
292 521
292 689
292 780
293 452
293 570
293 728
293 738
294 403
294 505
294 526
294 578
294 781
294 824
295 446
295 474
295 491
295 907
295 915
295 921
295 987
296 333
296 370
296 407
296 508
296 613
296 699
296 829
296 929
297 384
297 465
297 528
297 796
297 853
297 908
298 315
298 392
298 396
298 608
298 709
298 872
299 615
299 863
299 900
299 911
300 372
300 756
300 850
300 943
300 968
301 409
301 556
301 860
301 909
302 397
302 584
302 765
302 995
303 401
303 495
303 532
303 595
303 752
303 789
304 353
304 502
304 633
304 884
305 393
305 432
305 710
305 729
305 844
305 854
305 879
305 955
306 364
306 530
306 689
307 442
307 749
307 812
307 852
308 424
308 576
308 807
309 346
309 450
309 497
309 745
309 746
309 971
310 329
310 485
310 560
310 582
310 647
310 668
310 677
310 680
310 890
311 348
311 460
311 551
311 693
311 877
311 934
311 993
312 379
312 408
312 414
312 428
312 452
312 510
312 524
312 619
312 832
312 857
312 868
312 889
312 905
312 949
313 607
313 686
313 741
313 757
313 760
313 851
313 892
313 906
313 926
313 955
313 969
314 413
314 828
314 855
315 700
315 783
316 389
316 468
316 520
316 596
316 739
316 988
317 459
317 566
317 726
317 791
317 840
317 928
318 818
318 875
318 953
319 384
319 406
319 613
319 835
319 893
319 923
319 959
319 978
320 362
320 452
320 629
320 657
320 711
320 792
321 438
321 563
321 739
321 752
321 834
321 901
321 930
322 331
322 369
322 535
322 691
322 783
322 865
322 926
323 462
323 697
323 853
323 945
324 534
324 731
324 763
324 923
325 391
325 400
325 429
325 501
325 586
325 809
325 969
326 409
326 515
326 545
326 693
326 734
326 823
326 824
326 917
327 462
327 500
327 768
327 804
327 806
327 866
328 491
328 531
328 593
328 644
328 698
328 916
328 934
329 478
329 531
329 810
329 870
330 542
330 715
330 736
330 737
330 974
331 366
331 591
331 742
331 781
331 853
331 894
331 929
332 579
332 667
332 806
332 831
332 861
333 370
333 520
333 564
333 610
333 761
333 763
333 781
333 823
333 912
333 936
333 966
334 369
334 380
334 444
334 504
334 661
334 951
335 466
335 517
335 535
335 539
335 565
335 703
335 874
335 942
336 421
336 425
336 440
336 449
336 740
336 761
336 843
336 898
337 914
338 511
338 616
338 642
338 660
338 662
338 719
338 987
339 513
339 581
339 589
339 664
339 678
339 705
339 789
339 881
339 919
340 442
340 450
340 685
340 721
340 739
340 783
341 562
341 693
341 768
341 811
342 408
342 522
342 525
342 746
342 759
342 848
343 476
343 564
343 621
343 708
343 719
343 724
343 757
343 779
343 814
343 923
344 831
344 845
344 932
344 956
345 398
345 423
345 457
345 485
345 513
345 625
345 760
345 777
345 873
345 924
346 771
346 960
347 815
347 906
347 962
348 408
348 468
348 481
348 535
348 736
348 756
348 795
348 865
348 892
348 972
349 767
349 960
350 357
350 383
350 400
350 409
350 457
350 463
350 626
350 674
350 731
350 842
350 866
351 727
351 830
351 852
351 879
351 985
351 997
352 457
352 530
352 600
352 617
352 676
352 850
352 927
353 493
353 520
353 598
353 743
353 905
353 988
354 418
354 601
354 735
354 776
354 847
354 995
355 735
355 842
355 925
355 938
355 970
356 390
356 441
356 731
356 762
356 764
356 960
357 678
357 681
357 704
357 743
358 388
358 430
358 514
358 556
358 682
358 760
358 789
358 867
358 912
358 960
359 369
359 507
359 770
359 993
360 501
360 595
360 607
360 646
360 767
360 770
360 778
360 938
361 535
361 554
361 677
361 737
361 844
361 847
361 916
362 489
362 562
362 767
362 892
363 402
363 410
363 475
363 931
363 942
364 429
364 565
364 600
364 603
364 609
364 611
364 644
364 651
364 716
364 804
364 910
364 952
365 436
365 690
365 990
366 564
366 599
367 371
367 607
367 732
367 738
367 764
367 903
367 947
367 973
368 426
368 599
368 717
368 864
369 412
369 638
369 732
369 744
369 803
369 905
370 462
370 787
370 963
371 447
371 460
371 733
371 949
372 411
372 426
372 556
372 567
372 734
372 777
372 861
372 875
373 413
373 488
373 548
373 646
373 702
373 728
373 748
373 758
373 768
373 770
373 938
374 493
374 542
374 788
374 827
375 425
375 488
375 490
375 608
375 825
375 859
376 406
376 435
376 536
376 571
376 638
376 669
376 670
376 711
376 910
376 964
377 388
377 682
377 745
377 981
377 984
378 453
378 625
378 695
378 741
378 761
378 830
378 863
379 422
379 429
379 658
379 685
379 722
379 730
379 809
379 851
379 872
379 886
379 932
380 463
380 509
380 544
380 750
380 778
380 789
380 866
380 893
381 453
381 466
381 566
381 636
381 733
381 833
381 856
381 935
381 975
381 988
381 990
382 419
382 869
382 932
383 516
383 519
383 536
383 718
383 863
383 965
384 389
384 549
384 609
384 705
384 864
384 890
384 966
384 985
385 402
385 467
385 684
385 701
385 790
385 835
386 389
386 522
386 553
386 585
386 681
386 775
387 634
387 807
388 416
388 424
388 542
388 624
388 827
389 418
389 510
389 525
389 535
389 565
389 638
389 643
389 724
389 808
390 434
390 446
390 612
390 675
390 696
390 723
390 739
390 779
390 994
390 998
391 693
392 533
392 627
392 909
393 483
393 632
393 986
394 461
394 870
394 896
395 507
395 518
395 550
395 777
395 803
395 851
396 503
396 675
396 742
396 772
396 811
396 935
397 622
398 499
398 724
398 787
398 833
398 843
399 422
399 463
399 470
399 492
399 682
399 738
399 821
399 833
399 926
399 946
400 465
400 812
400 888
400 954
401 586
401 712
402 495
402 747
403 595
403 671
403 681
403 720
403 782
403 844
403 944
404 418
404 500
404 578
404 661
404 668
404 717
404 759
404 906
404 984
405 417
405 505
405 668
405 751
405 931
405 985
406 411
406 431
406 567
406 600
406 864
406 984
407 441
407 665
407 907
408 469
408 706
408 709
408 732
408 744
408 747
408 749
408 784
408 800
409 586
409 638
409 762
409 959
409 988
409 989
409 991
410 419
410 429
410 491
410 756
410 870
410 968
410 979
411 433
411 487
411 577
411 594
411 716
411 728
412 480
412 593
412 689
412 812
412 878
413 465
413 505
413 548
413 731
414 601
414 639
414 648
414 743
414 788
414 795
414 993
415 523
415 588
415 862
416 533
416 685
416 692
416 807
416 888
416 908
417 527
417 756
417 904
417 948
418 544
418 641
418 682
418 727
418 871
418 890
418 919
418 972
419 446
419 672
419 782
419 837
419 856
420 442
420 544
420 615
420 619
420 736
420 795
420 846
421 448
421 740
422 467
422 710
422 789
422 887
423 514
423 730
423 837
424 498
424 568
424 631
424 720
425 439
425 475
425 477
425 502
425 534
425 802
425 971
426 540
426 556
426 717
426 792
427 506
427 519
427 718
427 833
428 430
428 462
429 464
429 826
429 858
429 862
430 478
430 561
430 593
430 782
430 783
430 927
431 488
431 672
431 846
432 537
432 613
432 628
432 970
433 463
433 481
433 731
433 737
433 802
434 647
434 703
434 802
435 724
436 702
436 899
436 967
437 671
437 688
437 689
437 690
437 782
437 846
437 926
437 971
438 497
438 653
438 802
438 827
438 875
439 553
439 752
439 857
439 918
440 486
440 707
440 839
440 874
440 884
440 900
440 995
441 473
441 617
441 632
441 635
441 647
442 443
442 447
442 475
442 482
442 502
442 531
442 540
442 549
442 719
442 952
443 449
443 586
443 719
443 749
443 774
443 786
444 759
444 887
444 919
444 988
445 486
445 543
445 685
445 702
445 891
446 464
446 621
446 743
446 850
446 872
446 953
447 479
447 575
447 657
447 812
447 832
447 839
448 476
448 509
448 753
448 865
448 886
448 893
448 919
449 569
449 694
449 695
449 833
449 878
450 501
450 555
450 602
450 841
451 539
451 813
451 846
451 855
451 856
451 863
451 874
452 524
452 587
452 679
452 702
452 706
452 707
452 796
453 517
453 586
453 593
453 611
453 630
453 751
453 884
454 521
454 621
454 707
454 887
454 975
455 537
455 551
455 733
455 815
455 881
456 477
456 602
456 688
456 713
457 541
457 667
457 678
457 731
457 964
457 983
457 992
458 558
458 630
458 713
458 856
459 752
459 836
459 848
460 515
460 696
460 816
460 837
460 913
461 548
461 662
461 756
461 813
461 866
461 972
462 507
462 566
462 661
462 751
462 809
462 911
462 952
463 570
463 627
463 674
463 874
464 738
464 809
464 845
464 924
465 562
465 604
466 472
466 518
466 825
466 836
466 982
466 985
467 485
467 496
467 608
467 671
467 758
467 863
467 927
468 512
468 820
468 876
468 906
469 478
469 525
469 900
470 547
470 659
470 682
470 719
470 856
470 894
471 628
471 689
471 706
471 718
471 896
471 980
472 522
472 538
472 663
472 738
472 770
472 862
473 523
473 533
473 566
473 593
473 697
473 715
473 735
473 783
473 856
474 570
474 723
474 920
474 927
475 488
475 545
475 687
475 763
475 877
475 887
475 924
475 962
476 540
476 614
476 692
476 806
476 866
477 570
477 606
477 707
478 479
478 486
478 577
478 597
478 615
478 753
478 784
478 831
478 899
478 921
479 927
480 503
480 555
480 563
480 614
480 687
480 694
480 710
480 778
480 924
480 925
480 948
480 959
481 493
481 550
481 747
482 768
482 804
482 997
483 488
483 743
483 886
483 976
484 578
484 911
485 498
485 502
485 605
485 612
485 717
485 789
485 843
485 920
486 565
486 795
486 799
486 834
486 859
486 919
486 936
486 997
487 608
487 648
487 735
487 750
487 769
487 822
488 585
488 675
489 634
489 864
489 889
489 963
490 505
490 684
490 937
490 945
491 498
491 517
491 575
491 654
491 672
491 739
491 745
491 786
491 858
491 988
492 629
492 932
493 583
493 595
493 619
493 651
493 818
493 940
494 558
494 587
494 623
494 705
494 719
494 927
494 981
495 518
495 548
495 609
495 653
495 663
495 720
495 812
495 986
495 996
496 607
496 811
496 858
496 877
496 926
496 935
497 559
497 643
497 819
497 899
497 942
497 963
497 985
498 761
498 850
499 957
499 999
500 585
500 967
501 509
501 517
501 596
501 614
501 676
501 745
501 911
501 930
502 567
502 617
502 859
503 582
503 597
503 663
503 668
504 846
504 927
504 946
504 984
505 601
505 647
505 705
505 847
506 593
506 619
506 680
506 729
506 899
507 839
507 941
507 977
508 569
508 630
508 723
508 810
508 884
508 914
508 966
509 701
509 807
510 578
510 832
510 926
511 652
511 664
511 747
511 858
512 561
512 748
512 771
512 891
512 983
512 996
513 646
513 855
513 910
513 946
514 545
514 667
514 715
514 860
514 903
514 904
515 612
515 622
515 641
515 672
515 695
515 815
515 816
515 823
515 831
515 850
515 879
515 984
516 582
516 643
516 648
516 901
517 531
517 706
517 745
517 837
517 912
518 541
518 628
518 642
518 693
518 726
518 743
518 848
518 875
518 968
519 569
519 715
519 848
519 891
519 984
520 561
520 948
521 548
521 741
521 845
521 954
522 640
522 712
522 766
522 832
522 837
522 843
522 877
522 916
523 973
524 701
524 854
524 967
524 973
525 572
525 753
526 540
526 797
526 919
527 629
527 636
527 682
527 833
527 834
528 635
528 653
528 697
528 741
528 750
528 754
528 869
529 700
529 831
529 963
529 969
530 557
530 617
530 650
530 739
530 765
530 998
531 548
531 741
531 868
531 940
531 944
532 770
532 774
532 793
532 907
533 538
533 634
533 798
533 905
533 908
534 606
534 840
534 871
534 902
534 987
535 606
535 648
535 659
535 704
535 847
535 890
535 974
535 995
536 574
536 607
537 567
537 760
537 819
537 836
537 875
537 889
538 570
538 576
538 621
538 648
538 672
538 689
538 696
538 742
538 819
538 865
538 875
539 560
539 806
539 860
539 951
539 959
539 963
540 576
540 741
540 815
540 827
541 546
541 557
541 641
541 906
542 581
542 598
542 683
542 998
543 593
543 911
544 754
544 816
544 827
544 890
545 580
545 654
545 929
545 972
546 735
546 916
547 564
547 765
547 811
547 819
547 960
548 968
549 592
549 600
549 621
549 670
549 723
550 672
550 723
550 817
550 978
551 605
551 619
551 803
551 947
552 713
552 729
552 768
552 904
552 931
553 579
553 591
553 658
553 754
553 889
554 811
554 900
554 913
556 571
556 766
556 893
557 695
557 766
557 899
558 560
558 725
558 752
558 935
558 940
559 601
559 638
559 876
559 971
560 569
560 676
560 850
561 697
561 738
561 787
561 876
561 934
562 664
562 792
562 853
562 956
564 729
564 740
564 769
565 587
565 622
565 684
565 714
565 754
565 788
565 916
566 631
566 693
566 799
566 803
566 882
566 908
566 922
567 575
567 588
567 593
567 714
567 720
567 748
567 777
567 890
567 938
568 680
568 742
568 961
569 601
569 718
569 733
569 749
570 796
570 849
571 578
571 693
571 704
571 718
571 832
571 935
571 964
572 924
573 663
573 693
573 730
573 797
573 860
573 928
574 612
574 669
574 767
574 905
574 961
575 621
575 754
575 873
575 928
575 939
576 578
576 625
576 771
576 778
576 932
577 693
577 838
577 900
577 934
578 583
578 587
578 792
578 852
578 936
578 941
579 643
579 684
579 696
579 776
579 799
579 869
579 897
579 907
579 909
579 942
580 633
580 691
580 722
580 857
580 958
581 659
581 923
582 821
583 633
583 679
583 841
583 949
584 619
584 699
584 707
584 748
584 969
585 587
585 643
585 656
585 709
585 867
585 888
585 889
586 874
586 899
586 906
586 954
587 754
587 860
588 632
588 650
588 844
589 741
590 697
591 752
591 763
591 845
591 943
592 659
592 711
592 757
592 881
593 807
593 860
593 946
593 965
593 988
594 604
594 673
594 827
594 830
594 928
594 952
595 829
595 930
595 952
595 991
596 833
596 991
596 994
597 626
597 645
597 697
597 774
597 997
598 602
598 715
598 727
598 800
599 641
599 909
599 959
599 975
600 727
600 735
600 861
600 903
600 992
602 656
602 660
602 892
603 629
603 863
604 743
604 874
605 635
605 687
605 712
605 999
606 624
606 678
606 812
606 826
606 844
606 927
606 969
607 678
607 836
607 955
607 971
608 704
608 905
608 949
608 964
609 718
609 830
609 842
609 853
609 925
610 728
610 768
610 873
610 962
610 964
611 708
611 802
611 881
611 967
612 616
612 671
612 929
613 791
613 890
613 984
614 666
614 732
614 971
615 779
615 974
616 789
616 836
616 896
616 926
617 778
617 852
618 796
619 620
619 633
619 801
619 814
619 815
619 872
620 734
620 912
621 658
621 943
621 957
622 637
622 798
622 987
622 995
623 749
623 890
623 905
623 925
623 958
624 628
624 714
624 792
624 961
624 996
625 657
625 767
625 842
625 879
625 986
626 659
626 846
626 892
626 963
626 985
626 996
627 722
627 858
627 964
628 647
628 758
628 981
629 828
630 765
630 802
630 897
631 779
631 831
631 879
631 911
632 783
632 952
632 974
633 643
633 663
633 893
633 899
634 979
635 640
635 710
635 794
635 802
635 851
635 873
636 644
636 674
636 753
637 727
637 891
637 898
637 903
637 935
638 702
638 777
638 952
639 691
639 755
639 789
639 974
639 981
640 725
640 974
641 664
641 744
641 787
641 871
642 763
642 791
642 800
642 813
643 655
643 868
643 885
643 921
644 730
644 784
644 815
644 831
644 855
644 993
645 753
645 778
646 811
646 985
647 666
647 734
647 765
647 839
647 883
647 983
648 718
648 859
648 952
649 877
649 970
650 660
650 820
650 873
651 734
651 795
651 907
651 936
651 960
651 972
652 658
652 693
652 768
652 808
652 916
652 922
653 718
653 865
653 880
653 914
654 831
654 903
654 937
654 996
655 775
655 792
655 934
656 710
656 912
657 702
657 928
658 772
658 806
659 781
659 784
659 816
660 727
660 824
660 861
660 953
660 972
660 997
661 719
661 877
661 882
662 732
662 773
662 884
662 931
663 674
663 678
663 951
663 952
663 991
664 775
664 781
664 792
664 850
664 881
664 930
665 671
665 924
665 929
665 958
665 990
665 998
666 899
667 727
667 766
667 906
668 733
668 777
668 818
668 907
669 675
669 682
669 701
671 713
671 805
671 838
671 887
671 900
671 930
672 699
672 994
673 789
673 947
674 742
674 793
675 759
675 810
675 880
675 897
676 701
676 884
677 685
677 691
677 953
678 707
678 773
678 792
678 797
678 832
678 848
679 752
680 721
680 771
680 939
681 737
682 716
682 760
682 787
682 813
682 848
683 888
683 889
684 827
684 900
684 914
684 971
685 860
685 879
685 891
686 705
686 914
687 738
687 804
688 945
689 718
689 980
691 874
691 885
691 903
691 933
692 811
692 878
692 978
692 983
693 724
693 908
694 742
694 791
694 874
694 914
695 861
696 772
696 870
696 928
696 970
696 977
697 778
697 882
697 896
697 958
697 970
698 748
698 816
698 819
699 712
700 741
700 778
700 797
700 907
700 918
701 901
701 951
702 911
703 774
703 794
703 799
703 876
703 899
704 884
704 905
704 960
706 724
706 779
706 807
706 862
706 876
706 942
706 944
707 860
707 913
707 984
708 784
708 838
708 987
709 746
710 843
710 848
710 942
710 982
711 743
711 848
711 857
711 973
712 739
712 776
712 987
712 988
712 998
713 721
714 784
714 834
714 900
715 988
716 833
716 881
716 887
716 889
717 770
717 771
717 781
717 782
717 898
719 726
719 873
720 957
720 987
720 999
721 739
721 768
721 815
721 991
722 935
722 971
723 874
723 887
723 914
723 947
723 974
723 993
724 735
724 812
724 872
724 915
724 980
725 818
725 925
726 802
726 917
726 997
727 848
727 906
727 956
728 873
729 794
729 968
730 843
731 777
731 846
731 848
731 924
731 965
732 916
732 956
732 988
733 815
733 859
734 809
735 765
735 804
735 872
735 988
736 828
736 835
738 846
738 914
738 960
739 869
739 929
740 787
740 819
740 879
740 905
740 972
741 897
742 798
742 847
742 889
742 993
743 852
744 832
744 836
744 872
744 914
745 832
746 921
746 927
746 983
747 884
747 995
748 755
748 979
749 796
749 860
749 915
749 976
749 989
750 770
750 814
751 763
751 764
751 879
751 973
752 842
753 951
753 977
754 782
754 788
755 784
755 792
755 822
755 852
756 760
756 808
756 908
756 915
757 779
757 817
759 830
759 842
760 818
760 842
760 927
760 982
761 762
761 978
762 778
762 843
762 893
763 973
764 878
765 886
765 910
766 812
767 797
767 965
768 806
768 973
769 945
770 829
772 858
772 879
772 895
773 852
773 899
773 964
774 852
774 861
774 880
775 970
775 984
776 834
776 943
777 845
777 886
777 949
777 981
778 920
779 918
780 801
780 880
781 863
781 883
781 900
781 933
782 934
782 986
783 972
785 808
785 928
785 938
786 904
787 804
787 879
787 968
788 958
788 985
790 940
791 891
792 843
793 860
794 993
795 886
795 920
796 797
796 904
796 935
797 808
797 867
798 915
798 926
799 808
800 907
800 926
800 994
801 859
801 870
801 985
801 986
802 887
803 813
804 856
804 946
805 866
806 829
806 876
808 890
808 896
808 987
809 856
809 887
809 888
809 903
809 995
809 996
810 831
810 916
811 849
812 854
812 951
813 952
813 972
813 974
814 839
814 840
815 835
817 844
818 855
818 942
819 876
820 827
820 843
820 900
821 889
821 908
821 940
822 911
823 964
824 830
824 875
824 939
825 926
825 955
826 828
826 831
826 837
826 870
827 850
827 872
827 887
827 894
829 930
829 987
830 873
830 935
831 880
831 931
831 945
832 880
833 960
833 972
834 845
834 862
835 861
836 920
836 956
836 970
836 991
836 997
837 882
837 954
839 873
840 938
840 996
842 994
843 875
843 969
846 954
846 999
847 868
847 918
848 852
848 950
849 989
850 888
851 900
851 912
851 983
851 994
852 926
852 949
853 997
854 992
856 870
856 894
856 954
858 999
859 924
859 982
860 887
863 874
866 922
866 965
868 999
869 926
869 970
870 922
870 966
873 933
873 979
875 889
875 954
877 980
877 989
878 934
878 990
878 992
880 940
883 934
884 926
885 982
885 984
886 952
886 978
888 930
888 934
892 904
894 916
896 899
896 999
897 947
899 923
901 929
901 946
903 920
903 962
904 963
905 936
906 946
907 951
908 945
910 913
910 923
911 986
913 928
913 929
913 967
916 969
918 990
921 948
921 980
922 932
923 924
923 958
924 993
925 971
927 965
928 945
935 984
936 984
937 944
939 975
941 958
942 966
944 991
945 948
945 998
946 975
947 999
949 974
950 980
958 998
959 976
961 988
965 999
966 975
971 974
971 990
974 989
974 997
976 995
980 987
0
10 999
