1000	5026	 1
0 26
0 167
0 176
0 337
0 515
0 552
0 612
0 722
0 899
0 923
0 990
1 37
1 99
1 131
1 146
1 184
1 238
1 250
1 493
1 577
1 638
1 660
1 675
1 721
1 884
1 894
1 919
2 51
2 157
2 318
2 329
2 393
2 425
2 582
2 828
3 65
3 171
3 182
3 219
3 432
3 637
3 802
3 893
3 960
3 989
4 16
4 74
4 139
4 168
4 536
4 569
4 655
5 15
5 169
5 334
5 414
5 417
5 904
6 12
6 90
6 116
6 232
6 318
6 614
6 638
6 881
7 64
7 341
7 543
7 639
7 688
7 782
7 898
7 963
8 62
8 147
8 211
8 356
8 482
8 904
8 917
8 997
9 94
9 155
9 345
9 582
9 602
9 757
9 768
9 841
9 942
9 984
10 285
10 297
10 308
10 313
10 562
10 591
10 659
10 790
10 961
10 999
11 20
11 24
11 197
11 378
11 605
11 719
11 998
12 192
12 479
12 561
12 635
12 678
12 762
12 931
13 26
13 68
13 156
13 212
13 353
13 365
13 427
13 432
13 509
13 592
13 637
13 799
14 81
14 151
14 157
14 187
14 216
14 392
14 427
14 489
14 527
14 644
14 775
14 865
14 899
14 903
14 971
15 20
15 31
15 70
15 89
15 206
15 322
15 667
15 715
15 786
15 828
16 518
16 533
16 653
16 705
16 803
17 42
17 139
17 197
17 228
17 290
17 384
17 626
17 769
17 772
17 973
18 123
18 190
18 246
18 259
18 522
18 631
18 688
18 747
18 748
18 812
18 886
19 152
19 157
19 247
19 268
19 388
19 489
19 553
19 679
19 726
19 932
20 46
20 116
20 138
20 396
20 401
20 404
20 530
20 710
20 937
20 959
21 26
21 188
21 202
21 324
21 363
21 682
21 732
21 746
21 946
22 50
22 105
22 233
22 242
22 292
22 300
22 302
22 324
22 487
22 604
22 768
22 854
22 880
23 54
23 91
23 151
23 261
23 401
23 450
23 526
23 574
23 733
23 782
23 783
23 836
23 847
24 346
24 429
24 547
24 703
24 813
24 994
25 222
25 492
25 524
25 587
25 608
25 621
25 653
25 852
25 872
25 905
25 946
26 53
26 157
26 420
26 425
26 456
26 632
26 801
27 100
27 372
27 405
27 546
27 646
27 711
27 781
27 941
27 956
28 52
28 386
28 411
28 536
28 548
28 918
28 986
29 156
29 162
29 213
29 419
29 483
29 617
29 632
29 641
29 923
30 78
30 96
30 133
30 297
30 321
30 431
30 436
30 964
31 43
31 133
31 159
31 226
31 345
31 448
31 566
31 841
31 876
32 83
32 208
32 279
32 498
32 532
32 665
32 826
32 884
32 990
33 234
33 424
33 443
33 667
33 710
33 783
33 799
33 875
34 72
34 275
34 279
34 304
34 368
34 371
34 422
34 480
34 726
34 771
34 812
34 857
34 883
34 898
34 951
34 960
35 94
35 108
35 130
35 292
35 459
35 486
35 541
35 693
35 778
36 292
36 356
36 747
36 879
36 885
37 73
37 161
37 253
37 289
37 358
37 390
37 567
37 608
37 640
37 841
37 904
38 86
38 258
38 360
38 433
38 594
38 714
38 755
38 764
38 854
38 908
39 232
39 348
39 368
39 485
39 673
39 787
39 981
40 280
40 332
40 590
40 686
40 969
41 170
41 294
41 399
41 661
42 119
42 210
42 295
42 333
42 774
42 832
42 987
43 342
43 553
44 529
44 628
44 670
44 720
44 758
44 888
45 147
45 282
45 351
45 388
45 422
45 430
45 471
45 691
45 743
45 880
46 73
46 97
46 108
46 551
46 563
46 762
46 852
46 942
47 208
47 226
47 233
47 263
47 353
47 615
47 647
47 751
47 848
47 901
47 907
48 56
48 60
48 62
48 349
48 468
48 479
48 816
48 829
48 942
48 995
49 59
49 211
49 257
49 265
49 281
49 284
49 401
49 498
49 748
49 753
49 802
49 859
50 258
50 279
50 451
50 683
50 737
50 748
50 751
50 934
50 957
51 52
51 164
51 179
51 364
51 417
51 501
51 523
51 617
51 867
51 895
52 110
52 185
52 191
52 393
52 505
52 578
52 652
52 687
52 710
52 720
53 142
53 173
53 193
53 293
53 299
53 319
53 337
53 355
53 408
53 593
53 654
53 673
53 704
53 720
53 727
53 906
53 920
54 63
54 333
54 375
54 541
54 809
54 929
54 959
54 961
55 117
55 283
55 284
55 642
55 658
55 660
55 800
56 253
56 310
56 471
56 546
56 595
56 710
56 779
57 149
57 270
57 355
57 440
57 481
57 670
57 728
57 738
57 847
57 903
57 906
58 104
58 286
58 326
58 339
58 369
58 374
58 423
58 458
58 557
58 606
58 620
58 655
58 711
58 836
59 93
59 146
59 396
59 428
59 471
59 542
59 609
59 642
59 645
59 743
59 813
59 925
60 255
60 328
60 349
60 550
60 835
60 836
60 895
60 901
61 256
61 418
61 432
61 440
61 521
61 545
61 721
61 727
61 869
61 951
62 132
62 136
62 152
62 219
62 244
62 458
62 466
62 601
62 725
62 894
63 74
63 117
63 200
63 339
63 360
63 387
63 390
63 471
63 472
63 564
63 610
63 773
63 802
63 900
64 85
64 262
64 325
64 487
64 518
64 538
64 752
64 796
64 841
64 889
65 83
65 535
65 719
65 790
65 830
65 925
65 955
66 94
66 168
66 262
66 364
66 368
66 586
66 936
67 68
67 91
67 148
67 155
67 198
67 220
67 396
67 482
67 703
67 711
67 764
67 796
67 970
67 983
68 79
68 282
68 304
68 398
68 479
68 502
68 735
68 751
69 100
69 170
69 241
69 264
69 338
69 350
69 393
69 432
69 465
69 630
69 726
69 760
70 366
70 373
70 458
70 823
70 883
70 884
70 950
70 991
70 998
71 114
71 135
71 225
71 232
71 268
71 333
71 397
71 623
71 679
71 692
71 951
71 993
72 77
72 274
72 410
72 462
72 468
72 479
72 498
72 636
72 812
72 828
72 896
73 213
73 229
73 455
73 552
73 660
73 703
73 766
73 799
73 869
73 944
74 78
74 117
74 160
74 344
74 367
74 409
74 856
74 945
75 151
75 185
75 336
75 483
75 549
75 595
75 729
75 778
75 799
76 231
76 345
76 379
76 538
76 584
76 622
76 718
76 817
77 140
77 258
77 336
77 337
77 386
77 412
77 992
78 204
78 224
78 258
78 280
78 467
78 790
78 899
78 933
79 246
79 247
79 377
79 619
79 647
79 779
79 816
79 863
79 881
79 906
79 941
80 90
80 147
80 255
80 593
80 671
80 718
80 741
80 749
80 762
80 841
80 844
80 874
81 100
81 249
81 277
81 359
81 366
81 516
81 938
82 224
82 681
82 741
82 768
82 871
82 985
82 990
83 165
83 421
83 497
83 513
83 647
83 650
83 761
83 853
83 871
83 935
84 212
84 573
84 713
84 748
84 780
84 901
84 944
84 957
85 196
85 242
85 250
85 440
85 492
85 511
85 553
85 554
85 562
85 604
85 933
86 224
86 331
86 354
86 441
86 447
86 470
86 481
86 488
86 700
86 810
86 861
86 870
86 924
86 954
86 965
87 124
87 241
87 296
87 388
87 667
87 738
87 926
87 931
88 156
88 216
88 236
88 485
88 567
88 604
88 633
88 665
88 893
89 197
89 202
89 303
89 330
89 336
89 405
89 583
89 823
89 861
90 131
90 158
90 173
90 330
90 336
90 390
90 450
90 685
90 722
90 773
91 204
91 362
91 372
91 394
91 595
92 303
92 304
92 396
92 398
92 437
92 679
93 135
93 178
93 221
93 222
93 385
93 420
93 498
93 585
93 603
93 897
93 935
94 176
94 345
94 422
94 527
94 736
94 772
94 813
94 926
95 110
95 191
95 225
95 275
95 380
95 407
95 718
95 799
95 846
95 875
96 120
96 171
96 230
96 320
96 463
96 565
96 587
96 600
96 618
96 621
96 663
96 950
97 146
97 222
97 274
97 510
97 641
97 646
97 757
97 779
97 794
97 901
97 925
98 446
98 670
98 684
98 841
98 881
98 917
98 925
99 129
99 180
99 424
99 516
99 732
99 953
99 989
100 117
100 195
100 214
100 271
100 324
100 355
100 419
100 464
100 500
100 565
100 665
100 721
100 733
100 976
101 203
101 566
101 682
101 738
101 747
101 756
101 759
101 926
101 943
101 972
101 976
102 120
102 205
102 299
102 533
102 547
102 676
102 742
102 749
102 872
103 126
103 308
103 489
103 492
103 559
103 580
103 672
103 759
103 765
103 818
103 840
104 168
104 206
104 231
104 342
104 469
104 632
104 642
104 661
104 805
104 925
105 118
105 379
105 507
105 531
105 782
105 820
105 837
105 941
106 177
106 236
106 426
106 511
106 559
106 585
107 112
107 200
107 251
107 318
107 351
107 474
107 478
107 603
107 669
107 813
107 961
108 133
108 313
108 358
108 374
108 377
108 400
108 599
108 637
108 682
108 858
108 923
109 420
109 883
109 957
110 261
110 579
110 768
110 789
110 917
110 948
111 154
111 226
111 278
111 316
111 331
111 605
111 621
111 724
111 845
111 980
112 237
112 373
112 674
112 715
112 836
112 936
112 978
112 992
113 137
113 187
113 221
113 228
113 465
113 648
113 651
113 669
113 786
113 843
113 990
114 224
114 509
114 547
114 551
114 758
114 916
115 123
115 201
115 218
115 324
115 631
115 938
116 159
116 236
116 512
116 640
116 643
116 663
116 764
116 897
116 963
117 565
117 590
117 702
117 880
117 909
118 128
118 391
118 401
118 476
118 479
118 491
118 496
118 503
118 622
118 652
118 985
119 181
119 185
119 421
119 496
119 569
119 877
120 183
120 229
120 307
120 317
120 685
120 759
120 858
120 897
120 984
121 161
121 167
121 215
121 412
121 593
121 612
121 619
121 756
121 923
122 348
122 372
122 378
122 516
122 765
122 826
122 863
123 202
123 237
123 458
123 591
123 923
123 974
124 195
124 225
124 283
124 285
124 287
124 377
124 399
124 427
124 695
124 743
124 938
125 290
125 310
125 406
125 463
125 558
125 565
125 579
125 583
125 594
125 809
125 907
125 969
126 203
126 338
126 367
126 638
126 864
126 893
127 143
127 149
127 163
127 204
127 406
127 448
127 458
127 742
127 773
127 780
127 782
127 809
127 906
127 940
127 963
127 968
127 996
128 151
128 374
128 408
128 418
128 433
128 502
128 544
128 631
128 720
128 796
129 172
129 372
129 408
129 469
129 524
129 548
129 583
129 751
130 284
130 348
130 501
130 540
130 715
130 789
130 905
130 925
131 133
131 640
131 659
131 686
131 756
131 762
131 956
131 966
131 975
132 145
132 169
132 215
132 255
132 333
132 335
132 567
132 587
132 653
132 664
132 738
132 796
132 815
132 892
132 981
133 146
133 154
133 313
133 368
133 384
133 504
133 654
133 701
133 783
133 815
133 817
134 204
134 220
134 574
134 608
134 629
134 682
134 765
134 766
134 769
134 900
135 416
135 498
135 507
135 609
135 645
135 677
135 837
135 862
135 884
135 904
136 262
136 490
136 500
136 521
136 603
136 692
136 697
136 723
136 781
136 833
136 980
136 982
137 310
137 318
137 321
137 345
137 569
137 614
137 718
137 842
137 964
137 990
138 161
138 219
138 271
138 325
138 393
138 409
138 478
138 495
138 723
138 909
139 246
139 267
139 285
139 378
139 389
139 422
139 423
139 454
139 614
139 670
139 760
139 762
139 942
140 396
140 424
140 492
140 511
140 704
140 857
141 189
141 236
141 253
141 530
141 695
141 712
141 740
141 870
142 234
142 277
142 316
142 636
142 792
142 954
142 984
143 232
143 261
143 298
143 439
143 542
143 604
143 642
143 649
143 774
144 349
144 387
144 521
144 527
144 591
144 781
144 996
145 254
145 289
145 479
145 601
145 780
145 800
145 832
145 878
145 906
145 934
145 947
146 301
146 398
146 421
146 959
146 965
147 317
147 385
147 458
147 480
147 550
147 588
147 608
147 625
147 675
147 765
147 782
147 950
148 245
148 433
148 521
148 745
148 830
148 910
148 953
149 162
149 466
149 531
149 650
149 817
149 837
150 318
150 361
150 449
150 575
150 782
150 865
150 954
151 169
151 192
151 250
151 290
151 342
151 384
151 417
151 495
151 628
151 906
152 262
152 382
152 643
152 719
152 768
152 802
152 817
152 833
152 893
152 996
153 187
153 241
153 308
153 384
153 474
153 478
153 491
153 701
153 759
153 770
153 830
153 839
153 871
153 966
154 579
154 677
154 781
154 875
154 940
155 235
155 311
155 376
155 543
155 544
155 562
156 432
156 654
156 790
156 839
156 984
156 993
157 192
157 290
157 418
157 480
157 819
157 855
157 899
157 938
158 397
158 494
158 536
158 873
158 940
158 972
159 179
159 345
159 432
159 499
159 523
159 652
159 803
160 238
160 260
160 331
160 341
160 347
160 613
160 619
160 633
160 635
160 720
161 352
161 370
161 404
161 445
161 548
161 669
161 756
162 328
162 397
162 414
162 548
162 742
162 849
162 968
162 969
162 983
163 239
163 369
163 370
163 646
163 721
163 930
163 955
164 179
164 564
164 633
164 731
165 188
165 213
165 384
165 836
165 892
165 931
165 980
166 205
166 371
166 577
166 643
166 661
166 713
166 886
167 248
167 256
167 639
167 826
167 879
167 928
168 193
168 421
168 517
168 549
168 631
168 746
168 875
168 921
169 242
169 247
169 485
169 820
169 851
169 904
170 245
170 509
170 542
170 557
170 786
170 879
171 532
171 603
171 605
171 611
171 623
171 734
171 771
171 840
171 924
171 977
172 335
172 549
172 758
172 769
172 808
172 858
173 205
173 239
173 242
173 254
173 450
173 500
173 611
173 763
174 258
174 531
174 902
174 934
175 417
175 496
175 582
175 588
175 601
175 632
175 678
176 177
176 453
176 591
176 681
176 986
177 189
177 195
177 213
177 452
177 578
177 582
177 584
177 588
177 637
177 853
177 868
178 205
178 262
178 280
178 283
178 293
178 492
178 516
178 535
178 694
178 729
178 763
178 772
179 244
179 395
179 405
179 555
179 690
179 986
180 259
180 475
180 497
180 560
180 631
180 738
181 251
181 270
181 362
181 440
181 461
181 564
181 710
181 846
181 948
182 360
182 420
182 505
182 576
182 577
182 778
182 923
183 235
183 310
183 437
183 441
183 615
183 713
183 818
183 952
183 992
184 190
184 215
184 312
184 367
184 441
184 517
184 572
184 674
184 692
184 841
184 943
185 313
185 351
185 438
185 531
185 680
185 710
185 991
186 523
186 524
186 542
186 616
186 674
186 785
187 355
187 389
187 464
187 545
187 875
187 889
187 960
188 777
188 874
188 964
189 214
189 218
189 275
189 711
189 793
189 829
190 246
190 267
190 292
190 323
190 447
190 472
190 546
190 571
190 657
190 774
190 913
190 919
190 960
190 991
191 252
191 380
191 401
191 491
191 502
191 854
191 873
191 972
192 379
192 411
192 421
192 491
192 535
192 772
193 350
193 374
193 587
193 621
193 722
193 772
193 789
194 211
194 340
194 347
194 370
194 400
194 605
194 628
194 716
194 936
194 943
194 965
195 516
195 665
195 673
195 680
195 724
195 783
195 954
196 257
196 312
196 553
196 685
196 800
196 816
196 934
197 215
197 590
197 771
197 921
198 287
198 385
198 485
198 486
198 513
198 601
198 641
198 724
198 823
199 290
199 314
199 346
199 502
199 532
199 589
199 605
199 623
199 886
199 909
200 282
200 351
200 514
200 692
200 705
200 778
200 795
200 831
200 894
201 427
201 459
201 527
201 532
201 595
201 776
201 831
202 228
202 288
202 465
202 528
202 529
202 539
202 592
202 770
202 995
203 243
203 341
203 579
204 265
204 384
204 655
204 947
205 252
205 438
205 472
205 527
205 578
205 804
205 808
205 895
205 958
206 621
206 816
207 384
207 456
207 703
207 775
207 970
207 995
208 230
208 384
208 494
208 630
208 643
208 785
208 847
208 884
209 269
209 307
209 426
209 592
209 922
210 227
210 323
210 394
210 495
210 572
210 619
210 720
210 821
210 901
210 911
211 685
211 743
211 766
211 948
211 950
212 436
212 464
212 523
212 635
212 651
212 683
213 313
213 468
213 502
213 528
213 547
213 707
213 909
213 992
214 294
214 333
214 334
214 513
214 523
214 553
214 788
215 347
215 425
215 679
215 708
215 715
215 938
215 978
216 247
216 260
216 348
216 476
216 488
216 538
216 545
216 572
216 957
217 321
217 503
217 554
217 708
217 754
217 778
217 779
217 795
217 934
217 942
218 224
218 286
218 340
218 345
218 817
218 921
218 965
219 417
219 456
219 582
219 724
219 752
219 905
219 933
220 282
220 346
220 475
220 501
220 531
220 656
220 737
221 262
221 483
221 492
221 777
221 912
221 976
221 980
221 987
222 248
222 286
222 314
222 358
222 362
222 414
222 460
222 555
222 703
222 757
222 848
222 849
223 270
223 428
223 470
223 541
223 654
223 865
223 907
223 911
223 956
224 587
224 630
224 751
224 760
224 765
225 392
225 440
225 565
225 603
225 631
225 690
225 703
225 746
225 960
226 239
226 245
226 576
226 675
226 678
226 793
226 884
227 263
227 285
227 346
227 446
227 462
227 645
227 646
227 947
227 993
228 275
228 284
228 337
228 355
228 437
228 610
228 683
228 756
228 801
228 846
228 900
228 983
229 270
229 307
229 403
229 418
229 435
229 763
229 907
230 285
230 453
230 655
230 781
231 372
231 375
231 411
231 430
231 516
231 662
231 675
231 707
231 776
232 236
232 313
232 496
232 510
232 756
232 849
233 381
233 404
233 452
233 483
233 520
233 608
233 629
233 681
233 816
233 926
234 314
234 420
234 553
234 566
234 716
234 937
234 941
234 994
235 536
235 600
235 761
235 801
235 803
235 831
235 920
236 282
236 409
236 490
236 495
236 582
236 624
236 635
236 956
237 343
237 511
237 701
237 736
237 888
237 891
237 896
237 934
237 960
238 329
238 349
238 593
238 625
238 689
238 704
238 735
238 792
239 392
239 412
239 492
239 531
239 674
239 693
239 695
239 728
239 830
240 279
240 304
240 315
240 546
240 667
240 708
240 755
240 776
240 910
240 979
241 531
241 569
241 646
241 650
241 857
241 897
241 919
242 296
242 298
242 347
242 404
242 443
242 471
242 646
242 648
242 699
242 749
242 826
242 860
243 345
243 465
243 512
243 542
243 601
243 612
243 670
243 706
243 775
243 859
244 694
244 795
244 926
244 995
245 263
245 337
245 385
245 464
245 663
245 858
245 892
245 939
246 297
246 299
246 608
246 656
246 957
247 467
247 600
247 617
247 771
247 819
248 408
248 477
248 495
248 530
248 538
248 596
248 993
249 740
249 862
249 933
250 383
250 413
250 630
250 768
250 774
250 870
250 948
251 315
251 600
251 626
251 655
251 762
251 986
252 283
252 439
252 446
252 647
252 655
252 673
252 696
252 703
252 754
252 825
252 969
253 333
253 448
253 450
253 495
253 737
253 818
253 878
253 888
253 919
253 982
254 467
254 486
254 648
254 654
254 682
254 739
254 884
254 907
255 291
255 358
255 459
255 579
256 473
256 495
256 876
256 909
256 912
256 960
257 260
257 271
257 290
257 420
257 429
257 476
257 547
257 548
257 603
257 795
257 863
258 349
258 364
258 667
258 709
258 796
258 918
258 935
259 431
259 559
259 612
259 613
259 626
259 706
259 745
259 863
260 394
260 456
260 641
260 658
260 848
260 924
261 315
261 407
261 427
261 582
261 723
261 752
261 832
261 877
261 878
262 336
262 365
262 384
262 500
262 549
262 557
262 607
262 621
262 772
262 970
263 287
263 325
263 675
263 759
263 850
264 337
264 470
264 725
264 819
264 833
264 863
264 891
265 278
265 292
265 370
265 444
265 470
265 484
265 512
265 540
265 794
265 906
266 468
266 579
266 580
266 630
266 636
267 395
267 423
267 473
267 565
267 735
267 815
268 313
268 447
268 524
268 774
268 906
268 966
269 332
269 411
269 924
270 356
270 527
270 571
270 661
270 675
270 686
270 765
270 784
270 921
271 354
271 450
271 523
271 987
272 382
272 390
272 533
272 534
272 628
272 777
272 820
272 940
272 944
273 359
273 387
273 487
273 563
273 688
273 693
273 798
273 944
274 320
274 429
274 481
274 490
274 690
274 747
274 817
274 838
274 839
274 867
274 939
274 956
274 974
275 277
275 353
275 357
275 365
275 410
275 443
275 497
275 513
275 638
275 698
275 699
275 768
276 278
276 392
276 399
276 465
276 489
276 701
277 551
277 867
277 991
277 992
278 289
278 308
278 506
278 666
278 787
278 837
278 887
278 933
279 428
279 497
279 544
279 547
279 571
279 889
279 947
279 955
279 961
280 329
280 412
280 467
280 542
280 609
280 651
280 689
280 761
281 371
281 646
281 729
281 778
281 927
281 938
282 383
282 461
282 473
282 718
282 858
282 928
282 961
283 404
283 503
283 612
283 671
283 681
283 700
283 748
283 808
283 825
283 965
284 502
284 613
284 636
284 662
284 894
284 972
285 312
285 327
285 346
285 347
285 609
285 727
286 528
286 651
286 719
286 731
286 811
286 902
286 932
287 327
287 366
287 666
287 713
287 773
287 796
287 850
287 851
288 298
288 392
288 393
288 418
288 547
288 737
288 860
289 290
289 322
289 437
289 457
289 504
289 533
289 843
289 856
290 363
290 436
290 583
290 691
290 711
290 724
290 881
291 341
291 360
291 688
291 728
291 756
291 843
292 304
292 338
292 398
292 447
292 495
292 788
292 790
293 355
293 360
293 382
293 418
293 530
293 594
293 666
293 866
293 968
294 336
294 442
294 461
294 525
294 850
294 965
294 994
295 296
295 350
295 366
295 390
295 623
295 721
295 741
295 928
295 945
295 971
296 363
296 416
296 548
296 559
296 727
296 877
297 315
297 367
297 481
297 567
297 587
297 817
297 863
297 941
297 962
298 586
298 599
298 690
298 711
298 714
298 723
298 937
299 311
299 464
299 471
299 599
299 749
300 518
300 521
300 550
300 601
300 645
300 898
300 901
300 907
300 970
301 655
301 935
301 984
302 372
302 469
302 487
302 579
302 805
302 948
303 306
303 327
303 436
303 533
303 541
303 724
303 830
303 832
303 854
303 888
304 467
304 475
304 507
304 523
304 540
304 566
304 816
305 510
305 592
305 665
305 722
305 729
305 791
306 414
306 656
306 762
306 769
306 857
306 861
306 918
306 992
307 356
307 381
307 555
307 587
307 613
307 639
307 661
307 720
307 858
307 975
308 314
308 541
308 749
308 788
308 829
308 930
309 324
309 384
309 414
309 534
309 567
310 426
310 571
310 598
310 703
310 802
310 847
310 857
310 859
310 969
310 973
310 992
311 335
311 407
311 747
311 750
311 877
311 886
311 904
312 638
312 640
312 763
312 892
313 330
313 411
313 475
313 602
313 772
314 437
314 705
314 772
314 863
315 567
315 622
316 440
316 525
316 575
316 877
316 954
317 337
317 381
317 507
317 513
317 623
317 646
317 650
317 684
317 716
317 856
317 970
317 984
318 463
318 627
318 629
318 816
318 917
319 390
319 404
319 407
319 572
319 630
319 699
319 745
319 753
319 826
319 881
319 888
320 332
320 484
320 521
320 666
320 715
320 730
320 739
321 664
321 844
321 876
321 913
322 327
322 347
322 495
322 555
322 611
322 745
322 768
322 777
322 778
322 895
323 474
323 586
323 609
323 663
323 767
323 931
324 407
324 494
324 566
324 587
324 726
324 771
324 947
324 989
325 511
325 621
325 749
325 871
326 348
326 354
326 587
326 609
326 644
326 702
326 763
326 767
326 880
327 437
327 861
328 404
328 476
328 500
328 744
328 830
328 962
328 978
329 340
329 341
329 469
329 597
329 712
329 730
329 788
329 885
330 386
330 405
330 673
330 867
331 617
331 672
331 678
331 698
331 739
332 348
332 524
332 552
332 681
332 802
333 397
333 517
333 774
333 846
333 874
333 947
333 987
334 519
334 630
334 648
334 709
334 716
334 727
334 832
334 906
335 367
335 584
335 611
335 728
335 797
336 507
336 665
336 675
336 758
336 896
337 401
337 694
337 952
338 375
338 669
338 852
338 963
339 357
339 403
339 427
339 470
339 526
339 544
339 559
339 751
340 421
340 435
340 585
340 650
340 705
340 733
340 791
340 798
340 845
340 856
340 886
340 897
341 440
341 504
341 691
341 715
341 764
341 800
341 944
342 573
342 664
342 694
342 704
342 858
342 895
342 982
343 506
343 608
343 615
343 737
343 799
343 810
343 993
344 370
344 449
344 554
344 802
344 853
344 907
345 384
345 468
345 504
345 559
345 591
345 611
345 781
345 821
345 879
345 926
345 970
345 997
346 354
346 588
346 612
346 689
346 824
346 910
346 973
346 993
347 543
347 723
347 735
347 743
347 798
348 456
348 490
348 527
348 554
348 574
348 592
348 627
348 810
348 885
348 919
348 952
348 971
348 976
349 447
349 494
349 667
349 701
350 441
350 442
350 498
350 902
351 528
351 570
351 577
351 685
351 690
351 823
351 824
351 860
351 864
351 942
352 464
352 526
352 533
352 561
352 839
352 909
352 935
353 506
353 667
353 679
353 709
353 833
354 470
354 492
354 518
354 562
354 647
354 828
354 833
355 438
355 563
355 576
355 729
355 754
355 776
355 863
355 880
356 564
356 780
356 919
356 999
357 453
357 486
357 770
357 948
357 976
358 449
358 709
358 831
359 419
359 436
359 508
359 531
359 775
359 893
360 370
360 481
360 668
360 685
360 717
360 738
360 828
360 894
360 899
360 949
361 365
361 561
361 582
361 739
361 815
362 374
362 458
362 460
362 582
362 719
362 895
363 455
363 476
363 532
363 597
363 614
363 682
363 910
363 920
364 594
364 679
364 696
364 735
365 536
365 572
365 645
365 653
365 677
365 691
365 820
365 961
365 996
366 428
366 537
366 547
366 735
366 862
366 866
366 911
366 913
367 446
367 468
367 480
367 697
367 750
367 803
367 889
367 951
368 449
368 548
368 594
368 627
368 889
369 609
369 662
369 830
370 521
370 522
370 574
370 636
370 861
370 880
370 966
371 408
371 623
371 801
371 834
372 469
372 524
372 574
372 687
372 759
372 833
372 881
372 895
372 913
372 964
373 484
373 671
373 876
373 919
374 395
374 870
375 480
375 582
375 857
376 597
376 625
376 649
376 749
376 780
376 782
376 861
376 906
376 954
377 439
377 615
377 616
377 716
377 802
377 857
377 860
377 907
378 453
378 513
378 522
378 603
379 580
379 624
379 889
379 921
379 951
380 560
380 813
380 998
381 441
381 586
381 678
381 717
381 790
381 865
381 870
382 399
382 490
382 687
382 701
382 804
382 854
382 988
383 415
383 493
383 567
383 773
383 797
383 867
383 945
384 387
384 407
384 571
384 628
384 689
385 388
385 451
385 655
385 744
385 755
385 830
386 395
386 477
386 516
386 608
386 621
386 757
386 778
386 897
386 914
387 392
387 455
387 518
387 872
387 940
388 668
388 686
388 723
388 726
388 818
389 492
389 691
389 727
389 747
390 420
390 542
390 559
390 732
390 759
390 845
390 967
390 985
391 422
391 783
392 511
392 689
392 716
392 855
393 497
393 511
393 544
393 558
393 636
393 917
393 961
394 622
394 709
394 714
394 919
394 993
395 431
395 618
395 795
395 820
395 885
396 423
396 584
396 634
396 644
396 948
396 976
396 993
397 590
397 652
397 814
397 873
397 884
397 978
397 980
398 419
398 488
398 508
398 523
398 618
398 730
398 744
398 748
398 854
399 436
399 541
399 728
399 754
400 584
400 605
400 749
400 754
400 973
400 991
401 437
401 598
401 855
401 949
402 622
402 649
402 766
402 770
402 795
402 843
402 991
403 524
403 543
403 655
403 710
403 744
404 458
404 502
404 553
404 689
404 714
404 752
404 805
404 830
404 999
405 610
405 777
405 857
405 916
405 924
406 427
406 565
406 610
406 770
406 828
406 940
406 969
407 463
407 619
407 674
407 847
407 897
407 915
408 444
408 693
408 780
408 813
408 990
409 460
409 546
409 878
410 505
410 555
410 608
410 613
410 699
410 788
410 816
411 446
411 657
411 866
411 918
411 952
412 647
412 739
412 836
412 896
412 920
413 449
413 639
413 683
413 761
413 893
413 929
413 976
414 437
414 685
414 701
414 809
415 520
415 758
415 845
415 913
415 992
416 493
416 533
416 779
416 826
416 888
416 920
416 960
417 421
417 588
417 599
417 712
417 812
417 940
417 996
418 460
418 479
418 646
418 668
418 735
418 771
418 946
418 964
418 965
419 517
419 719
419 762
420 513
420 518
420 532
420 652
420 811
421 485
421 904
421 935
421 960
421 988
422 538
422 815
422 835
422 837
422 997
423 629
423 807
423 923
424 729
424 797
424 826
424 866
424 902
424 924
425 446
425 468
425 471
425 642
425 791
425 813
425 848
426 542
426 716
426 806
426 818
426 910
426 984
427 445
427 511
427 535
427 791
428 497
428 503
428 594
428 812
428 933
428 940
429 692
429 748
429 883
429 907
429 921
429 924
429 969
430 504
430 644
430 682
431 439
431 520
431 566
431 603
431 667
431 869
431 873
431 992
432 454
432 501
432 540
432 574
432 641
432 772
432 786
433 595
433 598
433 716
433 928
433 983
434 616
434 677
434 703
434 709
434 749
434 844
435 499
435 534
435 535
435 547
435 563
435 951
436 544
436 549
436 569
436 625
436 632
436 802
436 965
436 987
437 441
437 534
437 651
437 697
437 806
437 843
437 879
437 928
437 944
437 948
437 983
438 495
438 499
438 813
438 924
439 533
439 556
439 592
439 597
439 784
440 589
440 658
440 709
440 825
440 952
441 581
441 630
441 664
441 746
442 487
442 502
442 516
442 522
442 649
442 696
442 882
443 480
443 580
443 592
443 725
443 732
443 823
443 852
444 639
444 642
444 718
444 756
444 855
444 916
445 447
445 572
445 597
445 742
445 790
445 902
446 460
446 494
446 511
446 720
446 757
446 914
446 969
447 570
447 642
447 655
447 992
448 495
448 667
448 831
448 929
448 959
450 501
450 705
450 727
451 466
451 498
451 500
451 532
451 712
451 788
451 838
452 492
452 564
452 635
452 738
452 798
452 812
452 861
452 959
452 962
453 527
453 545
453 547
453 569
453 636
453 647
453 721
453 874
454 559
454 692
454 767
454 817
454 832
454 927
455 681
455 802
455 830
456 515
456 681
456 797
456 874
456 932
456 947
457 708
457 881
457 884
457 990
458 511
458 548
458 697
458 701
459 478
459 654
459 682
459 781
459 815
459 958
459 984
460 484
460 502
460 528
460 580
460 634
460 769
460 773
460 776
460 848
460 948
461 474
461 478
461 630
461 844
461 861
461 901
462 507
462 576
462 716
462 756
462 819
462 910
463 512
463 574
463 671
463 839
463 843
463 857
463 916
463 978
463 986
464 544
464 548
464 563
464 592
464 706
464 768
465 530
465 612
465 691
465 785
466 848
466 987
467 468
467 540
467 829
467 925
468 554
468 651
468 754
468 943
468 947
468 958
469 552
469 865
469 875
469 970
470 540
470 589
470 667
470 783
470 908
470 936
470 975
471 493
471 514
471 520
471 530
471 558
471 676
471 765
471 876
471 896
471 953
472 789
472 986
473 693
473 954
474 516
474 522
474 564
474 565
474 591
474 900
474 985
475 546
475 754
475 879
475 886
475 921
475 932
476 605
476 695
476 700
476 801
477 548
477 576
477 944
478 562
478 593
478 722
478 902
479 513
479 631
479 738
480 566
480 604
480 648
480 665
480 734
480 804
480 971
481 522
481 670
481 703
481 746
481 759
481 805
481 824
482 542
482 983
482 998
483 569
483 633
483 668
483 746
483 793
483 858
483 863
484 525
484 539
484 552
484 617
484 656
484 728
484 742
484 810
484 831
484 891
484 931
484 949
485 673
485 756
485 803
485 864
485 927
486 664
486 696
486 843
486 863
487 503
487 657
487 730
487 734
487 755
488 523
488 650
488 705
488 746
488 766
488 770
488 789
489 551
489 587
489 666
490 721
490 737
490 772
490 809
490 836
490 878
490 956
491 618
491 628
491 644
491 680
491 841
491 956
492 504
492 556
492 674
492 778
492 823
492 894
493 497
493 607
493 615
493 689
493 763
493 783
493 802
494 589
494 720
494 777
494 786
494 919
495 561
495 601
495 610
495 657
495 671
495 731
496 584
496 600
496 608
496 775
496 837
496 934
496 963
496 991
497 524
497 606
497 681
497 717
497 725
497 739
497 910
498 538
498 560
498 576
498 672
498 762
498 765
498 930
499 636
499 818
499 943
500 502
500 685
500 699
500 740
500 844
500 849
500 955
501 681
501 723
501 903
501 997
502 680
502 754
502 834
503 535
503 610
503 670
503 741
503 753
503 765
504 560
504 667
504 928
505 604
505 614
505 677
505 714
505 770
505 917
506 620
506 725
506 751
506 796
506 848
506 888
506 937
507 521
507 546
507 551
507 588
507 665
507 678
507 822
507 973
508 526
508 549
508 578
508 727
508 929
508 960
509 913
510 677
510 802
510 977
511 550
511 666
511 727
511 866
512 554
512 557
512 606
512 609
512 715
512 801
513 558
513 560
513 615
513 782
513 924
513 928
514 521
514 544
514 762
514 817
514 832
515 550
515 649
515 794
515 827
515 886
515 901
515 925
515 931
515 957
515 985
516 742
516 749
516 808
516 815
516 939
516 955
517 708
518 665
518 745
518 768
518 828
518 940
518 944
519 663
519 686
519 709
519 732
519 885
520 669
520 713
520 898
520 978
520 981
521 594
521 604
521 612
521 769
521 813
521 905
521 977
522 528
522 537
522 697
522 768
522 814
522 816
523 685
523 771
523 803
523 821
523 911
524 645
524 695
524 801
524 905
525 628
525 809
525 941
525 995
526 550
526 581
526 679
526 739
526 750
526 874
526 959
527 537
527 589
527 602
527 982
527 995
528 786
528 933
528 981
529 536
529 570
529 661
529 771
529 933
529 972
529 986
529 992
530 546
530 563
530 770
530 828
530 866
530 978
531 581
532 582
532 585
532 592
532 639
532 889
532 962
533 556
533 621
533 758
533 786
533 792
533 863
533 952
533 957
534 613
534 621
534 668
534 690
534 767
534 871
535 537
535 583
535 605
535 622
535 675
535 899
535 934
536 611
536 615
537 667
538 571
538 609
538 630
538 737
538 785
538 936
538 971
539 635
539 655
540 556
540 723
540 782
541 770
541 777
541 867
542 650
542 719
542 799
542 961
543 633
543 648
543 684
543 750
543 765
543 781
544 632
544 743
544 788
544 797
544 836
544 878
545 595
545 664
545 814
545 852
546 550
546 707
546 816
546 991
547 551
547 707
547 757
547 764
547 854
547 863
548 840
549 723
550 561
550 822
550 847
550 965
550 983
550 985
551 607
551 655
551 724
551 754
551 809
551 939
552 627
552 691
552 852
553 623
553 665
553 669
553 697
553 801
553 901
553 932
554 625
554 689
554 719
554 791
554 938
554 958
554 977
555 798
555 833
555 954
556 624
556 786
556 847
556 990
557 672
557 799
557 844
557 861
557 970
558 580
558 591
558 875
559 645
559 671
559 905
559 988
560 586
560 643
560 703
560 866
561 578
561 595
561 737
561 835
562 599
562 683
562 721
562 737
562 818
562 833
562 986
563 668
564 603
564 690
564 741
564 840
564 843
565 590
565 615
565 684
565 800
565 994
566 570
566 602
566 825
566 885
566 911
567 717
567 812
567 898
567 937
568 577
568 652
568 896
568 908
568 927
569 591
569 801
569 866
569 903
569 918
570 581
570 812
570 994
570 997
571 657
571 682
571 826
571 918
571 920
573 635
573 697
573 707
573 730
573 814
573 831
573 836
573 903
573 910
573 953
574 659
574 672
574 709
574 746
575 592
575 650
575 711
575 769
575 975
576 694
576 726
576 780
577 580
577 688
578 796
578 806
578 828
578 974
579 911
580 582
580 619
580 741
580 792
580 850
580 855
580 863
580 878
581 876
581 971
582 596
582 889
582 945
583 623
583 657
583 700
583 785
583 934
583 935
583 948
584 590
584 605
584 724
584 826
584 987
585 696
585 846
585 931
585 975
586 604
586 725
586 732
586 817
586 888
586 895
586 936
587 600
587 930
587 956
588 689
588 740
588 885
588 962
588 981
589 607
589 625
589 641
589 929
589 942
590 670
590 793
590 823
590 874
590 989
591 742
591 808
591 826
592 614
592 626
592 660
592 711
592 914
593 789
593 881
593 954
594 625
594 681
594 726
594 767
594 785
594 793
595 853
595 921
596 687
596 733
596 768
596 786
596 926
596 954
596 982
596 984
597 673
597 690
597 769
597 792
597 847
597 978
598 696
598 741
598 927
598 984
599 717
599 727
599 738
599 837
599 902
600 746
600 776
600 863
600 985
601 609
601 748
601 864
601 883
602 785
602 988
603 610
603 694
603 748
603 968
604 686
604 911
605 635
605 681
605 855
605 857
606 760
606 840
606 921
606 956
607 610
607 661
607 724
607 882
607 905
608 655
608 702
608 721
608 848
608 867
608 902
609 614
609 636
609 993
610 753
610 890
611 762
611 788
611 832
611 898
611 910
612 768
612 937
612 954
612 968
613 689
613 717
613 903
613 977
613 999
614 666
614 746
614 836
614 852
614 879
614 898
615 706
615 759
615 797
615 819
615 842
616 676
616 946
617 646
617 834
617 921
618 691
618 778
618 826
619 623
619 634
619 670
619 803
619 881
620 707
620 719
620 771
621 682
621 686
621 723
622 713
622 817
622 859
622 904
622 911
622 981
623 667
623 744
623 947
624 631
624 732
624 736
624 826
625 949
626 697
626 736
626 758
626 838
626 878
627 631
627 725
627 748
627 866
627 883
627 944
627 963
627 997
628 895
628 979
628 994
629 686
629 695
629 735
629 794
629 801
629 812
630 695
630 967
631 684
631 740
631 833
631 903
631 919
631 996
632 812
632 914
633 731
633 792
633 837
633 931
634 685
634 991
635 647
635 772
635 969
636 681
636 787
636 897
636 922
637 732
637 931
638 679
638 767
638 781
638 840
638 911
638 992
639 815
639 905
640 699
640 797
641 708
641 759
641 765
641 895
641 921
641 944
642 748
642 764
642 908
642 914
642 927
642 970
643 679
643 844
643 909
643 916
644 663
644 695
645 656
645 748
645 767
645 878
645 976
647 804
647 821
647 875
647 905
647 962
647 979
648 777
648 825
648 896
648 906
648 932
649 823
650 959
651 791
651 831
651 894
651 994
652 684
652 758
652 768
652 895
652 934
653 683
653 717
653 719
653 823
654 743
654 769
654 784
654 960
655 895
656 711
656 742
656 777
656 829
657 826
658 810
658 852
658 949
658 951
659 903
659 970
659 973
660 688
660 716
660 890
660 926
660 956
660 979
661 783
661 784
661 793
661 954
662 673
663 737
663 770
663 781
664 703
664 707
664 752
664 766
664 788
664 794
664 844
664 856
664 864
664 912
664 957
665 755
665 852
665 922
666 722
666 888
666 895
666 924
667 670
667 780
667 831
667 839
668 695
668 722
668 886
669 753
669 788
669 988
669 992
670 694
670 717
670 829
670 963
671 819
671 897
671 977
671 980
672 822
673 884
673 922
675 684
675 879
675 923
675 956
676 718
676 719
676 759
676 816
676 871
676 908
676 910
676 913
678 683
678 802
678 870
678 892
678 895
679 698
679 822
679 880
679 951
680 971
680 982
681 791
681 978
682 700
682 859
682 989
683 697
683 847
683 905
684 702
684 807
684 849
684 897
684 909
684 912
685 830
686 699
687 743
687 786
687 790
687 848
687 891
687 940
688 838
688 943
689 811
689 819
689 917
689 962
690 708
690 723
690 752
690 781
690 885
690 968
691 764
691 842
692 962
693 771
693 809
693 939
693 971
693 982
693 990
693 995
695 884
696 761
696 861
696 913
696 972
697 782
697 810
697 872
698 940
699 749
699 859
699 871
699 885
699 966
700 809
700 817
700 822
700 871
700 980
700 984
701 872
701 935
701 939
701 982
702 759
702 912
702 934
702 945
702 983
703 770
703 845
703 936
704 880
704 909
704 919
704 988
705 767
705 795
705 850
705 951
706 750
707 768
707 845
707 896
707 914
707 933
709 829
709 993
710 904
710 931
711 757
711 848
711 966
712 828
712 843
712 855
713 753
713 813
713 860
713 874
713 972
714 873
714 977
715 722
716 719
716 748
716 792
716 888
716 895
716 970
717 734
717 747
717 812
717 970
717 982
717 994
718 851
718 926
718 985
719 835
719 999
720 851
720 977
721 883
722 867
722 883
722 889
722 890
722 918
723 746
723 912
723 914
723 990
724 728
724 845
724 847
725 731
725 795
725 834
725 973
726 805
726 856
726 868
726 887
726 894
727 830
727 863
727 926
727 932
728 783
728 835
728 969
729 855
729 892
730 761
730 797
730 860
730 875
730 884
730 932
730 941
730 952
731 770
731 801
731 900
732 815
732 984
732 991
733 988
734 860
734 879
734 907
734 937
734 951
734 957
734 976
735 916
736 853
737 982
738 761
738 953
739 995
740 791
740 801
740 972
741 746
741 749
742 875
742 918
742 925
744 875
744 947
744 983
744 991
745 759
745 783
746 841
747 789
748 845
748 859
748 883
748 968
748 990
749 846
749 870
749 925
750 859
750 985
751 811
752 772
752 778
752 786
752 851
752 901
753 869
754 822
754 964
754 999
755 930
755 931
755 968
755 999
756 877
756 892
756 976
757 784
757 847
757 901
757 921
758 833
760 847
761 936
762 870
762 888
762 910
763 893
764 768
764 834
764 902
764 983
765 825
765 831
765 872
766 787
767 863
767 906
767 978
768 786
768 920
770 970
771 780
771 819
771 851
771 893
771 950
772 846
772 918
774 942
775 830
775 849
775 973
776 880
776 897
777 778
777 815
777 900
777 962
778 878
778 882
778 918
779 814
779 949
780 909
780 982
780 988
781 925
781 951
782 899
783 924
783 976
784 804
784 948
785 824
786 870
787 923
788 988
789 809
789 964
790 945
791 962
792 815
792 866
793 827
793 962
793 964
793 983
794 997
795 870
795 910
795 932
795 947
796 852
796 932
797 936
798 896
798 918
800 834
800 960
801 892
801 900
802 838
802 873
802 965
802 982
803 836
803 875
803 904
803 926
803 979
804 831
804 836
804 856
804 891
804 895
804 955
804 987
805 835
805 866
805 887
805 955
805 964
806 875
807 852
807 996
808 843
808 877
808 907
808 980
809 827
809 853
809 869
811 877
811 907
811 972
811 979
812 817
812 830
814 815
814 938
815 819
816 937
816 965
816 969
818 827
818 871
818 872
819 933
819 955
821 839
821 963
821 988
823 851
823 871
823 878
823 886
823 948
824 889
825 843
825 912
825 916
825 988
826 983
827 852
828 835
828 880
828 964
828 981
829 885
829 994
829 995
830 840
830 894
830 915
830 921
831 939
832 840
832 934
833 878
833 890
833 935
834 839
835 973
835 992
836 878
836 940
836 960
837 930
837 969
837 996
838 985
838 991
838 994
840 873
840 889
840 890
840 955
840 982
841 849
841 911
841 930
842 897
842 898
842 978
842 987
844 902
844 913
844 933
845 873
845 918
846 967
846 999
848 921
848 997
849 996
850 858
850 861
850 934
850 942
851 898
852 883
852 898
852 926
852 940
853 941
854 897
854 902
855 874
855 923
855 925
856 886
856 988
857 868
858 937
858 976
860 865
860 887
863 898
863 941
863 975
864 873
864 965
865 883
865 938
866 871
866 896
867 933
867 939
869 900
869 902
870 932
870 961
870 985
872 891
872 905
872 927
873 912
873 997
874 913
874 922
874 945
874 982
875 914
875 978
875 981
878 979
879 915
880 965
880 969
880 993
881 954
882 949
882 958
884 989
884 999
885 996
885 997
886 923
886 983
888 986
889 895
890 976
891 940
895 898
895 969
896 939
896 979
899 908
901 916
901 976
902 942
902 950
903 931
904 919
904 948
904 950
904 955
906 985
907 935
907 958
909 945
909 953
910 921
910 997
911 929
915 935
915 948
916 956
916 993
917 930
917 955
917 975
921 964
926 932
927 950
928 986
929 959
929 971
930 972
931 954
932 981
938 981
941 944
942 962
943 958
945 951
945 998
946 948
951 981
955 965
955 981
957 966
969 984
971 982
974 996
977 996
983 990
988 993
0
10 999
