1000	5050	 1
0 166
0 328
0 410
0 582
0 619
0 666
0 819
0 854
1 87
1 127
1 194
1 195
1 208
1 348
1 541
1 659
1 824
1 838
1 964
2 206
2 377
2 578
2 738
2 804
2 853
2 925
3 116
3 237
3 386
3 441
3 510
3 530
3 728
3 935
3 991
4 186
4 194
4 229
4 400
4 609
4 834
4 848
4 854
4 960
5 28
5 210
5 313
5 318
5 322
5 336
5 412
5 462
5 469
5 657
5 702
5 742
5 829
5 869
5 875
5 921
5 928
6 33
6 95
6 205
6 277
6 393
6 565
6 604
6 617
6 743
6 853
6 923
6 934
7 84
7 116
7 119
7 125
7 192
7 219
7 495
7 514
7 592
8 12
8 93
8 163
8 294
8 357
8 471
8 563
8 701
8 816
8 854
8 995
9 71
9 169
9 170
9 332
9 374
9 489
9 526
9 533
9 549
9 550
9 644
9 733
9 773
9 776
10 147
10 217
10 327
10 336
11 108
11 245
11 288
11 308
11 353
11 431
11 433
11 696
11 874
12 36
12 90
12 141
12 175
12 353
12 354
12 400
12 582
12 628
12 662
12 671
12 850
12 933
12 936
12 941
13 18
13 86
13 171
13 182
13 299
13 401
13 650
13 948
13 980
14 48
14 53
14 100
14 195
14 322
14 332
14 421
14 451
14 596
14 621
14 767
14 789
14 821
14 893
14 896
14 974
15 115
15 162
15 262
15 403
15 603
15 731
15 755
15 956
16 154
16 185
16 186
16 259
16 320
16 421
16 433
16 505
16 737
16 772
16 885
16 896
17 183
17 410
17 753
17 816
17 962
17 992
18 42
18 333
18 404
18 443
18 447
18 525
18 648
18 774
18 968
19 31
19 43
19 64
19 98
19 191
19 638
19 935
20 51
20 379
20 432
20 460
20 462
20 606
20 818
21 23
21 49
21 157
21 170
21 421
21 544
21 573
21 655
21 769
21 782
21 822
21 931
22 90
22 150
22 186
22 188
22 313
22 350
22 373
22 409
22 544
22 671
22 689
22 692
22 791
22 882
23 230
23 271
23 312
23 445
23 623
23 814
23 837
23 962
24 153
24 256
24 362
24 609
24 682
24 763
24 943
24 952
25 80
25 90
25 99
25 154
25 509
25 571
25 656
25 761
25 867
25 978
25 990
26 58
26 142
26 163
26 295
26 442
26 511
26 518
26 562
26 624
26 841
26 863
27 108
27 226
27 270
27 272
27 490
27 511
27 514
27 516
27 524
27 545
27 734
27 796
27 932
28 47
28 149
28 173
28 241
28 252
28 519
28 557
28 576
28 616
28 653
28 686
28 773
28 795
28 811
28 826
28 876
28 984
29 96
29 182
29 402
29 532
29 690
29 718
30 73
30 78
30 143
30 184
30 201
30 211
30 370
30 437
30 565
30 621
30 767
30 783
30 956
31 44
31 197
31 223
31 421
31 432
31 502
31 818
31 843
31 899
32 77
32 122
32 227
32 230
32 243
32 404
32 492
32 585
32 989
33 69
33 315
33 467
33 579
33 623
33 653
33 696
33 854
34 44
34 51
34 88
34 241
34 307
34 428
34 499
34 514
34 595
34 680
34 686
34 890
34 900
35 47
35 65
35 125
35 126
35 175
35 220
35 232
35 264
35 448
35 526
35 632
35 690
35 702
35 755
35 777
35 897
35 916
36 107
36 137
36 296
36 331
36 473
36 514
36 579
36 800
36 956
37 146
37 229
37 238
37 297
37 414
37 612
38 90
38 271
38 637
38 899
38 901
38 905
38 907
38 972
39 63
39 71
39 160
39 697
39 746
39 815
39 865
40 96
40 208
40 251
40 308
40 392
40 409
40 546
40 667
40 832
40 885
40 894
41 52
41 102
41 215
41 449
41 450
41 534
41 555
41 607
41 625
41 749
41 999
42 74
42 107
42 192
42 391
42 491
42 534
42 730
42 863
43 121
43 148
43 169
43 173
43 200
43 888
44 184
44 262
44 440
44 481
44 535
44 553
44 629
44 699
44 724
44 825
44 849
45 61
45 300
45 338
45 374
45 420
45 469
45 722
45 725
45 735
45 866
45 893
45 925
46 277
46 360
46 444
46 450
46 542
46 747
46 862
46 911
46 914
47 392
47 441
47 494
47 544
47 562
47 802
47 809
47 867
47 912
47 926
48 50
48 63
48 90
48 172
48 218
48 508
48 524
48 531
48 561
48 588
48 879
48 928
49 88
49 95
49 111
49 384
49 389
49 427
49 672
49 682
49 717
49 920
50 133
50 151
50 170
50 242
50 370
50 415
50 448
50 610
50 929
51 340
51 417
51 469
51 583
51 681
51 692
51 720
51 832
52 140
52 187
52 285
52 618
52 691
52 842
52 889
53 280
53 281
53 338
53 512
53 614
53 642
53 776
53 817
53 955
54 339
54 546
54 553
54 659
54 688
54 764
54 890
55 258
55 310
55 311
55 409
55 438
55 607
55 652
55 826
56 73
56 135
56 174
56 205
56 329
56 468
56 477
56 548
56 553
56 559
56 683
56 693
57 133
57 167
57 782
57 802
57 890
57 983
58 86
58 126
58 190
58 342
58 356
58 385
58 690
58 992
59 118
59 151
59 177
59 205
59 296
59 378
59 431
59 524
59 582
59 631
59 645
59 660
59 789
59 823
59 835
60 233
60 516
60 730
60 856
60 889
61 99
61 136
61 210
61 321
61 378
61 416
61 453
61 471
61 517
61 582
61 721
61 995
62 117
62 148
62 280
62 284
62 323
62 406
62 430
62 444
62 446
62 453
62 918
63 120
63 167
63 190
63 222
63 375
63 438
63 524
63 526
63 590
63 876
64 111
64 261
64 293
64 416
64 520
64 551
64 554
64 929
64 949
64 982
65 127
65 248
65 359
65 369
65 392
65 432
65 455
65 466
65 543
65 632
65 688
65 738
65 771
65 844
65 967
66 405
66 429
66 497
66 575
66 639
66 762
66 831
66 863
66 864
66 941
66 995
67 92
67 109
67 242
67 244
67 315
67 375
67 429
67 941
68 149
68 181
68 313
68 574
68 592
68 771
68 808
68 818
68 938
69 83
69 208
69 225
69 251
69 275
69 565
69 764
69 859
69 915
70 328
70 334
70 351
70 371
70 429
70 552
70 554
70 602
70 631
70 793
70 857
70 859
71 142
71 388
71 571
71 660
71 825
71 834
71 837
71 894
71 899
71 903
72 112
72 216
72 309
72 542
73 123
73 237
73 272
73 334
73 337
73 531
73 732
73 863
73 970
74 94
74 303
74 329
74 471
74 481
74 630
74 740
74 992
75 88
75 287
75 421
75 517
75 628
75 663
75 750
75 775
75 914
76 394
76 416
76 448
76 665
76 714
76 772
76 886
76 892
77 112
77 132
77 198
77 217
77 584
77 650
77 677
77 751
77 762
78 166
78 248
78 265
78 292
78 328
78 553
78 731
78 942
79 370
79 488
79 547
79 632
79 696
79 932
79 960
80 108
80 201
80 219
80 285
80 376
80 583
80 595
80 863
81 102
81 263
81 282
81 389
81 709
81 790
81 872
81 911
81 956
82 248
82 287
82 376
82 451
82 498
82 560
82 593
82 864
82 894
82 924
82 928
83 219
83 225
83 335
83 449
83 460
83 584
83 586
83 608
83 759
83 868
83 909
83 942
84 158
84 229
84 355
84 427
84 786
84 791
84 932
85 101
85 165
85 350
85 432
85 782
85 817
85 989
86 130
86 222
86 298
86 339
86 890
86 897
86 956
87 216
87 594
87 748
87 753
87 796
87 812
87 839
88 125
88 226
88 255
88 256
88 292
88 327
88 712
88 728
88 758
88 767
88 815
88 847
88 943
89 131
89 341
89 417
89 514
89 536
89 736
89 805
90 154
90 155
90 258
90 365
90 404
90 519
90 645
90 731
90 804
90 844
90 900
90 933
90 984
91 223
91 261
91 286
91 318
91 372
91 395
91 432
91 470
91 479
91 482
91 490
91 568
91 711
91 879
92 218
92 516
92 672
92 675
92 719
92 882
92 945
93 142
93 145
93 184
93 483
93 513
93 640
93 941
93 988
94 190
94 678
94 791
94 855
94 870
95 147
95 273
95 738
95 810
95 946
96 171
96 351
96 368
96 450
96 586
96 702
96 778
96 789
96 795
96 863
97 107
97 153
97 188
97 218
97 240
97 325
97 484
97 487
97 501
97 749
97 788
97 820
97 934
97 954
98 219
98 339
98 434
98 529
98 582
98 627
98 768
98 835
99 111
99 190
99 238
99 509
99 564
99 622
99 722
99 727
99 729
99 815
99 868
100 204
100 215
100 221
100 293
100 362
100 374
100 713
100 716
100 743
100 935
101 299
101 318
101 492
101 635
101 650
101 730
101 731
101 830
101 909
102 153
102 686
102 788
102 911
102 956
103 116
103 273
103 367
103 476
103 647
103 769
103 830
104 125
104 225
104 784
104 805
104 923
104 933
105 195
105 303
105 676
105 776
105 800
105 833
105 887
106 176
106 230
106 243
106 297
106 427
106 447
106 463
106 508
106 790
106 894
106 999
107 262
107 271
107 284
107 407
107 496
107 668
108 118
108 350
108 415
108 436
108 549
108 603
108 608
108 654
108 678
108 809
109 441
109 667
109 925
109 999
110 215
110 487
110 494
110 539
110 683
110 692
110 726
110 736
110 801
110 868
111 216
111 228
111 243
111 378
111 487
111 495
111 520
111 579
111 601
112 113
112 126
112 443
112 553
112 560
112 573
112 620
112 730
112 733
112 880
112 949
113 140
113 205
113 523
113 653
113 792
113 820
113 833
113 888
113 913
113 990
113 993
114 207
114 494
114 589
114 918
114 970
114 975
115 162
115 315
115 320
115 355
115 611
115 665
115 884
115 905
115 925
116 167
116 204
116 242
116 424
116 434
116 535
116 537
116 619
116 741
117 360
117 382
117 511
117 563
117 707
117 861
117 979
118 439
118 558
118 619
118 628
118 692
118 703
118 768
118 854
118 908
118 954
118 967
118 975
119 170
119 217
119 344
119 440
119 475
119 605
119 933
120 346
120 788
120 967
121 179
121 180
121 226
121 446
121 759
121 767
121 812
121 859
121 970
122 236
122 316
122 341
122 549
122 920
123 322
123 323
123 493
123 649
123 761
124 357
124 622
124 744
124 941
124 989
125 174
125 423
125 457
125 524
125 525
125 547
125 554
125 574
125 596
125 669
125 926
125 974
126 398
126 415
126 576
126 720
126 750
126 887
126 915
127 658
127 779
127 824
128 158
128 225
128 474
128 483
128 708
128 716
128 780
128 870
129 204
129 411
129 503
129 550
129 683
129 697
129 699
129 716
129 917
130 187
130 210
130 252
130 308
130 441
130 557
130 754
130 863
130 867
130 889
131 134
131 238
131 257
131 260
131 278
131 348
131 365
131 485
132 200
132 252
132 269
132 383
132 427
132 469
132 478
132 642
132 656
132 850
132 865
132 917
132 927
133 218
133 313
133 394
133 491
133 679
133 733
133 764
133 806
133 818
134 238
134 295
134 364
134 461
134 475
134 528
134 565
134 629
134 737
134 952
135 327
135 333
135 497
135 499
135 506
135 510
135 656
135 664
135 679
135 851
135 854
135 946
136 278
136 314
136 335
136 620
136 847
136 950
137 152
137 491
137 501
137 738
137 926
137 951
137 989
138 168
138 617
138 665
138 706
138 709
138 712
138 776
138 835
138 957
138 964
138 966
138 978
138 988
139 197
139 274
139 397
139 449
139 505
139 766
139 827
139 851
140 156
140 265
140 287
140 327
140 402
140 565
140 676
140 723
140 808
140 872
140 969
141 144
141 217
141 256
141 464
141 512
141 608
141 638
141 920
141 935
142 270
142 293
142 580
142 902
143 456
143 511
143 640
143 787
143 819
144 146
144 339
144 416
144 448
144 505
144 585
144 617
144 657
144 745
144 793
144 796
144 850
145 150
145 237
145 614
145 728
145 744
145 789
145 838
145 912
146 346
146 437
146 463
146 567
146 604
146 793
146 824
147 208
147 414
147 492
147 547
147 588
147 694
147 773
147 781
147 859
147 951
148 177
148 312
148 788
148 795
148 896
149 203
149 242
149 284
149 305
149 345
149 442
149 459
149 471
149 665
149 671
149 775
149 838
149 921
150 177
150 227
150 287
150 364
150 524
150 552
150 598
150 653
150 762
150 788
151 179
151 192
151 342
151 440
151 583
151 771
151 810
151 966
151 984
152 272
152 282
152 430
152 528
152 584
152 837
152 951
153 280
153 325
153 568
153 573
153 602
153 604
153 666
153 690
153 779
153 888
153 896
154 307
154 327
154 481
154 516
154 558
154 622
154 662
154 967
155 328
155 457
155 546
155 715
156 162
156 195
156 301
156 368
156 373
156 386
156 429
156 488
156 496
156 593
156 597
156 678
156 835
156 995
157 308
157 314
157 342
157 438
157 810
157 857
157 859
157 871
157 906
157 974
158 164
158 610
158 614
158 648
158 691
158 701
158 759
158 913
159 268
159 446
159 636
159 935
159 971
160 201
160 450
160 529
160 535
160 610
160 666
160 837
160 896
160 924
161 175
161 221
161 501
161 552
161 672
161 885
161 930
162 205
162 252
162 304
162 326
162 389
162 437
162 483
162 569
162 650
162 683
162 725
162 730
162 775
163 261
163 281
163 363
163 421
163 434
163 667
163 756
163 771
163 873
163 933
164 177
164 206
164 209
164 337
164 352
164 404
164 504
164 583
164 609
164 702
165 239
165 376
165 554
165 683
165 719
165 790
165 836
165 843
165 866
165 921
166 348
166 400
166 411
166 440
166 574
166 901
166 931
167 210
167 262
167 268
167 407
167 459
167 541
167 692
167 726
167 785
167 795
167 899
167 903
168 683
168 770
168 850
169 238
169 444
169 532
169 822
169 873
169 949
170 359
170 393
170 598
170 948
171 182
171 262
171 317
171 353
171 442
171 699
171 751
171 796
171 813
171 839
171 854
171 877
171 907
172 309
172 313
172 353
172 427
172 585
172 611
172 798
172 880
173 260
173 311
173 324
173 336
173 813
173 824
173 843
173 870
173 883
173 884
173 962
174 332
174 342
174 350
174 667
174 865
174 930
174 956
175 211
175 218
175 626
175 727
175 914
176 245
176 288
176 439
176 580
176 733
176 737
176 827
176 872
176 963
177 241
177 341
177 716
177 776
177 891
178 262
178 368
178 576
178 594
178 678
178 773
178 822
178 875
178 892
179 195
179 400
179 420
179 520
179 557
179 603
179 653
179 960
179 979
180 454
180 549
180 772
180 865
181 277
181 309
181 451
181 452
181 609
181 694
181 785
181 792
181 812
181 865
181 882
182 424
182 478
182 583
182 621
182 649
182 670
182 747
182 763
182 846
182 908
182 998
183 225
183 296
183 482
183 524
183 837
183 955
183 977
184 226
184 558
184 630
184 668
184 767
184 866
184 900
184 907
185 223
185 259
185 349
185 611
185 635
185 652
185 846
185 967
185 981
186 198
186 264
186 443
186 494
186 694
186 861
186 871
186 915
187 233
187 241
187 262
187 404
187 442
187 464
187 518
187 585
187 587
187 685
187 831
187 924
188 211
188 263
188 331
188 576
188 603
188 686
188 706
188 986
188 997
189 359
189 386
189 446
189 578
189 619
189 643
189 719
189 891
189 915
190 238
190 293
190 309
190 410
190 616
190 903
190 917
190 927
190 980
191 260
191 406
191 718
191 868
192 309
192 396
192 460
192 978
193 208
193 222
193 351
193 414
193 422
193 589
193 766
193 830
193 981
194 239
194 403
194 428
194 518
194 816
194 837
195 238
195 350
195 400
195 498
195 715
195 752
195 819
195 856
195 863
195 957
196 243
196 264
196 564
196 621
196 707
196 786
196 813
196 966
197 230
197 323
197 340
197 411
197 414
197 611
197 635
197 857
197 959
198 483
198 570
198 697
198 723
198 755
198 923
199 210
199 264
199 292
199 624
199 641
199 822
199 977
200 203
200 211
200 277
200 453
200 481
200 491
200 716
200 882
201 287
201 323
201 617
201 800
201 830
201 870
201 929
201 947
201 968
202 273
202 276
202 475
202 679
202 822
202 890
202 947
203 243
203 400
203 411
203 581
203 634
203 648
203 655
203 715
203 795
203 971
204 267
204 343
204 370
204 658
204 686
204 877
204 883
204 980
205 221
205 356
205 437
205 486
205 534
205 650
205 780
205 837
206 253
206 339
206 361
206 364
206 387
206 461
206 500
206 530
206 570
206 650
206 770
206 871
207 362
207 420
207 453
207 943
208 256
208 529
208 639
208 649
208 711
208 781
209 315
209 431
209 791
209 828
209 853
210 245
210 342
210 406
210 472
210 493
210 578
210 735
210 824
210 828
211 220
211 237
211 553
211 566
211 764
211 767
211 824
211 918
212 222
212 317
212 380
212 469
212 515
212 562
212 563
212 875
212 964
213 312
213 316
213 357
213 563
213 583
213 706
213 978
214 377
214 406
214 686
214 782
214 833
214 913
215 475
215 605
215 646
215 776
215 790
215 854
215 927
215 948
216 249
216 314
216 443
216 576
216 731
216 806
217 260
217 513
217 523
217 533
217 989
218 269
218 368
218 414
218 528
218 548
218 677
218 716
218 812
218 832
218 882
218 930
219 252
219 421
219 460
219 496
219 510
219 733
219 780
219 791
219 855
219 930
219 973
220 519
220 564
220 689
220 817
220 892
220 948
220 979
221 314
221 321
221 987
221 989
222 661
222 805
222 821
222 937
222 952
223 250
223 342
223 345
223 359
223 417
223 457
223 459
223 517
223 643
223 648
223 743
223 748
223 814
223 978
224 265
224 293
224 349
224 361
224 519
224 573
224 679
224 703
224 905
224 935
225 399
225 415
225 428
225 458
225 520
225 564
225 642
225 687
225 872
225 898
226 240
226 246
226 263
226 334
226 658
226 953
226 992
227 261
227 301
227 427
227 574
227 591
227 729
227 925
228 354
228 417
228 445
228 492
228 494
228 801
228 805
228 814
228 827
228 883
228 892
228 921
229 349
229 365
229 428
229 521
229 656
229 665
229 823
229 854
229 889
230 394
230 562
230 581
230 618
230 692
230 694
230 951
230 985
231 295
231 327
231 412
231 464
231 605
231 610
231 636
231 684
231 841
231 905
231 946
232 233
232 597
232 802
232 814
232 819
232 907
233 380
233 399
233 448
233 595
233 603
233 646
233 735
233 895
234 383
234 397
234 700
234 852
234 879
234 893
234 955
234 997
235 339
235 572
235 689
235 719
236 341
236 351
236 358
236 375
236 560
236 617
236 671
237 262
237 274
237 299
237 660
237 821
237 873
238 737
238 891
238 911
239 345
239 346
239 454
239 494
239 642
240 253
240 300
240 492
240 524
240 660
240 742
240 760
240 762
240 946
241 327
241 713
241 831
241 962
242 295
242 452
242 455
242 631
242 632
242 666
242 750
242 779
243 326
243 340
243 465
243 515
243 585
243 725
243 797
243 857
243 858
243 885
243 940
244 568
244 601
245 285
245 342
245 374
245 407
245 444
245 479
245 508
245 525
245 532
245 672
245 753
245 761
245 906
245 965
246 418
246 477
246 655
246 818
246 847
246 885
246 946
246 987
247 263
247 327
247 363
247 388
247 434
247 458
247 496
247 512
247 520
247 616
247 636
247 637
247 797
247 951
247 992
248 311
248 357
248 531
248 540
248 563
248 701
248 707
248 746
248 758
248 778
249 256
249 271
249 292
249 330
249 521
249 564
249 574
249 591
249 604
249 848
249 972
249 997
250 382
250 460
250 496
250 530
250 606
250 640
250 706
250 891
250 895
251 262
251 278
251 396
251 446
251 558
251 577
251 786
251 857
251 960
251 998
252 297
252 298
252 431
252 556
252 593
252 640
252 656
253 383
253 413
253 626
253 677
253 788
254 564
254 616
254 637
254 853
254 903
254 997
255 394
255 417
255 487
255 635
255 686
255 731
255 809
255 865
255 906
256 321
256 358
256 415
256 562
256 586
256 596
256 598
256 619
256 748
256 824
256 871
256 920
256 926
257 382
257 525
257 726
258 496
258 623
258 667
258 983
259 374
259 761
260 329
260 423
260 470
260 635
260 636
260 773
260 880
260 916
260 919
261 408
261 419
261 660
261 799
261 869
262 288
262 296
262 354
262 505
262 519
262 584
262 682
262 770
262 781
262 792
262 898
263 264
263 387
263 439
263 462
263 488
263 533
263 637
263 833
263 844
263 882
263 938
264 265
264 552
264 635
264 932
265 530
265 604
265 698
265 789
265 877
265 883
266 271
266 341
266 452
266 734
266 744
266 751
266 770
266 772
266 784
266 816
266 899
267 458
267 467
267 563
267 668
267 676
267 717
267 722
267 802
267 900
267 932
267 933
267 974
268 311
268 459
268 542
268 676
268 749
268 774
268 806
268 842
269 345
269 380
269 522
269 652
269 763
270 394
270 509
270 798
270 865
270 905
271 331
271 419
271 479
271 490
271 552
271 604
271 845
271 912
271 974
272 329
272 473
272 507
272 523
272 537
272 623
272 857
272 862
273 331
273 372
273 433
273 450
273 486
273 487
273 576
273 604
273 614
273 717
273 822
273 903
273 944
273 968
273 979
274 621
274 661
274 794
274 961
275 285
275 453
275 476
275 506
275 520
275 608
275 616
275 870
276 282
276 547
276 608
276 742
276 793
276 900
277 332
277 344
277 360
277 402
277 462
277 587
277 642
277 948
278 302
278 515
278 538
278 703
279 587
280 294
280 432
280 492
280 771
280 888
280 963
281 299
281 407
281 476
281 579
281 643
281 712
281 739
281 844
282 317
282 399
282 577
282 745
282 747
282 840
282 909
282 969
283 333
283 373
283 434
283 628
283 777
283 788
283 849
283 898
283 917
283 972
284 519
284 721
284 970
285 390
285 458
285 510
285 527
285 667
285 670
285 676
285 773
285 825
285 907
285 917
285 922
285 962
286 601
286 614
286 631
286 739
286 777
286 799
286 896
287 614
287 760
287 846
287 885
288 316
288 431
288 573
288 808
288 850
288 900
288 976
288 984
289 310
289 375
289 581
289 607
289 624
289 666
289 696
289 710
289 714
290 299
290 332
290 428
290 684
290 897
290 904
290 995
290 998
291 380
291 506
291 614
291 651
291 686
291 810
292 348
292 364
292 427
292 671
292 867
293 393
293 407
293 592
294 396
294 619
294 656
294 785
294 944
294 996
295 381
295 401
295 421
295 458
295 563
295 578
295 745
295 854
295 939
296 325
296 558
296 576
296 619
296 664
296 705
296 864
296 879
296 970
297 352
297 379
297 457
297 490
297 519
297 702
298 335
298 523
298 836
298 889
298 924
299 396
299 549
299 566
299 824
299 848
299 981
300 506
300 640
300 742
300 880
300 976
301 346
301 372
301 542
301 756
301 895
302 499
302 547
302 625
302 723
302 764
302 780
303 335
303 336
303 389
303 404
303 549
303 631
303 764
303 962
304 309
304 362
304 435
304 497
304 652
304 655
304 656
304 934
305 417
305 501
305 557
305 579
305 725
305 894
306 348
306 350
306 351
306 371
306 437
306 491
306 708
306 835
306 951
307 308
307 317
307 344
307 369
307 556
307 740
308 527
308 560
308 602
308 720
308 853
308 860
308 987
309 544
309 642
309 701
309 869
309 930
309 991
309 996
310 332
310 391
310 422
310 473
310 553
310 564
310 666
311 699
311 721
311 972
312 445
312 659
312 678
312 824
312 862
312 945
313 407
313 553
313 555
313 643
313 730
313 819
313 827
313 874
313 940
314 370
314 380
314 646
314 786
314 813
315 342
315 545
315 641
315 865
315 960
316 403
316 442
316 518
316 750
316 967
316 987
317 334
317 460
317 505
317 592
317 595
317 656
317 657
317 672
317 696
317 801
317 814
317 816
317 839
317 964
317 976
318 456
318 463
318 638
318 773
318 827
318 844
319 350
319 608
319 654
319 665
319 720
319 813
319 872
319 948
320 334
320 375
320 450
320 579
320 684
320 734
320 743
320 749
321 476
321 720
321 740
321 851
322 337
322 529
323 381
323 431
323 612
324 380
324 403
324 480
324 525
324 793
324 961
324 978
325 509
325 845
325 853
325 959
325 980
326 346
326 398
326 550
326 595
326 613
326 635
326 641
326 755
326 759
326 786
326 825
326 947
327 340
327 358
327 432
327 457
327 543
327 548
327 582
327 599
327 704
327 769
327 865
327 968
327 984
328 419
328 430
328 568
328 685
328 691
328 818
329 478
329 503
329 531
329 757
329 809
329 845
329 886
329 907
329 914
329 916
329 986
330 465
330 813
330 831
330 862
330 864
330 980
331 383
331 504
331 748
331 883
331 887
331 942
331 955
332 403
332 427
332 549
332 577
332 653
332 707
332 760
332 765
332 800
332 849
332 894
332 897
333 662
333 790
333 832
333 861
333 926
334 361
334 529
334 609
334 862
334 977
335 487
335 658
335 783
335 810
335 820
335 975
335 996
336 464
336 983
337 418
337 461
337 489
337 518
337 679
337 746
337 832
337 910
338 532
338 536
338 586
338 643
338 690
338 711
338 719
338 764
338 812
338 848
338 900
338 953
338 996
338 998
339 341
339 544
339 611
339 666
339 833
339 864
340 379
340 526
340 564
340 792
340 920
340 964
341 411
341 465
341 499
341 565
341 674
341 709
341 906
341 930
341 983
342 439
342 540
342 607
342 668
342 746
342 858
342 958
343 547
343 602
343 649
343 738
343 745
343 935
344 346
344 349
344 361
344 497
344 654
344 707
344 718
344 769
345 387
345 472
345 629
345 886
345 925
345 995
346 502
346 581
346 750
346 754
346 784
346 812
346 912
347 453
347 539
347 635
347 640
347 895
347 930
347 981
348 412
348 490
348 539
348 623
348 681
348 713
348 722
348 781
348 926
349 497
349 653
349 716
349 808
349 851
349 907
350 424
350 448
350 836
350 937
351 391
351 417
351 516
351 528
351 534
351 573
351 608
351 627
351 629
351 668
351 850
351 899
351 950
352 479
352 494
352 573
352 647
352 821
352 888
352 950
353 432
353 485
353 496
353 559
353 620
353 667
353 707
354 487
354 555
354 752
354 902
354 982
355 516
355 686
355 779
355 906
355 908
355 988
356 558
356 728
356 781
356 868
357 996
358 476
358 585
358 621
358 655
358 713
358 828
358 855
358 878
358 914
358 937
359 509
359 588
359 713
359 814
359 823
359 901
360 441
360 528
360 733
360 778
360 812
360 951
360 976
361 529
361 614
361 754
361 803
361 886
361 939
362 430
362 476
362 490
362 609
362 987
363 441
363 671
363 829
363 956
364 431
364 506
364 620
364 659
364 671
364 763
364 839
364 928
365 612
365 623
365 686
365 719
365 737
365 837
366 541
366 604
366 759
366 821
366 892
366 908
366 932
366 949
366 966
366 983
367 442
367 602
367 787
367 829
367 881
367 884
367 974
368 426
368 609
368 672
368 711
368 927
369 525
369 530
369 560
369 851
369 929
370 584
370 614
370 658
370 660
370 860
370 881
370 893
370 941
371 376
371 414
371 419
371 457
371 589
371 650
371 686
371 712
371 727
371 741
371 840
371 870
371 955
371 965
372 377
372 421
372 573
372 697
373 381
373 382
373 424
373 523
373 531
373 561
373 697
373 816
373 894
373 957
374 409
374 413
374 435
374 628
374 648
374 668
374 682
374 718
374 967
374 980
375 445
375 924
376 437
376 563
376 710
376 854
376 863
376 893
376 927
376 961
377 405
377 555
377 648
377 666
377 682
377 741
377 799
378 405
378 431
378 747
378 822
378 859
378 888
379 461
379 500
379 577
379 592
379 700
379 866
380 563
380 782
381 524
381 531
381 573
381 585
381 719
381 838
381 883
381 958
381 961
382 528
382 616
382 951
383 451
383 477
383 530
383 558
383 635
383 742
383 819
383 823
383 939
383 942
384 576
384 609
384 702
384 820
384 927
385 582
385 614
385 680
385 699
385 898
385 957
386 533
386 566
386 578
386 606
386 645
386 705
386 922
387 509
387 665
387 693
387 731
387 926
388 693
388 710
388 878
388 892
389 467
389 527
389 666
389 835
389 901
389 932
389 966
389 995
390 456
390 587
390 594
390 600
390 654
390 837
390 967
391 613
391 654
391 699
391 877
391 885
391 994
392 475
392 597
392 777
393 499
393 767
393 873
394 395
394 574
394 710
394 771
394 773
394 783
394 807
394 826
394 852
394 867
394 966
395 428
395 684
395 779
395 803
395 895
395 991
396 413
396 480
396 585
396 591
396 711
396 717
396 782
396 808
396 958
397 623
397 813
397 853
397 868
397 885
397 895
397 938
398 577
398 593
398 890
398 935
398 943
398 969
398 989
399 402
399 562
400 427
400 584
400 624
400 683
400 770
400 950
401 440
401 451
401 603
401 866
402 607
402 707
402 765
402 769
403 422
403 505
403 514
403 659
403 663
403 716
403 725
403 772
403 910
403 939
403 954
404 638
404 743
404 764
404 973
404 990
405 570
405 764
405 786
405 837
405 872
405 927
406 484
406 528
406 575
406 592
406 795
407 472
407 496
407 912
408 411
408 622
408 698
408 784
408 814
408 827
408 841
409 698
409 735
409 752
409 792
409 972
410 575
410 642
410 695
410 727
410 814
410 822
410 845
410 949
411 433
411 459
411 584
411 638
411 754
411 755
411 785
411 855
412 441
412 459
412 776
412 841
412 842
412 878
412 964
412 969
413 441
413 480
413 573
413 688
413 691
413 984
414 467
414 507
414 651
414 754
414 790
414 819
414 932
415 428
415 573
415 652
415 824
415 836
415 909
415 967
416 455
416 579
416 603
416 673
416 708
416 731
417 542
417 586
417 587
417 633
417 735
417 756
417 837
418 461
418 472
418 498
418 560
418 664
418 732
418 739
419 506
419 606
419 789
419 916
420 520
420 524
420 566
420 831
420 914
420 950
421 591
421 670
421 675
421 729
421 751
421 835
421 904
421 918
422 474
422 494
422 536
422 556
422 865
422 994
423 462
423 547
423 595
423 631
423 720
423 816
424 700
424 748
424 786
424 839
425 481
425 581
425 632
425 897
425 966
426 525
426 533
427 466
427 629
427 632
427 717
427 869
427 923
427 974
428 545
428 747
428 866
428 908
428 909
428 915
429 533
429 551
429 637
429 718
429 742
429 758
429 790
429 822
430 585
430 665
430 743
430 789
430 820
430 913
430 968
431 575
431 776
431 786
431 842
431 905
431 969
432 768
432 816
433 460
433 516
433 625
433 748
433 760
433 771
433 951
433 970
434 949
434 990
435 440
435 709
435 779
435 997
436 632
436 731
436 781
436 978
437 503
437 509
437 525
437 739
437 822
438 440
438 794
438 798
438 883
438 936
438 946
439 440
439 616
439 649
439 798
440 468
440 607
440 634
440 638
440 657
440 674
440 785
440 839
440 982
441 548
441 679
441 791
441 885
441 905
441 930
442 465
442 675
442 957
443 553
443 690
443 735
443 823
443 884
444 472
444 500
444 594
444 662
444 801
444 920
445 446
445 578
445 641
445 652
445 727
445 734
445 801
445 990
446 509
446 770
446 995
447 479
447 490
447 829
447 951
448 481
448 702
448 908
449 512
449 600
449 870
449 934
449 944
449 947
450 465
450 526
450 636
450 646
450 691
450 782
450 917
451 713
451 781
451 812
452 508
452 531
452 667
452 781
452 848
452 909
452 942
453 572
453 911
453 957
453 992
454 470
454 504
454 541
454 596
454 613
454 620
454 898
454 919
455 668
455 704
455 851
455 880
455 887
456 973
457 722
457 808
457 832
457 870
457 958
457 968
458 496
458 742
458 954
458 996
459 507
459 804
459 872
460 465
460 532
460 619
460 710
460 807
460 960
461 720
461 902
462 608
462 611
462 806
463 776
463 853
463 964
464 693
464 836
464 904
464 935
465 633
465 836
465 860
465 869
465 955
466 481
466 543
466 613
466 633
466 657
466 835
467 553
467 580
467 818
467 979
468 482
468 514
468 904
468 922
469 529
469 542
469 705
469 817
469 823
470 664
470 900
470 936
470 944
470 963
470 975
470 988
471 589
471 782
471 847
471 963
472 660
472 719
472 765
472 984
473 628
473 682
473 731
473 740
473 818
473 941
474 577
474 742
474 748
474 752
475 478
475 602
475 606
475 678
475 688
475 703
475 768
475 879
476 547
476 744
476 755
476 783
476 938
476 979
476 989
477 616
477 854
478 485
478 661
478 709
478 740
478 754
478 847
478 880
478 998
479 503
479 555
479 749
479 758
479 784
479 870
480 550
480 581
480 759
480 777
480 780
481 618
481 690
481 693
481 717
482 553
482 582
482 672
482 680
482 740
482 962
483 642
483 886
483 953
483 998
484 566
484 637
484 682
484 796
485 531
485 533
485 861
485 875
485 891
485 957
486 638
486 785
486 855
486 873
486 951
487 604
487 651
487 704
487 707
487 746
487 771
487 791
487 806
487 862
487 926
487 950
487 976
488 524
488 596
488 620
488 635
488 641
488 661
488 786
488 804
488 807
488 879
489 503
489 571
489 694
489 810
489 851
489 877
490 605
490 624
490 958
491 526
491 534
491 601
491 605
491 645
491 797
491 836
491 877
491 888
491 952
491 991
492 510
492 719
492 903
492 921
492 972
493 528
493 529
493 861
493 936
494 584
494 673
494 710
494 983
495 548
495 603
495 767
495 858
495 955
496 605
497 514
497 526
497 530
497 580
497 630
497 675
497 704
497 782
498 570
498 635
498 784
498 979
499 522
499 541
499 649
499 721
499 726
499 805
500 524
500 881
500 965
501 549
501 612
501 677
501 725
501 958
502 508
502 545
502 546
502 899
502 952
503 549
503 577
503 755
503 802
503 934
504 527
504 557
504 675
504 855
504 877
505 514
505 555
505 618
505 889
505 968
506 578
506 739
506 895
506 959
507 521
507 572
507 633
507 638
507 718
507 733
507 750
507 903
507 904
507 985
508 601
508 788
508 903
508 992
509 526
509 597
509 680
509 694
509 752
509 860
509 940
509 950
510 649
510 939
511 556
511 571
511 692
511 745
511 807
511 916
511 964
512 643
512 661
512 733
512 813
512 827
512 849
512 920
512 984
512 999
513 807
513 850
513 857
513 987
514 715
514 866
515 580
515 593
515 705
516 519
516 951
516 981
517 564
517 565
517 629
517 687
517 719
517 750
517 923
518 541
518 599
518 686
518 710
519 617
519 678
519 751
519 856
519 863
520 788
520 887
520 971
521 550
521 654
521 681
521 697
521 712
521 802
521 856
521 884
521 924
521 932
522 532
522 542
522 646
522 732
522 931
522 956
523 583
523 708
524 529
524 697
524 759
524 869
525 632
525 681
525 684
525 849
525 977
526 627
526 650
526 738
526 868
526 937
526 976
526 987
527 629
527 752
527 808
527 819
527 929
527 937
527 965
528 603
528 612
528 651
528 715
528 757
528 796
528 904
529 536
529 580
529 763
529 837
529 841
529 859
529 895
529 898
529 970
530 536
530 557
530 564
530 601
530 636
530 682
530 694
530 696
530 948
530 983
530 988
531 633
531 912
531 928
532 760
532 861
533 548
533 644
533 792
533 826
533 939
534 574
534 675
534 767
534 776
534 826
534 912
535 653
535 673
535 710
535 765
535 831
535 954
535 993
536 567
536 607
536 902
536 904
537 575
537 613
537 708
537 859
537 929
537 940
537 954
538 557
538 576
538 597
538 639
538 752
538 844
538 848
538 870
539 593
539 934
540 599
540 631
541 657
541 664
541 724
541 866
542 566
542 662
542 985
543 551
543 840
544 679
544 838
544 865
544 910
544 918
545 569
545 717
546 624
546 790
546 917
547 588
547 597
547 675
547 678
547 844
547 869
547 892
548 978
549 676
549 726
549 808
549 817
549 904
550 600
550 633
550 642
550 779
550 816
550 827
550 914
551 559
551 567
551 640
551 696
551 816
551 944
551 999
552 597
552 675
552 684
552 688
552 702
552 816
552 839
552 853
552 874
552 981
553 579
553 771
553 796
553 821
553 833
553 879
553 888
554 697
554 788
554 860
554 891
555 604
555 635
555 652
555 903
555 918
555 937
556 675
557 629
557 650
557 688
557 821
557 843
557 954
558 641
558 667
558 788
558 846
559 565
559 744
559 757
560 633
560 667
560 705
560 714
560 739
560 807
560 835
560 868
560 878
560 908
561 780
561 992
563 760
563 803
564 602
564 715
564 773
564 915
565 671
565 797
565 812
565 865
565 977
566 858
567 620
567 771
567 785
567 803
567 971
568 739
568 788
568 879
568 928
568 938
569 586
569 829
569 928
570 604
570 713
570 770
570 903
570 942
571 611
571 731
571 797
571 798
571 882
571 978
572 606
572 726
572 784
572 792
572 824
572 983
572 999
573 745
573 796
574 577
574 646
574 685
575 666
575 771
575 834
575 870
576 696
576 941
576 947
576 994
577 600
577 607
577 616
577 790
577 820
577 869
577 902
578 706
578 789
578 834
578 885
578 976
580 696
580 738
580 781
580 887
580 921
581 600
581 775
581 927
582 600
582 621
583 622
583 712
583 804
583 846
583 867
583 869
584 747
584 761
584 835
585 736
585 894
586 704
586 720
586 824
586 877
586 916
586 949
586 991
587 883
587 893
587 983
587 990
588 612
588 652
588 821
588 831
588 844
588 928
589 728
589 762
589 846
589 870
590 696
590 882
591 775
591 907
591 919
592 637
592 677
592 850
592 878
592 961
593 652
593 808
593 842
593 848
593 849
593 850
593 853
593 891
593 962
593 969
594 651
594 727
594 852
594 859
594 880
595 755
595 835
595 846
595 891
596 855
596 992
597 661
597 690
597 711
597 807
597 870
597 995
598 819
599 804
599 864
600 679
600 681
600 757
600 798
600 858
600 861
600 890
601 910
601 986
602 616
602 738
602 840
603 670
603 739
603 746
603 791
603 829
603 831
603 943
604 610
604 963
605 644
605 936
606 718
606 923
606 935
606 940
607 642
607 737
608 934
609 707
609 734
609 862
609 923
609 996
610 818
610 858
610 867
610 907
610 934
611 741
611 816
611 959
612 647
612 768
612 789
612 799
613 802
613 975
614 661
614 712
614 718
614 742
614 766
614 842
615 635
615 697
615 835
615 988
616 631
616 752
616 872
616 882
616 927
617 643
617 671
617 754
617 800
617 843
617 872
618 726
618 894
618 911
618 995
618 996
619 672
619 709
619 744
619 796
619 820
619 849
619 972
619 973
619 990
620 861
620 932
620 983
621 717
621 830
621 857
621 885
621 952
621 966
621 993
622 752
622 962
623 771
624 666
624 758
624 938
624 988
625 626
625 668
625 817
625 965
626 784
626 912
627 631
627 669
627 860
628 713
628 802
628 851
628 854
628 856
628 859
628 903
628 975
629 730
629 853
630 718
630 829
630 969
631 653
631 676
631 803
631 917
631 954
632 725
632 797
632 854
632 949
632 975
633 740
633 775
633 822
634 811
634 921
635 647
635 712
635 743
635 828
635 860
635 934
636 779
636 791
636 845
636 861
636 918
637 716
637 931
637 998
638 640
638 710
638 715
638 726
638 810
639 650
639 710
639 900
640 725
641 644
641 691
641 815
642 647
643 677
643 700
643 804
643 885
643 964
644 646
644 711
645 876
646 782
647 680
647 736
647 769
647 842
648 649
648 747
648 846
648 944
649 681
649 716
649 724
649 748
649 751
649 821
649 941
650 667
650 693
650 695
650 714
650 727
650 759
650 910
651 766
651 787
651 890
651 929
651 936
651 941
652 813
652 970
652 979
653 744
653 784
653 820
653 845
653 895
654 958
655 707
655 814
655 921
656 801
656 803
656 860
656 888
656 907
657 892
658 850
658 865
658 937
658 943
658 962
659 690
659 708
659 759
659 816
659 862
659 991
659 996
660 672
660 784
660 857
661 698
661 740
661 797
661 810
662 886
663 704
663 770
663 831
663 837
664 686
664 801
664 803
664 829
664 846
664 961
665 929
665 962
666 716
666 873
666 977
667 772
667 802
667 854
668 884
669 673
669 675
669 678
669 816
669 984
670 777
670 853
670 862
671 780
671 875
672 674
672 792
672 802
672 908
672 947
673 706
673 938
673 960
673 984
674 727
674 838
674 962
675 704
675 741
675 915
675 927
675 972
676 708
676 910
677 691
677 961
678 727
678 789
678 934
679 737
679 761
679 995
680 701
680 947
681 764
681 767
682 709
682 733
682 757
682 775
682 778
682 879
683 895
683 922
683 928
683 944
684 803
684 846
685 773
685 809
685 928
686 687
686 688
686 765
686 802
686 835
686 922
687 730
687 796
687 875
688 763
688 816
688 846
688 887
689 829
689 841
689 972
690 728
690 755
690 868
690 912
691 692
691 806
691 868
691 873
691 896
692 700
692 725
692 729
692 747
692 943
693 715
693 724
693 778
694 771
694 940
694 942
694 992
695 704
695 741
695 823
696 708
696 710
696 884
696 912
697 924
698 959
699 849
699 978
700 922
700 934
700 957
701 795
701 854
702 806
703 803
703 895
704 781
704 792
704 823
704 862
704 960
705 793
705 854
705 892
705 924
705 982
706 830
706 925
706 945
706 966
706 978
707 721
707 859
707 893
708 913
708 983
709 748
709 936
709 979
710 839
710 889
710 906
710 925
711 714
711 754
711 756
711 793
711 944
712 818
712 851
712 864
713 725
713 753
713 779
714 743
714 886
715 765
715 783
716 730
716 739
716 791
717 758
717 804
717 812
717 891
718 770
718 970
718 981
718 996
719 838
719 881
720 732
720 805
720 873
720 990
721 939
721 947
722 755
722 872
723 949
723 979
723 988
724 959
724 979
724 992
725 789
725 959
726 802
726 880
726 985
727 747
727 901
727 955
728 917
728 980
729 877
729 954
730 778
730 793
730 838
730 844
730 996
731 868
732 966
732 983
733 929
733 953
733 980
734 768
734 837
734 986
735 892
736 832
736 954
736 981
736 983
736 991
736 997
737 762
737 911
737 923
737 984
738 753
738 779
738 838
738 881
738 945
738 969
739 789
739 934
739 974
741 775
741 776
741 833
741 971
742 822
742 920
742 971
743 805
743 951
743 953
744 972
744 975
745 814
745 871
745 910
745 986
746 881
748 789
748 804
748 847
748 979
749 751
749 902
749 953
750 855
750 968
751 892
752 788
753 759
753 827
754 788
754 810
754 846
754 931
755 764
755 880
756 806
756 844
757 854
757 917
758 771
758 973
759 822
759 918
759 931
759 982
760 804
760 896
760 912
760 936
760 950
762 904
762 923
762 951
763 776
765 840
765 892
766 792
766 810
766 871
766 910
766 915
766 932
766 987
767 780
767 898
767 907
768 790
768 854
768 894
768 963
768 993
769 778
769 880
769 888
770 870
770 876
770 880
770 881
770 917
770 986
770 998
771 829
771 892
772 845
772 874
773 841
773 842
773 867
773 868
773 911
773 917
773 980
774 914
776 779
776 813
776 867
776 869
776 999
777 855
777 863
777 953
778 846
778 943
779 851
779 881
779 931
779 998
780 827
781 798
781 956
782 799
783 794
783 820
783 846
783 923
783 936
783 984
784 953
786 837
786 867
786 883
787 801
788 879
790 965
790 983
792 972
793 870
793 992
794 933
794 963
795 821
795 842
795 862
796 858
796 867
796 960
797 816
797 825
797 924
799 966
801 802
801 914
802 807
802 884
802 978
803 821
803 823
803 930
804 849
805 897
805 946
805 954
806 828
806 881
806 941
807 982
808 826
808 854
808 904
808 969
809 814
810 845
810 910
811 827
811 843
811 892
811 895
812 860
812 978
814 825
814 827
814 831
814 908
815 892
815 957
816 922
816 966
817 859
817 934
817 941
817 953
818 921
819 840
819 928
819 932
819 995
820 918
821 838
821 909
822 834
823 995
823 996
824 875
825 888
825 992
825 998
826 894
827 941
827 965
827 992
828 837
828 998
830 844
830 847
830 888
830 939
832 981
833 851
834 849
834 851
834 852
834 907
835 839
835 905
835 988
836 959
836 970
837 904
837 975
838 896
839 900
839 915
839 970
840 931
840 957
841 979
842 844
842 888
843 879
843 967
844 883
844 962
845 898
845 904
846 859
847 854
849 992
850 927
850 931
850 943
851 955
851 964
851 972
851 990
852 884
853 902
853 998
854 883
857 899
859 933
859 975
861 944
861 974
862 906
862 907
862 974
862 988
863 944
864 962
864 979
865 897
865 926
866 886
866 917
866 959
866 974
867 911
867 921
868 873
868 879
869 903
869 916
874 889
874 964
875 927
876 929
876 985
879 997
881 890
881 927
882 884
882 973
883 972
887 911
887 938
887 990
889 951
893 912
893 933
895 916
895 919
895 975
896 935
896 972
897 945
900 949
901 983
902 936
902 988
903 932
903 987
905 982
907 997
910 972
911 983
914 996
919 999
922 970
925 992
925 993
927 955
927 963
928 960
928 994
929 940
933 977
934 951
935 937
936 976
940 948
945 988
949 997
955 964
961 962
961 965
963 973
964 995
968 981
971 976
975 976
975 999
976 979
978 985
981 986
986 990
995 998
0
10 999
