1000	5036	 1
0 397
0 627
0 630
0 726
0 734
0 749
1 19
1 57
1 109
1 183
1 272
1 313
1 357
1 492
1 549
1 705
1 754
1 885
2 13
2 80
2 206
2 262
2 462
2 622
2 634
3 221
3 307
3 330
3 470
3 550
3 646
3 779
3 785
3 851
3 985
4 20
4 159
4 403
4 472
4 479
4 547
4 597
4 628
4 765
4 796
4 986
5 31
5 88
5 91
5 116
5 182
5 404
5 443
5 511
5 677
5 689
6 140
6 197
6 256
6 345
6 399
6 560
6 642
6 858
6 923
7 27
7 180
7 183
7 356
7 545
7 588
7 613
7 664
7 769
7 816
7 897
8 396
8 526
8 549
8 692
8 700
8 809
8 830
8 852
8 887
8 942
8 987
9 12
9 83
9 98
9 154
9 291
9 473
9 564
9 657
9 754
9 793
9 812
10 31
10 181
10 301
10 308
10 358
10 366
10 415
10 684
10 869
10 886
10 913
11 68
11 151
11 357
11 409
11 460
11 475
11 478
11 566
11 666
11 881
12 152
12 194
12 213
12 244
12 250
12 303
12 482
12 610
12 730
12 760
12 790
12 847
13 38
13 94
13 179
13 227
13 264
13 286
13 340
13 386
13 505
13 567
13 624
13 812
14 18
14 96
14 289
14 431
14 460
14 481
14 501
14 533
14 645
14 793
15 74
15 162
15 190
15 363
15 474
15 487
15 897
16 32
16 184
16 201
16 287
16 305
16 426
16 813
16 821
17 22
17 34
17 50
17 149
17 161
17 266
17 298
17 345
17 468
17 614
17 707
17 828
17 870
18 20
18 54
18 74
18 120
18 313
18 642
18 750
18 759
19 122
19 356
19 861
19 943
19 986
20 38
20 46
20 86
20 100
20 206
20 246
20 296
20 339
20 360
20 479
20 598
20 609
20 663
20 723
20 922
20 968
21 23
21 30
21 85
21 86
21 452
21 644
21 651
21 652
21 723
21 748
22 165
22 293
22 397
22 425
22 448
22 881
23 143
23 167
23 186
23 224
23 343
23 360
23 400
23 461
23 548
23 585
23 716
23 758
24 222
24 362
24 368
24 388
24 498
24 747
25 50
25 152
25 344
25 419
25 475
25 593
25 677
25 751
25 942
25 951
26 378
26 490
26 538
26 712
26 732
26 752
26 848
26 865
26 945
27 212
27 400
27 873
27 916
27 921
27 948
28 186
28 225
28 342
28 478
28 548
28 886
29 42
29 62
29 65
29 148
29 318
29 339
29 444
29 686
29 803
29 908
29 978
30 149
30 167
30 263
30 307
30 424
30 445
30 456
31 408
31 471
31 535
31 584
31 602
31 604
31 681
31 683
31 744
31 834
31 898
31 999
32 55
32 318
32 382
32 414
32 500
32 515
32 584
32 665
32 699
32 733
32 740
32 878
32 890
32 901
33 72
33 97
33 112
33 125
33 195
33 423
33 446
33 510
33 718
33 731
33 889
33 965
34 133
34 160
34 317
34 423
34 623
34 713
34 778
34 861
34 932
34 961
35 59
35 141
35 176
35 405
35 463
35 614
35 721
35 731
35 845
35 956
36 59
36 130
36 447
36 491
36 533
36 546
36 629
36 831
36 872
37 718
37 785
37 851
37 902
37 926
38 303
38 346
38 472
38 565
38 590
38 746
38 814
38 835
38 897
38 973
39 202
39 203
39 314
39 337
39 470
39 777
39 794
39 985
40 234
40 257
40 330
40 547
40 550
40 569
40 816
40 817
41 110
41 203
41 284
41 514
41 672
41 925
41 928
42 284
42 298
42 341
42 389
42 471
42 874
42 880
42 923
43 135
43 173
43 194
43 261
43 387
43 431
43 527
43 571
43 587
43 724
43 737
43 751
43 798
44 104
44 129
44 222
44 378
44 491
44 511
44 540
44 613
44 692
44 713
44 750
44 896
45 55
45 70
45 129
45 203
45 252
45 392
45 396
45 429
45 431
45 583
45 742
45 801
46 479
46 713
46 759
46 773
46 918
47 110
47 201
47 215
47 218
47 384
47 461
47 586
47 683
47 690
47 934
48 290
48 483
48 494
48 651
48 702
48 944
48 975
49 113
49 178
49 231
49 255
49 302
49 314
49 438
49 597
49 951
49 996
50 185
50 190
50 229
50 320
50 424
50 543
50 553
50 671
50 789
50 838
50 998
51 387
51 399
51 475
51 628
51 839
51 850
51 857
51 858
51 882
51 906
52 188
52 204
52 234
52 308
52 405
52 663
52 920
53 174
53 208
53 228
53 586
53 610
53 711
53 750
53 925
54 212
54 342
54 464
54 534
54 944
55 211
55 265
55 516
55 560
55 612
55 640
55 757
55 975
56 120
56 160
56 161
56 246
56 309
56 490
56 595
56 706
56 918
56 985
57 99
57 149
57 290
57 608
57 651
57 716
57 820
58 130
58 186
58 232
58 460
58 484
58 519
58 533
58 767
58 842
59 213
59 309
59 588
59 764
59 768
59 899
59 914
59 921
59 986
60 117
60 121
60 145
60 173
60 249
60 415
60 444
60 455
60 511
60 527
60 533
60 545
60 561
60 563
60 706
60 720
60 808
60 857
61 141
61 148
61 440
61 467
61 480
61 504
61 859
61 896
61 925
62 362
62 469
62 741
62 895
63 186
63 394
63 564
63 599
63 614
63 628
63 656
63 738
64 95
64 236
64 312
64 359
64 417
64 776
64 884
65 148
65 179
65 217
65 270
65 296
65 415
65 615
65 730
65 761
65 784
65 814
65 968
65 982
66 129
66 245
66 274
66 335
66 359
66 372
66 412
66 421
66 468
66 522
66 589
66 626
66 851
67 228
67 368
67 421
67 563
67 637
67 735
67 745
67 807
67 865
67 876
67 922
67 970
68 240
68 253
68 289
68 311
68 317
68 675
68 701
68 712
69 97
69 120
69 142
69 215
69 281
69 313
69 348
69 504
69 647
70 207
70 214
70 219
70 220
70 469
70 506
70 612
70 694
70 745
70 825
70 901
71 120
71 175
71 260
71 415
71 512
71 519
71 607
71 699
71 701
71 877
71 940
71 949
71 994
72 341
72 396
72 586
72 611
72 669
72 730
72 748
72 802
72 918
73 84
73 117
73 138
73 162
73 240
73 325
73 391
73 402
73 616
73 619
73 803
73 832
74 324
74 371
74 426
74 464
74 579
74 693
74 700
74 765
74 982
75 267
75 478
75 492
75 525
75 691
75 699
75 734
76 239
76 254
76 646
76 658
76 763
76 875
76 970
77 82
77 234
77 293
77 419
77 474
77 484
77 495
77 649
77 793
77 906
77 982
78 103
78 256
78 367
78 413
78 423
78 479
78 499
78 541
78 657
78 671
78 756
79 87
79 278
79 298
79 464
79 518
79 610
79 763
79 874
79 907
79 953
80 378
80 949
80 958
81 171
81 215
81 269
81 419
81 473
81 991
82 83
82 103
82 132
82 259
82 310
82 342
82 384
82 451
82 595
82 609
82 641
82 815
82 850
83 117
83 138
83 228
83 359
83 375
83 405
83 559
83 653
83 730
83 806
83 916
83 934
83 984
84 276
84 387
84 507
84 702
84 761
84 927
85 122
85 383
85 475
85 535
85 640
85 734
85 754
85 820
85 840
85 960
86 99
86 336
86 415
86 530
86 678
86 721
86 806
86 859
86 876
86 891
87 222
87 332
87 538
87 569
87 592
87 782
87 834
87 930
87 934
88 133
88 249
88 438
88 452
88 628
88 712
88 909
89 122
89 298
89 303
89 334
89 438
89 610
89 665
89 754
89 776
89 825
89 957
90 131
90 166
90 230
90 232
90 307
90 535
90 816
90 945
91 525
91 534
91 587
91 738
91 748
91 765
91 786
91 915
92 190
92 376
92 800
93 452
93 458
93 561
93 617
93 745
93 795
93 858
93 869
94 394
94 397
94 410
94 429
94 449
94 744
94 827
94 912
94 924
94 963
95 100
95 480
95 554
95 644
95 737
95 745
95 854
96 245
96 399
96 404
96 416
96 619
96 633
96 781
96 987
97 145
97 235
97 339
97 546
97 727
97 743
97 777
97 848
97 872
97 965
98 102
98 154
98 170
98 177
98 202
98 337
98 391
98 460
98 463
98 615
98 625
98 718
98 738
98 791
98 818
98 819
98 902
98 942
99 143
99 192
99 323
99 464
99 508
99 851
99 890
99 980
100 135
100 169
100 368
100 393
100 399
100 442
100 552
100 634
100 700
100 724
100 980
101 137
101 322
101 481
101 608
101 665
101 751
101 760
101 795
101 862
101 883
101 992
102 128
102 313
102 321
102 362
102 378
102 588
102 655
102 689
102 697
102 917
102 986
103 338
103 389
103 486
103 584
103 677
103 765
103 797
103 995
104 151
104 295
104 398
104 495
104 507
104 541
104 559
104 693
104 799
104 880
105 216
105 298
105 356
105 527
105 604
105 615
105 791
105 817
105 920
106 185
106 281
106 427
106 533
106 696
107 185
107 378
107 442
107 481
107 528
107 645
107 647
107 665
107 702
107 766
107 814
107 870
108 222
108 259
108 404
108 563
108 622
108 770
108 782
108 857
108 902
109 296
109 319
109 369
109 452
109 456
109 567
109 611
109 736
109 830
109 833
110 112
110 348
110 418
110 510
110 543
110 609
110 754
110 805
110 896
110 977
111 357
111 498
111 584
111 664
111 851
112 247
112 289
112 331
112 453
112 639
112 754
112 789
112 831
112 917
112 951
113 161
113 212
113 484
113 503
113 564
113 574
113 664
113 717
113 754
113 911
113 993
114 662
114 794
114 806
114 927
115 231
115 346
115 375
115 447
115 641
115 672
115 758
115 761
115 785
115 846
115 888
115 952
116 234
116 269
116 441
116 492
116 556
116 661
116 678
116 684
116 744
117 208
117 286
117 297
117 301
117 354
117 378
117 412
117 533
117 590
117 840
117 906
117 981
117 994
118 135
118 409
118 799
118 930
118 931
119 281
119 546
119 670
119 729
119 767
119 769
119 829
120 226
120 242
120 284
120 300
120 363
120 515
120 591
120 826
120 952
121 144
121 178
121 433
121 543
121 595
121 960
122 405
122 445
122 447
122 465
122 468
122 667
122 837
122 937
123 135
123 148
123 235
123 353
123 395
123 424
123 441
123 645
123 770
123 838
124 229
124 236
124 454
124 467
124 798
124 892
125 128
125 226
125 243
125 251
125 280
125 357
125 494
125 535
125 712
125 843
125 881
126 363
126 472
126 489
126 584
126 703
126 723
126 843
126 910
126 969
127 226
127 269
127 374
127 537
127 598
127 637
127 865
127 978
128 189
128 244
128 336
128 437
128 448
128 503
128 516
128 615
128 631
128 719
128 973
129 611
129 683
129 737
129 749
129 827
129 975
130 205
130 229
130 249
130 268
130 325
130 328
130 357
130 397
130 578
130 600
130 750
130 775
130 802
130 848
130 912
131 400
131 598
131 620
131 658
131 703
132 273
132 395
132 444
132 564
132 600
132 681
132 717
133 561
133 570
133 627
133 635
133 650
133 874
133 893
134 193
134 234
134 460
134 587
134 656
134 811
134 861
134 866
134 899
134 997
135 168
135 217
135 292
135 340
135 404
135 435
135 458
135 656
135 766
135 814
135 930
135 976
135 985
136 189
136 350
136 403
136 491
136 709
136 727
136 810
136 827
136 866
137 142
137 273
137 312
137 451
137 457
137 462
137 494
137 654
137 675
137 937
137 966
138 154
138 161
138 566
138 964
139 318
139 576
139 671
139 690
139 730
139 763
140 231
140 396
140 466
140 485
140 522
140 567
140 579
140 641
140 663
140 807
140 829
140 841
140 866
141 193
141 325
141 327
141 415
141 675
141 715
141 910
141 943
142 199
142 237
142 501
142 544
142 589
142 706
142 756
142 792
142 912
142 926
143 302
143 326
143 343
143 359
143 381
143 623
143 720
144 172
144 213
144 291
144 335
144 373
144 494
144 827
144 836
144 922
144 943
145 163
145 167
145 237
145 248
145 294
145 370
145 621
145 823
145 840
145 989
146 155
146 166
146 269
146 326
146 333
146 402
146 865
146 963
147 222
147 555
147 618
147 734
147 914
148 197
148 253
148 405
148 675
148 726
148 794
148 799
148 816
148 884
148 914
148 932
149 433
149 555
149 557
149 635
149 675
149 730
149 964
150 283
150 337
150 464
150 523
150 640
150 716
150 759
150 879
150 898
151 256
151 311
151 383
151 664
151 839
151 976
152 242
152 262
152 366
152 579
152 891
153 314
153 409
153 595
153 796
153 855
153 889
154 264
154 353
154 564
154 572
154 586
154 929
155 163
155 237
155 367
155 576
155 676
155 857
156 195
156 212
156 264
156 483
156 568
156 625
156 816
156 861
157 205
157 373
157 414
157 645
157 738
157 797
157 956
157 960
158 166
158 423
158 524
158 606
158 653
158 813
158 974
159 340
159 426
159 434
159 447
159 508
159 636
159 733
160 255
160 305
160 307
160 366
160 520
160 655
160 983
161 168
161 210
161 456
161 474
161 575
161 675
161 734
161 814
162 236
162 268
162 321
162 419
162 487
162 489
162 581
162 611
162 645
162 740
162 828
162 854
163 246
163 304
163 308
163 386
163 430
163 436
163 501
163 604
163 634
163 709
163 793
163 832
163 973
164 391
164 643
164 889
165 248
165 357
165 451
165 612
165 638
165 669
165 690
165 973
166 377
166 475
166 796
166 834
166 855
167 288
167 382
167 451
167 579
167 649
167 762
167 814
167 944
168 175
168 218
168 225
168 419
168 435
168 710
168 711
168 789
168 804
169 194
169 329
169 339
169 487
169 632
169 642
169 687
169 836
169 897
170 226
170 303
170 352
170 472
170 486
170 767
170 862
170 971
171 302
171 326
171 458
171 482
171 610
171 666
171 670
171 707
172 306
172 351
173 183
173 337
173 532
173 679
173 773
173 813
173 816
173 844
173 958
174 193
174 208
174 381
174 716
174 754
174 780
174 782
174 833
174 900
174 915
175 287
175 398
175 414
175 438
175 450
175 534
175 588
175 620
175 626
175 759
175 782
175 812
175 898
175 902
176 183
176 437
176 587
176 725
176 782
176 830
176 847
176 926
177 192
177 248
177 362
177 424
177 498
177 596
177 836
177 889
178 188
178 312
178 430
178 669
178 721
178 936
178 998
179 207
179 230
179 280
179 596
179 627
179 710
179 793
179 807
179 809
179 824
179 849
179 974
180 193
180 443
180 714
180 739
180 954
180 996
181 222
181 271
181 272
181 408
181 473
181 767
181 836
181 975
182 221
182 223
182 275
182 304
182 363
182 554
182 801
183 230
183 935
183 967
184 194
184 203
184 291
184 299
184 452
184 487
184 808
184 932
185 205
185 239
185 250
185 422
185 583
185 695
185 780
186 187
186 193
186 287
186 521
186 608
186 753
186 768
186 802
186 901
186 955
186 965
187 461
187 488
187 660
187 711
187 855
187 997
188 194
188 274
188 369
188 480
188 502
188 541
188 572
188 881
188 938
189 300
189 308
189 357
189 511
189 573
189 633
189 862
189 869
189 887
189 943
190 283
190 296
190 368
190 454
190 472
190 606
190 742
190 839
190 885
191 199
191 282
191 284
191 524
191 702
191 899
191 945
191 965
192 238
192 407
192 444
192 610
193 384
193 503
193 506
193 625
193 703
193 756
193 880
193 943
194 285
194 524
194 529
194 574
194 635
194 809
194 888
195 230
195 231
195 256
195 318
195 470
195 591
195 697
195 734
195 738
195 739
195 901
195 936
196 209
196 250
196 318
196 403
196 423
196 453
196 496
196 541
196 559
196 606
196 644
196 691
196 769
196 840
196 911
197 317
197 326
197 690
197 716
197 961
198 249
198 296
198 382
198 729
198 885
198 953
199 223
199 291
199 307
199 333
199 475
199 607
199 693
199 907
199 933
199 958
200 368
200 626
200 629
200 633
200 711
200 844
201 235
201 286
201 330
201 340
201 350
201 593
201 825
201 837
201 874
201 877
201 936
202 248
202 294
202 510
202 548
203 211
203 365
203 410
203 496
203 552
203 693
203 762
204 266
204 375
204 394
204 404
204 453
204 482
204 592
204 639
204 806
204 810
204 815
204 816
204 877
204 934
205 307
205 314
205 328
205 518
205 821
205 832
206 241
206 280
206 312
206 403
206 411
206 426
206 941
206 975
206 992
207 368
207 579
208 341
208 362
208 440
208 535
208 538
208 813
208 826
208 923
208 949
208 978
209 332
209 363
209 367
209 497
209 657
210 225
210 245
210 347
210 352
210 399
210 425
210 482
210 525
210 577
211 368
211 463
211 486
211 493
211 653
211 810
211 878
211 907
211 976
212 369
212 513
212 639
212 660
212 689
212 742
212 767
212 927
213 392
213 519
213 666
213 723
213 766
213 854
213 868
214 296
214 640
214 674
215 223
215 246
215 337
215 389
215 455
215 561
215 576
215 651
215 860
215 881
215 910
215 926
216 219
216 309
216 527
216 530
216 770
216 930
217 227
217 231
217 267
217 445
217 557
217 775
217 943
217 963
217 964
218 260
218 341
218 381
218 418
218 464
218 612
218 613
218 624
218 738
218 845
218 917
218 993
219 661
219 791
219 932
220 291
220 432
220 507
220 536
220 620
220 793
220 829
220 932
221 389
221 440
221 562
221 755
221 773
221 812
222 240
222 277
222 359
222 460
222 553
222 590
222 916
222 942
222 971
222 981
222 996
223 232
223 234
223 296
223 376
223 401
223 430
223 437
223 732
224 240
224 363
224 369
224 446
224 485
224 657
224 668
224 783
224 898
224 928
224 934
225 423
225 596
225 725
225 764
225 904
226 274
226 276
226 453
226 513
226 679
226 771
226 834
226 888
226 901
226 988
226 998
227 237
227 244
227 384
227 470
227 477
227 537
227 548
227 744
227 771
227 838
227 873
227 944
227 973
228 683
228 952
229 267
229 280
229 348
229 443
229 446
229 476
229 525
229 641
229 662
229 675
229 700
229 993
230 350
230 544
230 648
230 666
230 754
230 838
230 893
231 722
231 778
231 956
232 344
232 402
232 574
232 709
232 765
232 927
232 999
233 368
233 383
233 469
233 575
233 656
233 992
234 339
234 373
234 466
234 604
234 647
234 661
234 677
234 840
234 917
234 985
235 437
235 479
235 550
235 570
235 615
235 712
235 841
235 934
236 439
236 579
236 586
236 608
236 663
236 690
236 888
236 902
237 362
237 661
237 735
238 243
238 400
238 488
238 790
238 827
238 916
238 951
238 975
239 280
239 438
239 461
239 646
239 763
239 780
239 819
240 288
240 351
240 372
240 392
240 498
240 593
240 708
241 307
241 370
241 512
241 609
241 611
241 725
241 786
241 831
241 909
242 268
242 332
242 397
242 440
242 448
242 519
242 820
243 360
243 376
243 560
243 649
243 720
244 298
244 304
244 400
244 662
244 724
244 959
244 988
245 334
245 512
245 540
245 569
245 806
245 957
246 265
246 266
246 282
246 550
246 691
246 940
247 259
247 445
247 503
247 558
247 627
247 855
248 441
248 492
248 500
248 574
248 599
248 771
248 835
248 907
248 943
248 955
249 316
249 340
249 498
249 521
249 864
250 290
250 321
250 373
250 412
250 509
250 523
250 587
250 662
250 782
250 879
250 891
251 293
251 343
251 809
251 912
251 990
251 998
252 259
252 298
252 302
252 326
252 377
252 431
252 572
252 598
252 633
253 305
253 346
253 424
253 491
253 733
253 845
253 862
253 868
253 910
254 267
254 453
254 566
254 621
254 782
254 783
254 864
255 269
255 422
255 472
255 488
255 503
255 748
255 768
255 816
255 885
255 929
255 934
256 370
256 394
256 459
256 469
256 749
256 884
256 990
257 325
257 354
257 419
257 731
257 770
257 784
257 871
257 941
258 399
258 505
258 517
258 657
258 884
258 910
259 381
259 481
259 504
259 545
259 726
259 799
259 829
259 892
259 980
259 988
260 536
260 603
260 679
260 756
260 885
260 922
261 359
261 402
261 452
261 629
261 678
261 825
261 864
261 990
261 993
262 297
262 511
262 545
262 960
262 970
263 336
263 421
263 550
263 572
263 595
263 944
263 992
264 284
264 384
264 453
264 455
264 509
264 569
264 662
264 820
264 874
264 876
264 941
264 972
265 470
265 568
265 594
265 899
265 932
266 293
266 385
266 522
266 835
267 563
267 575
267 842
268 303
268 469
268 501
268 637
268 688
268 705
268 832
268 903
269 434
269 482
269 657
270 271
270 427
270 488
270 541
270 672
270 708
271 346
271 490
271 654
271 693
271 723
271 777
271 789
271 842
271 914
272 411
272 501
272 598
272 604
272 734
272 977
273 326
273 328
273 491
273 615
273 767
273 876
273 976
273 981
274 336
274 726
274 781
274 937
275 847
275 863
276 279
276 463
276 477
276 501
276 584
276 884
277 317
277 356
277 433
277 450
277 543
277 581
277 627
277 652
277 690
277 764
277 819
277 942
278 298
278 316
278 357
278 368
278 421
278 492
278 612
278 681
278 811
278 906
278 937
278 969
279 345
279 529
279 534
279 541
279 891
279 907
279 960
280 468
280 704
281 314
281 349
281 408
281 595
281 696
281 737
281 801
282 297
282 673
282 704
282 903
283 754
283 816
283 847
283 868
284 295
284 359
284 406
284 425
284 474
284 543
284 677
284 759
284 888
284 926
284 939
285 358
285 378
285 598
285 651
285 738
285 751
285 961
286 319
286 401
286 475
286 479
286 508
286 630
286 888
287 335
287 379
287 473
287 509
287 528
287 579
287 602
287 691
287 790
287 815
287 907
288 332
288 337
288 357
288 543
288 591
288 716
288 720
288 748
288 852
288 867
288 909
289 350
289 414
289 606
289 660
289 679
289 843
290 589
290 671
290 900
291 380
291 478
291 562
291 727
291 729
291 821
291 954
291 994
292 402
292 466
292 819
292 878
293 385
293 448
293 546
293 670
293 678
293 709
293 959
294 348
294 418
294 499
294 671
294 672
294 700
294 814
294 918
294 928
294 948
295 319
295 369
295 433
295 538
295 788
295 819
295 973
296 369
296 769
296 827
297 353
297 526
297 737
297 804
297 992
298 361
298 512
298 523
298 578
298 581
298 650
298 666
298 786
298 801
298 808
298 894
299 428
299 458
299 735
299 745
299 825
299 913
299 960
300 434
300 493
300 501
300 581
300 631
300 644
300 700
300 742
300 901
300 941
300 962
301 342
301 362
301 384
301 485
301 495
301 545
301 635
301 646
301 689
301 711
301 921
302 331
302 341
302 364
302 598
302 689
302 712
302 796
302 893
302 918
302 947
302 987
303 773
303 860
303 975
304 336
304 803
304 866
304 929
305 496
305 649
305 799
305 826
305 849
306 738
306 940
306 996
307 316
307 338
307 377
307 498
307 660
307 860
307 960
307 964
308 454
308 491
308 535
308 537
308 599
308 634
308 664
308 677
308 741
309 336
309 352
309 444
309 462
309 671
309 838
309 864
309 936
309 950
310 438
310 579
310 686
310 826
310 933
311 332
311 363
311 368
311 426
311 581
311 763
311 838
311 951
312 329
312 393
312 448
312 667
312 701
312 812
312 838
312 961
313 524
313 777
313 955
314 438
314 672
314 789
314 818
314 883
315 328
315 346
315 551
315 602
316 346
316 498
316 596
316 787
316 864
316 944
316 955
316 982
317 441
317 470
317 649
317 712
317 756
317 768
317 772
317 851
318 319
318 440
318 558
318 793
318 848
318 888
318 998
319 543
319 556
319 663
319 673
319 717
319 747
320 474
320 496
320 532
320 555
320 557
320 572
320 687
320 720
320 859
320 892
321 472
321 556
321 572
321 737
321 882
321 914
322 524
322 705
322 756
322 760
322 770
322 771
322 832
322 879
323 330
323 404
323 430
323 443
323 741
323 870
324 342
324 578
324 645
324 825
324 958
325 475
325 524
325 581
325 719
325 909
326 436
326 545
326 658
327 520
327 650
327 691
327 837
327 846
327 860
327 976
328 558
328 665
328 959
329 427
329 465
329 585
329 693
329 695
329 738
329 956
330 352
330 464
330 609
330 754
330 809
330 922
330 954
330 975
330 988
331 339
331 374
331 472
331 477
331 509
331 515
331 607
331 826
331 881
331 959
332 368
332 479
332 482
332 539
332 745
332 807
332 983
333 340
333 385
333 618
333 638
333 844
333 940
333 949
333 978
334 337
334 371
334 418
334 473
334 584
334 735
334 790
334 802
334 937
335 367
335 533
335 588
335 861
335 877
335 908
335 918
336 388
336 408
336 415
336 419
336 574
336 648
336 704
336 815
337 506
337 559
337 573
337 715
337 821
337 879
337 919
337 926
337 937
338 666
338 868
338 880
339 361
339 370
339 503
339 580
339 689
339 799
339 908
339 963
340 382
340 421
340 442
340 477
340 549
340 608
340 619
340 690
340 734
340 788
340 791
340 855
340 919
341 426
341 485
341 534
341 537
341 572
341 602
341 612
341 637
341 819
341 840
341 974
342 372
342 456
342 470
342 486
342 609
342 866
343 396
343 403
343 478
343 807
343 983
344 553
344 778
344 799
344 800
344 837
344 853
344 900
345 404
345 551
345 575
345 666
345 675
345 706
345 785
345 845
345 906
345 940
346 358
346 433
346 446
346 455
346 568
346 589
346 658
346 680
346 695
346 821
346 968
347 472
347 550
347 633
347 688
347 990
348 411
348 574
348 905
349 431
349 433
349 534
349 687
349 746
349 955
350 357
350 519
350 534
350 646
350 877
350 918
350 945
350 969
351 564
351 587
351 671
351 815
351 828
351 878
351 899
352 354
352 440
352 447
352 500
352 617
352 791
352 811
353 408
353 420
353 537
353 601
353 953
354 366
354 503
354 510
354 538
354 810
355 412
355 434
355 566
355 612
355 734
355 966
356 358
356 510
356 552
356 879
356 923
356 981
357 365
357 397
357 399
357 571
357 583
357 708
357 791
357 795
357 796
357 798
357 833
357 842
357 981
358 374
358 468
358 583
358 802
359 411
359 452
359 692
359 725
359 814
360 711
360 873
360 880
360 933
360 963
361 376
361 460
361 726
361 751
361 766
361 879
361 960
362 448
362 908
362 965
362 976
363 885
364 700
364 832
364 900
364 965
365 395
365 455
365 474
365 479
365 867
365 881
365 965
366 729
366 838
367 390
367 470
367 546
367 553
367 609
367 691
367 935
368 374
368 406
368 481
368 656
368 750
368 988
369 480
369 588
369 712
369 826
369 908
369 979
370 402
370 419
370 600
370 995
371 504
371 549
371 684
371 802
372 374
372 779
372 904
372 924
373 397
373 404
373 415
373 447
373 602
373 729
373 746
373 943
374 441
374 516
374 528
374 612
374 760
374 874
374 951
374 988
375 827
376 408
376 454
376 515
376 636
376 714
376 733
376 831
376 873
376 891
376 898
376 901
376 945
377 670
377 711
377 909
377 936
378 393
378 459
378 508
378 538
378 657
378 785
378 903
378 983
379 383
379 472
379 484
379 663
379 747
379 781
379 809
379 836
380 394
380 435
380 616
380 786
380 850
380 964
381 481
381 510
381 732
381 818
381 828
381 846
381 877
381 878
381 967
381 989
382 462
382 484
382 511
382 586
382 672
382 896
382 898
382 911
382 943
383 539
383 684
383 754
383 784
383 991
384 449
384 476
384 615
384 662
384 771
384 875
384 878
384 944
385 517
385 542
385 702
385 705
385 712
385 718
385 835
385 884
386 442
386 628
386 883
386 942
387 435
387 437
387 605
387 641
387 645
387 758
387 780
387 962
388 536
388 646
388 785
388 858
388 926
388 954
388 983
388 991
389 395
389 404
389 516
389 615
389 652
389 681
389 764
389 782
389 790
390 391
390 695
390 718
390 889
390 941
391 445
391 641
391 828
391 829
391 848
391 948
391 983
392 485
392 627
392 813
392 929
392 932
392 978
392 993
393 490
393 545
393 551
393 767
393 844
393 993
394 584
394 666
394 675
394 789
394 894
394 897
394 902
394 994
395 399
395 409
395 449
395 477
395 487
395 655
395 738
395 924
395 933
396 423
396 694
396 835
396 839
396 847
396 880
396 920
397 446
397 582
397 617
397 624
397 750
397 882
398 411
398 692
398 852
398 936
398 961
398 991
399 407
399 535
399 584
399 735
399 745
399 862
399 903
400 477
400 672
400 742
400 744
400 806
400 824
400 967
401 408
401 698
401 727
401 793
401 868
401 955
401 976
402 566
402 638
402 668
402 823
403 425
403 434
403 569
403 840
403 879
404 442
404 658
404 661
404 692
404 800
404 820
404 857
404 863
404 897
404 979
404 984
405 850
405 902
406 460
406 551
406 676
406 889
406 893
406 987
407 421
407 480
407 517
407 644
407 678
407 680
408 463
408 532
408 612
408 628
408 879
408 938
408 960
409 442
409 638
409 654
409 663
409 699
409 810
410 479
410 488
410 524
410 641
410 696
410 917
410 970
411 501
411 618
411 713
411 960
412 442
412 566
412 926
412 927
413 539
413 572
413 703
413 796
413 832
413 855
413 915
414 696
414 728
414 795
414 872
415 483
415 496
415 512
415 708
415 759
415 844
415 866
415 869
415 986
416 577
416 610
416 696
416 756
416 817
417 440
417 442
417 589
417 609
417 658
417 813
417 926
418 462
418 524
418 554
418 709
418 729
418 734
418 900
418 924
418 976
419 584
419 609
419 789
419 816
419 866
419 958
420 586
420 622
420 755
420 851
420 935
420 972
421 502
421 504
421 811
422 435
422 478
422 488
422 558
422 623
422 628
422 649
422 698
422 822
422 938
422 948
423 481
423 571
423 894
423 913
423 964
424 522
424 612
424 638
424 682
424 732
424 765
425 533
425 540
425 587
425 625
425 724
425 780
425 901
426 861
426 862
427 521
427 522
427 600
427 620
427 658
427 669
427 715
427 852
427 892
428 492
428 668
428 708
428 928
429 677
429 691
429 735
429 926
429 945
429 952
430 545
430 565
430 570
430 801
430 892
430 903
431 553
431 577
431 602
432 481
432 606
432 640
432 657
432 776
432 868
432 883
432 937
432 969
432 978
433 538
433 877
434 491
434 498
434 684
434 739
434 758
434 764
434 952
434 957
435 486
435 744
435 800
435 878
435 889
436 461
436 651
436 655
436 662
436 712
436 811
436 832
436 888
436 973
436 997
437 504
437 608
437 630
437 669
437 931
438 478
438 564
438 666
438 680
438 786
438 884
438 963
439 448
439 481
439 513
439 562
439 767
439 807
439 821
439 848
440 565
440 673
440 743
440 925
441 462
441 481
441 483
441 638
441 814
441 866
442 490
442 527
442 574
442 603
442 648
442 866
443 486
443 552
443 577
443 790
443 791
443 820
443 965
444 525
444 538
444 638
444 995
445 525
445 546
445 570
445 587
445 616
445 668
445 821
446 580
446 593
446 641
446 642
446 690
446 703
446 753
447 448
447 463
447 497
447 499
447 592
447 670
447 673
447 973
447 991
448 558
448 592
448 610
448 636
448 669
448 795
448 941
448 943
449 602
449 695
449 893
449 941
450 451
450 454
450 647
450 679
450 735
450 764
450 911
450 944
450 956
451 549
451 657
451 706
451 810
451 958
451 972
452 495
452 716
452 778
452 825
452 838
452 953
453 559
453 565
453 643
453 679
453 747
453 748
453 808
453 919
453 993
454 462
454 538
454 592
454 631
454 719
454 725
454 767
454 890
455 472
455 511
455 635
455 643
455 889
455 923
455 993
456 501
456 506
456 507
456 863
456 878
456 885
457 540
457 671
457 709
457 791
457 797
457 845
457 878
457 894
457 953
458 548
458 747
458 894
458 930
459 690
459 720
459 842
459 928
459 939
460 540
460 554
460 588
460 616
460 738
460 849
460 899
460 953
461 514
461 536
461 575
461 770
461 952
462 605
462 674
462 738
462 836
462 884
463 772
463 897
463 913
463 933
463 983
463 996
464 627
464 838
464 976
465 540
465 544
465 607
465 696
465 787
465 879
465 982
465 988
466 639
466 679
466 721
466 770
466 925
467 653
467 907
467 979
468 494
468 542
468 580
468 616
468 653
468 656
469 553
469 651
469 717
469 757
469 836
469 860
470 484
470 583
470 715
470 716
470 743
470 781
470 798
470 930
470 958
470 980
471 519
471 585
472 829
472 905
472 989
473 547
473 556
473 621
473 653
473 814
473 864
474 552
474 568
474 633
474 752
474 966
475 486
475 504
475 544
475 585
475 776
475 779
475 841
475 855
475 878
475 948
476 563
476 622
476 628
476 692
476 709
476 752
476 755
476 762
476 824
476 948
476 974
477 566
477 625
477 627
477 675
477 722
478 602
478 714
478 731
478 990
479 801
479 805
479 926
479 960
480 796
480 835
480 891
480 970
481 525
481 585
481 703
481 748
481 767
482 592
482 593
482 607
482 700
482 840
482 860
482 971
483 569
483 575
483 588
483 682
483 778
483 792
483 819
483 838
483 995
484 901
484 976
485 886
485 975
486 569
486 645
486 792
486 877
486 952
486 971
487 559
487 706
487 779
487 836
488 519
489 693
489 833
489 924
489 935
490 539
490 735
490 739
490 757
490 898
490 961
491 559
491 606
491 728
491 819
491 946
492 602
492 619
492 684
492 692
492 870
493 588
493 749
493 765
493 877
493 889
494 639
494 764
494 867
494 968
495 798
495 846
495 852
495 897
496 523
496 531
496 622
496 654
496 656
496 717
496 728
496 742
496 786
496 839
496 877
496 953
496 988
497 648
497 670
497 919
497 942
498 533
498 611
498 684
498 753
498 773
498 996
499 588
499 700
499 770
499 783
499 819
499 842
499 867
499 923
499 989
500 559
500 597
500 623
500 764
500 863
501 573
501 657
501 745
502 505
502 616
502 683
502 737
502 798
502 805
502 855
502 990
503 577
503 653
503 719
503 822
503 885
504 538
504 643
504 708
504 718
504 857
505 592
505 650
505 696
505 763
505 900
505 999
506 745
506 774
506 800
506 808
506 845
506 949
506 991
507 543
507 654
507 810
507 896
507 998
508 575
508 689
508 699
508 746
509 536
509 694
509 737
509 844
509 989
510 639
510 763
510 815
510 830
510 873
510 883
510 926
510 953
511 543
511 570
511 625
511 656
511 756
511 793
511 796
512 565
512 688
512 779
513 518
513 758
513 776
513 793
514 531
514 569
514 803
514 904
515 605
515 637
515 639
515 698
515 706
515 786
516 637
516 702
516 749
517 658
517 689
517 721
517 765
517 849
518 824
518 826
518 828
518 875
518 960
519 563
519 599
519 688
519 776
519 779
519 991
520 589
520 682
520 721
520 757
520 820
520 889
520 925
521 581
521 582
521 683
521 840
521 894
522 625
522 677
522 824
522 942
522 951
523 586
523 649
523 935
524 602
524 665
524 677
524 936
525 733
525 870
525 964
525 966
526 613
526 705
526 874
526 901
526 964
527 659
527 667
527 668
527 785
527 815
527 866
527 876
527 906
528 535
528 582
528 724
528 851
528 865
528 927
529 573
529 616
529 636
529 640
529 776
529 807
529 874
529 896
529 933
529 936
530 540
530 620
530 627
530 675
530 690
530 893
530 908
531 535
531 591
531 593
531 753
531 754
531 759
531 846
531 859
531 973
532 685
532 946
533 561
533 602
533 639
533 673
533 730
533 759
533 876
534 566
534 624
534 651
534 905
535 572
535 582
535 748
535 791
535 794
535 798
535 800
536 614
536 658
536 723
536 739
536 861
536 976
537 598
537 626
537 806
537 865
537 952
537 983
537 999
538 621
538 760
538 852
539 581
539 649
539 708
539 729
539 830
539 922
539 979
540 581
540 715
540 804
540 809
540 901
540 940
540 954
540 977
541 554
541 631
541 702
541 710
541 750
541 819
542 672
542 744
542 787
542 812
542 814
542 933
542 964
542 991
543 695
543 703
543 796
543 810
543 816
543 943
544 557
544 741
544 749
544 761
544 776
545 633
545 722
545 803
545 850
545 915
545 917
545 922
546 570
546 866
547 715
547 716
547 756
547 796
547 874
547 887
547 977
548 558
548 643
548 761
549 559
549 729
549 804
549 871
549 905
549 956
549 959
549 961
550 718
551 603
551 619
551 747
551 750
551 757
552 707
552 834
552 915
552 930
552 950
553 607
553 608
553 612
553 905
553 950
553 982
554 557
554 693
554 768
554 944
555 818
555 941
556 943
557 669
557 822
557 854
557 978
558 688
558 711
558 737
558 749
558 818
558 855
558 947
559 652
559 774
559 917
560 761
560 808
560 859
560 906
561 853
561 939
562 748
562 770
562 795
563 751
563 760
563 764
563 816
564 731
564 818
564 860
564 945
564 969
565 822
565 929
565 949
565 953
566 696
566 833
566 923
567 833
567 961
567 973
568 909
568 964
569 577
569 596
569 632
569 724
569 727
569 901
569 978
570 649
570 766
570 819
570 877
570 901
570 958
571 739
571 819
571 878
571 881
571 974
571 978
572 661
572 668
572 751
572 979
573 875
573 884
573 994
574 582
574 597
574 646
574 822
574 857
574 911
574 938
575 672
575 733
575 746
575 847
575 921
576 599
577 772
577 804
577 897
577 989
578 643
578 683
578 705
578 821
578 917
579 834
579 857
579 927
579 977
580 789
580 841
580 887
580 943
580 975
581 817
581 873
581 880
581 919
582 706
582 718
582 833
582 852
582 949
583 648
583 653
583 720
583 730
583 745
584 687
584 731
584 834
584 907
585 591
585 708
585 907
586 595
586 725
586 732
586 846
586 909
587 838
587 863
588 593
588 617
588 638
588 754
589 825
589 927
589 950
590 680
590 711
591 792
591 978
592 611
592 716
592 823
593 687
593 824
593 831
593 939
594 604
594 618
594 690
594 906
595 672
595 692
595 742
595 971
596 655
596 760
596 803
596 848
596 915
596 957
596 992
596 994
596 995
597 653
597 856
597 879
597 981
598 644
598 645
598 734
598 851
598 870
598 924
599 610
599 822
599 842
600 683
600 698
600 713
600 832
601 773
601 971
601 995
602 623
602 810
603 834
604 607
604 919
605 648
605 829
606 690
606 842
606 843
606 929
607 639
607 731
608 616
608 652
608 683
608 689
608 803
608 836
608 927
608 957
608 993
608 999
609 879
609 947
610 744
610 867
611 675
612 722
612 794
612 869
612 895
612 901
613 615
613 750
613 777
613 784
613 807
613 820
613 868
614 674
614 739
614 813
615 735
615 774
615 853
615 873
615 890
615 910
615 939
616 643
616 946
617 628
617 792
618 874
619 692
619 836
619 938
619 970
620 704
620 883
620 938
620 939
621 676
621 732
621 837
621 838
621 977
622 822
622 972
623 778
623 881
623 923
623 957
624 791
624 889
624 901
625 634
625 806
625 837
625 839
625 963
626 647
626 734
626 794
626 973
627 782
627 824
627 958
627 963
627 987
628 638
628 643
628 821
628 833
628 965
628 990
630 641
630 765
630 853
630 876
630 887
630 898
630 982
631 652
631 884
631 887
632 832
632 843
633 772
633 845
633 896
633 915
633 919
633 972
634 783
634 816
634 931
634 944
635 671
635 764
635 772
636 734
636 809
637 660
637 693
637 728
637 937
638 697
638 837
638 916
638 942
639 753
639 769
640 661
640 667
640 690
640 737
640 795
640 995
641 687
641 778
641 853
641 900
642 807
642 819
642 852
643 710
643 782
643 793
644 794
644 900
645 900
645 931
646 661
646 698
646 733
646 776
646 779
648 847
648 870
648 880
648 916
649 723
649 842
649 959
649 965
650 686
650 936
651 743
651 749
651 928
652 721
652 747
652 775
652 973
652 998
653 700
653 794
653 900
653 935
653 960
654 656
654 743
654 831
654 850
654 854
654 951
654 996
655 705
655 854
655 886
655 924
657 865
657 994
658 699
658 754
658 768
658 815
658 821
658 858
658 994
659 660
659 762
659 782
659 822
659 881
659 956
659 986
660 753
660 826
661 812
661 864
661 876
662 807
662 905
663 682
663 726
663 869
663 874
663 889
663 997
664 804
665 690
665 924
665 964
665 983
666 809
666 865
667 767
667 952
667 957
667 968
667 979
668 674
668 747
668 839
668 898
669 808
669 965
670 691
670 705
670 786
670 827
670 954
671 678
671 810
671 873
671 883
671 983
672 767
672 770
672 837
672 850
672 995
673 747
673 933
674 773
674 821
675 973
676 915
677 815
677 889
677 908
678 751
678 965
679 735
679 759
679 791
679 980
679 985
680 777
680 906
680 959
681 712
681 779
681 944
681 977
681 999
682 692
682 757
682 806
682 967
683 769
683 809
683 867
683 959
684 865
684 874
685 784
685 836
685 865
685 989
686 707
686 711
686 851
687 911
687 977
688 831
689 791
689 842
689 901
689 944
690 888
691 826
691 866
691 948
691 956
691 984
692 777
692 859
692 882
692 926
693 699
693 716
693 727
693 737
693 799
693 917
693 942
693 968
694 720
694 884
694 905
694 999
695 714
695 779
695 833
696 744
696 850
696 893
696 967
697 713
697 881
698 806
698 996
699 799
699 828
699 894
699 939
699 990
700 931
701 855
701 871
701 916
702 808
702 829
702 845
702 876
703 824
703 869
704 824
704 830
704 900
704 969
704 973
705 737
707 858
707 878
707 930
707 965
708 749
709 720
709 809
710 747
710 891
710 948
711 712
711 779
711 812
711 830
711 910
711 998
712 719
712 753
712 756
712 769
712 926
713 769
713 818
713 915
714 805
716 736
716 794
717 726
717 764
717 765
717 929
718 828
718 919
719 803
719 839
719 939
720 763
720 786
720 953
721 778
721 855
721 883
721 969
721 982
722 744
723 994
724 816
724 829
724 977
725 784
725 799
725 826
726 747
726 808
727 757
727 774
727 947
727 987
728 778
728 895
728 954
729 741
729 880
729 987
730 780
730 883
731 775
731 889
731 956
732 954
733 829
734 758
735 870
735 915
735 931
735 947
736 747
736 799
736 926
736 947
736 949
736 990
737 745
737 796
737 833
737 888
737 925
737 946
738 786
738 862
738 995
739 794
739 851
739 859
739 985
739 989
740 742
740 801
740 888
740 894
742 962
742 979
742 997
743 798
743 956
744 906
745 828
745 842
745 873
745 896
745 939
745 941
745 942
746 750
746 845
746 947
747 809
747 838
747 941
748 778
748 784
748 914
749 988
749 997
750 793
750 966
751 845
751 882
751 921
752 763
752 831
752 873
752 893
752 929
752 937
752 973
753 879
753 885
755 796
755 871
755 884
755 912
756 809
756 821
756 902
756 904
757 913
757 960
758 968
759 798
760 777
760 842
760 958
762 821
762 874
762 901
763 825
763 889
763 891
765 946
766 793
766 810
767 817
767 841
767 893
768 885
768 948
769 923
770 805
770 868
770 944
771 818
771 856
771 976
774 918
774 932
774 945
775 851
775 999
776 823
776 896
776 905
776 936
776 937
778 862
778 902
778 904
778 946
778 968
779 868
779 881
779 999
782 869
782 960
783 823
783 829
783 938
783 960
784 913
785 819
786 808
786 841
786 872
786 960
787 938
788 825
788 928
790 864
792 841
792 868
792 950
793 916
793 934
794 922
795 836
796 850
796 851
796 982
799 884
799 930
800 985
801 867
803 829
803 849
803 967
803 979
804 908
804 920
804 993
805 912
806 895
806 960
807 818
807 953
807 973
808 888
809 833
809 852
809 945
809 979
809 996
810 948
810 974
810 981
812 817
812 918
812 929
813 863
814 947
814 984
815 996
816 844
817 962
818 932
820 890
822 899
822 967
822 992
823 850
823 864
825 955
826 925
829 892
830 922
831 933
831 935
832 850
832 923
833 839
833 895
833 965
833 994
834 843
834 899
834 959
834 989
835 872
835 977
836 859
836 990
837 951
838 907
838 946
839 846
839 913
839 985
840 862
840 876
841 858
841 891
842 907
844 980
844 986
844 992
846 882
846 961
846 968
847 921
847 936
847 941
848 853
849 998
850 894
853 953
853 967
854 873
854 879
854 953
855 872
855 914
856 894
856 981
857 883
857 907
859 947
860 901
861 928
861 967
862 871
862 880
863 897
863 955
865 905
865 929
866 932
866 935
868 959
868 978
869 871
871 917
871 933
871 999
872 943
872 968
874 915
875 903
875 920
875 987
876 893
877 899
877 925
877 982
878 995
879 953
879 978
880 958
881 986
882 985
883 909
883 951
883 998
884 886
884 963
887 948
888 928
888 934
888 937
890 947
890 953
891 892
891 941
892 979
894 905
895 954
895 975
896 973
896 974
897 912
897 914
897 989
898 968
898 972
899 937
899 979
901 927
901 953
902 977
902 982
903 907
904 988
905 938
907 914
908 962
909 928
909 958
910 940
912 973
916 965
917 918
917 941
917 951
917 958
918 940
919 994
920 972
922 959
923 970
927 928
927 963
927 984
928 952
932 942
936 958
936 999
937 959
939 985
941 958
943 972
947 978
949 993
956 994
959 974
961 992
962 973
965 968
968 975
969 991
971 975
972 998
979 992
981 999
984 986
987 999
989 991
0
10 999
