1000	4935	 1
0 54
0 99
0 143
0 213
0 396
0 419
0 474
0 499
0 535
0 635
0 714
0 806
0 984
1 35
1 47
1 88
1 582
1 600
1 624
1 893
1 901
1 955
2 69
2 97
2 125
2 274
2 281
2 510
2 590
2 817
2 855
2 875
2 889
3 249
3 258
3 350
3 509
3 542
3 559
3 577
3 635
3 758
3 780
3 828
3 943
4 19
4 129
4 151
4 154
4 289
4 364
4 417
4 437
4 502
4 629
4 645
4 708
4 918
4 929
4 949
5 32
5 242
5 277
5 300
5 392
5 406
5 413
5 454
5 498
5 552
5 720
5 732
5 789
5 939
6 246
6 414
6 439
6 462
6 519
6 568
6 627
6 746
6 829
6 838
6 963
6 971
6 987
7 55
7 149
7 160
7 256
7 404
7 447
7 476
7 664
7 702
7 705
7 812
7 878
8 77
8 200
8 226
8 292
8 378
8 512
8 715
8 752
8 798
8 800
8 934
8 958
8 992
9 15
9 27
9 93
9 99
9 168
9 369
9 446
9 464
9 720
9 790
9 874
10 31
10 76
10 156
10 190
10 207
10 715
10 926
11 22
11 203
11 281
11 375
11 413
11 804
11 857
11 912
11 946
12 80
12 81
12 258
12 268
12 472
12 479
12 609
12 809
12 814
12 864
13 40
13 231
13 485
13 500
13 643
13 758
13 854
13 981
14 256
14 541
14 696
14 711
14 717
14 775
14 852
14 895
15 27
15 175
15 262
15 449
15 451
15 452
15 556
15 578
15 584
15 892
15 922
15 931
15 937
16 402
16 541
16 583
16 617
16 762
16 901
17 22
17 35
17 113
17 117
17 310
17 468
17 490
17 557
17 558
17 574
17 624
17 668
17 748
17 828
17 930
18 239
18 312
18 544
18 546
18 554
18 796
18 956
19 24
19 29
19 271
19 278
19 386
19 632
19 978
20 80
20 122
20 218
20 229
20 314
20 433
20 669
20 674
20 684
20 725
20 765
20 901
21 91
21 133
21 201
21 204
21 343
21 514
21 797
21 928
22 49
22 76
22 86
22 379
22 589
22 732
22 825
22 907
23 208
23 282
23 300
23 447
23 477
23 524
23 623
23 755
24 68
24 81
24 180
24 196
24 308
24 378
24 465
24 478
24 549
24 594
24 654
24 731
24 738
24 745
24 753
24 803
25 75
25 157
25 254
25 538
25 563
25 681
25 850
25 972
26 38
26 131
26 321
26 332
26 473
26 811
26 975
26 981
27 103
27 121
27 135
27 225
27 279
27 487
27 492
27 559
27 885
27 954
28 96
28 135
28 264
28 338
28 374
28 434
28 545
28 615
28 636
28 687
28 727
28 920
29 30
29 107
29 150
29 239
29 369
29 376
29 545
29 626
29 631
29 633
29 671
29 784
29 861
29 900
29 959
29 975
29 984
30 39
30 187
30 393
30 468
30 763
30 931
31 77
31 229
31 265
31 290
31 392
31 433
31 729
31 813
31 947
31 976
32 131
32 139
32 356
32 431
32 653
32 739
32 880
33 170
33 225
33 249
33 466
33 789
33 839
33 851
34 105
34 152
34 232
34 239
34 515
34 537
34 565
34 678
34 820
34 866
34 884
34 960
34 985
35 94
35 250
35 271
35 391
35 531
35 594
35 681
35 824
35 978
35 986
36 164
36 441
36 652
36 793
36 910
36 925
36 970
37 52
37 122
37 170
37 268
37 293
37 399
37 491
37 635
37 708
37 718
37 742
37 752
37 807
37 810
37 829
38 75
38 79
38 162
38 237
38 274
38 322
38 328
38 395
38 404
38 422
38 888
38 913
38 939
39 59
39 205
39 286
39 292
39 327
39 389
39 415
39 917
40 173
40 288
40 322
40 325
40 336
40 576
40 604
40 665
40 767
41 68
41 437
41 453
41 552
41 602
41 638
41 739
41 740
41 807
41 933
41 947
42 188
42 252
42 320
42 507
42 535
42 561
42 636
42 735
42 817
42 985
43 68
43 162
43 350
43 351
43 389
43 532
43 670
43 678
43 689
43 704
43 744
43 756
43 870
43 890
43 962
43 973
44 67
44 176
44 301
44 348
44 354
44 587
44 655
44 721
44 973
44 974
45 49
45 252
45 349
45 530
45 595
45 714
45 862
45 925
46 56
46 114
46 118
46 174
46 211
46 297
46 385
46 509
46 603
46 756
46 761
46 763
46 832
47 73
47 184
47 259
47 326
47 356
47 375
47 386
47 440
47 458
47 577
47 851
47 934
47 949
47 970
48 97
48 287
48 338
48 584
48 617
48 774
48 882
49 64
49 73
49 230
49 407
49 429
49 446
49 536
49 567
49 656
49 840
49 844
50 143
50 214
50 269
50 347
50 424
50 428
50 452
50 478
50 507
50 712
50 749
51 223
51 284
51 311
51 360
51 432
51 485
51 655
51 696
52 99
52 140
52 390
52 400
52 475
52 527
52 589
52 695
52 799
52 910
52 951
53 74
53 121
53 240
53 348
53 526
53 719
53 799
53 989
54 324
54 404
54 470
54 496
54 507
54 581
54 809
54 819
54 822
54 896
54 914
55 114
55 129
55 373
55 435
55 510
55 521
55 534
55 624
55 653
55 851
56 92
56 129
56 137
56 192
56 401
56 487
56 635
56 644
56 657
56 679
56 712
57 78
57 103
57 125
57 142
57 169
57 216
57 286
57 496
57 545
57 678
57 788
57 923
57 945
58 92
58 239
58 308
58 428
58 450
58 474
58 582
58 649
58 711
58 871
58 939
58 952
59 94
59 159
59 163
59 261
59 295
59 535
59 592
59 631
59 720
60 97
60 243
60 413
60 417
60 418
60 422
60 696
60 741
60 900
60 930
61 82
61 217
61 324
61 423
61 499
61 506
61 513
61 725
61 756
61 956
61 962
62 69
62 240
62 259
62 397
62 426
62 711
62 717
62 768
62 774
62 778
62 797
62 824
62 949
63 78
63 278
63 287
63 339
63 371
63 392
63 424
63 470
63 734
63 863
64 108
64 434
64 749
64 987
65 114
65 144
65 491
65 492
65 659
65 660
65 819
65 837
66 87
66 203
66 231
66 293
66 295
66 374
66 376
66 513
66 641
66 649
66 752
66 818
66 867
67 226
67 253
67 339
67 345
67 394
67 405
67 407
67 473
67 515
67 534
67 610
67 841
68 191
68 272
68 438
68 543
68 597
68 642
68 917
69 454
69 540
69 600
69 721
69 841
69 948
69 992
70 101
70 148
70 201
70 226
70 385
70 813
70 893
70 997
71 120
71 354
71 408
71 413
71 420
71 483
71 622
72 193
72 241
72 477
72 980
72 982
73 94
73 111
73 306
73 495
73 553
73 642
73 644
73 792
73 832
74 275
74 401
74 428
74 666
74 763
74 906
75 131
75 239
75 259
75 319
75 478
75 689
75 762
75 783
75 848
75 920
75 948
76 99
76 155
76 179
76 515
76 675
76 791
76 811
76 839
76 851
76 860
76 887
77 135
77 195
77 284
77 477
77 515
77 714
78 161
78 169
78 190
78 411
78 448
78 526
78 530
78 731
78 881
78 884
78 922
78 961
79 80
79 124
79 204
79 357
79 397
79 403
79 423
79 493
79 514
79 612
79 651
79 830
79 988
80 142
80 445
80 583
80 604
80 625
80 813
80 835
80 901
81 169
81 187
81 307
81 450
81 766
81 793
82 180
82 255
82 334
82 346
82 466
82 831
82 836
82 862
83 361
83 376
83 456
83 496
83 877
83 890
83 949
83 966
83 993
84 202
84 429
84 529
84 559
84 667
84 677
84 969
84 977
85 115
85 143
85 156
85 197
85 277
85 567
85 602
85 689
85 723
85 827
85 840
86 117
86 138
86 172
86 225
86 374
86 375
86 405
86 543
86 585
86 680
86 868
86 954
86 988
87 125
87 221
87 608
87 754
87 876
88 146
88 207
88 242
88 520
88 530
88 576
88 629
88 636
88 653
88 946
89 200
89 206
89 290
89 441
89 452
89 468
89 565
89 602
89 639
89 697
89 836
89 842
90 130
90 312
90 330
90 443
90 500
90 647
90 666
90 691
90 791
90 860
91 190
91 309
91 471
91 616
91 679
91 690
91 828
91 871
91 951
92 278
92 580
92 626
92 726
92 730
92 783
92 797
93 114
93 117
93 149
93 176
93 292
93 304
93 512
93 960
94 109
94 140
94 613
94 633
94 719
94 763
95 429
95 533
95 565
95 662
95 674
95 739
95 794
95 892
95 986
96 278
96 466
96 593
96 599
96 754
96 904
97 130
97 249
97 270
97 306
97 435
97 949
97 954
97 996
98 499
98 589
98 742
98 849
98 885
98 912
98 952
99 284
99 471
99 489
99 537
99 545
99 581
99 636
99 673
99 751
100 103
100 187
100 528
100 583
100 698
100 710
100 746
100 776
101 116
101 150
101 187
101 634
101 821
101 974
101 984
102 287
102 404
102 506
102 540
102 661
102 799
102 857
102 932
102 971
103 129
103 149
103 179
103 189
103 452
103 606
103 635
103 643
103 707
103 799
103 866
103 914
104 191
104 222
104 323
104 339
104 395
104 457
104 591
104 722
105 109
105 169
105 344
105 442
105 498
105 551
105 923
105 937
105 969
105 997
106 141
106 240
106 338
106 467
106 738
106 945
107 605
107 610
107 907
107 992
108 123
108 174
108 327
108 477
108 764
109 290
109 314
109 722
109 880
109 928
110 111
110 117
110 326
110 417
110 598
110 607
110 781
110 957
111 118
111 174
111 340
111 366
111 385
111 541
111 588
111 762
112 152
112 154
112 161
112 597
112 612
112 702
112 707
112 919
113 134
113 531
113 570
113 600
113 607
113 739
113 775
113 863
113 899
113 902
113 951
114 136
114 349
114 460
114 638
114 891
115 203
115 286
115 313
115 386
115 390
115 695
116 648
117 183
117 239
117 356
117 505
117 581
117 691
117 795
118 149
118 520
118 637
118 838
118 913
119 206
119 424
119 497
119 570
119 579
119 657
119 709
119 740
119 777
119 800
119 913
119 924
120 294
120 388
120 502
120 729
120 783
121 170
121 176
121 195
121 434
121 547
121 549
121 570
121 754
121 911
121 935
122 129
122 202
122 208
122 356
122 530
122 797
122 848
122 853
122 885
122 923
122 940
123 239
123 295
123 317
123 563
123 572
123 577
123 646
123 719
123 775
124 229
124 398
124 409
124 457
124 494
124 566
124 615
124 758
124 954
125 212
125 592
125 749
125 930
125 936
125 937
126 698
126 797
126 825
126 853
126 903
127 264
127 503
127 651
127 691
127 830
127 972
128 227
128 244
128 370
128 424
128 624
128 743
128 792
128 844
128 850
128 950
128 987
129 253
129 350
129 489
129 673
129 760
129 815
129 931
130 463
130 614
130 786
130 885
130 888
130 965
131 139
131 149
131 273
131 533
131 600
131 647
131 717
131 785
131 905
132 221
132 505
132 594
132 631
132 734
132 750
133 213
133 231
133 564
133 620
133 760
133 777
133 939
133 951
134 201
134 350
134 407
134 416
134 446
134 461
134 561
134 823
134 881
134 997
135 244
135 312
135 480
135 582
135 599
135 699
135 705
135 802
135 823
135 887
136 755
136 894
136 957
137 209
137 723
137 786
137 816
137 953
137 964
138 270
138 277
138 284
138 431
138 513
138 604
138 764
138 851
139 149
139 311
139 366
139 503
139 547
139 746
139 918
140 143
140 192
140 210
140 401
140 469
140 512
140 523
140 600
140 620
140 754
140 890
140 942
141 459
141 644
141 720
141 731
141 746
141 927
141 974
142 165
142 178
142 183
142 189
142 321
142 471
142 606
142 625
142 686
142 697
142 845
142 922
142 930
143 188
143 261
143 292
143 308
143 433
143 460
143 543
143 555
143 563
143 655
143 665
143 682
143 833
143 892
144 176
144 305
144 538
144 668
144 732
144 967
144 973
145 193
145 277
145 285
145 374
145 460
145 605
145 689
145 885
145 921
146 229
146 288
146 297
146 312
146 398
146 539
146 671
146 749
146 873
146 877
146 936
147 149
147 206
147 483
147 505
147 582
147 684
147 961
148 200
148 206
148 369
148 424
148 434
148 455
148 503
148 603
148 685
148 911
148 973
149 184
149 555
149 595
149 625
149 794
149 826
149 851
150 199
150 211
150 592
150 643
150 695
150 797
150 903
151 285
151 371
151 498
151 688
151 700
151 743
151 836
151 897
151 962
152 257
152 263
152 295
152 308
152 367
152 384
152 484
152 557
152 703
152 722
152 921
153 173
153 285
153 420
153 655
154 234
154 410
154 538
154 584
154 684
154 818
155 168
155 191
155 222
155 307
155 365
155 522
155 529
155 569
155 690
155 959
156 220
156 256
156 441
156 604
156 796
156 909
157 159
157 215
157 275
157 295
157 500
157 703
157 797
157 917
157 950
158 176
158 275
158 325
158 367
158 457
158 475
158 617
158 697
158 727
158 914
158 937
158 949
159 291
159 329
159 370
159 449
159 561
159 581
159 595
159 833
159 939
160 433
160 589
160 695
160 811
161 166
161 172
161 228
161 282
161 325
161 581
161 684
161 796
161 798
161 849
162 267
162 272
162 297
162 496
162 738
162 995
163 233
163 537
163 632
163 656
163 972
163 989
163 990
164 166
164 177
164 262
164 510
164 655
164 701
164 766
164 799
164 950
165 264
165 456
165 588
165 746
165 815
166 213
166 267
166 276
166 392
166 470
166 482
166 483
166 535
166 558
166 567
166 596
166 607
166 619
166 707
166 785
166 810
166 821
166 938
167 175
167 318
167 664
167 814
167 878
167 992
168 177
168 294
168 384
168 469
169 202
169 215
169 284
169 400
169 550
169 710
169 863
169 940
170 207
170 228
170 364
170 385
170 403
170 544
170 590
170 907
170 968
171 217
171 226
171 248
171 314
171 532
171 621
171 690
171 839
171 995
172 564
172 683
172 752
172 906
173 237
173 242
173 293
173 442
173 554
173 590
173 596
173 654
173 701
173 819
173 888
174 273
174 494
174 582
174 604
174 794
174 910
174 913
175 178
175 223
175 402
175 407
175 448
175 521
175 716
175 786
176 242
176 391
176 414
176 515
176 606
176 636
176 859
176 863
176 876
177 318
177 435
177 600
177 801
177 828
177 834
178 248
178 377
178 494
178 653
178 755
178 763
178 856
178 998
179 293
179 307
179 732
179 878
179 902
180 203
180 250
180 364
180 460
180 597
180 703
180 785
180 877
180 879
181 346
181 412
181 434
181 470
181 490
181 501
181 555
181 743
181 927
182 499
182 519
182 873
182 940
183 283
183 355
183 387
183 438
183 494
183 638
183 697
183 728
183 860
183 891
183 951
183 994
183 996
184 267
184 404
184 552
184 571
184 802
184 833
184 902
184 941
184 956
184 996
185 245
185 305
185 338
185 494
185 571
185 720
185 734
185 765
185 825
185 882
186 237
186 411
186 416
186 425
186 493
186 543
186 826
186 887
186 897
186 968
187 390
187 414
187 436
187 477
187 755
188 201
188 261
188 343
188 468
188 564
188 656
188 856
188 891
189 257
189 599
189 732
189 821
189 925
189 961
190 294
190 446
190 505
190 571
190 832
190 870
190 877
190 887
190 904
190 949
191 365
191 555
191 731
191 851
191 973
191 979
192 306
192 322
192 328
192 476
192 546
192 679
192 746
192 990
193 236
193 301
193 308
193 345
193 381
193 399
193 447
193 552
193 602
193 703
193 721
193 827
193 843
193 964
194 246
194 290
194 344
194 366
194 471
194 602
194 809
194 825
194 867
194 888
194 970
195 255
195 342
195 460
195 620
195 628
195 650
195 810
195 845
195 851
195 884
195 888
195 914
196 269
196 303
196 337
196 348
196 402
196 553
196 712
196 726
197 198
197 247
197 642
197 674
197 973
198 259
198 364
198 413
198 530
198 574
198 661
198 691
198 776
198 801
198 819
198 973
199 200
199 240
199 256
199 639
199 746
199 747
199 949
200 269
200 333
200 492
200 754
200 785
200 836
200 857
201 360
201 613
201 622
201 633
201 692
201 734
201 964
202 354
202 388
202 430
202 508
202 717
202 755
202 876
202 966
202 993
203 209
203 240
203 339
203 364
203 539
203 555
203 598
203 940
204 475
204 486
204 573
204 626
204 651
204 805
204 902
205 438
205 454
205 550
205 600
205 606
205 916
205 964
205 969
205 978
206 264
206 285
206 326
206 489
206 568
206 619
206 647
206 763
206 819
206 860
207 396
207 438
207 456
207 517
207 563
207 613
207 683
207 705
207 715
207 759
207 845
207 994
207 996
208 336
208 512
208 530
208 585
208 782
208 927
208 932
208 985
209 260
209 287
209 513
209 669
209 678
209 733
209 768
210 215
210 216
210 472
210 482
210 787
210 813
211 584
211 586
211 704
211 762
211 902
211 926
212 215
212 232
212 345
212 409
212 467
212 484
212 516
212 555
212 877
212 947
212 993
213 269
213 296
213 574
213 619
213 621
213 731
213 735
213 773
213 904
214 378
214 509
214 571
214 625
214 634
214 741
214 812
214 994
215 334
215 471
215 690
215 825
216 579
216 676
216 724
216 860
217 268
217 314
217 352
217 641
217 939
217 957
218 274
218 361
218 450
218 540
218 543
218 646
218 812
218 842
218 888
219 383
219 433
219 442
219 461
219 492
219 540
219 740
219 825
219 909
220 323
220 357
220 393
220 452
220 490
220 744
220 747
220 816
220 829
220 885
221 446
221 449
221 548
221 561
221 595
221 722
221 845
221 906
222 275
222 456
222 616
222 627
222 756
222 884
223 246
223 289
223 455
223 585
223 714
223 800
223 938
224 235
224 272
224 333
224 578
224 628
224 728
224 737
224 810
224 921
224 968
225 443
225 469
225 488
225 578
225 648
225 655
225 740
225 774
226 487
226 559
226 620
226 670
226 672
226 893
226 928
226 942
226 972
227 277
227 530
227 576
227 748
227 861
227 952
228 253
228 296
228 363
228 370
228 451
228 504
228 974
229 300
229 301
229 331
229 428
229 796
229 823
229 953
230 312
230 315
230 400
230 519
230 773
230 828
231 270
231 350
231 364
231 390
231 461
231 481
231 512
231 513
231 522
231 804
231 858
232 323
232 464
232 488
232 647
232 932
232 945
233 341
233 481
233 483
233 623
233 778
233 913
233 924
233 981
234 330
234 409
234 549
234 652
234 704
234 740
234 842
234 996
235 236
235 351
235 375
235 391
235 809
235 917
235 932
235 943
236 268
236 277
236 382
236 516
236 529
236 713
236 747
236 846
236 882
236 978
237 414
237 458
237 544
237 585
237 617
237 866
237 898
238 333
238 356
238 767
238 853
239 275
239 350
239 663
239 694
239 780
239 919
240 277
240 341
240 508
240 631
240 729
240 757
240 871
240 872
240 973
241 445
241 559
241 571
241 584
241 718
242 301
242 359
242 420
242 455
242 530
242 542
242 603
243 294
243 414
243 427
243 442
243 583
243 589
243 678
243 768
243 802
243 921
243 947
244 322
244 351
244 422
244 442
244 665
244 720
245 323
245 591
245 726
245 736
245 746
245 760
245 867
245 869
246 331
246 605
246 734
246 879
247 248
247 498
247 539
247 628
247 755
248 274
248 297
248 584
248 601
248 607
248 650
248 953
248 976
249 313
249 419
249 469
249 480
249 482
249 563
249 657
249 742
249 843
249 854
249 919
249 976
250 326
250 416
250 500
250 746
250 784
250 789
250 815
250 874
251 444
251 445
251 491
251 552
251 569
251 637
251 816
252 293
252 304
252 326
252 410
252 849
252 871
252 904
253 299
253 390
253 394
253 443
253 594
254 628
254 656
254 732
254 740
254 882
254 898
255 305
255 455
255 503
255 706
256 393
256 454
256 487
256 555
256 604
256 777
256 812
256 837
257 362
257 440
257 486
257 567
257 639
257 809
257 851
257 897
257 916
257 924
257 959
258 376
258 421
258 592
258 701
258 703
258 742
258 788
258 812
258 901
258 908
258 980
259 281
259 371
259 409
259 461
259 736
259 737
259 853
260 335
260 547
260 548
260 559
260 942
261 345
261 354
261 502
261 516
261 529
261 841
262 400
262 911
263 289
263 338
263 458
263 499
263 852
263 889
263 988
264 321
264 387
264 390
264 398
264 404
264 439
264 445
264 566
264 715
264 718
264 760
264 833
264 834
264 853
264 970
264 990
265 359
265 390
265 392
265 559
265 654
265 692
265 752
265 783
266 309
266 408
266 414
266 680
266 895
267 408
267 756
267 760
267 774
267 969
268 436
268 657
268 808
268 866
268 942
268 979
269 299
269 709
269 921
270 317
270 367
270 574
270 578
270 668
270 716
270 724
271 309
271 629
271 682
271 729
271 804
271 840
271 908
271 943
271 970
272 291
272 354
272 459
272 467
272 527
272 707
272 763
272 860
273 300
273 457
273 547
273 751
274 834
274 847
274 982
274 989
275 395
275 518
275 610
275 708
275 758
275 762
275 764
275 938
276 335
276 464
276 520
276 718
276 852
277 462
277 531
277 597
277 733
277 735
277 832
277 903
277 908
277 965
278 697
278 938
279 375
279 446
279 526
279 562
279 590
279 752
279 809
279 840
279 877
279 965
279 980
280 560
280 588
280 743
280 757
280 794
280 847
280 981
280 998
281 285
281 344
281 522
281 585
281 635
281 740
281 878
281 885
281 962
282 296
282 306
282 342
282 355
282 420
282 434
282 466
282 495
282 550
282 596
282 610
282 640
282 866
282 966
283 644
283 673
283 878
283 927
283 949
284 323
284 353
284 479
284 503
284 527
284 531
284 595
284 715
284 911
284 968
285 652
285 750
285 753
285 906
285 940
286 314
286 319
286 482
286 497
286 741
286 849
286 973
287 393
287 465
287 510
287 655
287 732
287 872
287 992
288 306
288 323
288 466
288 507
288 646
289 380
289 416
289 417
289 480
289 581
289 655
289 797
289 863
289 930
290 320
290 471
290 519
290 542
290 700
290 888
291 525
291 752
291 837
292 345
292 386
292 458
292 493
292 579
292 640
292 700
292 998
293 336
293 410
293 514
293 537
293 706
293 727
293 766
293 803
293 840
293 909
293 958
293 986
294 306
294 346
294 470
294 483
294 537
294 668
294 729
294 766
295 353
295 399
295 681
295 703
295 808
295 942
296 352
296 439
296 516
296 571
296 619
296 683
296 804
296 841
296 857
296 869
297 411
297 460
297 475
297 591
297 615
297 659
297 739
297 874
298 330
298 362
298 522
298 616
298 633
298 647
298 724
298 762
298 771
298 906
298 976
299 545
299 590
299 612
299 692
299 710
299 939
300 301
300 323
300 472
300 539
300 541
300 662
300 770
300 784
300 870
301 309
301 321
301 404
301 442
301 503
301 693
301 730
301 909
301 922
302 380
302 405
302 411
302 560
302 610
302 860
303 425
303 458
303 499
303 677
303 702
304 352
304 415
304 514
304 527
304 562
304 568
304 651
304 668
304 783
304 876
305 310
305 324
305 453
305 467
305 489
305 677
305 760
306 414
306 470
306 483
306 694
306 868
306 967
307 537
307 807
307 840
307 878
307 916
307 932
308 389
308 393
308 567
308 572
308 638
308 771
308 876
308 920
308 946
309 369
309 372
309 444
309 445
309 522
309 546
309 554
309 622
309 848
310 515
310 532
310 605
310 745
310 893
310 911
310 930
311 495
311 588
311 779
311 847
311 914
311 931
312 542
312 616
312 724
312 780
312 820
312 986
313 487
313 615
313 619
313 660
313 947
314 320
314 333
314 435
314 460
314 738
314 840
315 323
315 534
315 552
315 642
315 670
315 777
315 790
315 926
316 418
316 471
316 829
316 961
317 356
317 387
317 391
317 411
317 453
317 457
317 507
317 545
317 667
317 699
317 706
317 936
318 396
318 415
318 427
318 495
318 617
318 647
318 722
318 972
319 378
319 525
319 557
319 617
319 715
319 758
319 918
319 981
320 464
320 548
320 596
320 616
320 710
320 953
321 388
321 487
321 707
321 859
322 349
322 582
323 379
323 621
324 578
324 625
324 838
324 905
324 922
325 382
325 609
325 752
325 887
325 929
326 348
326 614
326 719
327 334
327 390
327 514
327 788
327 941
328 418
328 540
328 550
328 744
328 947
328 987
329 425
329 447
329 659
329 710
329 750
329 776
329 809
329 935
329 948
329 999
330 532
330 690
330 753
330 767
330 785
330 925
330 955
330 997
331 338
331 514
331 702
331 732
331 784
332 502
332 654
332 761
332 880
332 913
333 345
333 374
333 548
333 588
333 673
333 699
333 826
333 956
334 336
334 348
334 650
334 653
334 691
334 746
334 797
334 861
334 938
334 988
335 537
335 613
335 633
335 769
335 811
335 862
335 922
336 413
336 622
336 735
336 782
336 908
336 909
336 932
337 344
337 503
337 545
337 603
337 613
337 724
337 965
337 980
338 416
338 827
338 894
339 368
339 445
339 538
339 585
339 597
339 719
339 735
339 736
339 778
339 862
339 905
339 959
340 345
340 375
340 444
340 505
340 566
340 655
340 727
340 836
341 711
341 724
341 776
342 447
342 473
342 563
342 584
342 632
342 659
342 683
342 760
342 782
342 839
342 904
343 570
343 589
343 810
343 875
343 911
343 998
344 524
344 664
344 781
344 836
344 863
345 412
345 818
345 823
345 908
345 944
346 348
346 403
346 844
346 866
347 422
347 446
347 473
347 558
347 570
347 596
347 913
347 920
347 967
348 448
348 503
348 513
348 632
348 645
348 689
348 701
348 709
348 757
348 952
348 973
349 531
349 640
349 856
350 665
350 969
351 630
351 686
351 715
351 801
351 923
351 970
352 569
352 684
352 702
352 729
352 931
352 953
352 992
353 436
353 438
353 586
353 708
353 750
353 818
353 922
354 391
354 392
354 441
354 458
354 498
354 523
354 553
354 656
354 879
354 978
355 534
355 551
355 653
355 677
355 748
355 809
355 811
355 845
355 871
355 900
356 679
356 707
356 780
356 809
357 471
357 694
357 748
357 774
357 806
357 861
358 481
358 599
358 650
358 750
358 812
358 838
359 504
359 517
359 607
359 687
359 743
359 821
359 900
359 970
360 371
360 423
360 512
360 533
360 665
360 690
360 696
360 750
360 798
360 831
360 852
360 975
360 981
361 393
361 464
361 749
361 765
362 503
362 544
362 578
362 789
362 888
363 371
363 397
363 427
363 588
363 663
363 719
363 753
363 770
363 800
363 813
363 831
363 883
363 899
363 964
364 406
364 799
364 945
365 577
365 664
365 668
365 765
365 768
365 793
365 804
365 821
365 969
365 982
366 519
366 546
366 565
366 578
366 639
366 712
366 730
366 983
367 552
367 824
367 913
367 935
368 423
368 454
368 471
368 512
368 839
369 420
369 504
369 553
369 630
369 708
369 729
369 942
369 946
369 977
370 430
370 622
370 644
370 659
370 687
370 821
370 933
371 450
371 635
371 648
371 735
372 445
372 459
372 484
372 563
372 638
372 697
372 832
372 833
372 859
372 864
372 881
373 487
373 516
373 559
373 561
373 600
373 668
373 847
373 916
374 428
374 569
374 625
374 705
374 709
374 765
374 876
375 410
375 719
375 749
375 826
375 829
375 866
376 500
376 529
376 543
376 672
376 676
376 695
376 751
376 908
377 420
377 579
377 589
377 629
377 639
377 674
378 395
378 428
378 464
378 497
378 696
378 924
379 413
379 427
379 492
379 532
379 543
379 546
379 698
379 711
379 826
379 943
380 508
380 676
380 729
380 914
381 403
381 494
382 456
382 510
382 523
382 760
383 525
383 614
383 641
383 671
383 842
383 875
383 880
383 942
384 421
384 517
384 629
384 827
384 999
385 433
385 521
385 589
385 686
385 928
386 428
386 487
386 567
386 707
386 757
386 840
387 391
387 509
387 621
387 683
387 684
387 896
387 921
387 985
388 564
388 590
388 822
388 859
388 960
389 443
389 485
389 516
389 659
389 880
390 547
390 549
390 769
390 890
390 986
391 410
391 449
391 452
391 491
391 576
391 593
391 639
391 743
391 787
391 813
391 844
392 401
392 448
392 592
392 595
392 750
393 409
393 624
393 747
393 753
393 776
393 862
393 900
393 998
394 749
394 822
394 919
394 926
394 980
395 402
395 412
395 485
395 488
395 528
395 582
395 613
395 710
395 835
395 847
396 967
397 429
397 655
397 668
397 680
397 785
398 493
398 496
398 618
398 633
398 684
398 751
398 815
398 969
398 982
398 988
399 472
399 631
399 688
399 754
399 798
399 866
400 501
400 593
400 961
400 978
401 409
401 523
401 752
401 837
401 849
402 427
402 539
402 742
402 827
402 847
403 444
403 474
403 502
403 554
403 556
403 559
403 721
404 419
404 802
404 886
405 429
405 499
405 634
405 710
405 815
405 922
406 451
406 474
406 572
406 661
406 665
406 922
407 417
407 447
407 752
408 434
408 534
408 580
408 664
408 679
408 848
408 915
408 927
409 449
409 592
409 633
409 660
409 722
409 803
409 933
410 570
410 573
410 755
410 902
411 485
411 506
411 510
411 579
411 599
411 956
412 495
412 514
412 629
412 702
412 749
412 823
412 932
413 557
413 751
413 755
414 539
414 655
414 695
414 702
414 844
414 934
414 948
414 978
415 450
415 454
415 472
416 487
416 624
416 662
416 950
417 429
417 513
417 615
418 465
418 583
418 645
418 737
419 602
419 827
420 487
420 567
420 762
420 804
420 929
420 963
421 440
421 470
421 500
421 657
421 739
421 802
421 865
422 582
422 783
422 813
422 909
422 940
422 966
423 438
423 531
423 599
423 712
423 775
423 792
423 959
424 445
424 707
424 751
424 843
424 880
424 951
425 471
425 507
425 512
425 523
425 571
425 637
425 725
425 774
425 821
426 430
426 547
426 766
426 932
426 960
427 512
427 614
427 735
427 780
427 796
427 803
427 867
427 876
427 942
428 533
428 570
428 633
428 980
429 450
429 502
429 520
429 708
429 714
429 992
430 483
430 487
430 752
430 869
430 900
430 912
430 937
431 447
431 605
431 956
431 992
432 472
432 775
432 852
432 894
432 902
432 903
433 468
433 589
433 668
433 771
433 839
433 952
433 966
434 497
434 512
434 606
434 686
434 743
434 799
434 823
434 861
434 913
435 662
435 714
436 465
436 662
436 705
436 764
436 775
436 822
436 871
436 901
437 478
437 581
437 690
438 649
438 657
438 678
438 777
438 822
438 864
438 897
438 915
439 507
439 520
439 544
439 679
439 722
439 750
439 817
439 896
439 901
440 462
440 470
440 707
440 737
440 991
441 463
441 492
441 614
441 745
441 874
441 947
441 977
442 464
442 488
442 726
442 774
443 765
443 814
443 846
443 953
444 627
444 891
444 924
445 457
445 816
446 453
446 511
446 524
446 646
446 688
446 762
446 791
446 861
446 971
446 973
447 525
447 604
447 607
447 704
447 728
447 822
447 840
447 952
448 564
448 574
448 575
448 626
448 669
448 676
448 758
448 880
448 925
449 629
449 679
449 755
449 953
450 690
450 822
450 904
450 964
450 965
451 485
451 597
451 780
451 905
452 556
452 688
452 802
452 838
452 886
452 953
453 477
453 497
453 771
453 988
454 550
454 563
454 604
454 759
454 782
454 844
455 512
455 719
455 882
455 990
456 461
456 559
456 699
456 950
457 561
457 577
457 695
457 732
457 790
457 859
457 966
458 536
458 584
458 692
458 937
458 974
458 987
458 993
459 506
459 604
459 654
459 677
459 829
460 798
460 802
460 813
460 845
460 960
461 537
461 678
461 766
461 793
462 504
462 716
462 766
462 767
462 777
462 793
462 899
462 993
463 533
463 553
463 603
463 672
463 692
463 760
463 860
464 537
464 628
464 685
464 696
464 984
465 720
466 613
466 741
466 809
466 866
466 964
467 574
467 627
467 731
467 775
467 888
468 826
469 487
469 537
469 543
469 827
469 834
470 524
470 655
470 658
470 695
470 898
471 662
471 706
471 741
471 777
471 876
471 885
471 927
472 510
472 712
472 780
472 990
473 515
473 543
473 558
473 602
473 664
473 711
473 714
474 745
474 765
474 857
474 899
474 985
475 488
475 624
475 700
475 997
476 516
476 531
476 639
476 671
476 725
476 892
477 844
477 902
478 501
478 543
478 596
478 718
478 980
479 947
479 955
480 627
480 759
480 788
480 912
481 624
481 662
481 665
481 788
481 966
482 701
482 704
482 848
482 956
483 680
483 719
483 756
483 767
483 769
483 839
483 890
483 909
483 984
483 990
484 492
484 534
484 593
484 615
484 642
484 688
484 696
484 730
484 734
484 779
484 820
484 873
484 914
484 990
485 689
485 861
485 865
485 874
486 564
486 700
487 571
487 640
487 679
487 887
487 967
488 634
488 684
488 692
488 802
488 970
489 753
489 788
489 798
489 824
490 549
490 576
490 588
490 660
490 690
490 791
490 826
490 887
491 643
491 884
491 947
492 661
492 686
492 751
492 754
493 624
493 648
493 847
493 933
494 503
494 720
494 779
494 802
495 556
495 683
495 767
495 769
495 977
496 537
496 636
496 702
496 724
496 795
496 851
496 865
496 991
497 671
497 839
497 930
498 543
498 581
498 766
498 848
498 906
498 972
498 975
499 921
499 960
499 996
500 522
500 546
500 580
500 687
501 571
501 724
501 749
501 763
501 799
501 927
502 667
502 789
502 886
503 507
503 526
503 645
503 691
503 751
503 821
503 848
503 849
504 536
504 541
504 614
504 728
504 746
504 808
505 511
505 576
505 613
505 639
505 641
505 674
505 758
505 818
506 564
506 593
506 624
506 844
506 867
507 569
507 635
507 668
507 735
507 761
507 859
507 963
508 580
508 621
508 634
508 764
508 784
508 802
508 828
509 528
509 631
509 738
509 829
509 911
509 918
509 961
510 514
510 589
510 641
510 906
510 948
510 977
511 574
511 591
511 612
511 927
511 965
511 975
512 853
512 921
513 794
513 838
513 968
513 995
514 655
514 670
514 714
514 757
514 758
515 576
515 656
515 850
515 908
516 642
516 909
517 553
517 645
517 745
517 802
517 870
518 646
518 800
519 537
519 586
519 917
519 940
520 525
520 648
520 734
520 875
520 890
521 609
521 676
521 835
522 597
522 689
522 790
522 911
523 530
523 540
523 723
523 773
523 803
523 919
523 931
523 943
523 945
524 583
524 738
524 820
525 533
525 660
525 662
525 694
525 804
525 937
526 533
526 592
526 601
527 555
527 625
527 759
527 875
528 595
528 598
528 852
529 571
529 849
529 869
529 915
529 950
530 745
530 850
530 870
531 591
531 668
531 691
531 798
531 968
532 584
532 855
533 653
533 702
533 881
534 693
534 733
534 745
534 975
535 600
535 658
535 778
535 912
535 956
536 647
536 784
536 830
536 976
536 979
537 598
537 600
537 739
537 752
537 830
537 869
537 896
538 619
538 651
538 867
539 597
539 687
539 740
540 716
540 777
540 781
540 809
541 566
541 845
541 886
542 567
542 640
542 666
542 714
542 729
542 779
542 988
543 797
543 844
544 719
544 797
544 839
544 947
544 995
545 680
545 781
545 805
545 917
545 964
546 551
546 711
546 869
546 887
546 902
546 906
547 672
547 676
547 698
547 731
547 763
547 808
547 823
547 873
548 581
548 685
548 708
548 957
549 636
549 745
550 603
550 795
550 858
550 888
550 913
550 947
550 993
551 709
551 814
551 982
552 852
552 993
552 997
553 626
553 822
553 925
554 675
554 792
554 845
554 888
554 936
554 942
555 625
555 693
555 796
556 710
556 796
556 827
557 926
558 789
558 805
558 990
559 673
559 737
559 747
559 792
560 681
560 687
560 729
560 780
560 838
560 841
560 843
560 928
560 992
560 999
561 609
561 636
561 651
561 792
561 921
562 599
562 634
563 605
563 644
563 694
563 797
564 642
564 835
564 859
564 866
564 966
565 577
565 661
565 760
565 805
565 987
566 606
566 634
566 731
566 818
566 981
567 690
567 858
568 838
568 982
569 942
570 643
570 911
571 607
571 644
571 659
571 717
571 811
571 824
571 921
572 578
572 600
572 681
572 793
572 814
572 816
572 820
572 844
572 861
572 953
572 981
573 667
573 793
573 813
573 824
573 864
573 884
573 935
574 695
574 785
574 797
574 830
574 900
574 959
575 867
575 956
576 773
576 777
576 933
576 964
577 703
577 839
578 679
578 695
578 803
578 840
578 848
578 891
579 659
579 681
579 842
579 862
579 883
580 694
580 725
581 602
581 959
582 616
582 679
582 758
582 972
583 699
583 809
583 810
583 922
584 803
584 925
584 993
585 669
585 672
586 650
586 775
586 933
586 969
587 617
587 681
587 745
587 781
587 793
587 824
587 858
587 874
587 896
587 973
588 709
588 897
589 609
589 615
590 720
590 890
591 670
591 705
591 749
591 757
591 847
591 910
591 983
592 708
592 712
592 890
592 907
592 974
593 913
593 939
594 697
594 871
594 986
595 633
595 762
595 775
595 944
596 946
597 660
597 691
597 732
597 802
597 943
597 975
598 701
598 713
598 799
598 828
598 991
599 929
600 702
600 788
600 797
601 646
601 741
601 774
601 818
601 842
601 871
601 911
602 609
602 656
602 737
602 908
602 957
603 824
604 681
605 635
605 912
606 682
606 732
606 941
607 716
607 773
607 814
608 678
608 699
608 795
608 807
608 845
608 906
609 673
609 790
609 949
610 707
610 734
610 802
610 830
610 956
611 689
611 773
611 871
611 894
611 909
613 684
613 747
613 796
613 960
614 675
614 933
615 778
615 837
615 919
615 995
616 678
616 785
616 833
616 845
616 862
616 965
617 650
617 814
617 919
617 962
618 719
618 727
618 785
618 888
619 705
619 771
619 786
619 835
619 840
619 846
619 855
619 941
620 687
620 721
620 918
621 678
621 855
621 953
622 929
622 943
623 752
623 844
623 875
623 995
624 643
624 747
624 822
624 913
624 945
625 636
625 683
625 803
625 850
626 715
626 947
627 667
627 695
627 712
627 760
627 777
627 799
627 979
627 994
628 733
628 738
628 770
628 790
628 979
628 980
629 633
629 650
629 674
629 699
629 788
629 866
630 697
630 749
630 949
630 974
631 793
631 975
632 641
632 649
632 807
632 881
633 792
633 812
633 813
633 939
633 980
634 940
635 655
635 660
635 828
636 726
637 641
638 662
638 738
638 926
639 678
639 977
640 828
640 876
640 917
641 676
641 891
641 923
642 887
642 967
643 867
643 926
644 708
644 777
644 851
644 869
645 655
645 663
645 723
645 731
645 746
645 827
646 732
646 829
646 875
647 763
647 810
647 927
648 723
648 760
648 929
648 962
649 697
649 709
649 829
649 949
650 813
650 898
650 943
651 665
651 750
651 859
651 870
651 883
651 897
651 906
652 668
652 677
652 678
652 818
652 829
652 871
652 931
653 944
653 984
653 992
654 722
654 775
654 788
654 815
654 836
654 874
654 883
654 903
654 921
655 902
655 934
655 987
655 995
655 998
656 865
656 877
656 976
657 808
658 720
658 754
658 797
658 894
659 743
659 777
660 749
660 750
660 826
660 848
660 869
660 895
661 722
661 835
661 909
661 943
661 966
661 996
662 668
662 739
662 904
662 995
663 878
663 909
663 936
664 676
664 843
664 922
664 934
665 691
665 745
665 950
665 993
666 774
666 779
666 792
666 975
667 670
667 704
667 753
667 773
667 792
667 810
667 966
668 770
668 874
669 724
669 766
669 934
670 782
670 946
671 904
671 923
671 927
671 971
671 996
671 997
672 938
672 982
673 703
673 753
673 757
673 886
674 984
675 684
675 781
675 933
675 980
675 990
676 786
677 860
677 902
677 956
678 687
678 695
678 788
679 718
679 832
679 848
680 776
680 822
680 878
680 912
681 918
681 947
681 959
681 978
681 983
682 935
682 998
683 736
683 748
683 852
683 876
684 692
684 746
684 790
684 914
685 813
685 929
685 940
686 911
686 920
686 928
686 946
686 967
687 692
687 699
687 726
687 846
687 855
687 997
688 748
689 933
689 958
690 843
690 981
690 988
691 852
691 993
692 817
692 820
692 874
692 879
692 969
693 705
693 827
693 850
694 819
694 923
694 966
696 812
696 872
696 990
697 727
697 754
697 836
697 870
697 880
697 888
698 721
698 986
699 869
700 932
701 783
701 815
701 882
702 926
703 920
704 705
704 802
704 862
704 908
705 840
705 841
705 863
705 879
705 893
706 760
706 923
707 781
707 786
707 939
707 968
708 756
708 915
708 982
708 984
708 985
709 951
709 995
710 922
710 937
711 754
711 801
711 914
711 962
712 844
712 854
712 863
712 928
712 956
713 794
713 882
713 941
714 757
714 855
714 911
714 925
714 941
714 946
714 981
715 894
716 762
716 869
718 722
718 812
718 953
719 809
720 846
720 978
721 791
721 993
722 734
722 763
722 805
722 925
722 955
723 756
723 801
723 856
723 921
723 971
724 979
725 909
726 843
727 796
727 878
727 923
728 781
728 974
729 837
729 850
730 731
730 776
730 901
732 761
732 816
732 864
732 981
733 739
733 808
733 875
733 935
733 939
733 958
733 993
734 826
734 842
736 756
736 804
737 752
737 804
737 856
737 870
737 872
738 762
738 797
738 838
738 918
739 824
739 881
740 986
741 802
742 762
742 898
742 947
744 802
744 896
744 945
745 807
745 831
745 943
745 989
745 995
746 779
746 892
747 812
747 876
747 899
747 963
747 979
748 901
749 871
749 883
749 937
750 848
750 934
750 935
751 831
751 872
752 895
753 921
753 949
754 773
754 892
754 973
755 914
755 970
756 814
757 859
757 877
757 999
758 835
759 762
760 860
760 890
760 931
760 935
761 799
761 853
763 783
763 797
763 908
766 989
767 825
767 885
767 952
768 969
769 854
769 895
770 812
770 925
770 931
770 938
770 985
771 772
771 780
771 903
771 919
772 882
772 910
773 792
773 853
773 887
774 863
774 874
774 943
775 933
776 778
776 840
777 782
777 811
777 896
778 873
778 972
779 829
779 937
779 940
779 960
780 786
780 889
780 915
781 835
781 915
782 861
782 943
783 791
783 803
783 861
783 929
784 838
785 833
785 892
786 944
788 848
788 907
789 964
791 857
792 858
792 895
792 964
793 871
794 866
795 799
799 869
800 804
800 813
801 824
801 856
801 969
801 994
802 876
802 896
802 997
803 835
803 887
804 853
804 877
805 833
805 874
806 852
806 864
807 816
808 884
808 896
808 900
808 908
808 929
809 810
809 868
809 924
810 826
810 898
810 980
811 907
811 929
812 866
813 918
813 922
814 865
814 970
815 925
816 823
816 875
816 878
816 905
817 947
817 991
818 867
818 939
818 962
818 964
819 825
819 829
819 950
820 908
820 926
823 920
823 990
824 842
824 937
825 932
826 990
826 997
827 993
828 834
828 868
828 870
829 974
830 877
831 944
832 929
834 842
834 940
834 943
836 898
838 925
839 879
840 879
840 940
840 976
841 957
842 963
842 973
842 976
845 850
845 906
846 847
846 919
846 922
846 971
848 916
850 861
850 881
851 915
852 955
852 969
853 963
854 947
855 975
855 976
856 955
858 893
858 914
859 972
860 901
861 891
861 946
864 870
864 888
864 894
864 937
865 987
866 966
868 900
868 943
868 953
869 895
871 957
872 920
872 932
872 973
872 989
873 913
873 953
875 878
876 909
876 919
876 998
877 967
877 974
877 997
878 881
878 996
880 882
882 964
883 938
884 955
885 917
886 966
887 952
887 970
887 990
888 993
889 896
889 926
889 988
891 896
893 907
893 959
894 973
895 897
895 962
898 954
899 961
900 972
901 977
902 954
904 994
905 998
906 926
907 932
908 965
911 954
911 982
912 919
916 928
916 949
916 950
917 923
919 933
923 990
925 987
926 977
927 942
928 954
931 952
937 985
937 999
941 986
947 963
952 964
952 991
954 984
961 962
961 984
962 976
963 979
964 978
967 970
968 981
975 994
982 984
982 985
984 996
0
10 999
