1000	5012	 1
0 24
0 433
0 774
0 836
0 846
0 897
1 138
1 185
1 280
1 289
1 291
1 372
1 379
1 566
1 687
1 927
1 967
2 159
2 315
2 453
2 466
2 565
2 567
2 616
2 648
2 745
2 770
2 835
2 894
2 906
3 91
3 131
3 209
3 346
3 358
3 433
3 445
3 643
3 674
3 681
3 902
4 47
4 174
4 251
4 367
4 711
4 732
4 977
5 72
5 95
5 142
5 159
5 191
5 283
5 497
5 537
5 623
5 691
6 33
6 118
6 186
6 449
6 465
6 595
6 619
6 723
6 888
6 979
7 25
7 90
7 254
7 289
7 350
7 583
7 728
7 742
7 853
7 898
8 137
8 192
8 244
8 289
8 347
8 487
8 494
8 695
8 797
8 912
9 68
9 78
9 209
9 277
9 279
9 424
9 502
9 666
9 834
9 887
10 44
10 59
10 76
10 185
10 309
10 490
10 540
10 592
10 600
10 756
10 803
10 919
11 13
11 40
11 77
11 355
11 404
11 553
11 703
11 742
11 919
12 295
12 319
12 495
12 553
12 559
12 625
12 695
12 798
12 869
12 893
12 986
13 100
13 111
13 147
13 197
13 282
13 299
13 336
13 579
13 669
13 695
13 892
13 961
13 986
14 127
14 229
14 433
14 470
14 510
14 549
14 569
14 607
14 687
14 756
15 297
15 436
15 454
15 475
15 562
15 765
15 788
15 889
15 971
15 977
16 416
16 572
16 712
16 762
16 773
16 790
16 805
16 865
16 947
17 186
17 222
17 365
17 430
17 671
17 808
17 871
18 117
18 295
18 412
18 722
18 763
18 840
19 20
19 39
19 50
19 234
19 307
19 430
19 442
19 655
19 746
19 841
19 900
19 958
20 52
20 309
20 318
20 523
20 658
20 694
20 736
20 786
20 877
20 953
20 958
21 38
21 104
21 130
21 304
21 465
21 840
21 862
21 898
21 991
22 146
22 197
22 198
22 259
22 354
22 377
22 543
22 593
22 696
22 708
22 845
23 52
23 171
23 175
23 199
23 210
23 255
23 291
23 375
23 561
23 679
23 685
23 842
23 949
23 987
24 42
24 324
24 439
24 465
24 564
24 755
24 798
24 832
24 979
25 63
25 145
25 381
25 481
25 577
25 631
25 697
25 736
25 844
25 855
25 959
26 69
26 115
26 193
26 286
26 447
26 473
26 489
26 578
26 671
26 841
26 879
27 32
27 53
27 84
27 161
27 294
27 330
27 542
27 566
27 585
27 679
27 728
27 929
27 990
28 186
28 189
28 214
28 290
28 415
28 416
28 451
28 699
28 727
29 88
29 423
29 931
30 176
30 283
30 303
30 336
30 352
30 426
30 589
30 724
30 968
31 114
31 165
31 166
31 297
31 486
31 544
31 562
31 633
31 680
31 753
31 989
32 106
32 209
32 257
32 509
32 537
32 540
32 772
32 816
32 838
32 843
32 884
32 934
32 949
32 971
33 57
33 58
33 212
33 449
33 480
33 570
33 614
33 701
33 727
33 778
33 798
33 897
33 898
33 927
33 946
34 542
34 644
34 767
35 50
35 146
35 202
35 272
35 299
35 458
35 579
35 745
36 82
36 273
36 358
36 368
36 494
36 496
36 536
36 587
36 683
36 762
36 917
37 52
37 123
37 215
37 570
37 594
37 715
37 920
37 933
37 984
38 132
38 387
38 395
38 405
38 446
38 538
38 539
38 840
38 862
39 124
39 314
39 421
39 663
39 892
39 959
40 312
40 337
40 429
40 621
41 133
41 162
41 242
41 305
41 457
41 475
41 598
41 633
41 659
41 856
41 971
41 989
42 719
42 848
43 118
43 148
43 193
43 247
43 287
43 288
43 364
43 373
43 525
43 546
43 830
43 836
43 879
43 972
43 987
44 162
44 262
44 282
44 311
44 340
44 525
44 558
44 710
44 738
44 991
45 68
45 123
45 247
45 304
45 426
45 430
45 493
45 533
45 566
45 692
45 825
45 867
45 942
46 218
46 238
46 335
46 347
46 376
46 396
46 428
46 454
46 623
46 649
46 654
46 696
46 760
47 104
47 105
47 151
47 276
47 377
47 397
47 432
47 470
47 522
47 569
47 778
47 970
48 264
48 436
48 544
48 666
48 825
48 912
48 951
49 105
49 196
49 224
49 238
49 361
49 391
49 709
49 768
49 888
49 957
49 975
50 100
50 153
50 216
50 229
50 324
50 529
50 540
50 688
50 706
50 838
50 873
50 909
50 970
51 118
51 169
51 186
51 364
51 438
51 510
51 595
51 713
51 724
51 732
51 735
51 747
52 81
52 117
52 132
52 146
52 197
52 222
52 272
52 289
52 301
52 422
52 498
52 543
52 639
52 664
52 683
52 743
52 746
53 242
53 411
53 763
53 766
53 807
53 823
53 842
53 854
53 935
53 955
53 973
54 161
54 252
54 497
54 542
54 580
54 716
54 787
55 561
55 703
55 745
55 801
55 920
56 94
56 136
56 141
56 530
56 539
56 574
56 794
56 859
57 90
57 180
57 284
57 331
57 391
57 402
57 564
57 597
57 670
57 898
57 900
58 105
58 134
58 209
58 278
58 297
58 323
58 337
58 358
58 415
58 479
58 536
58 567
58 568
58 572
58 609
59 186
59 226
59 403
59 601
59 656
59 872
59 917
59 947
59 977
59 997
60 173
60 368
60 417
60 500
60 600
60 643
60 670
60 745
60 766
60 774
60 800
60 912
60 958
61 91
61 237
61 369
61 620
61 717
61 721
61 775
62 198
62 214
62 393
62 399
62 452
62 471
62 502
62 662
62 676
62 722
62 740
62 747
62 918
62 969
63 130
63 174
63 203
63 217
63 337
63 359
63 433
63 443
63 615
63 711
63 714
63 789
63 944
64 157
64 162
64 236
64 257
64 525
64 664
64 732
64 920
64 953
64 955
64 989
65 312
65 416
65 482
65 619
65 780
65 827
65 947
66 115
66 116
66 149
66 228
66 479
66 526
66 562
66 603
66 651
67 161
67 290
67 609
67 671
67 819
67 840
67 925
67 930
68 135
68 266
68 292
68 315
68 492
68 542
68 559
68 577
68 594
68 655
69 127
69 333
69 653
69 679
69 696
69 782
69 955
70 71
70 83
70 96
70 187
70 444
70 470
70 476
70 620
70 843
70 902
70 926
70 954
70 989
70 990
71 161
71 211
71 374
71 439
71 452
71 488
71 622
71 710
71 767
71 968
71 978
71 989
72 139
72 142
72 144
72 229
72 426
72 443
72 648
72 801
72 819
72 840
73 91
73 177
73 212
73 491
73 627
73 655
73 703
73 722
73 735
73 897
74 126
74 204
74 420
74 537
74 547
74 615
74 741
74 764
74 808
74 884
75 118
75 166
75 218
75 362
75 369
75 488
75 741
76 145
76 279
76 505
76 522
76 544
76 643
76 655
76 974
77 135
77 155
77 238
77 372
77 394
77 413
77 499
77 517
77 574
77 705
77 934
77 942
77 989
78 100
78 178
78 349
78 578
78 704
78 752
78 768
78 860
79 128
79 164
79 202
79 270
79 276
79 419
79 478
79 648
79 978
79 980
80 101
80 258
80 429
80 548
80 631
80 681
80 866
80 868
80 980
80 986
81 455
81 525
81 733
81 859
81 914
81 969
82 83
82 400
82 435
82 572
82 590
82 691
82 742
82 801
82 982
83 158
83 216
83 222
83 314
83 320
83 470
83 602
83 737
83 902
83 986
83 999
84 209
84 275
84 478
84 537
84 583
84 696
84 697
84 713
84 897
84 915
85 156
85 274
85 392
85 425
85 461
85 600
85 620
85 753
85 867
85 877
85 929
86 134
86 346
86 448
86 892
87 105
87 116
87 711
87 815
88 100
88 129
88 194
88 331
88 835
89 148
89 156
89 242
89 356
89 468
89 472
89 566
89 722
89 796
89 881
89 935
90 98
90 210
90 389
90 520
90 570
90 700
90 796
90 890
91 353
91 512
91 527
91 726
91 749
91 803
91 904
92 498
92 511
92 601
92 637
92 662
92 854
92 902
92 916
92 944
92 961
93 120
93 304
93 412
93 518
93 552
93 603
93 776
93 783
93 823
93 903
94 98
94 378
94 461
94 477
94 794
94 902
95 123
95 274
95 316
95 428
95 530
95 607
95 683
95 820
95 949
96 105
96 121
96 225
96 238
96 276
96 518
96 530
96 746
96 782
97 165
97 739
97 805
97 860
97 867
97 922
98 345
98 371
98 398
98 434
98 509
98 590
98 640
98 712
98 725
98 776
98 847
98 854
99 152
99 170
99 821
99 879
99 885
99 973
100 112
100 130
100 368
100 377
100 413
100 540
100 935
100 998
101 223
101 344
101 385
101 519
101 830
101 931
101 940
101 946
101 990
102 271
102 351
102 352
102 375
102 381
102 457
102 535
102 815
102 864
103 341
103 501
103 601
103 703
103 921
104 306
104 404
104 420
104 456
104 609
104 636
104 686
104 736
104 875
104 947
104 970
104 991
105 192
105 205
105 310
105 425
105 470
105 505
105 530
105 547
105 570
105 633
105 662
105 674
105 700
105 726
105 736
105 839
105 938
105 965
106 160
106 299
106 308
106 464
106 475
106 556
106 570
106 737
106 767
106 788
107 118
107 130
107 163
107 511
107 518
107 536
107 542
107 564
107 698
107 700
107 710
107 816
107 922
107 957
107 987
107 988
108 165
108 440
108 538
108 738
108 879
108 888
108 945
108 948
108 949
108 974
108 984
109 184
109 223
109 237
109 376
109 472
109 478
109 634
109 716
109 918
110 182
110 495
110 696
110 763
110 854
111 183
111 306
111 357
111 369
111 678
111 680
111 761
111 875
111 981
112 135
112 689
112 786
112 858
112 864
112 976
113 179
113 330
113 656
114 157
114 241
114 312
114 371
114 378
114 441
114 448
114 456
114 610
114 623
114 832
114 867
114 994
115 259
115 277
115 301
115 405
115 518
115 598
115 736
115 885
116 140
116 148
116 226
116 379
116 488
116 500
116 851
117 180
117 198
117 220
117 433
117 690
117 719
117 830
117 867
118 181
118 205
118 311
118 367
118 397
118 411
118 440
118 470
118 476
118 689
118 758
118 964
119 159
119 236
119 316
119 549
119 733
120 124
120 134
120 227
120 239
120 275
120 550
120 819
120 849
121 191
121 233
121 290
121 386
121 573
121 685
122 229
122 255
122 309
122 366
122 451
122 627
122 670
122 781
122 800
122 957
123 175
123 213
123 226
123 228
123 283
123 287
123 447
123 484
123 607
123 611
123 627
123 675
123 696
124 154
124 229
124 233
124 384
124 389
124 472
124 668
124 701
124 730
124 880
124 925
125 260
125 398
125 472
125 557
125 703
125 752
125 836
125 853
125 975
126 204
126 297
126 349
126 673
126 723
126 923
126 928
127 459
127 587
128 265
128 372
128 583
128 834
129 173
129 364
129 491
129 653
129 690
129 724
129 796
129 850
129 956
130 141
130 183
130 322
130 355
130 394
130 427
130 641
130 908
131 174
131 193
131 408
131 419
131 574
131 785
131 859
132 221
132 440
132 579
132 756
132 772
132 819
132 854
132 902
132 955
132 985
133 212
133 275
133 293
133 325
133 328
133 363
133 391
133 504
133 534
133 601
133 916
133 936
133 945
133 951
134 344
134 408
134 944
135 275
135 288
135 305
135 455
135 481
135 643
135 933
136 145
136 171
136 467
136 482
136 652
136 781
136 836
136 893
136 963
137 261
137 311
137 376
137 647
137 685
138 250
138 253
138 355
138 386
138 636
138 717
138 771
138 828
138 832
138 940
138 979
138 994
139 179
139 260
139 304
139 314
139 338
139 385
139 429
139 449
139 486
139 517
139 719
139 838
139 905
139 980
140 147
140 202
140 228
140 231
140 320
140 371
140 708
140 749
141 153
141 232
141 266
141 375
141 572
141 626
141 675
141 709
141 747
141 798
141 897
141 999
142 409
142 419
142 670
142 734
142 780
142 873
142 998
143 181
143 326
143 394
143 502
143 660
143 876
143 972
144 152
144 225
144 255
144 290
144 384
144 669
144 796
144 942
145 222
145 293
145 504
145 739
145 889
145 907
146 185
146 301
146 514
146 544
146 679
146 779
146 934
146 998
147 285
147 300
147 468
147 480
147 488
147 568
147 692
147 705
147 738
147 744
147 880
147 938
147 948
148 178
148 181
148 223
148 604
148 681
148 727
148 746
148 758
148 832
149 388
149 538
149 631
149 740
150 255
150 256
150 558
150 696
150 706
150 969
151 259
151 294
151 298
151 316
151 393
151 464
151 557
151 741
151 780
151 850
151 875
151 961
151 975
152 197
152 587
152 605
152 692
152 809
152 828
152 939
152 971
152 988
153 155
153 428
153 449
153 455
153 629
153 767
154 177
154 318
154 402
154 478
154 669
154 692
154 708
154 749
154 775
154 869
154 917
154 970
154 997
154 998
155 216
155 350
155 591
155 734
155 819
155 871
156 174
156 318
156 319
156 368
156 502
156 549
156 618
156 701
156 795
156 804
157 296
157 314
157 388
157 537
157 640
157 718
157 845
157 941
157 979
157 980
158 418
158 421
158 459
158 468
158 473
158 563
158 582
158 638
158 716
158 769
158 956
159 242
159 249
159 265
159 382
159 421
159 607
159 636
159 646
159 676
159 691
159 880
160 338
160 573
160 777
160 799
160 926
161 518
161 588
161 591
161 637
161 857
161 864
162 173
162 217
162 218
162 301
162 335
162 637
162 667
162 869
162 880
163 472
163 672
163 797
163 891
163 917
164 212
164 445
164 683
164 698
164 764
164 781
164 782
164 849
164 910
164 945
165 575
165 619
165 815
165 904
166 321
166 466
166 650
166 699
166 761
166 905
166 919
166 931
166 998
167 448
167 486
167 567
167 800
167 945
167 947
168 333
168 517
168 711
168 726
168 944
168 952
169 209
169 214
169 242
169 265
169 420
169 553
169 603
169 718
169 862
169 916
169 968
169 971
169 986
169 991
170 184
170 187
170 240
170 350
170 423
170 560
170 608
170 635
170 642
170 667
170 689
170 748
170 818
170 834
170 856
170 889
170 963
171 271
171 278
171 304
171 313
171 402
171 498
171 627
171 691
171 926
172 401
172 550
172 565
172 568
172 592
172 604
172 629
172 899
173 240
173 245
173 280
173 325
173 339
173 448
173 661
173 690
173 772
173 794
174 191
174 234
174 333
174 921
174 962
175 213
175 318
175 326
175 921
176 433
176 454
176 464
176 479
176 862
176 958
177 190
177 196
177 355
177 364
177 381
177 452
177 574
177 945
178 372
178 688
178 806
178 959
178 996
179 213
179 317
179 336
179 380
179 446
179 599
179 990
180 265
180 423
180 489
180 692
180 785
180 848
180 963
181 214
181 336
181 343
181 451
181 462
181 634
182 419
182 738
182 875
182 973
182 974
182 997
183 280
183 359
183 462
183 511
183 603
183 769
183 817
183 938
183 945
183 994
184 197
184 343
184 593
184 632
184 719
184 721
184 753
184 796
184 868
184 889
184 891
184 980
185 339
185 448
185 454
185 557
185 834
185 893
185 958
186 196
186 197
186 258
186 323
186 328
186 364
186 542
186 587
186 723
186 813
186 943
187 195
187 266
187 290
187 303
187 309
187 539
187 823
187 913
187 955
188 528
188 730
188 746
188 811
188 924
189 244
189 630
189 661
189 829
189 964
190 204
190 275
190 294
190 301
190 314
190 343
190 461
190 464
190 469
190 740
190 803
190 976
191 198
191 237
191 278
191 297
191 417
191 583
191 616
191 897
191 916
191 942
192 296
192 370
192 571
192 592
192 715
192 794
192 900
192 933
193 202
193 411
193 433
193 451
193 485
193 539
193 642
193 649
193 661
193 739
193 913
194 255
194 258
194 262
194 274
194 292
194 404
194 405
194 604
194 667
194 791
195 250
195 368
195 402
195 562
195 580
196 314
196 563
196 593
196 623
196 661
196 685
196 729
196 818
196 839
196 867
196 937
197 232
197 281
197 328
197 433
197 451
197 492
197 962
198 202
198 304
198 498
198 601
198 656
198 830
198 833
198 880
198 991
199 430
199 461
199 547
199 746
199 831
199 840
199 911
199 972
200 263
200 423
200 500
200 508
200 738
200 785
200 797
200 919
201 338
201 384
201 402
201 688
201 906
201 999
202 256
202 421
202 683
202 992
203 232
203 243
203 311
203 383
203 390
203 410
203 521
203 774
204 219
204 417
204 678
204 932
205 223
205 302
205 360
205 469
205 535
205 617
205 814
206 225
206 307
206 450
206 519
206 591
206 642
206 926
206 956
207 220
207 247
207 562
207 802
207 880
207 917
207 963
208 235
208 432
208 639
208 671
208 711
208 726
208 796
208 865
208 882
208 927
209 250
209 263
209 504
209 673
210 224
210 333
210 436
210 683
210 718
210 807
210 919
211 389
211 411
211 608
211 712
212 387
212 393
212 458
212 485
212 520
212 847
212 874
212 890
212 967
213 237
213 288
213 289
213 333
213 570
213 584
213 762
213 883
213 921
214 244
215 347
215 348
215 591
215 635
215 709
215 811
215 850
215 957
215 970
215 982
216 329
216 606
216 671
216 718
216 777
216 848
216 950
216 958
217 365
217 454
217 465
217 482
217 579
217 581
217 638
217 764
217 954
217 983
217 987
217 991
218 539
218 761
218 866
218 918
218 986
219 245
219 281
219 379
219 420
219 704
220 297
220 305
220 352
220 468
220 527
220 624
220 686
220 759
220 892
220 962
221 323
221 526
221 558
221 584
221 590
222 372
222 425
222 580
222 602
222 612
222 677
222 804
222 977
222 979
223 234
223 244
223 402
223 416
223 521
223 571
223 779
223 937
224 364
224 395
224 499
224 506
224 674
224 934
225 304
225 379
225 441
225 464
225 511
225 604
225 666
225 831
226 241
226 381
226 390
226 486
226 582
226 588
226 715
226 898
227 251
227 371
227 403
227 412
227 447
227 449
227 494
227 502
227 526
227 574
227 583
227 705
227 850
227 881
228 276
228 495
228 649
228 666
228 738
228 832
229 240
229 304
229 353
229 398
229 420
229 435
229 442
229 590
229 827
229 843
229 846
229 986
230 299
230 549
230 573
230 668
230 795
230 797
230 856
231 352
231 559
231 642
231 660
231 742
232 246
232 285
232 528
232 605
232 606
232 840
233 359
233 373
233 377
233 380
233 497
233 539
233 911
234 277
234 314
234 329
234 351
234 380
234 483
234 602
235 310
235 496
235 535
235 661
235 789
235 982
235 989
235 996
236 316
236 356
236 376
236 381
236 484
236 657
236 748
236 840
236 887
236 919
237 400
237 601
237 706
237 881
237 884
238 294
238 395
238 426
238 465
238 577
238 676
238 760
238 927
238 953
238 974
239 241
239 244
239 253
239 393
239 585
239 605
239 715
239 758
239 899
239 951
239 997
240 470
240 798
240 969
241 244
241 373
241 638
241 865
241 950
242 296
242 360
242 468
242 626
242 678
242 782
242 794
242 843
242 849
242 952
243 358
243 368
243 416
243 784
243 825
244 466
244 524
244 697
244 801
244 942
245 434
245 582
245 628
245 675
245 754
246 253
246 262
246 579
246 643
246 912
246 947
247 252
247 268
247 403
247 423
247 551
247 585
247 778
247 811
247 852
248 272
248 288
248 392
248 400
248 597
248 653
248 742
248 888
249 276
249 288
249 401
249 570
249 710
250 269
250 324
250 492
250 508
250 512
250 626
250 634
250 652
250 680
250 737
250 916
251 295
251 397
251 578
251 599
251 706
251 840
251 855
252 285
252 380
252 435
252 469
252 594
252 668
252 865
253 319
253 437
253 469
253 603
253 964
254 345
254 471
254 492
254 577
254 582
254 621
254 674
254 842
254 974
255 303
255 402
255 424
255 738
255 956
256 358
256 383
256 399
256 422
256 556
256 574
256 603
256 760
256 826
256 993
257 607
257 745
257 817
257 937
257 977
258 354
258 579
258 712
258 726
258 773
258 782
258 968
259 264
259 493
259 515
259 889
260 303
260 455
260 484
260 493
260 566
260 621
260 623
260 640
260 745
260 813
260 822
260 869
260 935
261 263
261 571
261 678
261 810
261 966
262 401
262 628
262 700
262 725
262 808
263 325
263 341
263 420
263 552
263 573
263 877
263 891
263 969
264 316
264 504
264 533
264 596
264 667
264 688
264 717
264 812
264 872
264 972
265 313
265 442
265 448
265 530
265 559
265 788
266 469
266 477
266 522
266 612
266 615
266 837
266 983
267 322
267 325
267 495
267 549
267 866
268 272
268 286
268 303
268 333
268 461
268 689
268 972
269 495
269 744
269 745
269 870
269 976
270 294
270 344
270 458
270 610
270 637
270 928
270 972
271 390
271 481
271 688
271 700
271 743
271 753
272 554
272 579
272 615
272 885
272 941
272 946
273 303
273 607
273 798
273 882
274 396
274 558
274 560
274 658
274 710
274 901
275 405
275 475
275 517
275 581
275 585
275 637
275 649
275 689
275 761
275 832
275 959
276 341
276 440
276 553
276 860
276 920
277 534
277 560
277 593
278 334
278 337
278 694
278 710
278 835
278 843
278 895
279 451
279 491
279 542
279 566
279 574
279 616
279 665
279 970
279 978
279 994
280 414
280 473
280 640
280 692
280 860
280 918
280 921
281 301
281 430
281 577
281 861
281 888
281 911
281 933
282 352
282 365
282 620
282 716
282 890
282 986
282 996
283 290
283 505
283 609
283 687
283 770
283 861
283 875
284 362
284 551
284 745
284 747
284 834
285 378
285 463
285 655
285 912
285 922
285 945
285 969
286 320
286 348
286 398
286 472
286 504
286 901
286 905
286 953
287 297
287 308
287 421
287 510
287 647
287 689
287 840
287 908
287 987
288 367
288 665
288 733
288 813
288 933
288 966
289 337
289 395
289 443
289 458
289 578
289 646
289 713
289 737
289 822
289 939
290 398
290 510
290 526
290 677
290 686
290 712
290 815
290 834
290 845
290 897
290 951
291 323
291 475
291 502
291 559
291 798
291 808
291 982
291 999
292 305
292 345
292 363
292 429
292 448
292 481
292 615
292 673
292 699
292 746
292 762
292 868
293 344
293 372
293 429
293 444
293 526
293 547
293 684
294 331
294 339
294 527
294 552
294 966
295 371
295 515
295 533
295 745
295 961
296 334
296 353
296 423
296 525
296 574
296 841
296 896
296 902
296 936
297 459
297 614
297 727
297 774
297 861
297 910
298 457
298 476
298 500
298 517
298 531
298 835
298 915
299 432
299 440
299 690
299 785
299 900
300 345
300 388
300 472
300 515
300 566
300 788
300 883
300 984
301 408
301 480
301 541
301 772
301 775
301 778
301 839
301 902
301 997
302 376
302 377
302 561
302 567
302 779
302 838
303 328
303 366
303 388
303 650
303 661
303 709
303 722
303 798
303 886
303 924
303 957
304 418
304 455
304 676
304 903
304 939
304 977
305 391
305 409
305 470
305 475
305 488
305 626
305 631
305 681
305 790
305 887
306 489
306 555
306 561
306 572
306 615
306 666
306 786
306 849
307 389
307 407
307 530
307 564
307 608
307 635
307 682
307 739
307 882
307 917
308 341
308 366
308 459
308 466
308 483
308 641
308 963
308 967
309 423
309 495
309 697
309 826
309 935
309 973
310 383
310 471
310 489
310 612
310 811
310 860
310 896
311 320
311 428
311 595
311 699
311 701
311 897
311 924
311 982
312 476
312 631
312 660
312 754
312 782
312 795
312 817
313 343
313 363
313 494
313 686
313 737
313 751
313 757
313 759
313 790
314 478
314 526
314 579
314 795
314 801
314 882
315 379
315 541
315 762
315 808
315 922
315 926
316 332
316 366
316 388
316 392
316 592
316 606
316 818
316 844
316 897
317 481
317 609
317 646
317 751
317 845
317 873
317 918
318 461
318 470
318 533
318 542
318 678
318 710
319 346
319 429
319 489
319 560
319 728
319 773
319 955
320 384
320 447
320 479
320 533
320 548
320 638
320 878
321 337
321 538
321 558
321 641
321 943
322 371
322 562
322 659
323 451
323 724
324 425
324 550
324 608
324 615
324 638
324 662
324 822
325 357
325 460
325 555
325 688
325 986
326 465
326 484
326 690
326 831
326 920
327 385
327 426
327 490
327 585
327 785
327 841
327 966
328 367
328 470
328 501
328 507
328 531
328 572
328 581
328 640
328 871
328 922
329 508
329 556
329 661
329 918
329 935
330 390
330 489
330 516
330 677
330 943
331 380
331 494
331 820
331 853
331 911
331 960
331 966
332 361
332 627
332 660
332 755
332 914
332 940
332 985
333 492
333 580
333 593
333 691
333 696
333 876
333 892
334 357
334 415
334 498
334 507
334 510
334 549
334 576
334 667
334 833
334 858
334 872
334 922
334 967
335 432
335 454
335 562
335 751
335 756
336 438
336 441
336 470
336 545
336 576
336 608
336 672
336 972
337 521
337 728
337 797
337 984
337 997
338 422
338 546
338 635
339 539
339 548
339 622
339 623
339 649
339 675
339 698
339 840
340 412
340 420
340 454
340 456
340 506
340 529
340 563
340 634
340 688
340 716
340 742
340 933
340 942
341 406
341 414
341 452
341 496
341 609
341 657
341 688
342 424
342 522
342 666
342 696
342 783
343 407
343 622
343 716
343 781
343 786
343 909
344 446
344 660
344 665
344 718
344 833
345 440
345 638
345 689
345 739
345 813
346 459
346 571
346 585
346 616
346 718
346 778
346 840
346 986
347 442
347 447
347 617
347 662
347 707
348 408
348 650
348 707
348 739
348 839
348 855
348 856
348 900
348 977
349 410
349 684
349 708
349 850
350 451
350 456
350 492
350 549
350 566
350 590
350 648
350 652
350 755
350 852
350 970
350 986
351 453
351 489
351 564
352 413
352 589
352 641
352 671
352 684
352 721
352 763
352 905
353 526
353 678
353 815
353 828
353 888
354 371
354 628
354 631
354 845
354 879
355 380
355 426
355 606
355 608
355 689
355 736
355 836
356 360
356 472
356 495
356 547
356 729
356 733
356 846
356 880
357 451
357 460
357 512
357 911
357 916
357 986
358 371
358 402
358 622
358 753
358 875
359 469
359 620
359 685
359 694
359 752
359 760
359 814
359 909
360 446
360 520
360 707
360 781
360 795
361 471
361 628
361 724
362 439
362 458
362 585
362 604
362 682
362 683
362 741
363 657
363 699
363 819
363 875
363 879
363 992
364 512
364 539
364 609
364 776
364 836
364 939
365 521
365 626
365 651
365 687
366 441
366 459
366 482
366 537
366 680
366 723
366 804
366 967
367 412
367 490
367 790
368 480
368 490
368 508
368 532
368 731
368 753
369 412
369 823
369 978
370 430
370 683
370 701
370 716
370 791
370 803
370 964
371 491
371 666
371 684
372 433
372 647
372 681
372 732
372 742
372 786
372 876
373 445
373 446
373 455
373 473
373 666
373 993
374 462
374 572
374 918
375 376
375 485
375 559
375 561
375 636
375 694
375 896
375 912
376 378
376 416
376 632
376 633
376 643
376 690
376 804
376 863
376 878
376 910
377 468
377 497
377 530
377 563
377 586
377 759
377 922
378 508
378 604
378 683
378 735
378 812
378 815
378 870
378 963
378 964
378 966
379 383
379 557
379 576
379 769
379 860
379 956
380 652
380 739
380 872
381 427
381 508
381 539
381 652
381 661
381 714
381 878
381 921
381 943
382 944
383 457
383 666
383 668
383 861
383 904
384 476
384 521
384 567
384 598
384 767
384 780
384 891
384 993
384 995
385 440
385 475
385 556
385 557
385 672
385 805
385 963
386 435
386 468
386 539
386 544
386 638
386 771
386 979
387 455
387 540
387 573
387 721
387 786
387 864
387 895
387 915
388 488
388 563
388 743
388 777
388 915
388 965
389 441
389 516
389 560
389 752
389 967
390 598
390 682
390 769
390 866
390 967
391 473
391 568
391 717
391 776
391 837
392 567
392 592
392 699
392 748
392 765
392 912
392 925
393 409
393 424
393 480
393 542
393 576
393 666
393 673
393 783
393 826
393 896
393 923
394 597
394 707
394 931
395 535
395 614
395 711
395 857
396 482
396 681
396 688
396 712
396 927
396 933
396 966
397 486
397 525
397 605
397 676
397 721
397 829
397 868
397 943
397 981
398 610
398 639
398 649
398 820
398 968
399 402
399 574
399 914
399 934
399 987
400 417
400 802
400 807
400 844
400 911
401 511
401 777
401 855
401 878
401 952
402 403
402 414
402 415
402 459
402 716
402 722
402 745
402 902
402 908
402 947
403 447
403 518
403 744
403 828
403 964
404 436
404 452
404 479
404 622
404 782
404 833
404 896
404 940
404 955
405 586
405 787
405 974
406 460
406 488
406 500
406 580
406 611
406 773
406 785
406 796
406 886
406 933
407 420
407 447
407 448
407 477
407 561
407 708
407 738
407 890
407 945
407 988
408 509
408 527
408 735
409 442
409 504
409 509
409 548
409 723
410 416
410 533
410 534
410 635
410 754
410 795
410 820
410 861
410 887
411 462
411 498
411 657
411 664
411 751
411 791
411 792
411 951
412 429
412 455
412 584
412 589
412 642
412 722
412 891
412 892
413 551
413 570
413 809
413 968
413 970
414 469
414 524
414 570
414 740
414 794
414 895
414 934
414 965
414 971
415 455
415 631
415 665
415 796
415 898
416 709
416 969
416 985
417 865
418 451
418 576
418 587
418 651
418 939
418 973
418 974
419 438
419 595
419 799
419 805
419 929
419 933
420 433
420 538
420 770
420 806
420 959
421 449
421 487
421 577
421 616
422 494
422 719
422 906
422 922
422 992
422 997
423 453
423 458
423 503
423 520
423 525
423 671
423 862
424 483
424 600
424 641
424 865
425 436
425 474
425 591
425 668
425 804
425 951
426 527
426 621
426 715
426 874
426 877
426 998
427 439
427 455
427 487
427 645
427 728
427 737
427 840
427 891
427 964
427 968
428 442
428 558
428 590
428 678
428 688
428 707
428 737
428 759
428 800
428 922
428 976
429 454
429 473
429 576
429 651
429 663
429 694
429 788
429 873
430 521
430 533
430 577
430 644
430 645
430 693
430 756
430 981
431 488
431 683
431 726
431 786
431 810
431 871
431 988
432 467
432 699
432 711
432 849
432 851
433 665
433 822
433 910
433 977
434 481
434 509
434 594
434 782
434 833
434 869
434 964
435 509
435 541
435 614
435 654
435 728
435 769
435 799
436 675
436 726
436 834
436 903
436 922
437 546
437 684
437 769
437 838
438 463
438 646
438 653
438 948
438 983
439 470
439 505
439 646
439 680
439 699
439 904
439 910
440 506
440 588
440 660
440 731
440 773
440 854
440 887
441 479
441 556
441 564
441 779
441 828
441 996
442 458
442 615
442 731
442 780
442 784
442 804
443 605
443 616
443 728
443 746
443 803
444 575
444 872
445 490
445 638
445 651
445 677
445 700
445 707
445 844
445 901
445 904
445 995
446 720
446 760
446 818
446 836
446 852
447 554
448 879
448 942
448 945
448 949
449 640
449 685
449 689
449 782
449 805
449 860
449 928
449 983
450 517
450 522
450 541
450 632
450 780
451 677
451 920
451 922
451 924
451 985
452 538
452 761
452 801
453 472
453 504
453 534
453 874
453 949
453 960
454 514
454 623
454 791
454 936
455 693
455 817
455 968
456 624
456 709
456 863
456 920
456 958
456 970
456 974
457 603
457 840
457 973
458 461
458 497
458 506
458 604
458 611
458 618
458 730
458 792
458 928
458 959
458 969
459 489
459 568
459 583
459 619
459 668
459 754
460 630
460 726
460 747
460 753
460 823
460 838
460 897
460 911
461 522
461 583
461 661
461 730
461 933
461 987
462 655
462 679
462 711
462 814
462 844
462 845
462 846
462 909
462 997
463 669
463 692
463 757
463 809
463 876
463 948
464 539
464 570
464 711
464 818
464 867
464 901
464 908
465 502
465 675
465 761
466 545
466 944
466 971
467 883
468 497
468 783
468 893
469 488
469 565
469 637
469 806
470 619
470 629
470 718
470 798
470 947
471 556
471 595
471 685
471 737
471 786
471 895
472 775
472 923
472 933
473 508
473 625
473 710
473 712
473 800
473 804
473 912
474 603
474 607
474 623
474 644
474 744
474 864
474 923
475 753
476 492
476 576
476 661
476 735
476 778
476 939
476 975
477 544
477 570
477 644
477 670
477 850
477 921
477 947
477 999
478 553
478 583
478 720
478 879
478 894
478 918
478 937
479 568
479 611
479 684
479 985
480 599
480 617
480 717
480 720
480 811
480 919
480 932
480 939
481 486
481 501
481 577
481 768
481 831
481 912
481 948
481 957
482 533
482 616
482 754
482 804
482 994
482 998
483 594
483 950
484 665
484 763
484 796
484 825
484 886
484 928
484 929
484 932
484 991
485 535
485 589
485 687
485 786
485 964
485 972
485 975
486 559
486 572
486 661
486 709
486 769
486 936
486 944
487 775
487 788
487 808
487 929
488 880
488 918
489 606
489 694
489 707
489 757
489 906
489 958
489 969
490 701
490 846
490 923
491 495
491 532
491 644
491 724
491 785
491 817
491 840
491 928
491 939
492 517
492 617
492 641
493 602
493 651
493 854
493 914
493 999
494 586
494 738
494 744
494 762
494 859
494 938
495 578
495 623
495 679
495 740
495 787
495 900
495 906
496 878
496 920
496 938
497 525
497 528
497 769
497 895
498 510
498 573
498 654
498 738
498 813
498 839
498 982
499 623
499 638
499 705
499 756
499 898
499 912
500 574
500 643
500 707
500 746
500 782
501 671
501 951
502 675
502 758
502 764
502 785
502 862
503 537
503 784
503 991
504 549
504 648
504 783
504 867
505 525
505 685
505 713
505 725
505 803
506 637
506 669
506 785
506 879
506 893
506 927
506 972
507 628
507 746
507 940
508 602
508 700
508 933
509 578
509 621
509 657
509 872
509 905
509 909
509 952
509 972
510 589
510 642
510 808
510 852
510 899
510 972
511 646
511 792
511 944
512 529
512 535
512 695
512 763
512 767
512 775
512 867
513 564
513 754
513 800
513 956
514 592
514 687
514 708
514 764
514 950
515 754
515 797
515 834
515 893
516 728
517 608
517 627
517 715
517 757
517 789
517 872
517 881
517 894
517 963
518 638
518 678
518 767
519 638
519 911
519 929
519 978
520 571
520 626
520 694
520 717
520 723
520 750
520 851
520 991
521 522
521 688
521 702
521 898
522 832
522 923
523 553
523 657
523 841
523 865
523 888
523 908
523 953
524 572
524 610
524 717
524 741
524 873
524 935
525 662
525 690
525 702
525 737
525 838
525 966
526 547
526 730
526 858
527 644
527 781
527 806
527 814
527 858
528 671
528 674
528 685
528 915
529 541
529 551
529 562
529 626
529 745
529 793
529 858
529 862
529 890
531 661
531 979
532 790
532 849
532 938
532 945
533 745
533 783
533 798
533 809
533 875
533 931
533 956
534 553
534 629
534 662
534 737
534 771
534 788
535 582
535 619
535 746
535 806
535 851
535 866
536 597
536 619
536 663
536 734
536 909
536 993
537 704
537 875
538 546
538 676
538 699
539 837
540 557
540 613
540 898
540 926
540 928
541 602
541 757
541 758
541 776
541 881
542 593
542 637
542 669
542 786
542 853
543 599
543 717
543 758
543 767
543 865
543 912
543 955
544 685
545 877
545 916
546 648
546 800
546 878
547 755
547 764
547 899
548 710
548 985
549 601
549 608
549 677
549 816
549 829
549 907
549 918
550 642
550 873
551 712
551 853
551 861
551 867
551 919
551 926
551 963
552 555
552 658
552 669
552 794
552 828
552 869
552 892
552 961
553 673
553 702
553 991
554 563
554 676
554 737
554 829
555 766
555 841
555 896
555 908
556 557
556 632
556 633
557 636
557 744
557 777
557 812
557 841
557 943
558 616
558 644
558 666
558 743
558 762
558 934
559 597
559 598
559 627
559 706
559 711
559 789
559 879
559 937
560 636
560 716
560 720
560 798
561 652
561 709
561 738
561 913
562 758
562 864
562 949
563 620
563 878
564 774
564 927
565 681
565 746
565 818
565 854
565 856
566 725
566 860
567 578
567 743
567 861
567 863
567 984
568 604
568 643
568 644
568 811
568 883
569 758
569 802
570 636
570 700
570 742
570 856
571 621
571 784
571 822
571 851
572 792
572 932
572 976
573 630
573 662
573 742
573 793
573 952
573 982
573 988
574 652
574 798
574 827
575 610
575 928
575 960
575 967
575 989
575 998
576 662
576 798
577 787
577 793
577 999
578 823
578 827
578 898
578 991
579 846
579 867
579 934
579 968
580 647
580 966
581 586
581 685
581 709
581 852
581 971
582 665
582 702
582 749
582 847
582 857
582 966
583 664
583 703
583 972
584 734
584 775
584 919
584 941
584 950
584 984
585 614
585 633
585 677
586 590
586 791
586 944
587 590
587 598
587 612
587 641
587 844
588 600
588 677
588 697
588 711
588 982
588 991
589 598
589 612
589 744
589 782
589 826
589 843
589 864
589 892
589 941
589 999
590 598
590 806
590 813
591 628
591 665
591 689
591 708
591 741
591 799
591 823
591 878
592 743
592 836
592 995
593 705
593 828
593 862
593 873
594 696
594 750
594 782
595 635
595 797
595 844
596 802
596 853
596 860
596 866
596 901
597 754
597 806
597 944
597 952
597 965
598 630
598 698
598 734
598 879
598 929
599 611
599 637
599 747
599 816
599 868
600 818
600 895
601 707
601 812
601 822
601 829
601 846
601 857
601 964
601 985
602 628
602 664
602 670
602 724
602 743
602 916
603 721
603 903
604 698
604 782
604 912
604 916
604 975
605 760
605 766
605 821
605 850
605 918
606 616
606 686
606 746
606 811
606 870
606 927
606 983
607 867
607 946
607 952
607 992
608 641
608 751
608 963
608 978
609 725
609 732
609 787
609 819
609 974
610 841
610 885
611 614
611 813
611 838
611 852
612 663
612 702
612 765
612 770
612 778
612 810
612 973
612 988
613 663
613 695
613 820
613 935
614 673
614 693
614 765
614 795
614 831
614 888
614 957
615 924
615 951
616 890
616 940
616 946
617 713
617 815
618 631
618 839
618 867
618 868
618 873
618 999
619 651
619 724
619 893
619 957
619 960
620 727
620 811
620 966
621 634
621 710
621 799
621 899
622 664
622 773
622 921
622 984
623 720
623 743
623 773
623 803
623 821
623 879
623 887
624 798
624 865
624 949
625 636
625 654
625 918
625 946
626 841
627 646
627 668
627 673
627 844
628 763
628 846
628 851
628 928
629 679
629 807
630 694
630 737
630 746
630 790
631 687
631 850
631 990
632 643
632 698
632 873
632 913
632 921
632 979
633 676
633 726
633 825
633 886
633 916
634 674
634 717
634 957
635 667
635 786
636 765
636 770
636 797
637 723
637 907
638 734
638 897
639 730
639 882
640 824
640 834
640 839
640 951
641 644
641 690
641 699
641 755
641 795
641 853
641 874
641 904
641 905
641 946
642 689
642 931
643 751
645 740
645 775
645 803
645 853
645 985
646 734
646 834
646 985
647 656
647 778
647 793
647 853
647 940
648 770
648 836
648 988
648 992
649 671
649 698
649 704
649 830
649 833
650 684
650 803
651 666
651 683
651 715
651 731
651 748
651 749
651 876
652 706
652 729
652 761
652 872
653 683
653 931
654 673
654 777
655 666
655 686
655 800
655 828
655 982
655 993
656 682
656 687
656 796
656 805
656 854
656 925
656 948
657 694
657 773
657 784
657 796
657 820
658 663
658 701
658 846
659 734
659 892
659 998
660 944
661 734
662 695
662 891
663 686
663 701
663 847
663 920
663 933
663 969
664 735
664 740
666 669
666 736
666 957
666 981
667 859
667 866
667 984
669 757
669 906
669 958
670 749
670 818
670 911
671 753
671 827
671 914
672 847
672 979
672 983
672 985
673 808
674 678
674 900
675 748
675 822
675 878
675 888
675 939
676 809
677 825
677 993
678 699
678 718
678 795
678 887
679 992
680 784
681 762
681 774
681 805
681 884
681 990
682 738
682 852
682 896
683 685
683 696
683 769
683 967
683 973
684 713
684 854
684 873
685 871
685 888
685 921
685 989
686 695
686 736
686 768
686 867
686 998
687 768
687 778
687 986
688 799
688 872
688 892
688 906
689 697
689 702
689 794
689 839
689 979
690 760
690 925
690 988
691 734
691 785
691 861
692 708
692 730
692 986
693 910
694 726
694 823
695 803
695 975
696 763
696 923
697 786
697 907
697 961
698 702
698 758
698 839
698 997
699 751
699 872
699 931
699 993
700 767
700 923
701 852
701 998
702 959
702 965
703 810
703 920
704 787
704 990
705 709
705 799
705 837
705 966
706 984
707 852
708 822
708 861
708 877
708 919
709 745
709 920
709 934
709 997
710 789
710 822
710 864
710 884
711 788
712 753
712 945
713 752
713 773
713 805
713 809
713 851
713 867
713 893
714 787
714 952
715 720
715 791
715 796
715 903
715 908
716 785
716 853
717 767
717 768
717 936
717 947
717 963
718 748
720 845
721 754
721 757
721 785
721 862
721 987
722 778
722 814
722 968
722 991
723 728
723 786
723 826
723 952
723 980
724 812
724 842
726 747
726 848
726 861
726 948
727 926
727 957
728 926
729 820
730 811
731 740
731 859
731 866
731 881
731 893
731 947
731 987
732 804
732 810
732 952
732 953
732 961
733 741
733 783
733 892
733 915
733 988
735 772
735 859
736 756
736 807
736 810
736 854
736 947
736 949
738 970
738 979
738 984
739 757
739 810
739 906
739 910
741 783
742 838
742 873
742 894
742 935
743 754
743 830
743 870
744 892
745 803
745 841
745 886
746 833
746 834
746 906
746 984
747 757
747 808
747 834
747 878
747 927
748 769
748 969
749 751
749 753
749 760
749 805
749 864
750 820
750 826
750 845
750 907
750 925
750 994
751 838
751 879
752 792
752 968
753 806
753 862
753 876
753 925
754 803
754 816
755 799
755 802
755 896
755 979
757 829
757 873
757 939
758 760
758 986
759 764
759 766
759 935
759 979
760 942
761 776
761 819
761 830
761 893
761 952
761 985
762 840
762 935
762 948
763 779
763 872
763 886
763 887
763 950
763 954
763 955
764 774
764 978
765 795
765 925
766 963
766 995
767 793
767 909
768 828
768 870
768 894
768 915
768 943
768 978
769 778
769 816
770 889
770 939
771 781
771 829
771 845
771 886
771 934
771 996
771 997
772 993
773 775
773 797
773 824
773 841
774 804
774 805
775 822
775 875
776 880
776 923
776 935
776 992
777 800
777 848
777 938
778 787
778 984
780 790
780 838
780 885
781 785
781 852
782 926
783 962
784 838
784 905
784 922
785 907
785 954
786 857
786 940
786 968
787 849
787 986
788 885
788 945
789 871
789 957
789 979
790 810
790 811
790 826
790 868
790 870
790 978
791 971
791 982
792 879
793 815
793 837
793 925
793 984
795 853
796 830
796 840
796 974
797 887
798 885
798 886
798 909
798 928
798 953
799 819
799 852
799 944
800 842
800 922
801 845
801 857
801 923
801 936
801 961
801 978
801 997
802 912
802 947
802 992
803 917
805 978
806 896
807 830
807 850
807 895
808 958
810 952
811 893
812 820
812 928
813 892
814 870
815 985
816 985
817 876
818 870
821 978
823 988
824 934
824 949
825 835
825 955
826 836
826 916
826 930
827 928
829 880
829 957
830 878
830 901
830 916
830 964
830 975
830 981
831 861
832 869
832 878
832 934
832 972
833 937
833 982
834 860
835 944
835 965
835 974
836 951
836 970
837 872
837 879
837 924
838 952
838 962
839 919
839 999
840 882
841 945
843 916
843 958
843 997
844 847
844 922
844 973
844 992
846 971
846 983
847 933
849 868
849 989
850 878
851 964
852 885
853 966
854 858
854 872
854 905
854 911
854 924
854 988
855 865
856 860
858 883
858 982
859 908
859 949
860 931
863 895
863 928
864 935
865 923
865 999
866 916
868 895
870 953
871 965
872 924
872 960
874 915
875 887
875 892
875 946
876 944
877 891
877 940
878 959
878 961
878 974
881 956
883 996
885 905
886 919
886 994
887 888
888 994
889 976
889 985
890 918
890 930
890 946
891 994
893 948
893 978
894 928
895 900
897 999
899 925
907 996
908 913
908 953
910 940
910 958
911 972
911 977
913 914
913 966
915 991
915 994
916 986
917 947
917 967
918 978
919 923
920 998
922 927
922 928
922 973
923 983
924 966
924 992
925 934
927 999
928 954
930 982
931 983
933 963
933 976
934 976
937 994
943 960
945 963
946 962
954 983
955 973
956 971
959 976
961 978
962 975
963 978
970 972
970 987
973 985
973 993
979 984
987 998
0
10 999
