1000	4965	 1
0 43
0 88
0 157
0 189
0 214
0 221
0 335
0 389
0 399
0 697
1 92
1 147
1 415
1 655
1 734
1 759
1 816
1 886
1 892
1 977
2 557
2 719
2 811
2 831
2 854
2 859
2 888
2 917
3 78
3 84
3 316
3 469
3 581
3 702
3 725
3 740
4 38
4 44
4 55
4 223
4 234
4 555
4 585
4 857
4 908
5 12
5 117
5 357
5 375
5 391
5 886
6 86
6 272
6 359
6 398
6 449
6 731
6 838
6 854
6 904
6 922
6 989
7 136
7 215
7 407
7 465
7 611
7 624
7 662
7 856
7 932
7 961
8 54
8 74
8 135
8 170
8 340
8 358
8 360
8 423
8 495
8 558
8 671
8 790
8 838
8 877
8 970
9 245
9 295
9 649
9 670
9 932
10 36
10 279
10 375
10 381
10 446
10 515
10 618
11 263
11 313
11 369
11 498
11 557
11 712
12 158
12 315
12 360
12 530
12 545
12 561
12 578
12 606
12 635
12 652
12 758
12 770
12 778
12 896
12 906
12 954
12 996
13 271
13 360
13 605
13 782
13 796
13 809
13 939
14 81
14 169
14 349
14 432
14 448
14 466
14 530
14 663
14 716
14 830
14 914
14 982
15 96
15 193
15 214
15 241
15 334
15 365
15 514
15 596
15 614
15 733
15 739
15 762
15 886
16 64
16 92
16 160
16 403
16 459
16 814
16 874
16 902
16 969
17 49
17 83
17 264
17 280
17 370
17 472
17 479
17 507
17 557
17 621
17 625
17 766
17 793
17 809
18 152
18 155
18 172
18 260
18 413
18 762
18 764
18 779
18 911
19 67
19 157
19 189
19 228
19 847
19 885
19 921
19 952
20 118
20 185
20 187
20 235
20 283
20 293
20 297
20 331
20 398
20 432
20 539
20 549
20 573
20 713
20 801
20 916
20 939
21 108
21 155
21 162
21 166
21 204
21 393
21 435
21 562
21 854
21 906
21 947
21 953
22 106
22 112
22 132
22 193
22 538
22 710
22 742
22 889
22 969
22 977
23 324
23 500
23 610
23 620
23 897
23 947
24 139
24 145
24 207
24 213
24 329
24 339
24 543
24 548
24 587
25 281
25 620
25 655
25 754
25 783
25 798
25 845
25 966
25 992
26 65
26 311
26 313
26 581
26 601
26 646
26 867
26 911
26 924
27 50
27 133
27 193
27 239
27 431
27 499
27 613
27 645
27 663
27 723
27 729
27 894
28 209
28 443
28 688
28 940
29 122
29 124
29 220
29 223
29 303
29 801
29 829
29 892
29 954
30 111
30 156
30 157
30 204
30 259
30 263
30 556
30 578
30 657
30 666
31 74
31 103
31 211
31 250
31 277
31 511
31 575
31 747
31 913
31 983
32 347
32 450
32 517
32 731
32 754
32 795
32 833
32 874
33 96
33 159
33 238
33 300
33 317
33 784
33 907
33 912
33 923
33 995
34 141
34 163
34 177
34 324
34 358
34 615
34 769
34 822
34 853
34 922
34 985
35 72
35 93
35 121
35 171
35 229
35 301
35 518
35 638
35 660
35 746
35 753
35 781
35 830
36 83
36 140
36 185
36 307
36 367
36 377
36 393
36 695
36 837
37 52
37 241
37 426
37 572
37 596
37 716
37 795
37 986
38 92
38 219
38 446
38 676
38 783
38 929
39 102
39 194
39 215
39 255
39 365
39 402
39 624
39 633
39 656
39 686
39 712
39 799
39 948
39 998
40 97
40 127
40 189
40 334
40 356
40 406
40 762
40 795
40 992
41 158
41 255
41 386
41 423
41 428
41 483
41 506
41 596
42 153
42 186
42 237
42 299
42 300
42 332
42 592
42 809
42 845
42 856
42 924
42 989
43 167
43 267
43 286
43 289
43 387
43 393
43 443
43 452
43 600
43 880
44 86
44 123
44 133
44 252
44 336
44 377
44 468
44 558
44 610
44 704
44 725
44 752
44 883
44 884
44 956
45 161
45 212
45 222
45 233
45 470
45 681
45 910
45 955
46 60
46 78
46 123
46 228
46 255
46 288
46 321
46 895
47 173
47 543
47 558
47 588
47 744
47 769
47 868
47 899
47 925
48 86
48 416
48 424
48 460
48 484
48 656
48 657
48 745
49 82
49 150
49 251
49 359
49 442
49 569
49 577
49 720
49 980
50 82
50 176
50 205
50 263
50 375
50 558
50 568
50 714
50 896
50 933
51 190
51 195
51 365
51 820
51 827
51 833
51 835
51 851
52 68
52 149
52 250
52 394
52 528
52 563
52 819
53 266
53 443
53 487
53 517
53 675
53 749
53 837
53 999
54 126
54 243
54 244
54 287
54 362
54 378
54 718
54 918
55 154
55 352
55 354
55 388
55 682
55 696
55 779
56 145
56 242
56 253
56 260
56 310
56 373
56 503
56 598
56 614
56 678
56 703
56 708
57 160
57 256
57 394
57 414
57 547
57 597
57 599
57 626
57 630
57 687
57 693
57 768
57 850
57 889
58 61
58 94
58 121
58 384
58 522
58 527
58 557
58 620
58 682
58 683
58 784
59 67
59 73
59 141
59 213
59 335
59 452
59 693
59 775
60 234
60 437
60 438
60 486
60 512
60 634
60 764
60 821
60 865
60 921
60 947
61 62
61 137
61 183
61 274
61 423
61 634
61 731
61 743
61 784
61 839
61 889
62 265
62 281
62 287
62 328
62 555
62 584
62 928
62 930
62 940
62 973
63 325
63 347
63 423
63 472
63 643
63 712
64 242
64 349
64 525
64 557
64 576
64 647
64 706
64 967
65 67
65 284
65 321
65 410
65 615
65 657
65 675
65 782
65 798
65 819
66 113
66 123
66 138
66 565
66 587
66 825
66 829
66 941
66 980
67 101
67 139
67 491
67 542
67 698
68 125
68 330
68 370
68 438
68 475
68 581
68 692
68 708
68 737
68 815
68 933
69 427
69 428
69 447
69 630
69 702
69 711
69 722
69 735
69 842
69 946
70 73
70 93
70 125
70 228
70 251
70 298
70 320
70 498
70 786
71 132
71 137
71 165
71 307
71 336
71 339
71 709
71 778
71 999
72 148
72 252
72 739
72 791
72 859
72 954
73 223
73 252
73 380
73 460
73 468
73 490
73 504
73 587
73 927
74 81
74 198
74 329
74 399
74 753
74 880
74 977
75 149
75 309
75 606
75 618
75 666
75 756
75 851
75 980
76 193
76 324
76 529
76 542
76 681
76 778
76 810
76 814
76 889
76 972
77 491
77 513
77 583
77 618
77 708
77 733
77 761
77 770
77 818
77 848
78 404
78 458
78 567
78 596
78 637
78 658
78 952
79 246
79 290
79 352
79 361
79 435
79 455
79 565
79 569
79 613
79 849
79 939
80 173
80 202
80 415
80 509
80 577
80 725
80 786
80 836
80 938
80 962
80 974
81 177
81 320
81 363
81 452
81 592
81 618
81 653
81 776
81 790
81 871
81 907
82 119
82 297
82 301
82 405
82 509
82 668
82 687
82 826
83 285
83 408
83 486
83 499
83 549
83 583
83 594
83 772
83 780
83 876
83 968
84 175
84 263
84 271
84 316
84 442
84 460
84 544
84 830
84 936
84 963
85 140
85 178
85 207
85 492
85 761
85 786
85 807
85 897
86 517
86 587
86 864
86 871
86 900
87 171
87 396
87 432
87 445
87 596
87 634
87 818
87 889
87 914
88 312
88 373
88 416
88 449
88 516
88 641
88 696
88 798
88 843
88 900
89 269
89 313
89 362
89 414
89 678
89 685
89 758
89 771
89 923
90 256
90 272
90 411
90 612
90 807
90 841
91 160
91 288
91 337
91 395
91 770
91 775
92 186
92 217
92 359
92 390
92 402
92 500
92 517
92 663
92 818
92 851
92 985
93 438
93 509
93 637
93 728
93 872
94 97
94 276
94 444
94 446
94 464
94 470
94 538
94 681
94 732
94 858
94 935
95 136
95 146
95 284
95 328
95 530
95 707
95 960
96 654
96 807
96 914
97 107
97 311
97 403
97 441
97 684
97 822
97 829
97 837
98 161
98 439
98 641
98 646
98 713
98 736
98 756
99 185
99 258
99 336
99 401
99 407
99 572
99 649
99 720
99 859
99 983
100 283
100 462
100 528
100 737
100 741
101 313
101 413
101 617
101 783
101 853
101 892
101 904
101 937
101 985
102 146
102 192
102 376
102 388
102 593
102 631
102 649
102 677
102 705
102 758
102 955
102 959
103 136
103 184
103 287
103 392
103 515
103 640
103 698
103 700
103 728
103 865
103 938
104 190
104 223
104 271
104 306
104 428
104 509
104 511
104 512
104 637
104 730
104 731
104 809
104 841
104 862
105 228
105 292
105 320
105 438
105 727
105 841
106 367
106 381
106 418
106 470
106 528
106 558
106 577
106 671
106 751
106 812
106 858
106 989
107 135
107 244
107 254
107 351
107 396
107 429
107 601
107 665
107 668
107 853
107 889
108 162
108 194
108 207
108 432
108 466
108 471
108 675
108 749
108 754
108 853
109 162
109 470
109 746
109 862
109 943
109 960
109 985
110 157
110 469
110 617
110 655
110 659
110 679
110 760
110 768
110 821
111 125
111 252
111 316
111 322
111 369
111 429
111 746
111 762
111 769
111 851
111 882
112 154
112 179
112 259
112 374
112 412
112 655
112 982
112 994
113 456
113 748
113 830
113 866
114 136
114 279
114 388
114 418
114 420
114 440
114 474
114 566
114 618
114 629
114 724
114 768
114 928
114 931
115 214
115 221
115 547
115 675
115 842
116 240
116 257
116 317
116 387
116 467
116 550
116 624
116 637
117 591
117 739
117 790
117 812
117 863
117 938
117 965
117 967
118 441
118 611
118 628
118 736
118 821
118 875
118 959
119 163
119 292
119 424
119 511
119 572
119 760
119 861
119 966
120 255
120 265
120 355
120 379
120 380
120 892
121 281
121 390
121 605
121 613
121 625
121 734
121 790
121 855
121 968
122 148
122 187
122 202
122 332
122 390
122 410
122 768
122 861
122 909
122 946
122 991
123 239
123 307
123 346
123 348
123 357
123 383
123 562
124 127
124 131
124 139
124 287
124 339
124 357
124 471
124 528
124 558
124 815
124 919
124 996
125 321
125 348
125 361
125 454
125 484
125 659
125 678
125 915
125 928
125 961
125 982
125 989
126 213
126 435
126 628
126 707
126 864
126 867
126 897
126 923
127 199
127 443
127 449
127 623
127 656
127 672
127 894
128 190
128 243
128 258
128 393
128 422
128 514
128 519
128 704
128 749
128 758
128 761
128 803
128 819
128 893
128 921
128 941
128 955
129 224
129 356
129 394
129 409
129 424
129 471
129 559
129 625
129 738
129 755
129 758
129 855
129 880
129 990
130 207
130 293
130 620
130 881
130 891
131 416
131 517
131 666
131 766
132 149
132 161
132 191
132 202
132 307
132 312
132 322
132 499
132 526
132 549
132 642
132 748
132 768
132 905
132 966
133 179
133 357
133 578
133 694
133 750
134 213
134 367
134 559
134 633
134 826
134 934
135 243
135 624
135 637
135 718
135 881
135 892
136 173
136 202
136 238
136 245
136 268
136 411
136 610
137 168
137 378
137 581
137 949
138 289
138 434
138 438
138 515
138 573
138 615
138 684
139 144
139 185
139 326
139 426
139 593
139 656
139 658
139 868
139 885
140 229
140 240
140 307
140 466
140 585
140 770
140 803
140 825
140 856
141 147
141 352
141 477
141 517
141 848
141 870
141 914
142 268
142 299
142 487
142 594
142 823
142 835
142 879
142 920
143 201
143 346
143 349
143 448
143 497
143 572
143 676
143 682
143 712
143 747
143 763
143 874
143 910
143 927
144 288
144 322
144 339
144 455
144 505
144 749
144 891
144 923
144 956
145 229
145 280
145 526
145 603
145 619
145 738
145 874
145 935
146 157
146 202
146 551
146 702
146 709
146 784
146 936
147 237
147 424
147 721
147 790
147 921
147 947
147 987
148 213
148 405
148 448
148 693
148 716
148 888
148 895
149 294
149 359
149 431
149 715
149 782
149 816
150 318
150 439
150 578
150 877
150 979
151 344
151 349
151 362
151 570
151 584
151 612
151 745
151 928
152 153
152 503
152 640
152 671
152 738
152 808
152 860
152 901
153 325
153 374
153 386
153 417
153 454
153 538
153 615
153 691
153 718
153 930
154 179
154 271
154 282
154 407
154 564
154 642
154 900
155 244
155 426
155 461
155 572
155 592
155 617
155 729
155 941
155 951
156 245
156 267
156 319
156 362
156 418
156 709
156 728
156 758
156 767
156 856
156 976
157 412
157 441
157 592
157 875
157 946
158 365
158 380
158 472
158 518
158 658
158 662
158 736
158 802
158 855
159 185
159 208
159 313
159 443
159 493
159 496
159 579
159 661
159 745
159 823
159 885
159 952
160 263
160 304
160 315
160 382
160 468
160 840
160 970
161 211
161 242
161 293
161 304
161 311
161 423
161 507
162 218
162 346
162 371
162 383
162 510
162 682
162 752
162 878
162 964
163 174
163 187
163 307
163 507
163 518
163 565
163 614
163 669
163 786
163 794
163 795
163 995
164 300
164 368
164 474
164 499
164 536
164 623
164 630
164 721
164 993
165 180
165 212
165 247
165 417
165 512
165 584
165 590
165 644
165 662
165 764
165 969
166 176
166 228
166 232
166 237
166 286
166 399
166 440
166 476
166 597
166 656
166 702
166 825
166 829
166 931
167 292
167 340
167 459
167 571
167 614
167 979
168 468
168 511
168 512
168 645
168 734
168 753
168 781
168 858
169 359
169 449
169 510
169 757
169 959
170 202
170 443
170 453
170 509
170 525
170 589
170 621
170 637
170 654
170 927
170 985
171 175
171 199
171 331
171 468
171 470
171 551
171 594
171 683
171 780
171 859
171 953
171 996
172 409
172 523
172 558
172 574
172 582
172 726
172 845
172 925
173 220
173 398
173 436
173 499
173 510
173 533
173 563
173 592
173 775
173 924
174 497
174 518
174 570
174 754
174 893
175 293
175 349
175 448
175 710
175 781
175 784
175 817
175 944
176 238
176 371
176 373
176 667
176 855
176 930
176 938
177 234
177 347
177 548
177 598
177 682
177 796
177 827
177 971
178 193
178 303
178 371
178 446
178 964
179 221
179 429
179 815
179 913
179 937
180 393
180 473
180 567
180 718
180 842
180 934
181 285
181 597
181 637
181 657
181 776
181 800
182 236
182 349
182 350
182 352
182 540
182 719
182 741
182 766
183 401
183 423
183 523
183 849
183 884
183 893
184 230
184 393
184 457
184 666
184 699
184 892
185 210
185 266
185 406
185 474
185 507
185 527
185 598
185 706
185 767
185 842
186 592
186 660
186 717
186 758
187 488
187 498
187 619
187 733
187 738
187 794
187 813
187 856
187 923
187 955
188 221
188 255
188 355
188 455
188 467
189 210
189 294
189 339
189 398
189 783
189 814
189 850
189 948
189 975
190 591
190 658
190 718
191 454
191 654
191 672
191 712
191 730
191 823
192 223
192 591
192 675
192 901
193 361
193 376
193 377
193 463
193 552
193 594
193 812
193 918
194 287
194 338
194 551
194 685
194 717
194 906
195 340
195 628
195 673
195 699
195 755
195 779
195 804
195 994
196 211
196 255
196 304
196 371
196 486
196 503
196 806
196 889
196 972
197 201
197 273
197 561
197 591
197 716
197 742
197 751
197 757
197 924
198 238
198 330
198 419
198 490
198 505
198 507
198 621
198 895
198 961
199 387
199 439
199 479
199 539
199 588
199 591
199 608
199 697
199 713
199 857
199 954
199 970
199 978
200 376
200 436
200 463
200 470
200 477
200 531
200 549
200 578
200 705
200 757
200 892
200 905
201 279
201 413
201 435
201 479
201 555
201 563
201 965
202 390
202 683
202 837
203 227
203 328
203 379
203 390
203 614
203 636
203 644
203 744
203 766
203 829
203 847
203 891
203 902
203 909
203 927
203 994
204 262
204 376
204 454
204 511
204 573
205 251
205 299
205 315
205 520
205 726
205 737
205 743
205 859
205 871
205 928
206 232
206 435
206 604
206 855
206 889
207 240
207 242
207 288
207 542
207 554
207 576
208 280
208 331
208 423
208 497
208 846
209 341
209 356
209 361
209 558
209 874
209 881
209 946
210 341
210 352
210 479
210 498
210 652
210 724
210 765
210 916
211 262
211 342
211 393
211 421
211 436
211 489
211 536
211 578
211 617
211 693
212 372
212 410
212 437
212 492
212 877
212 943
212 961
213 237
213 242
213 395
213 424
213 554
213 557
213 867
213 941
214 320
214 404
214 542
214 547
214 785
214 967
215 244
215 313
215 506
215 547
215 652
215 717
215 815
215 873
216 305
216 466
216 555
216 733
216 776
216 908
217 218
217 298
217 509
217 647
217 693
217 836
217 968
218 319
218 472
218 574
218 676
218 711
218 833
218 848
218 904
218 917
218 960
219 303
219 320
219 341
219 344
219 347
219 567
219 606
219 832
220 237
220 266
220 301
220 534
220 584
220 677
220 684
220 726
220 972
220 978
221 246
221 389
221 407
221 493
221 495
221 538
221 620
221 633
221 674
221 684
221 695
221 902
222 356
222 505
222 823
222 850
222 893
223 248
223 386
223 407
223 451
223 483
223 651
223 735
223 785
223 825
223 869
223 936
224 310
224 481
224 507
224 683
224 714
224 732
224 789
224 791
224 820
224 948
225 265
225 403
225 622
225 668
225 690
225 753
225 889
225 970
226 351
226 661
226 665
226 759
226 813
226 953
227 231
227 342
227 435
227 449
227 511
227 537
227 562
227 862
228 392
228 521
228 618
228 662
228 995
229 266
229 335
229 346
229 371
229 563
229 694
229 729
229 772
229 808
229 960
229 976
230 244
230 332
230 360
230 661
230 700
230 728
231 254
231 421
231 428
231 429
231 458
231 604
231 639
231 691
231 867
232 301
232 305
232 500
232 513
232 613
232 952
232 965
232 968
233 372
233 411
233 728
233 785
233 974
234 379
234 437
234 477
234 556
234 596
234 710
234 727
234 844
234 888
234 916
234 986
235 354
235 371
235 509
235 664
235 788
235 793
235 829
235 983
236 362
236 371
236 441
236 548
236 723
236 780
236 823
236 946
237 261
237 422
237 432
237 489
237 541
237 729
237 730
237 826
237 845
238 395
238 473
238 612
238 667
238 768
238 836
238 924
239 246
239 346
239 402
239 467
239 672
239 784
240 338
240 472
240 649
240 738
240 743
240 833
240 882
241 261
241 316
241 442
241 445
241 489
241 691
241 889
241 905
242 297
242 327
242 493
242 544
242 701
242 853
243 423
243 435
243 631
243 731
243 906
244 308
244 449
244 479
244 778
244 806
244 964
245 276
245 415
245 450
245 485
245 582
245 598
245 638
245 641
245 754
245 785
245 936
246 375
246 450
246 510
246 725
246 781
246 820
246 939
246 957
246 981
247 485
247 655
247 706
247 748
247 782
247 784
247 832
247 880
248 420
248 864
249 407
249 502
249 686
249 727
249 743
249 804
249 811
249 837
250 272
250 330
250 558
250 703
251 322
251 360
251 780
251 936
251 989
252 346
252 417
252 489
252 511
252 531
252 590
252 630
252 698
252 731
252 856
253 338
253 411
253 585
253 708
253 803
253 891
253 944
254 290
254 330
254 524
254 529
254 544
254 579
254 607
254 673
254 789
254 951
254 956
255 352
255 367
255 393
255 446
255 460
255 466
255 503
255 662
255 690
255 691
255 713
255 746
255 830
256 302
256 415
256 724
256 788
256 798
256 843
256 856
257 640
257 684
257 730
257 748
258 644
258 697
258 729
258 807
259 281
259 357
259 420
259 545
259 684
259 725
259 817
259 862
259 979
260 314
260 319
260 392
260 413
260 451
260 548
260 809
260 844
260 851
260 986
261 604
261 685
261 894
261 984
262 332
262 337
262 381
262 701
262 726
262 742
262 788
262 806
262 836
263 481
263 584
264 265
264 398
264 449
264 461
264 643
264 723
264 843
264 858
264 905
264 910
265 308
265 362
265 367
265 370
265 559
265 621
265 622
265 726
265 759
265 894
265 945
265 976
266 345
266 630
266 781
266 797
266 889
267 275
267 304
267 308
267 362
267 504
267 516
267 548
267 582
267 628
268 377
268 568
268 595
268 669
268 872
269 349
269 422
269 500
269 652
269 845
269 959
270 274
270 300
270 700
270 748
270 793
270 904
271 619
271 816
271 866
271 889
271 916
272 285
272 430
272 516
272 578
272 589
272 937
273 375
273 549
273 552
273 752
273 859
273 907
274 663
274 667
274 728
274 808
274 872
275 366
275 435
275 511
275 526
275 564
275 677
275 916
276 326
276 358
276 419
276 720
276 765
276 880
277 295
277 382
277 392
277 427
277 509
277 651
277 801
277 987
278 282
278 286
278 288
278 355
278 470
278 506
278 509
278 557
278 564
278 575
278 624
278 662
278 720
278 731
278 807
278 941
278 970
279 612
279 621
279 794
279 835
280 349
280 633
280 694
280 912
281 351
281 377
281 403
281 423
281 502
281 630
281 675
281 736
282 283
282 378
282 468
282 495
282 499
282 542
282 580
282 823
282 835
283 417
283 562
283 664
283 766
283 768
284 305
284 394
284 647
284 666
284 743
284 917
284 948
285 412
285 582
285 642
285 884
285 886
285 920
285 939
286 309
286 437
286 586
286 697
286 946
287 301
287 437
287 515
287 577
288 471
288 630
288 635
288 791
288 836
288 940
288 942
288 943
288 977
289 397
289 410
289 766
289 826
290 483
290 743
290 931
290 985
291 514
291 595
291 764
291 855
291 946
292 324
292 362
292 372
292 495
292 761
292 792
293 300
293 592
293 597
293 746
293 760
293 851
293 900
293 979
294 339
294 434
294 586
294 650
294 682
294 832
294 955
294 956
295 340
295 352
295 411
295 495
295 501
295 504
295 544
295 873
296 369
296 402
296 626
296 676
296 731
296 761
296 772
296 947
297 419
297 997
298 306
298 311
298 339
298 379
298 579
298 698
298 749
298 797
298 915
299 415
299 452
299 496
299 497
299 523
299 531
299 651
299 807
299 884
299 902
300 611
300 836
300 886
301 361
301 373
301 413
301 456
301 460
301 465
301 486
301 511
301 574
301 888
301 998
302 472
302 559
302 587
302 596
302 597
302 602
302 618
302 808
302 822
302 839
303 394
303 417
303 797
303 834
303 920
304 412
304 477
304 481
304 553
304 660
304 747
305 475
305 540
305 563
305 782
305 785
305 856
305 865
305 881
306 423
306 431
306 475
306 525
306 529
306 563
306 567
306 617
306 639
306 656
306 743
306 815
306 839
306 847
306 895
306 965
307 532
307 570
307 925
307 937
307 954
307 983
308 352
308 439
308 478
308 644
308 694
308 735
308 984
309 427
309 533
309 541
309 544
309 619
309 831
309 881
310 326
310 375
310 396
310 411
310 932
311 318
311 421
311 492
311 540
311 609
311 731
311 791
311 951
311 987
312 359
312 365
312 459
312 525
312 544
312 578
312 605
312 614
312 668
312 807
313 465
313 834
313 992
314 320
314 372
314 377
314 391
314 430
314 506
314 600
314 750
314 890
315 360
315 467
315 550
315 635
315 856
315 942
316 348
316 372
316 389
316 442
316 578
316 603
316 805
316 849
316 893
316 981
317 477
317 766
317 773
318 330
318 362
318 373
318 425
318 474
318 552
318 614
318 629
318 989
319 376
319 427
319 492
319 501
319 509
319 535
319 765
319 958
320 490
320 491
320 548
320 644
320 663
320 667
320 858
321 370
321 411
321 491
321 821
321 893
322 492
322 695
322 835
323 338
323 504
323 546
323 742
323 752
323 762
323 824
323 829
323 853
323 995
324 357
324 552
324 765
324 794
324 806
325 390
325 476
325 546
325 773
325 810
325 873
326 473
326 705
326 777
326 864
326 938
327 429
327 996
328 361
328 476
328 494
328 832
328 855
328 869
328 889
329 430
329 470
329 752
330 387
330 390
330 492
330 510
330 569
330 686
330 772
330 995
331 617
331 649
331 662
331 721
331 807
331 829
331 929
332 376
332 565
332 575
332 623
332 711
332 743
332 857
332 873
332 969
332 972
333 368
333 563
333 613
333 616
333 750
333 796
334 343
334 399
334 442
334 512
334 882
334 910
334 948
334 958
335 346
335 349
335 352
335 367
335 378
335 442
335 463
335 480
335 551
335 596
335 765
335 810
335 852
336 496
336 513
336 540
336 661
336 716
336 730
336 912
337 498
337 567
337 624
337 641
337 681
337 719
337 871
337 935
337 950
337 997
338 473
338 626
338 702
339 373
339 377
339 433
339 870
339 918
340 367
340 475
340 542
340 677
340 754
340 863
340 865
341 451
341 543
341 627
341 668
341 712
341 728
341 804
341 811
341 814
341 854
342 470
342 603
342 628
342 654
342 677
342 735
342 812
342 904
342 952
343 476
343 510
343 572
343 629
343 801
344 646
344 664
344 679
344 975
345 365
345 397
345 450
345 494
345 825
345 839
345 984
346 454
346 634
346 691
346 720
346 812
346 819
347 353
347 368
347 428
347 460
347 488
347 532
347 536
347 728
347 744
347 929
347 975
348 429
348 504
348 599
348 616
348 643
349 474
349 489
349 576
349 749
349 765
349 768
349 804
349 921
350 355
350 367
350 455
350 782
350 809
350 861
350 966
351 412
351 570
351 598
351 600
351 640
351 715
351 749
351 947
352 526
352 727
352 759
352 872
352 903
352 909
352 967
353 381
353 386
353 612
353 680
353 715
353 748
353 802
353 908
353 978
354 410
354 440
354 460
354 542
354 588
354 647
354 729
354 821
354 860
354 875
354 880
355 650
356 498
356 547
356 556
356 607
356 792
357 424
357 715
357 812
357 945
357 970
357 982
358 542
358 563
358 569
358 630
358 707
358 916
358 940
359 496
359 518
359 580
359 586
359 773
359 894
360 424
360 532
360 534
360 588
360 788
360 835
360 905
361 380
361 449
361 568
361 573
361 655
361 811
361 823
362 441
362 514
362 587
362 643
362 648
362 695
362 796
362 814
363 373
363 397
363 438
363 611
363 725
364 421
364 490
364 517
364 634
364 645
364 753
364 775
364 823
364 957
365 392
365 587
365 670
365 815
365 874
366 535
366 820
366 890
367 383
367 516
367 521
367 529
367 598
367 702
367 734
367 905
367 940
368 474
368 639
368 881
368 894
368 984
369 498
369 566
369 981
370 384
370 405
370 407
370 428
370 583
370 587
370 698
370 792
370 808
370 942
370 973
371 422
371 444
371 585
371 637
371 821
371 862
371 946
371 979
372 419
372 499
372 643
372 657
373 431
373 433
373 949
373 958
373 974
374 439
374 538
374 661
374 720
374 906
375 416
375 451
375 504
375 539
375 571
375 651
375 660
375 693
375 701
375 821
376 410
376 420
376 448
376 576
376 582
376 633
376 751
376 784
376 913
376 982
377 400
377 414
377 470
377 603
377 777
378 475
378 739
378 842
378 851
378 884
378 947
378 958
378 964
379 525
379 539
379 656
379 659
379 801
379 987
380 478
380 535
380 564
380 722
380 748
380 773
380 863
381 784
381 848
381 920
381 979
382 449
382 541
382 593
382 869
382 919
383 427
383 471
383 597
383 640
383 664
383 790
383 825
383 837
383 846
383 982
384 551
384 760
384 813
385 528
385 561
385 564
385 924
385 975
386 575
386 584
386 615
386 765
386 808
386 880
386 921
387 545
387 583
387 687
387 710
387 881
387 941
388 668
388 729
388 811
388 919
388 989
389 576
389 581
389 712
389 795
389 996
390 436
390 529
390 694
390 739
390 750
390 834
391 446
391 506
391 528
391 914
391 919
391 942
392 637
392 709
392 740
392 879
392 894
392 915
392 994
393 472
393 584
393 592
393 698
393 755
393 805
393 853
393 887
393 888
394 434
394 603
394 678
394 759
394 913
394 960
395 449
395 558
395 718
395 874
395 888
396 443
396 480
396 506
396 563
396 622
396 671
396 730
396 896
396 933
396 966
396 981
397 460
397 487
397 495
397 555
397 560
397 951
398 404
398 524
398 578
398 669
398 700
398 715
398 855
399 447
399 520
399 530
399 788
399 823
400 464
400 470
400 534
400 545
400 551
400 638
400 657
400 732
400 787
400 863
400 901
400 941
400 990
401 425
401 684
401 688
401 735
401 812
401 852
402 447
402 526
402 587
402 629
402 677
402 744
402 760
402 829
402 858
402 862
402 920
403 516
403 523
403 574
403 718
403 748
403 770
403 845
403 973
404 620
404 661
404 721
404 786
404 804
404 887
404 928
405 496
405 597
405 611
405 642
405 789
405 804
405 841
405 920
405 961
405 968
405 971
406 753
407 494
407 820
407 883
407 969
408 411
408 466
408 597
408 818
408 833
409 431
409 476
409 550
409 697
409 740
409 856
409 952
410 428
410 444
410 514
410 615
410 758
410 798
410 851
410 891
410 897
410 935
410 987
411 428
411 461
411 904
412 420
412 484
412 516
412 776
412 807
412 836
412 996
413 429
413 485
413 565
413 571
413 687
413 712
413 731
413 767
413 853
413 934
414 435
414 508
414 532
414 621
414 642
415 463
415 708
415 887
415 941
415 995
416 543
416 555
416 568
416 572
416 686
416 709
416 770
416 892
417 498
417 518
417 607
417 677
417 757
417 990
418 428
418 562
418 716
418 785
418 916
419 490
419 525
419 632
419 709
419 822
419 997
420 713
420 740
420 836
421 428
421 713
421 732
421 870
421 949
422 495
422 670
422 769
422 833
422 882
422 892
423 521
423 750
423 757
423 890
424 610
424 631
424 633
424 682
424 742
424 806
424 953
424 997
425 450
425 687
425 799
425 848
425 883
425 984
426 470
426 483
426 549
426 647
427 718
427 730
428 436
428 444
428 471
428 824
428 857
429 554
429 686
429 820
430 732
430 734
430 880
430 887
430 895
430 924
430 946
431 445
431 604
431 645
431 681
431 691
431 784
432 679
432 702
432 930
432 931
433 593
433 597
433 598
433 636
433 903
434 567
434 642
434 653
434 728
434 738
435 773
435 946
436 551
436 556
436 558
436 656
436 721
436 826
436 870
436 932
437 473
437 515
437 559
437 577
437 593
437 722
437 751
437 777
438 689
438 701
438 757
438 896
439 471
439 712
439 875
439 926
440 443
440 522
440 613
440 672
440 759
440 937
441 451
441 575
441 618
441 620
441 749
441 773
442 445
442 525
442 724
442 732
442 808
443 490
443 519
443 530
443 649
443 695
443 795
444 628
444 744
444 830
444 923
445 685
445 701
445 757
445 819
446 550
446 585
446 655
446 669
446 671
446 684
446 902
446 970
447 703
447 735
447 847
447 865
448 543
448 626
448 758
448 863
448 959
449 584
449 672
449 683
449 709
449 922
449 999
450 929
450 934
451 812
451 866
452 457
452 474
452 519
452 605
452 690
452 833
452 888
452 926
452 970
453 491
453 826
453 943
454 489
454 535
454 830
455 511
455 628
455 656
455 755
455 808
455 920
455 926
455 964
456 458
456 487
456 604
456 962
456 973
457 475
457 487
457 640
457 694
457 735
457 739
457 766
457 884
457 903
457 981
458 559
458 638
458 644
458 980
459 560
459 690
459 717
459 804
459 990
460 798
460 920
461 521
461 525
461 860
461 976
462 696
463 679
463 988
464 476
464 517
464 590
464 787
464 795
464 894
465 555
465 587
465 614
465 638
465 701
465 706
465 941
466 562
466 572
466 589
466 670
466 687
466 775
466 790
466 876
467 608
467 642
467 751
467 955
467 960
467 992
468 534
468 585
468 828
468 899
468 985
469 519
469 548
469 572
469 604
469 717
469 758
469 881
469 898
469 961
470 610
470 619
470 828
470 886
470 975
471 795
471 826
471 827
472 523
472 566
472 669
472 752
472 795
472 803
472 835
472 996
473 600
473 612
473 761
473 764
473 971
474 506
474 644
474 725
474 782
474 793
475 537
475 543
475 645
475 768
475 962
475 976
476 525
476 541
476 677
476 895
476 998
477 572
477 617
477 706
477 923
477 986
477 998
478 522
478 618
478 669
478 812
478 917
478 925
479 549
479 692
479 705
479 732
479 930
479 972
480 502
480 507
480 525
480 664
480 831
480 881
480 899
480 956
480 963
481 576
481 629
481 810
481 848
482 484
482 539
482 582
482 657
482 672
482 684
482 706
482 781
482 782
482 919
482 971
483 570
483 739
483 802
483 859
483 998
483 999
484 607
484 655
484 686
484 725
484 749
484 870
484 879
485 695
485 814
485 901
485 907
486 569
486 606
486 627
486 666
486 757
486 897
487 668
487 673
487 832
488 491
488 519
488 542
488 596
488 656
488 695
488 705
488 713
488 951
489 517
489 537
489 546
489 588
489 599
489 709
489 747
489 789
490 563
490 629
490 690
491 497
491 571
491 586
491 620
491 800
491 865
492 641
492 913
492 919
493 589
493 835
493 858
494 505
494 666
494 753
494 761
494 831
494 843
495 501
495 623
495 654
495 825
495 826
495 940
495 992
496 583
496 612
496 655
496 701
496 801
496 963
497 862
497 993
498 511
498 533
498 562
498 657
498 669
498 850
499 792
499 836
499 919
499 946
500 755
500 818
501 567
501 631
501 668
501 741
501 885
501 915
501 946
501 963
502 708
502 797
502 859
503 630
503 715
503 819
503 859
504 616
504 644
504 692
504 707
504 947
505 584
505 597
505 726
505 778
505 897
505 916
506 722
506 786
506 808
506 840
506 866
506 997
507 583
507 619
507 690
507 851
507 869
507 914
508 511
508 566
508 896
508 997
509 594
509 660
510 607
510 791
510 869
510 923
511 598
511 673
512 590
512 787
512 899
513 574
513 593
513 629
513 712
513 752
513 776
513 883
513 923
513 983
514 518
514 597
514 751
514 912
515 741
515 925
516 656
516 809
517 647
517 918
518 537
518 562
518 636
518 664
518 814
518 846
518 921
518 926
519 590
519 599
519 619
519 634
519 642
519 648
519 823
520 548
520 675
520 741
520 789
520 801
520 887
520 891
520 958
521 891
522 642
522 694
522 736
523 543
523 576
523 732
523 844
523 892
523 950
524 556
524 571
524 603
524 609
524 743
525 611
525 734
525 740
525 801
526 728
526 863
526 871
526 934
527 636
527 830
527 918
527 933
528 612
528 624
528 710
528 772
528 804
528 817
528 857
528 858
528 995
529 578
529 591
529 654
529 829
529 885
529 999
530 564
530 768
530 919
531 658
531 804
532 622
532 688
532 881
532 920
532 979
533 545
533 632
533 942
534 625
534 658
534 752
534 886
534 898
534 974
535 606
535 705
535 820
535 826
535 865
535 993
536 803
536 809
536 938
536 943
537 607
537 625
537 643
537 682
537 985
538 561
538 591
538 746
538 796
538 922
538 924
538 980
539 571
539 587
539 660
539 896
540 569
540 662
540 709
541 670
541 800
541 855
541 966
542 603
542 921
543 620
543 916
544 550
544 570
544 646
544 661
544 674
544 726
544 768
544 912
544 920
544 996
545 591
545 641
545 664
545 683
545 735
545 756
546 560
546 595
546 659
546 722
546 792
547 691
547 888
548 557
548 602
548 646
548 856
548 984
548 989
549 580
549 585
549 639
549 652
549 679
549 769
549 818
549 829
549 869
550 646
550 695
550 750
550 887
551 783
551 975
551 983
552 656
552 688
553 565
553 614
553 657
553 684
553 701
553 880
553 949
554 602
554 710
554 751
554 771
554 874
554 906
555 664
555 721
555 749
555 877
555 943
555 985
556 606
556 780
557 618
557 674
557 780
557 893
558 608
558 612
558 669
558 814
560 636
560 658
560 761
560 773
560 793
560 815
560 920
560 947
561 646
561 886
561 953
561 961
562 769
562 883
562 892
562 897
562 987
563 611
563 706
563 716
563 893
563 905
564 669
564 673
564 728
564 830
564 835
565 594
565 635
565 798
565 812
565 857
565 879
565 904
565 940
566 623
566 661
566 686
566 724
567 573
567 651
567 813
567 883
568 696
568 702
568 805
568 828
568 829
569 619
569 624
570 863
571 620
571 630
571 640
571 789
571 800
571 814
571 903
572 694
572 730
572 751
572 753
573 730
574 887
574 944
575 620
575 675
575 799
575 902
575 934
576 822
576 835
576 923
576 968
577 765
577 825
577 955
578 588
578 599
578 613
578 634
578 739
579 695
579 729
579 731
579 897
579 947
580 697
580 702
580 818
580 883
580 886
581 952
582 862
583 665
583 738
583 876
583 928
583 938
584 626
584 816
584 856
584 928
584 973
585 616
585 686
585 794
585 795
585 872
585 925
585 930
586 683
586 985
586 999
587 665
587 673
587 859
588 622
588 869
589 614
589 825
590 656
590 683
590 809
590 867
590 935
591 638
591 671
591 723
591 833
591 840
591 871
592 886
592 960
593 600
593 654
593 776
593 819
593 877
593 890
593 995
593 996
594 746
594 762
595 826
595 835
595 910
596 681
596 857
596 919
596 981
597 615
597 637
597 791
597 872
597 899
597 934
598 719
598 897
598 925
599 682
599 774
599 899
600 611
600 670
600 738
600 775
600 824
601 774
601 890
602 739
602 774
602 780
602 845
602 869
602 938
603 663
603 930
604 656
604 810
604 951
605 662
605 752
605 843
605 856
605 877
605 937
605 966
606 831
606 880
606 940
607 615
607 672
607 782
608 686
608 688
608 875
608 892
608 932
608 935
609 655
609 695
609 821
609 881
610 703
611 716
612 616
612 667
612 712
612 733
612 769
612 869
612 939
612 983
612 986
613 720
613 735
613 737
613 809
613 985
614 707
614 717
614 731
614 735
614 953
614 956
614 981
615 618
615 630
615 672
615 891
615 937
615 949
616 634
616 782
616 911
617 970
618 661
618 870
619 651
619 789
619 885
620 835
620 892
621 784
621 802
621 937
621 938
622 637
622 642
622 756
622 886
623 894
623 960
623 990
624 637
624 678
624 773
624 794
624 808
624 944
624 987
625 672
625 692
625 710
625 717
627 648
627 787
627 791
627 793
627 818
627 862
627 879
628 633
628 696
628 728
628 735
629 839
629 867
630 643
630 652
630 653
630 728
631 649
631 661
631 721
631 768
632 653
632 674
632 764
632 850
632 855
633 641
633 711
633 765
633 766
633 925
633 963
634 678
634 829
634 854
636 649
636 659
636 665
636 723
636 882
637 764
637 769
638 646
638 705
639 726
639 788
639 789
639 800
639 801
639 976
640 767
640 824
640 826
640 969
640 991
641 645
641 650
642 664
642 813
642 896
643 700
643 882
643 979
644 759
644 827
644 920
644 977
644 986
645 693
645 829
645 884
646 717
646 759
646 761
646 837
646 875
646 928
646 932
646 997
647 694
647 948
648 832
648 858
649 701
649 790
649 823
649 963
649 989
650 682
650 696
650 779
650 918
650 946
651 682
651 686
651 748
651 916
651 920
651 942
652 673
652 783
652 828
652 885
652 886
653 665
653 668
653 708
653 826
654 730
654 977
655 676
655 701
655 853
656 945
657 692
657 779
658 744
658 964
659 916
659 953
660 801
660 865
660 992
661 666
661 720
661 871
662 682
662 740
662 810
662 865
663 679
663 691
663 774
663 840
663 855
663 896
664 708
664 983
665 862
665 995
666 837
666 843
666 908
667 745
667 755
667 758
668 721
668 778
668 841
668 914
668 924
668 971
669 684
669 692
669 757
669 897
669 913
670 784
670 826
670 865
670 890
670 924
671 776
671 786
671 953
672 673
672 946
672 958
672 973
672 988
673 685
673 721
673 768
673 859
673 934
673 988
674 718
674 876
674 944
674 984
675 698
675 769
675 826
675 905
675 952
676 717
676 875
676 989
677 734
677 736
677 756
677 791
677 966
677 981
678 827
678 893
679 713
679 900
680 693
680 866
681 878
681 929
681 930
681 970
682 746
682 766
682 769
682 832
682 957
683 791
683 917
683 984
684 699
684 853
684 917
684 973
685 811
685 838
685 929
686 776
686 875
687 712
687 728
687 873
687 878
687 918
688 787
688 813
688 950
688 968
689 765
689 798
689 907
690 896
691 864
691 917
691 940
692 707
692 713
692 938
693 972
694 986
695 835
695 840
695 927
696 750
696 761
696 854
696 866
696 878
696 892
697 713
697 763
697 969
698 738
698 801
698 849
698 860
698 958
699 740
699 845
699 868
699 913
699 943
699 997
700 745
700 836
700 895
700 901
701 742
701 773
701 792
701 834
702 791
702 844
702 890
702 947
703 732
703 763
703 845
703 902
704 858
704 950
705 722
705 786
705 787
705 960
706 784
706 978
708 736
708 906
708 966
708 969
709 775
709 821
709 849
709 859
710 769
710 786
710 882
710 925
710 996
712 738
713 767
713 924
713 934
714 864
715 831
715 869
716 752
716 827
717 828
717 969
718 719
718 731
718 971
719 745
719 978
720 764
720 790
720 805
720 900
721 808
722 774
723 762
723 827
724 764
724 767
724 809
724 883
724 884
724 952
725 965
726 755
726 934
727 938
729 922
730 758
731 807
731 835
731 886
733 847
733 849
733 977
733 990
735 840
735 849
735 934
735 965
736 744
736 778
736 789
736 853
736 861
736 960
736 974
737 780
737 820
737 839
737 863
737 884
737 910
738 866
738 993
739 938
740 792
740 870
740 959
741 744
741 793
741 863
742 772
742 945
743 818
744 855
744 978
745 821
745 901
746 889
747 769
747 778
747 918
749 855
749 859
749 904
750 770
750 850
750 887
750 907
750 964
751 823
751 927
751 991
752 876
752 891
752 955
753 761
753 924
753 972
754 817
754 854
754 906
754 933
754 987
756 800
756 812
756 976
757 808
757 969
758 762
758 834
759 773
759 866
759 950
759 958
759 961
759 975
760 829
760 868
760 981
760 985
761 867
761 953
762 808
762 981
762 999
764 827
764 850
764 949
764 964
766 846
766 955
766 985
767 779
767 852
767 967
769 875
769 940
770 855
770 934
770 947
771 857
771 864
771 973
772 993
773 804
773 826
773 953
774 915
775 838
775 857
776 791
776 960
777 957
778 922
779 820
779 922
780 911
780 937
780 974
780 987
781 883
782 824
782 888
782 916
783 806
783 965
784 785
784 940
784 946
785 970
786 822
787 808
787 877
787 887
787 894
788 838
788 841
788 950
788 986
789 837
789 890
789 954
790 918
790 948
791 813
792 918
792 954
792 964
793 970
794 935
794 938
797 852
797 854
797 934
797 944
798 849
799 807
799 883
799 972
799 997
800 828
800 919
801 820
801 879
801 880
801 964
802 882
803 870
804 827
804 910
805 850
805 984
806 818
806 869
806 889
806 903
807 849
807 870
807 970
809 863
809 973
810 881
810 973
811 834
811 881
812 865
812 929
813 853
813 925
814 962
816 875
816 892
817 891
817 908
817 915
818 819
819 955
819 982
820 897
820 925
821 847
821 942
822 906
822 931
823 955
824 936
825 834
825 856
825 882
825 990
826 829
826 973
827 918
827 983
827 997
831 899
831 963
832 921
832 947
832 956
833 896
835 848
836 878
836 894
836 922
836 929
837 889
837 941
838 884
838 898
839 892
839 981
840 973
842 866
842 949
843 929
843 950
844 849
844 934
845 849
846 977
847 879
847 913
847 923
847 994
848 947
849 938
850 866
850 919
852 882
852 899
852 913
852 916
853 938
855 912
855 924
856 992
857 906
857 994
859 907
859 943
859 974
860 949
860 951
861 886
864 936
864 943
864 946
865 940
867 921
867 950
868 946
869 964
871 978
871 987
871 995
872 919
872 979
873 910
874 956
875 970
876 906
876 914
877 898
877 957
878 880
880 937
880 983
881 899
881 925
881 961
882 990
882 993
883 884
883 918
884 906
886 982
887 923
889 926
892 909
892 924
893 965
894 915
894 945
894 947
896 919
897 923
897 936
898 962
899 963
900 901
901 964
902 942
903 941
905 990
907 924
908 968
908 982
909 995
910 948
910 952
912 946
914 951
915 922
915 923
916 960
917 921
917 972
918 987
919 934
919 977
920 932
921 931
921 935
921 988
922 954
922 966
922 990
923 926
924 978
925 940
925 993
926 935
930 966
930 969
931 943
932 952
935 964
939 990
940 943
943 968
943 975
944 945
944 962
949 952
949 966
953 959
954 983
956 972
956 985
958 964
961 980
968 991
971 998
984 988
0
10 999
