1000	4895	 1
0 4
0 313
0 423
0 429
0 436
0 545
0 650
0 651
0 782
1 53
1 190
1 236
1 245
1 273
1 351
1 376
1 403
1 407
1 413
1 549
1 617
1 750
1 833
2 26
2 106
2 146
2 261
2 299
2 313
2 409
2 427
2 649
2 872
2 939
2 954
3 52
3 161
3 286
3 460
3 482
3 498
3 557
3 738
3 808
3 990
4 93
4 143
4 333
4 370
4 387
4 456
4 497
4 776
5 78
5 153
5 210
5 487
5 488
5 598
5 633
5 661
5 949
5 959
6 39
6 112
6 147
6 180
6 325
6 349
6 454
6 523
6 534
6 809
7 36
7 252
7 314
7 562
7 588
7 601
7 607
7 627
7 665
7 795
8 23
8 245
8 348
8 447
8 564
8 819
8 867
8 906
9 151
9 423
9 521
9 551
9 567
9 610
10 73
10 121
10 139
10 252
10 508
10 584
10 789
11 46
11 185
11 308
11 341
11 576
11 705
11 763
11 774
11 863
11 901
11 948
12 63
12 371
12 413
12 516
12 665
12 684
12 689
12 731
13 64
13 88
13 123
13 167
13 201
13 371
13 513
13 760
13 845
14 50
14 223
14 273
14 444
14 588
14 673
14 854
15 37
15 75
15 230
15 288
15 448
15 569
15 584
15 789
15 938
15 946
15 950
15 965
16 108
16 179
16 349
16 717
16 750
16 844
16 859
16 861
17 149
17 398
17 451
17 457
17 588
17 621
17 622
17 686
17 781
17 862
17 889
17 915
18 29
18 62
18 356
18 454
18 476
18 683
18 728
18 884
18 971
19 195
19 250
19 309
19 497
19 533
19 833
19 915
20 76
20 291
20 413
20 487
20 534
20 558
20 606
20 845
21 121
21 238
21 243
21 375
21 497
21 562
21 592
21 809
21 850
21 940
22 189
22 245
22 336
22 429
22 565
22 674
22 761
22 886
22 909
22 963
23 72
23 73
23 74
23 209
23 327
23 349
23 421
23 493
23 774
23 985
24 139
24 230
24 525
24 594
24 706
24 991
25 47
25 83
25 110
25 174
25 178
25 229
25 393
25 405
25 592
25 696
26 50
26 58
26 75
26 91
26 116
26 137
26 180
26 426
26 438
26 440
26 768
26 777
26 800
26 877
26 886
26 887
26 990
27 82
27 90
27 265
27 275
27 424
27 465
27 615
27 726
27 734
27 794
27 879
28 32
28 124
28 159
28 256
28 310
28 397
28 554
28 658
28 749
28 761
28 892
29 193
29 569
29 694
29 725
29 885
29 974
29 992
30 215
30 237
30 239
31 60
31 149
31 293
31 458
31 601
31 730
31 800
31 904
31 974
31 980
32 41
32 104
32 118
32 233
32 359
32 408
32 463
32 517
32 530
32 589
32 627
32 684
33 157
33 299
33 421
33 506
33 609
33 635
33 819
34 134
34 377
34 542
34 643
34 662
34 664
34 754
34 877
34 903
34 949
34 968
35 147
35 175
35 568
35 689
35 747
35 813
35 814
36 209
36 279
36 474
36 524
36 730
36 797
36 827
36 831
36 946
37 220
37 531
37 545
37 572
37 659
37 889
37 994
38 51
38 98
38 126
38 133
38 262
38 400
38 403
38 439
38 477
38 694
38 863
38 976
39 45
39 280
39 308
39 511
39 544
39 553
39 583
39 682
39 712
39 823
39 829
39 896
39 942
39 961
40 66
40 109
40 243
40 249
40 366
40 387
40 521
40 647
40 721
40 746
40 780
41 325
41 350
41 401
41 427
41 568
41 619
41 668
41 691
41 692
41 817
41 839
41 942
41 985
42 62
42 121
42 128
42 151
42 295
42 406
42 496
42 673
42 726
42 731
42 821
42 855
42 875
42 879
42 906
42 924
43 117
43 188
43 337
43 380
43 444
43 712
44 47
44 370
44 373
44 374
44 455
44 488
44 643
44 689
44 741
44 760
44 774
44 868
45 88
45 253
45 307
45 382
45 468
46 114
46 197
46 268
46 336
46 391
46 421
46 483
46 568
46 727
46 757
46 774
46 796
46 823
46 954
47 121
47 162
47 190
47 193
47 223
47 354
47 358
47 401
47 541
47 586
47 686
47 793
47 965
47 996
48 75
48 142
48 255
48 782
48 845
48 994
49 333
49 602
49 659
49 729
49 855
49 876
49 887
49 891
49 892
49 993
50 58
50 217
50 310
50 460
50 695
50 806
50 968
50 975
51 61
51 156
51 290
51 366
51 367
51 548
51 558
51 618
51 797
51 886
51 964
51 969
52 208
52 377
52 470
52 508
52 540
52 558
52 607
52 676
52 848
52 929
52 962
53 63
53 91
53 95
53 127
53 170
53 336
53 761
53 769
53 807
53 833
53 854
53 892
53 940
53 983
54 63
54 80
54 220
54 291
54 338
54 476
54 481
54 507
54 724
54 884
54 962
55 68
55 121
55 412
55 434
55 564
55 696
55 746
55 747
55 847
55 850
55 923
56 125
56 218
56 281
56 517
56 657
56 702
56 765
56 769
56 796
56 874
56 987
57 355
57 731
57 803
57 921
57 992
58 187
58 192
58 214
58 317
58 386
58 427
58 451
58 581
58 633
58 653
58 693
58 819
58 849
59 115
59 165
59 351
59 383
59 510
59 550
59 617
59 830
59 852
59 908
59 921
59 955
60 66
60 184
60 188
60 314
60 371
60 496
60 620
60 994
61 159
61 185
61 237
61 312
61 424
61 492
61 521
61 865
61 897
62 64
62 106
62 281
62 328
62 381
62 479
62 594
62 711
62 828
62 899
63 93
63 265
63 291
63 326
63 353
63 430
63 486
63 743
63 759
63 815
63 960
64 368
64 436
64 497
64 502
64 521
64 717
64 732
64 735
64 796
64 941
64 961
65 77
65 211
65 235
65 247
65 292
65 351
65 369
65 602
65 610
65 704
65 712
65 755
65 891
66 95
66 205
66 431
66 462
66 463
66 482
66 666
66 795
66 923
66 981
67 256
67 429
67 467
67 605
67 784
67 808
67 828
67 893
67 911
67 913
68 74
68 356
68 372
68 401
68 403
68 578
68 584
68 817
68 889
68 966
69 156
69 162
69 182
69 490
69 492
70 105
70 130
70 281
70 511
70 555
70 712
70 787
70 930
71 96
71 351
71 442
71 558
71 703
71 871
71 886
71 892
72 183
72 205
72 308
72 389
72 691
72 802
72 813
72 823
72 876
73 122
73 518
73 751
74 285
74 425
74 442
74 550
74 590
74 631
74 654
74 829
74 884
75 227
75 242
75 520
75 601
75 643
75 700
75 779
75 913
76 85
76 192
76 397
76 411
76 769
76 847
76 939
76 991
77 176
77 464
77 497
77 652
77 674
77 698
77 932
78 179
78 190
78 284
78 481
78 487
78 551
78 589
78 698
78 935
79 107
79 318
79 416
79 533
79 550
79 761
79 977
80 83
80 208
80 412
80 508
80 515
80 693
80 716
80 742
80 836
80 901
81 204
81 235
81 377
81 472
81 660
81 673
81 768
81 777
81 935
82 84
82 134
82 160
82 306
82 537
82 538
82 578
82 584
82 798
83 114
83 204
83 276
83 299
83 573
83 711
83 731
83 793
83 831
83 834
83 873
84 109
84 130
84 353
84 389
84 435
84 621
84 694
84 838
84 852
84 953
84 978
84 995
85 113
85 253
85 320
85 342
85 384
85 487
85 525
85 528
85 638
85 716
85 827
85 915
86 172
86 175
86 191
86 218
86 266
86 319
86 485
86 571
86 660
86 677
86 794
87 628
87 797
87 950
87 953
88 223
88 242
88 461
88 855
88 874
89 223
89 284
89 371
89 389
89 455
89 738
89 949
89 981
90 144
90 170
90 234
90 276
90 379
90 395
90 413
90 451
90 479
90 505
90 589
90 668
90 784
90 931
91 229
91 277
91 439
91 616
91 711
91 741
91 766
92 193
92 344
92 419
92 466
92 474
92 619
93 231
93 235
93 261
93 318
93 455
93 571
93 629
93 961
94 329
94 547
94 740
94 788
94 792
94 843
94 862
94 917
94 978
95 149
95 184
95 216
95 247
95 308
95 326
95 362
95 392
95 443
95 509
95 519
95 574
95 687
95 802
95 955
95 997
96 430
96 454
96 482
96 543
96 605
96 761
97 179
97 207
97 265
97 320
97 348
97 498
97 572
97 628
97 661
97 715
97 748
97 888
97 920
98 366
98 705
98 753
98 948
98 972
99 228
99 267
99 277
99 291
99 359
99 543
99 803
99 852
100 153
100 590
100 591
100 612
100 660
100 789
100 939
101 117
101 151
101 271
101 533
101 658
101 796
101 804
101 955
101 973
102 147
102 180
102 215
102 306
102 411
102 416
102 660
102 823
102 907
102 925
102 933
103 410
103 506
103 551
103 720
103 741
103 763
103 844
104 285
104 314
104 320
104 525
104 731
104 775
104 794
104 950
105 113
105 168
105 334
106 121
106 218
106 245
106 251
106 356
106 422
106 455
106 578
106 885
107 236
107 276
107 307
107 333
107 394
107 423
107 461
107 554
107 610
107 720
107 790
108 134
108 375
108 512
108 515
108 590
108 624
108 691
108 702
108 752
108 988
109 226
109 394
109 663
109 698
109 714
109 907
109 918
110 399
110 414
110 472
110 512
110 522
110 731
111 134
111 161
111 206
111 469
111 795
111 934
111 939
111 952
111 969
111 998
112 121
112 144
112 258
112 285
112 612
112 843
112 899
112 922
113 124
113 190
113 337
113 353
113 388
113 419
113 481
113 529
113 536
113 576
113 591
113 649
113 680
113 854
113 879
114 319
114 444
114 462
114 913
114 980
115 246
115 352
115 417
115 476
115 687
115 747
115 840
115 901
115 918
115 980
116 263
116 298
116 313
116 355
116 545
116 669
116 804
116 810
116 887
117 156
117 322
117 385
117 489
117 514
117 585
117 678
117 685
117 741
117 747
117 785
117 907
117 945
118 123
118 129
118 139
118 164
118 168
118 318
118 452
118 482
118 497
118 593
118 693
118 797
118 813
118 853
118 889
118 927
118 966
119 128
119 370
119 660
119 746
119 815
119 905
119 990
120 124
120 133
120 250
120 298
120 323
120 335
120 426
120 434
120 457
120 702
120 854
120 882
121 172
121 306
121 538
121 629
121 649
121 853
121 893
121 932
122 148
122 232
122 263
122 662
122 685
122 763
122 876
123 197
123 214
123 306
123 336
123 338
123 356
123 384
123 391
123 433
123 513
123 713
123 971
123 994
124 155
124 391
124 393
124 436
124 455
124 464
124 478
124 510
124 695
124 765
124 821
124 827
124 837
125 231
125 232
125 345
125 401
125 433
125 434
125 527
125 845
125 878
125 906
125 940
125 993
126 253
126 280
126 426
126 472
126 678
126 718
126 763
126 897
127 292
127 470
127 566
127 686
127 836
127 968
128 158
128 227
128 601
128 654
128 662
129 366
129 382
129 501
129 525
129 570
129 627
129 684
129 758
129 908
129 964
130 185
130 301
130 317
130 372
130 532
130 630
130 647
130 855
130 882
131 235
131 239
131 249
131 290
131 385
131 419
131 425
131 500
131 516
131 653
131 657
131 892
132 207
132 258
132 383
132 503
132 608
132 751
133 214
133 693
133 783
133 990
134 160
134 388
134 452
134 641
134 852
134 961
135 138
135 166
135 395
135 537
135 594
135 681
136 142
136 302
136 366
136 692
137 332
137 451
137 724
137 765
137 977
137 981
138 258
138 289
138 400
138 450
138 635
138 722
138 916
138 981
139 301
139 400
139 525
139 530
139 599
139 660
139 679
139 840
140 157
140 278
140 355
140 541
140 781
140 862
140 863
141 153
141 176
141 369
141 544
141 796
141 892
141 979
142 180
142 374
142 521
142 802
142 925
142 985
143 148
143 172
143 320
143 342
143 374
143 382
143 479
143 545
143 761
143 764
143 836
144 177
144 205
144 239
144 318
144 417
144 635
144 818
144 868
144 935
145 172
145 263
145 396
145 399
145 495
145 589
145 688
145 751
145 912
146 170
146 211
146 292
146 308
146 327
146 482
146 574
146 906
147 187
147 248
147 356
147 515
147 771
147 859
147 944
147 962
148 237
148 252
148 257
148 337
148 381
148 459
148 512
148 585
148 831
148 838
148 873
148 893
149 261
149 275
149 282
149 332
149 368
149 384
149 516
149 535
149 559
149 607
149 691
149 703
149 786
149 862
149 866
149 900
149 908
149 924
150 156
150 368
150 518
150 531
150 597
150 599
150 610
150 644
150 941
151 192
151 209
151 248
151 375
151 581
151 582
151 601
151 636
151 739
151 851
152 327
152 386
152 767
152 976
153 244
153 626
153 681
153 759
154 559
154 727
154 746
154 749
154 762
154 809
154 941
155 185
155 605
155 655
155 725
155 741
155 805
156 245
156 250
156 280
156 297
156 428
156 472
156 611
156 644
156 665
156 935
156 940
157 198
157 342
157 457
157 654
157 704
157 936
158 182
158 347
158 408
158 423
158 463
158 470
158 544
158 570
158 679
158 727
158 746
158 916
158 963
159 405
159 482
159 513
159 570
159 643
159 652
159 743
159 877
159 948
160 176
160 275
160 353
160 359
160 466
160 645
160 803
161 297
161 371
161 638
161 657
161 704
161 897
162 275
162 363
162 408
162 465
162 725
162 728
163 246
163 446
163 523
163 630
163 709
163 869
163 890
163 899
164 288
164 329
164 431
164 638
164 705
164 727
164 830
164 999
165 171
165 369
165 375
165 561
165 596
165 676
165 774
165 859
165 894
166 190
166 217
166 233
166 262
166 272
166 326
166 472
166 494
166 611
166 622
166 632
166 794
166 926
166 943
166 982
167 252
167 276
167 533
167 584
167 607
167 702
167 964
168 210
168 540
168 788
169 291
169 411
169 500
169 669
169 712
169 888
169 922
170 245
170 272
170 314
170 359
170 464
170 512
170 547
170 614
170 770
170 778
170 903
170 932
170 970
170 985
171 196
171 367
171 381
171 540
171 590
171 682
171 915
172 202
172 473
172 556
172 572
172 768
172 791
172 801
172 886
173 208
173 504
173 536
174 180
174 425
174 453
174 528
174 732
175 390
175 772
175 848
175 924
176 222
176 422
176 443
176 459
176 568
176 638
176 648
176 709
176 734
176 740
176 988
177 253
177 270
177 296
177 336
177 347
177 634
177 723
177 878
177 999
178 205
178 206
178 441
178 462
178 554
178 803
178 811
178 824
178 951
179 278
179 628
179 666
179 823
180 313
180 378
180 384
180 415
180 425
180 463
180 523
180 583
180 618
180 625
180 642
180 820
181 208
181 257
181 518
181 594
181 687
181 822
181 933
181 962
181 993
182 296
182 453
182 471
182 737
182 806
182 867
183 536
183 557
183 808
183 947
183 953
184 295
184 320
184 501
184 568
184 950
185 320
185 449
185 469
185 681
185 710
185 850
185 932
186 431
186 582
186 848
186 910
187 345
187 528
187 588
187 681
187 730
187 794
188 208
188 228
188 445
188 473
188 476
188 792
188 796
189 236
189 276
189 302
189 599
189 612
189 895
189 965
190 194
190 370
190 375
190 433
190 531
190 736
191 304
191 368
191 386
191 748
191 957
192 295
192 381
192 449
192 552
192 661
192 711
192 802
192 807
192 835
192 919
192 969
193 314
193 462
193 594
193 605
193 714
193 734
193 843
193 936
193 943
194 224
194 229
194 333
194 561
194 613
194 983
195 285
195 311
195 364
195 513
195 700
195 705
195 905
195 966
195 991
196 200
196 233
196 319
196 330
196 357
196 602
196 646
196 736
196 809
196 837
196 883
197 218
197 359
197 589
197 606
197 735
197 749
197 825
197 830
197 887
197 994
198 305
198 350
198 596
198 690
198 769
199 653
199 665
199 801
199 810
199 886
200 280
200 315
200 318
200 356
200 411
200 470
200 654
200 727
200 991
201 343
201 400
201 539
201 630
201 881
201 929
201 975
202 222
202 561
202 577
202 608
202 820
203 295
203 378
203 562
203 695
203 701
203 809
203 848
204 260
204 377
204 555
204 652
204 662
204 730
204 774
204 907
205 254
205 276
205 467
205 573
205 651
205 703
205 726
205 798
205 884
205 966
206 369
206 585
206 698
206 729
206 745
206 772
206 840
206 890
206 920
206 966
206 977
207 273
207 481
207 519
207 577
207 590
207 680
207 681
207 726
207 793
207 885
208 225
208 247
208 401
208 412
208 535
208 581
208 772
208 796
208 799
208 823
208 868
209 342
209 349
209 366
209 647
209 975
210 278
210 345
210 377
210 710
210 949
211 274
211 371
211 455
211 469
211 581
211 648
211 665
211 739
211 842
211 854
211 934
212 217
212 288
212 349
212 523
212 614
212 698
212 866
212 973
213 309
213 345
213 495
213 528
213 572
213 812
213 829
213 864
213 866
213 937
214 220
214 557
214 762
214 905
215 284
215 393
215 422
215 523
215 639
215 755
215 983
216 232
216 274
216 467
216 508
216 512
216 829
216 883
217 331
217 404
217 631
217 714
217 815
217 850
217 913
218 309
218 353
218 678
219 503
219 582
219 630
219 809
219 890
219 963
220 266
220 400
220 495
220 631
220 700
220 760
220 791
220 998
221 263
221 285
221 298
221 379
221 553
221 671
221 684
221 706
221 715
222 568
222 611
222 639
222 719
222 725
222 732
222 758
222 806
222 827
223 270
223 288
223 322
223 345
223 443
223 496
223 519
223 695
223 795
223 863
223 894
223 949
223 972
224 357
224 374
224 478
224 684
224 904
225 242
225 269
225 320
225 473
225 495
225 548
225 764
225 834
225 999
226 238
226 255
226 377
226 572
226 596
226 625
226 641
226 650
226 821
226 857
226 869
227 273
227 286
227 371
227 405
227 770
227 872
227 888
227 976
227 992
227 997
228 402
228 524
228 537
228 540
228 718
228 746
228 897
228 906
229 330
229 374
229 456
229 510
229 582
229 640
229 650
229 740
229 743
229 938
230 261
230 294
230 333
230 742
230 872
230 976
231 233
231 338
231 533
231 637
231 659
231 667
231 773
231 776
232 409
232 415
232 505
232 577
232 878
232 941
233 241
233 319
233 376
233 389
233 632
233 678
233 680
233 702
233 927
234 356
234 495
234 538
234 576
234 581
234 644
234 711
234 735
234 822
235 439
235 449
235 773
236 432
236 527
236 652
236 682
236 782
236 895
236 896
237 356
237 364
237 399
237 496
237 618
237 833
237 945
238 814
239 278
239 354
239 360
239 513
239 574
239 671
239 787
239 820
239 834
240 256
240 329
240 371
240 469
240 507
240 619
240 737
240 947
241 284
241 509
242 343
242 597
242 788
242 822
242 877
242 933
243 270
243 326
243 638
243 831
243 917
243 965
244 496
244 506
244 556
244 581
244 597
244 844
244 845
244 923
244 950
245 415
245 435
245 469
245 584
245 651
245 701
245 710
245 784
245 840
245 867
245 917
245 976
245 995
246 366
246 700
246 759
246 785
246 860
246 963
247 368
247 416
247 506
247 647
247 781
247 869
248 409
248 585
248 787
249 505
249 530
249 814
249 850
249 938
249 945
249 998
250 439
250 478
250 490
250 503
250 757
250 973
251 308
251 325
251 454
251 463
251 464
251 521
251 540
251 636
251 672
251 766
251 885
251 920
251 945
252 271
252 338
252 499
252 623
252 855
252 969
253 297
253 355
253 446
253 468
253 714
253 968
253 980
254 304
254 314
254 532
254 562
255 278
255 333
255 361
255 372
255 579
255 745
255 884
255 976
256 357
256 403
256 472
256 496
256 522
256 552
256 560
256 740
256 801
256 962
256 981
257 290
257 345
257 411
257 423
257 504
257 536
257 576
257 699
257 753
257 766
257 768
257 874
258 301
258 557
258 672
258 679
258 901
258 958
259 318
259 354
259 429
259 569
259 615
259 679
259 749
259 786
259 971
260 285
260 328
260 330
260 560
260 671
260 721
260 891
260 942
261 429
261 476
261 531
261 681
261 764
261 780
262 449
262 933
262 941
262 950
263 395
263 416
263 428
263 442
263 457
263 576
263 937
263 947
264 279
264 618
264 726
264 818
264 993
265 294
265 338
265 471
265 617
265 685
265 771
265 828
266 391
266 651
266 691
266 714
266 751
266 806
266 899
267 503
267 543
267 613
267 677
267 826
267 845
268 466
268 468
268 532
268 588
268 709
268 765
268 797
269 289
269 394
269 688
269 756
269 771
269 896
269 969
270 325
270 426
270 445
270 564
270 624
270 921
270 923
270 950
270 957
271 349
271 355
271 548
271 560
271 755
271 774
271 869
271 901
271 962
272 480
272 517
272 556
272 624
272 689
272 694
272 736
272 816
272 976
273 345
273 405
273 467
273 495
273 509
273 512
273 562
273 744
273 958
274 475
274 555
274 589
274 704
274 752
274 956
275 414
275 442
275 474
275 491
275 602
275 836
275 922
275 937
275 952
276 305
276 306
276 310
276 386
276 399
276 408
276 423
276 472
276 515
276 557
276 850
276 990
277 387
277 403
277 467
277 589
277 600
277 745
277 757
277 772
277 867
277 889
277 914
278 504
278 573
278 648
279 364
279 465
279 550
279 659
279 897
279 933
280 326
280 331
280 444
280 498
280 822
280 968
281 476
281 920
281 939
281 999
282 285
282 311
282 454
282 686
282 743
282 807
282 882
283 775
283 813
283 856
283 928
283 943
283 989
283 994
284 377
284 397
284 421
284 517
284 772
284 777
284 983
285 360
285 709
285 747
285 785
285 816
285 829
285 880
285 895
286 367
286 423
286 440
286 737
286 773
286 837
286 858
286 874
286 934
286 940
286 950
286 998
287 329
287 379
287 438
288 317
288 486
288 537
288 570
288 662
288 727
288 805
288 861
289 324
289 353
289 403
289 411
289 674
289 877
289 929
289 997
290 321
290 474
290 512
290 587
290 647
290 719
290 739
290 878
291 306
291 361
291 419
291 725
291 726
291 758
291 765
292 470
292 525
292 712
292 830
293 313
293 418
293 526
293 658
293 669
293 882
293 993
294 303
294 308
294 331
294 436
294 510
294 515
294 610
294 760
294 849
295 490
295 646
295 831
296 401
296 430
296 633
296 794
296 837
296 964
296 983
296 984
297 396
297 423
297 497
297 510
297 691
297 701
297 795
297 900
298 311
298 394
298 400
298 410
298 664
299 318
299 504
299 892
299 927
299 992
300 499
300 599
300 643
300 780
300 945
301 414
301 500
301 648
301 772
301 827
302 390
302 401
302 698
302 761
303 306
303 523
303 525
303 547
303 668
303 799
303 805
303 868
304 460
304 503
304 696
305 380
305 390
305 396
305 505
305 513
305 532
305 556
305 655
305 870
306 439
306 576
307 388
307 400
307 518
307 691
307 704
307 741
307 841
307 935
308 339
308 346
308 381
308 398
308 458
308 672
308 695
308 833
309 318
309 406
309 534
309 664
309 691
309 812
309 893
310 351
310 446
310 655
310 815
310 897
310 935
310 957
311 358
311 466
311 716
311 789
312 344
312 473
312 529
312 543
312 598
312 731
312 816
312 978
313 331
313 358
313 447
313 728
313 752
313 784
313 801
314 385
314 554
314 557
314 577
314 728
314 907
314 927
315 506
315 662
315 859
315 922
315 938
315 984
315 988
316 389
316 456
316 544
316 675
316 694
316 825
317 642
317 777
317 789
318 461
318 526
318 534
318 814
318 819
318 850
318 905
318 989
318 992
318 997
318 999
319 416
319 421
319 479
319 548
319 601
319 632
319 959
320 362
320 465
320 525
320 569
320 883
320 991
321 391
322 452
322 763
322 770
322 829
322 850
323 330
323 472
323 594
323 626
324 387
324 496
324 554
324 632
324 636
324 637
324 747
324 870
324 944
325 347
325 369
325 497
325 547
325 693
325 783
325 822
325 892
325 961
326 377
326 459
326 589
326 653
326 690
326 753
326 795
326 978
327 339
327 481
327 865
327 924
327 972
328 349
328 480
328 610
328 651
328 787
328 862
328 878
328 933
328 949
329 720
329 759
329 808
329 850
329 852
329 858
329 916
330 348
330 402
330 441
330 471
330 472
330 515
330 537
330 551
330 580
330 591
330 706
330 809
330 911
330 919
330 964
331 463
331 486
331 527
331 554
331 635
331 661
331 770
331 821
331 928
331 966
331 996
332 531
332 542
332 684
332 769
332 775
332 991
332 998
333 413
333 436
333 483
333 574
333 817
333 847
333 876
333 915
333 933
334 452
334 509
334 747
334 919
334 939
334 960
335 378
335 407
335 502
335 515
335 581
335 776
335 848
336 398
336 549
336 619
336 854
336 970
337 576
337 598
337 648
337 666
337 690
337 978
337 996
338 387
338 427
338 495
338 647
338 676
338 938
339 369
339 640
339 669
339 847
339 870
340 348
340 458
340 500
340 514
340 528
340 761
341 387
341 460
341 640
341 690
341 691
341 736
341 784
341 825
341 865
341 892
341 932
341 957
342 692
342 726
342 809
342 888
343 377
343 395
343 725
343 779
343 973
344 345
344 439
344 471
344 477
344 582
344 672
344 752
344 765
344 874
344 932
345 575
345 786
345 872
345 878
345 892
346 531
346 573
346 748
346 834
346 966
347 373
347 452
347 481
347 495
347 501
347 622
347 718
347 892
347 914
347 952
348 382
348 407
348 537
348 657
348 719
348 799
349 618
349 638
349 676
349 735
349 774
349 822
349 937
350 486
350 498
350 553
350 555
350 587
350 662
350 783
350 940
350 951
351 474
351 650
351 858
351 931
352 829
352 852
353 488
353 539
353 579
353 696
354 386
354 459
354 681
354 688
354 699
354 791
354 836
355 454
355 515
355 569
355 678
355 835
356 616
356 796
356 985
357 404
357 565
357 609
357 655
357 672
357 696
357 727
357 878
357 900
357 956
358 460
358 477
358 861
358 983
359 474
359 687
359 724
359 739
359 752
359 930
359 988
360 583
360 682
360 799
360 916
361 384
361 496
361 599
361 616
361 624
361 768
361 902
361 924
361 997
362 390
362 402
362 408
362 499
362 511
362 543
362 718
362 728
363 396
363 413
363 579
363 643
363 765
363 899
363 988
364 488
364 584
364 796
364 849
364 898
364 957
365 371
365 492
365 785
366 402
366 551
366 704
366 822
366 827
367 452
367 587
367 757
367 791
367 824
367 842
367 843
367 968
368 502
368 613
368 776
368 807
368 850
368 880
369 552
369 662
369 726
369 875
370 512
370 527
370 620
370 658
371 378
371 438
371 459
371 522
371 575
371 742
371 805
371 858
371 977
371 981
372 375
372 607
372 969
373 479
373 507
373 703
373 895
373 971
374 408
374 510
374 547
374 709
374 810
374 880
374 934
374 956
375 694
375 740
375 742
375 849
375 937
376 383
376 504
376 565
376 672
376 706
376 711
376 765
376 807
376 984
377 409
377 758
377 833
378 411
378 476
378 543
378 548
378 692
378 769
378 957
379 395
379 535
379 566
379 677
379 708
379 751
379 792
379 874
380 394
380 583
381 643
381 707
381 835
382 427
382 733
382 840
382 878
382 924
382 937
383 438
383 811
384 687
384 875
385 728
385 863
385 885
385 888
385 900
385 920
386 444
386 670
386 676
386 737
386 813
386 883
387 400
387 586
387 649
387 778
387 853
387 967
388 603
388 667
388 674
389 416
389 435
389 572
389 598
389 767
389 824
389 971
390 397
390 477
390 599
390 610
390 899
391 468
391 563
391 898
391 940
392 448
392 567
392 696
392 710
392 722
392 792
392 820
392 889
392 893
392 909
392 926
393 401
393 600
393 695
393 802
393 905
393 924
394 452
394 471
394 646
394 652
394 665
394 948
395 450
395 500
395 566
395 609
395 805
395 948
395 994
396 484
396 640
396 686
396 763
396 809
396 825
396 832
396 868
397 495
397 496
397 660
397 673
397 972
398 451
398 578
398 613
398 641
398 733
398 870
398 987
399 409
399 680
399 750
399 854
399 953
400 436
400 569
400 686
400 831
400 906
401 416
401 469
401 723
401 744
401 853
401 983
402 497
402 630
402 632
402 782
403 659
403 882
403 944
403 949
404 769
404 813
405 418
405 574
405 737
405 874
405 897
405 957
406 517
406 570
406 713
406 960
406 961
407 512
407 620
407 691
407 840
407 878
407 885
407 888
408 493
408 635
408 673
408 732
408 735
408 908
408 977
409 420
409 447
409 585
409 882
409 891
409 924
410 439
410 457
410 525
410 742
410 855
410 894
411 511
411 521
411 942
411 955
412 424
412 490
412 523
412 769
412 881
412 992
413 422
413 432
413 592
413 701
413 996
414 422
414 567
414 584
414 729
414 804
414 900
414 920
414 961
415 429
415 486
415 516
415 549
415 551
415 665
415 710
415 894
415 906
416 532
416 608
416 633
416 634
417 579
417 597
417 798
417 933
417 951
417 961
418 648
418 815
418 862
418 995
418 999
419 594
419 836
419 849
419 986
420 448
420 514
420 518
420 543
420 843
420 890
421 698
421 745
421 841
421 850
421 859
422 473
422 580
422 703
422 709
422 722
422 824
422 858
423 513
423 552
423 650
423 724
423 773
423 808
424 483
424 691
424 750
424 791
424 929
424 965
424 978
425 694
425 733
425 735
425 808
425 825
425 998
426 516
426 546
426 657
426 887
426 888
427 429
427 481
427 637
427 707
427 823
427 904
427 926
427 945
427 963
427 966
427 982
428 497
428 569
428 594
428 718
428 992
429 441
429 709
429 962
430 493
430 571
430 692
430 934
430 967
431 608
431 729
431 799
431 955
432 532
432 789
433 667
433 885
433 950
433 973
434 447
434 502
434 538
434 581
434 628
434 772
435 455
435 483
435 494
435 603
435 634
435 697
435 984
436 634
436 696
436 927
436 929
437 517
437 599
437 685
437 704
437 977
438 699
438 863
439 542
439 634
439 735
439 745
439 784
439 892
440 559
440 689
440 782
440 852
440 930
440 942
440 985
441 444
441 581
441 585
441 608
441 800
441 821
441 898
442 593
442 666
442 729
442 893
442 981
442 986
443 453
443 508
443 715
443 745
443 806
443 885
444 455
444 650
444 692
444 806
444 864
444 987
445 544
445 578
445 696
445 702
445 706
445 724
445 846
446 453
446 620
446 628
446 826
446 928
446 963
447 487
447 498
447 684
447 805
447 870
447 906
447 918
448 671
448 728
448 862
448 978
449 535
449 555
449 579
449 865
450 617
450 720
450 782
450 869
450 930
451 993
452 472
452 622
452 861
453 461
453 603
453 616
453 669
453 706
453 941
454 854
454 866
454 880
455 610
455 705
455 883
456 544
456 569
456 570
456 708
457 497
457 574
457 834
457 924
458 617
458 642
458 765
458 860
459 547
459 582
459 820
459 884
459 970
459 980
460 509
460 630
460 663
460 682
460 900
460 951
461 651
461 666
461 743
461 757
461 986
461 990
462 679
462 712
462 718
462 845
462 894
462 973
462 987
462 991
463 472
463 496
463 529
463 588
463 775
463 818
463 908
463 980
463 994
464 497
464 549
464 588
464 782
464 856
464 890
465 574
465 590
465 598
465 691
465 733
465 812
466 576
466 737
466 872
467 514
467 987
468 645
468 712
468 749
468 860
468 923
469 481
469 490
469 518
469 585
469 764
469 862
469 944
470 503
470 511
470 596
470 653
470 664
470 774
470 813
470 854
470 960
470 997
471 630
471 766
471 908
471 912
472 675
472 692
472 750
472 766
472 810
472 828
472 849
472 901
472 960
472 982
473 506
473 621
473 672
473 725
473 733
474 630
474 781
474 902
474 903
475 549
475 741
475 762
475 783
476 537
476 756
476 763
476 942
477 499
477 565
477 590
477 603
477 725
477 972
478 546
478 556
478 584
478 751
478 902
479 578
479 630
479 662
479 874
479 923
479 938
479 973
480 811
481 841
482 515
482 554
482 652
482 691
482 704
483 525
483 537
483 543
483 583
483 880
483 926
484 531
484 547
484 600
484 806
484 833
484 900
484 938
484 962
484 989
485 696
485 939
486 491
486 548
486 696
486 949
487 490
487 502
487 602
487 605
487 716
487 841
487 852
487 861
487 974
488 727
488 944
489 528
489 574
489 799
489 920
490 586
490 679
490 707
490 961
491 875
491 894
491 914
492 516
492 526
492 534
492 694
492 784
492 830
492 933
493 549
493 625
493 664
493 689
494 696
494 734
494 848
494 899
494 985
495 502
495 713
495 753
495 755
496 505
497 511
497 650
497 751
497 794
497 939
497 999
498 783
498 838
498 940
499 515
499 636
500 576
500 609
500 738
500 939
501 632
501 749
501 851
501 870
501 900
501 991
502 574
502 859
502 907
502 912
502 950
503 511
503 515
503 682
503 771
503 790
503 792
503 797
504 579
504 696
504 855
504 905
505 878
506 735
506 823
506 875
507 555
507 596
507 642
507 789
507 790
507 873
507 893
507 897
507 906
507 985
507 991
508 748
508 812
508 816
509 554
509 775
509 777
509 853
509 958
510 569
510 611
510 695
510 707
510 990
511 555
512 566
512 568
512 634
512 994
513 576
513 699
514 894
514 979
515 650
515 990
516 536
516 570
516 619
516 650
516 671
516 727
516 762
516 838
516 999
517 610
517 643
517 683
517 742
517 982
518 637
518 765
518 984
518 985
519 634
519 648
519 687
519 893
519 975
520 521
520 607
520 768
520 866
520 960
521 572
521 593
521 647
521 737
522 617
522 630
522 667
522 693
522 917
523 663
523 680
523 743
523 744
523 769
523 845
523 890
523 994
524 550
524 657
524 781
524 834
524 848
525 585
525 755
525 802
525 816
525 840
525 989
526 558
526 777
527 738
527 744
527 927
528 615
528 753
528 756
528 765
528 820
528 871
529 854
530 680
530 827
531 745
532 743
532 924
532 953
533 700
533 904
533 972
534 607
534 702
534 725
534 825
534 876
534 973
535 545
535 637
535 670
535 798
535 800
535 980
536 612
536 646
536 684
536 760
537 645
537 705
537 765
537 783
537 878
537 900
538 599
538 638
538 774
538 883
539 564
539 568
539 969
540 811
540 938
541 598
541 610
541 617
541 752
541 873
542 574
542 597
542 653
542 657
542 682
542 781
543 553
543 716
543 727
543 773
543 831
543 974
544 783
544 949
544 957
544 982
545 573
545 627
545 705
545 923
545 971
546 612
546 664
546 668
546 800
546 815
547 720
547 756
547 874
547 881
547 901
547 920
549 709
549 993
550 586
550 650
550 834
550 897
550 908
551 741
551 820
551 924
552 668
552 754
552 839
552 964
553 664
553 815
553 827
553 839
553 870
553 928
553 961
553 997
554 900
554 951
554 964
555 561
555 563
555 582
555 677
555 690
555 696
555 878
556 621
556 640
556 694
556 698
556 725
556 828
556 869
556 890
556 943
556 949
556 998
557 704
557 750
557 890
557 977
557 995
558 846
559 695
559 721
559 908
560 647
560 669
560 719
560 967
561 702
561 775
562 609
562 645
562 737
562 749
562 796
562 812
562 834
562 957
563 577
563 639
563 705
563 844
564 651
564 682
564 966
564 983
565 620
565 798
566 698
566 763
567 664
567 740
567 840
567 876
568 695
568 777
568 797
568 801
568 967
569 703
569 737
569 861
569 937
570 627
570 773
570 884
570 947
571 973
572 738
572 856
573 591
573 650
573 873
573 878
573 890
573 933
573 938
573 940
573 942
574 870
574 914
574 925
574 979
574 994
575 583
575 707
575 790
575 816
575 841
575 874
575 895
575 911
576 608
576 686
576 869
576 873
576 894
576 932
576 960
576 979
576 990
577 586
577 742
577 947
578 625
578 857
578 889
578 899
579 653
579 688
579 897
579 902
579 963
580 587
580 618
580 720
580 787
580 790
580 823
581 713
581 772
582 683
582 869
582 899
582 997
583 608
583 790
583 859
583 910
583 953
584 601
584 729
584 909
584 953
584 959
585 610
585 788
585 796
585 924
586 646
586 698
586 713
586 868
587 606
587 695
587 785
587 807
587 855
587 892
588 622
588 705
588 845
588 961
588 965
589 738
589 807
589 833
589 945
589 974
590 604
590 649
590 924
590 953
591 643
591 671
591 691
592 609
592 714
592 791
592 818
592 832
592 933
593 672
593 829
593 992
594 694
594 921
595 905
595 998
596 672
596 679
596 721
596 762
596 772
596 963
596 964
596 968
597 728
597 759
598 912
598 952
598 980
599 610
599 625
599 654
599 697
599 765
599 848
599 903
599 959
600 601
600 779
600 831
600 968
601 790
601 927
601 995
602 696
602 877
603 638
603 926
604 630
604 952
604 967
605 626
605 728
605 825
605 987
605 996
606 640
606 818
606 864
606 980
607 862
608 628
608 833
608 872
608 978
608 989
609 691
609 714
609 755
609 833
609 912
610 614
610 747
610 926
611 673
611 737
611 834
611 879
612 802
612 915
612 959
613 662
613 703
613 815
613 818
614 812
614 997
615 643
615 718
615 839
615 966
616 772
616 865
617 633
617 761
618 758
618 787
618 957
619 651
619 707
620 704
620 732
620 734
620 768
621 934
621 973
622 625
622 645
622 718
622 743
622 815
623 658
623 692
623 822
623 834
623 896
623 934
623 997
624 678
624 740
624 764
624 768
625 770
625 810
625 903
625 974
625 988
625 991
626 774
626 791
626 837
626 932
626 938
626 958
627 755
627 767
627 809
627 973
628 679
628 794
628 897
629 683
629 706
629 814
629 841
629 932
630 769
631 666
631 680
631 933
632 676
632 713
632 889
632 962
633 693
633 943
634 638
634 688
634 790
634 840
634 939
635 690
635 736
635 873
635 972
635 997
636 668
636 680
636 733
636 869
637 660
637 666
637 796
638 643
638 661
638 793
638 902
639 777
639 831
639 859
639 911
640 659
640 701
640 799
640 851
640 854
640 872
640 957
641 738
641 930
642 707
642 841
643 841
643 850
643 863
644 649
644 671
644 777
644 939
644 950
645 654
645 683
645 824
645 839
645 893
646 779
646 815
646 955
647 663
647 736
647 852
647 942
648 649
648 716
648 752
649 714
649 837
649 886
649 956
650 859
650 947
650 950
650 992
651 752
651 861
651 995
652 683
652 813
653 734
653 826
653 963
654 657
654 780
654 940
655 695
655 874
655 972
655 978
656 709
656 834
656 884
656 887
657 745
657 982
658 675
658 772
658 910
658 938
659 789
659 792
659 798
659 813
660 758
660 778
661 696
661 827
661 897
661 963
661 986
662 942
663 867
663 905
663 941
664 670
664 916
664 932
665 679
665 700
665 805
666 691
666 705
666 759
666 855
666 868
667 742
667 758
668 779
669 782
669 927
670 679
670 682
670 710
670 719
670 933
670 991
671 873
672 739
672 788
672 869
672 876
673 713
673 714
673 838
673 889
673 902
674 729
674 807
674 903
674 960
675 688
675 842
675 885
675 914
675 989
676 689
676 810
676 880
677 745
677 789
678 727
678 728
678 745
678 761
678 814
678 864
678 867
678 890
678 937
679 850
679 883
679 973
680 690
680 762
680 774
680 883
680 983
681 831
681 915
681 980
681 988
682 962
682 979
684 960
684 997
685 775
685 810
685 893
686 698
686 971
686 998
687 728
687 843
687 897
688 712
688 775
688 976
689 748
689 797
689 952
691 752
692 698
692 775
692 909
693 738
693 747
693 773
694 800
694 831
694 907
695 727
695 846
695 885
695 916
695 968
695 978
696 820
696 985
697 714
697 822
697 863
697 922
697 925
698 769
698 798
698 805
698 824
699 910
699 952
700 812
700 848
700 896
701 804
701 851
701 874
701 887
703 704
703 791
703 827
703 835
703 903
703 922
704 754
704 764
704 786
704 836
704 953
704 958
705 749
705 759
705 782
705 794
705 826
705 863
705 891
705 985
706 750
706 961
706 972
707 731
707 854
708 719
708 773
708 812
709 840
709 899
710 761
710 804
710 898
710 900
710 901
711 735
711 744
712 895
713 736
713 790
713 961
714 727
714 987
714 998
715 907
715 934
716 786
716 883
716 946
717 740
717 741
717 789
717 832
717 848
719 790
719 896
720 751
720 815
720 958
721 794
722 817
722 843
722 877
723 885
723 913
723 971
724 757
724 845
724 883
724 986
725 836
725 851
726 833
727 857
727 888
727 975
727 999
728 761
728 880
728 987
729 903
729 936
730 841
730 908
730 935
730 970
731 836
731 860
731 931
731 996
732 757
732 786
732 895
732 979
734 989
735 814
735 993
736 761
736 847
736 914
736 936
737 835
737 852
737 905
738 755
738 784
738 916
739 781
739 846
739 873
739 916
740 746
740 754
740 811
740 828
740 856
740 930
740 975
741 770
741 838
742 796
742 805
742 817
743 881
744 758
744 872
744 909
744 962
745 856
746 835
747 758
748 774
748 803
748 867
748 882
748 901
750 757
750 845
750 961
750 980
751 773
752 917
752 993
753 994
754 821
754 954
755 847
755 856
756 892
756 992
757 929
758 770
758 805
758 916
759 987
760 781
760 878
760 980
761 769
761 811
761 925
761 984
762 809
763 777
763 779
763 933
764 873
764 875
764 893
765 822
765 909
765 931
765 994
766 790
766 873
766 933
767 880
768 769
768 802
768 817
768 877
769 929
770 841
770 896
770 938
771 888
771 899
772 777
772 880
772 909
773 835
773 854
773 863
773 946
774 799
774 892
774 906
774 948
775 823
775 916
776 897
777 842
778 827
778 862
778 927
779 832
780 899
780 978
780 992
781 911
781 996
782 847
782 853
782 864
782 882
782 920
782 964
783 792
784 843
784 897
785 876
785 998
786 904
786 954
787 951
788 799
788 876
788 957
788 988
789 886
790 928
791 834
791 943
792 906
792 914
793 798
793 808
793 819
794 944
795 807
795 808
795 820
795 849
795 853
795 864
795 865
795 891
795 953
797 900
797 957
798 981
799 806
799 975
800 869
800 900
800 926
801 875
801 889
801 954
802 902
802 925
804 849
804 889
804 964
804 978
804 998
805 859
805 909
806 897
807 829
808 944
809 945
810 833
810 858
810 919
811 826
811 937
812 887
813 938
814 875
814 893
814 931
816 949
817 851
817 973
817 992
818 973
818 996
819 821
819 824
819 838
819 959
820 851
821 826
821 892
821 974
822 899
823 831
823 894
823 923
824 885
824 900
825 981
826 986
827 888
827 900
827 914
827 988
828 941
829 866
829 871
829 873
829 953
830 869
830 870
830 999
832 834
832 860
832 914
833 845
833 969
833 975
834 847
835 966
836 848
836 925
837 846
837 962
838 862
838 970
841 960
842 877
842 888
842 929
843 858
843 878
843 898
844 949
845 892
845 905
845 912
845 952
845 967
846 902
846 941
846 970
847 902
848 976
849 909
850 920
850 938
852 911
852 930
852 968
854 856
854 867
854 967
855 865
855 956
856 899
856 908
857 904
857 908
858 893
858 971
858 994
859 926
860 965
861 993
862 952
862 953
863 909
863 913
864 944
864 986
865 870
867 887
867 964
869 941
869 953
870 905
870 920
870 952
870 976
871 889
871 901
872 920
872 957
873 991
874 909
876 905
876 979
877 957
877 967
878 947
879 929
880 927
881 883
882 917
882 983
883 995
886 915
886 954
886 979
888 958
889 966
890 926
890 930
890 983
892 912
893 915
894 899
895 928
896 917
896 931
899 942
899 977
900 927
901 915
903 961
904 977
905 926
905 957
906 972
907 924
907 945
910 948
911 973
915 950
915 955
915 992
917 920
917 963
917 984
918 926
919 969
920 939
926 957
929 978
929 988
931 974
931 980
933 986
934 979
935 975
937 978
937 982
938 949
939 948
939 974
940 946
940 958
943 991
945 978
947 992
949 958
951 965
953 976
959 992
962 973
963 992
965 999
966 968
968 982
974 993
975 998
977 990
983 991
987 990
987 996
990 999
991 994
991 996
0
10 999
