1000	5050	 1
0 130
0 198
0 203
0 317
0 611
0 739
0 810
0 876
0 879
1 21
1 24
1 54
1 87
1 198
1 394
1 429
1 706
1 739
1 869
2 63
2 125
2 159
2 176
2 285
2 302
2 377
2 397
2 580
2 739
2 938
3 42
3 79
3 131
3 305
3 370
3 439
3 759
3 778
3 955
4 67
4 190
4 255
4 297
4 467
4 478
4 597
4 818
4 880
5 16
5 82
5 102
5 138
5 166
5 318
5 404
5 407
5 477
5 496
5 764
5 861
5 891
5 942
5 981
5 992
6 95
6 152
6 211
6 352
6 403
6 675
6 772
6 941
7 330
7 409
7 425
7 504
7 587
7 593
7 594
7 779
7 808
7 813
7 845
8 94
8 135
8 168
8 205
8 215
8 219
8 248
8 269
8 477
8 557
8 598
8 750
8 836
8 862
8 927
8 981
8 994
9 19
9 194
9 282
9 622
9 927
9 943
10 207
10 237
10 238
10 260
10 301
10 484
10 567
10 833
10 937
10 963
11 98
11 211
11 591
11 594
11 909
11 956
12 34
12 59
12 81
12 128
12 177
12 272
12 285
12 359
12 426
12 431
12 613
12 850
12 946
12 978
12 981
13 99
13 107
13 120
13 210
13 224
13 291
13 629
13 669
13 800
13 888
13 973
13 995
14 28
14 328
14 503
14 549
14 624
14 714
14 796
14 864
14 924
14 957
15 70
15 397
15 457
15 460
15 517
15 550
15 716
15 818
15 850
15 859
15 908
15 924
16 216
16 310
16 397
16 439
16 511
16 623
16 670
17 109
17 178
17 388
17 409
17 456
17 464
17 551
17 639
17 780
17 813
17 926
17 935
17 957
18 123
18 287
18 439
18 477
18 664
18 677
18 831
18 859
18 987
19 127
19 455
19 541
19 551
20 63
20 183
20 205
20 226
20 236
20 455
20 603
20 631
20 816
20 845
21 183
21 235
21 342
21 348
21 382
21 573
21 672
21 804
21 988
21 996
22 80
22 247
22 270
22 311
22 464
22 534
22 548
22 836
22 848
22 917
23 250
23 295
23 325
23 366
23 443
23 466
23 547
23 557
23 584
23 610
23 756
23 926
23 975
24 66
24 153
24 243
24 356
24 438
24 504
24 582
24 831
24 849
24 981
25 29
25 64
25 112
25 227
25 231
25 493
25 502
25 673
25 737
25 797
25 919
25 932
25 977
25 990
26 199
26 237
26 255
26 385
26 391
26 396
26 421
26 444
26 447
26 514
26 739
26 747
26 849
26 901
27 223
27 252
27 277
27 642
27 754
27 799
27 802
27 933
27 966
28 130
28 403
28 417
28 429
28 563
28 670
28 797
28 875
29 350
29 392
29 414
29 430
29 557
29 713
29 809
29 897
29 959
30 157
30 302
30 361
30 411
30 731
30 840
30 971
31 48
31 78
31 115
31 144
31 178
31 558
31 613
31 646
31 720
31 879
31 958
32 46
32 294
32 373
32 416
32 425
32 448
32 643
32 808
32 830
32 837
33 40
33 86
33 189
33 207
33 379
33 430
33 491
33 555
33 652
33 837
33 868
33 871
33 872
33 971
33 980
34 198
34 244
34 328
34 543
34 569
34 614
35 47
35 145
35 215
35 506
35 665
35 802
35 831
35 832
35 904
35 956
36 46
36 77
36 104
36 124
36 167
36 282
36 286
36 301
36 630
36 669
36 702
37 81
37 149
37 205
37 301
37 362
37 495
37 562
37 619
37 897
38 161
38 202
38 506
38 563
38 583
38 629
38 630
38 687
38 720
38 863
38 876
38 929
39 317
39 394
39 512
39 563
39 588
39 755
39 903
40 56
40 163
40 241
40 264
40 356
40 480
40 490
40 655
40 673
41 83
41 288
41 362
41 447
41 497
41 584
41 749
41 754
41 778
41 864
41 938
41 997
42 61
42 229
42 444
42 628
42 791
42 797
42 825
43 222
43 287
43 431
43 676
43 849
43 882
43 921
43 957
44 154
44 383
44 417
44 495
44 615
44 734
44 797
44 850
45 253
45 304
45 429
45 437
45 536
45 616
45 673
45 944
46 49
46 195
46 268
46 400
46 589
46 654
46 764
47 105
47 196
47 323
47 332
47 370
47 453
47 456
47 585
47 745
47 758
47 796
47 880
47 916
47 968
48 57
48 139
48 294
48 647
48 724
48 760
49 86
49 432
49 514
49 573
49 797
49 846
50 78
50 306
50 362
50 364
50 379
50 393
50 486
50 721
50 813
51 78
51 147
51 421
51 856
51 888
52 79
52 102
52 314
52 346
52 465
52 538
52 685
52 691
52 708
52 885
53 89
53 153
53 171
53 234
53 368
53 535
53 621
53 708
53 808
53 949
54 110
54 241
54 246
54 296
54 300
54 408
54 442
54 516
54 548
54 725
55 101
55 206
55 270
55 463
55 473
55 542
55 686
55 765
55 820
55 903
55 931
56 222
56 319
56 356
56 424
56 583
56 604
56 623
56 797
57 252
57 275
57 410
57 560
57 575
57 672
57 685
57 796
57 809
57 815
57 895
57 987
58 168
58 268
58 554
58 608
58 629
58 656
58 699
58 756
58 768
58 973
59 179
59 200
59 281
59 353
59 673
59 709
59 810
59 927
59 929
60 197
60 280
60 350
60 385
60 458
60 559
60 795
60 838
60 879
60 915
61 94
61 104
61 133
61 142
61 491
61 600
61 612
61 955
61 991
62 129
62 180
62 195
62 221
62 338
62 493
62 575
62 700
62 797
62 890
62 906
62 988
63 120
63 164
63 183
63 345
63 444
63 454
63 477
63 625
63 705
63 733
63 838
64 322
64 333
64 433
64 604
64 647
64 738
64 763
64 789
64 850
64 853
64 854
64 872
64 916
64 989
65 166
65 361
65 405
65 563
65 706
65 945
65 947
66 166
66 244
66 356
66 442
66 582
66 584
66 680
66 846
66 897
67 346
67 382
67 517
67 629
67 671
67 682
67 782
67 827
67 925
68 85
68 106
68 117
68 166
68 357
68 527
68 593
68 777
68 801
68 870
69 218
69 816
69 901
69 905
70 196
70 379
70 408
70 487
70 713
70 741
70 836
70 868
70 909
71 120
71 409
71 457
71 599
71 611
71 640
71 701
71 769
71 887
71 897
72 91
72 153
72 437
72 457
72 499
72 599
72 768
72 924
72 977
73 94
73 286
73 459
73 559
73 581
73 693
73 836
73 842
73 891
73 924
74 159
74 172
74 391
74 866
74 885
74 940
74 944
75 246
75 259
75 424
75 474
75 703
75 754
75 829
75 864
76 162
76 240
76 295
76 322
76 567
76 654
76 680
76 826
76 910
77 300
77 712
77 731
77 744
78 92
78 173
78 269
78 397
78 453
78 456
78 624
78 633
78 722
78 755
78 867
78 910
79 295
79 302
79 321
79 375
79 399
79 625
79 769
79 798
79 975
79 998
80 133
80 201
80 353
80 611
80 753
80 880
80 902
80 981
81 151
81 172
81 184
81 434
81 445
81 477
81 483
81 528
81 575
81 696
81 797
81 803
81 823
81 893
81 940
81 947
81 973
81 982
82 157
82 171
82 313
82 411
82 562
82 604
82 733
82 999
83 282
83 660
83 690
83 714
83 781
83 898
83 927
83 932
84 89
84 181
84 252
84 345
84 506
84 515
84 564
84 582
84 674
84 739
85 312
85 406
85 649
85 653
85 728
85 756
85 773
85 818
86 227
86 234
86 351
86 450
86 600
86 678
86 814
86 981
87 131
87 172
87 353
87 376
87 395
87 456
87 506
87 540
87 586
87 621
87 940
88 198
88 280
88 408
88 428
88 580
88 585
88 685
88 826
88 828
88 830
88 831
88 904
89 112
89 273
89 542
89 578
89 621
89 666
89 708
89 964
90 219
90 259
90 333
90 403
90 407
90 544
90 547
90 685
90 896
91 125
91 263
91 357
91 378
91 719
91 803
91 888
91 907
91 967
92 98
92 118
92 169
92 252
92 317
92 356
92 461
92 501
92 566
92 598
92 716
92 863
92 929
92 988
93 123
93 212
93 425
93 486
93 518
93 538
93 565
93 640
93 746
93 754
93 825
94 309
94 311
94 358
94 411
94 514
94 568
94 880
95 108
95 212
95 237
95 241
95 309
95 774
95 897
95 916
96 231
96 367
96 379
96 703
96 705
96 869
96 939
96 976
97 247
97 288
97 538
97 543
97 613
97 703
97 873
97 996
98 188
98 231
98 434
98 552
99 329
99 480
99 569
100 139
100 155
100 216
100 247
100 308
100 343
100 408
100 423
100 579
100 583
100 755
100 797
100 811
100 909
101 232
101 368
101 566
101 609
101 782
101 870
101 997
102 178
102 190
102 225
102 346
102 452
102 459
102 550
102 729
102 779
102 849
102 901
102 977
103 183
103 210
103 302
103 318
103 519
103 595
103 604
103 753
103 777
103 943
104 115
104 175
104 184
104 382
104 439
104 463
104 870
104 871
104 921
105 199
105 326
105 357
105 387
105 497
105 529
105 676
105 992
106 115
106 124
106 151
106 320
106 341
106 418
106 633
106 682
107 213
107 227
107 240
107 241
107 361
107 460
107 691
107 760
107 829
107 855
107 856
107 919
107 939
107 962
108 200
108 455
108 526
108 540
108 645
108 871
108 876
108 968
109 227
109 325
109 380
109 401
109 564
109 628
109 631
109 657
109 760
109 851
109 865
109 907
109 932
109 975
109 979
110 156
110 202
110 313
110 417
110 498
110 591
110 745
110 751
110 754
110 815
110 838
110 955
111 227
111 723
111 753
111 832
111 995
112 163
112 242
112 260
112 404
112 490
112 493
112 506
112 517
112 587
112 940
112 966
113 186
113 459
113 741
113 854
113 882
113 990
113 999
114 408
114 416
114 571
114 608
114 686
114 926
115 140
115 285
115 551
115 594
115 683
115 684
115 720
115 761
115 783
115 807
115 821
116 259
116 550
116 601
116 610
116 664
116 831
116 857
116 881
117 193
117 227
117 259
117 298
117 348
117 372
117 393
117 421
117 446
117 470
117 573
117 583
117 611
117 691
117 804
117 891
117 939
118 131
118 203
118 438
118 445
118 446
118 468
118 666
118 789
119 480
119 594
119 655
119 716
119 801
120 400
120 408
120 537
120 598
120 603
120 725
120 868
120 923
121 165
121 215
121 403
121 444
121 610
122 466
122 516
122 635
122 704
122 744
122 899
122 920
122 993
123 227
123 368
123 432
123 497
123 519
123 531
123 645
123 932
123 956
123 968
123 981
124 137
124 183
124 234
124 470
124 512
124 833
124 891
124 898
124 998
125 148
125 174
125 227
125 284
125 348
125 361
125 475
125 500
125 514
125 711
125 772
125 986
126 351
126 368
126 546
126 653
126 755
126 760
127 171
127 249
127 443
127 454
127 651
127 663
127 699
127 854
127 863
127 892
127 955
127 984
128 131
128 193
128 222
128 234
128 390
128 403
128 439
128 470
128 524
128 729
128 858
128 886
129 174
129 209
129 327
129 378
129 439
129 519
129 576
129 607
129 651
129 759
129 775
129 939
129 967
130 201
130 318
130 594
130 686
130 866
130 871
130 943
130 979
131 132
131 253
131 275
131 457
131 574
131 790
131 811
131 947
132 175
132 259
132 350
132 361
132 552
132 680
132 704
132 773
132 798
132 930
133 153
133 345
133 431
133 513
133 536
133 601
133 602
133 677
133 782
133 977
133 999
134 187
134 202
134 251
134 318
134 328
134 589
134 758
134 848
134 856
134 883
134 891
134 982
135 273
135 359
135 423
135 426
135 607
135 739
135 837
135 916
135 953
136 196
136 238
136 245
136 260
136 324
136 464
136 479
136 790
136 896
136 951
137 231
137 236
137 370
137 432
137 483
137 520
137 536
137 766
137 851
138 231
138 378
138 382
138 414
138 520
138 686
138 732
138 758
138 823
138 861
138 862
139 220
139 230
139 265
139 291
139 345
139 380
139 623
139 633
139 690
139 803
139 831
139 878
139 887
139 962
139 978
139 979
140 172
140 228
140 256
140 354
140 410
140 630
140 677
140 938
140 992
141 234
141 238
141 347
141 628
141 995
142 257
142 278
142 389
142 464
142 630
142 954
143 222
143 312
143 381
143 399
143 527
143 655
143 737
143 757
143 775
143 922
144 285
144 288
144 340
144 589
144 720
144 786
144 806
144 850
145 203
145 244
145 369
145 416
145 507
145 843
145 858
146 149
146 173
146 554
146 568
146 596
146 766
147 238
147 330
147 458
147 557
147 772
147 810
147 849
147 961
148 227
148 260
148 345
148 346
148 358
148 491
148 551
148 569
148 573
148 698
148 855
148 879
148 924
149 178
149 470
149 581
149 749
149 848
149 937
150 219
150 345
150 346
150 362
150 372
150 399
150 540
150 699
150 778
150 838
150 874
150 894
150 958
151 172
151 330
151 418
151 423
151 658
151 796
151 817
151 915
151 923
152 161
152 211
152 240
152 260
152 273
152 346
152 565
152 780
152 801
152 859
153 291
153 371
153 423
153 459
153 466
153 602
154 183
154 313
154 468
154 539
154 593
154 613
154 816
154 830
154 919
154 969
155 225
155 444
155 490
155 506
155 543
155 567
155 862
156 235
156 329
156 342
156 347
156 355
156 414
156 455
156 803
156 957
157 206
157 369
157 403
157 473
157 532
157 588
157 606
157 626
157 719
157 728
157 750
157 888
157 909
158 240
158 279
158 335
158 511
158 537
158 611
158 655
158 659
158 783
158 812
158 868
159 413
159 567
159 580
159 614
159 676
159 736
159 762
159 863
160 280
160 322
160 467
160 523
160 548
160 563
160 649
160 685
160 853
160 902
160 904
160 949
161 203
161 536
161 559
161 717
161 778
161 815
161 849
161 994
162 193
162 355
162 364
162 463
162 501
162 513
162 726
162 866
162 869
162 880
163 303
163 359
163 402
163 620
163 629
163 664
163 735
163 950
164 197
164 373
164 595
164 849
164 920
165 199
165 323
165 505
165 590
166 223
166 317
166 431
166 594
166 627
166 651
166 786
166 792
166 859
166 895
167 190
167 339
167 703
167 805
168 232
168 413
168 544
168 684
168 715
168 826
168 882
168 903
168 992
169 409
169 470
169 496
169 720
169 818
169 948
170 298
170 471
170 793
170 842
171 330
171 479
171 581
171 670
171 680
171 782
171 823
171 912
172 534
172 549
172 900
173 288
173 419
173 501
173 560
173 572
173 659
173 890
173 989
174 305
174 378
174 419
174 558
174 887
174 911
175 178
175 376
175 377
175 474
175 576
175 589
175 665
175 877
175 992
175 994
176 190
176 442
176 694
176 790
176 874
176 907
177 275
177 567
177 691
177 732
177 975
178 182
178 261
178 421
178 465
179 198
179 394
179 614
179 718
179 719
179 750
179 758
179 912
180 188
180 213
180 352
180 368
180 475
180 533
180 542
180 569
180 666
180 704
180 767
180 777
180 853
180 877
180 880
180 923
181 234
181 271
181 550
181 659
181 799
181 925
181 950
182 210
182 249
182 279
182 365
182 395
182 493
182 515
182 552
182 587
182 655
182 811
182 876
183 305
183 417
183 524
183 603
183 661
183 722
183 978
184 459
184 527
184 742
184 800
184 918
184 934
185 298
185 357
185 370
185 400
185 633
185 705
185 794
185 825
185 940
185 947
186 264
186 286
186 339
186 386
186 424
186 432
186 528
186 581
186 665
186 718
186 872
186 874
187 449
187 911
188 230
188 239
188 424
188 521
188 596
188 795
188 815
188 839
188 846
188 885
189 196
189 286
189 430
189 435
189 475
189 576
189 829
189 843
189 906
189 965
190 399
190 426
190 441
190 523
190 572
190 619
190 744
190 765
190 772
190 872
190 893
191 613
191 896
191 980
192 219
192 342
192 405
192 543
192 637
192 701
192 711
192 801
192 803
192 826
193 225
193 439
193 494
194 300
194 336
194 689
194 818
194 875
194 896
194 922
194 986
195 203
195 220
195 296
195 314
195 366
195 448
195 597
195 604
195 620
195 642
195 661
195 794
195 857
195 945
196 204
196 272
196 324
196 409
196 465
196 471
196 504
196 515
196 516
196 533
196 561
196 714
196 775
196 958
197 253
197 293
197 566
197 631
197 667
197 745
197 775
197 787
197 788
197 816
197 842
197 892
197 937
197 961
198 465
198 597
198 706
198 779
198 794
198 816
199 212
199 232
199 340
199 459
199 535
199 581
199 740
200 220
200 313
200 344
200 462
200 482
200 626
200 641
200 905
201 684
202 300
202 324
202 408
202 511
202 704
202 707
202 799
202 900
203 283
203 388
203 422
203 574
203 686
203 949
204 260
204 318
204 514
204 753
204 781
204 956
205 273
205 298
205 471
205 496
205 497
205 519
205 578
205 586
205 684
205 725
205 820
205 888
205 999
206 241
206 327
206 391
206 442
206 637
206 753
206 755
206 778
206 917
206 937
207 280
207 352
207 445
207 607
207 748
207 773
207 826
207 921
207 927
207 993
208 257
208 449
208 518
208 553
208 576
208 644
208 821
208 916
208 935
208 998
209 238
209 339
209 369
209 490
209 675
209 686
209 748
209 872
210 423
210 456
210 463
210 623
210 752
210 781
210 796
210 855
210 935
211 230
211 249
211 290
211 428
211 457
211 523
211 763
211 779
212 273
212 274
212 600
212 607
212 983
213 298
213 373
213 390
213 406
213 503
213 548
213 697
213 733
213 817
213 936
214 416
214 487
214 571
214 597
214 720
214 772
214 951
215 314
215 333
215 439
215 895
215 959
216 449
216 644
216 701
216 833
216 837
216 938
217 250
217 281
217 628
217 746
217 826
217 871
217 953
218 244
218 327
218 416
218 435
218 490
219 440
219 496
219 543
219 605
219 647
219 666
219 685
219 727
219 729
219 832
219 957
219 967
220 573
220 802
220 803
220 906
220 927
221 566
221 645
221 677
221 687
221 721
222 380
222 573
222 593
222 794
222 820
222 882
222 888
222 889
223 355
223 750
223 835
223 982
224 240
224 241
224 246
224 301
224 362
224 389
224 417
224 486
224 664
224 881
224 985
224 999
225 358
225 360
225 447
225 456
225 756
225 821
225 923
225 940
226 242
226 365
226 372
226 487
226 504
226 531
226 604
226 608
226 660
226 782
226 911
226 990
227 886
227 996
228 276
228 545
228 588
228 712
228 783
228 790
228 883
228 916
229 256
229 521
229 589
229 605
229 607
229 634
229 668
229 742
229 764
229 782
230 233
230 386
230 419
230 444
230 686
230 782
230 799
230 826
230 846
231 285
231 355
231 421
231 523
231 530
231 566
231 617
231 687
231 724
231 760
231 971
232 526
232 535
232 581
232 612
232 613
232 713
232 741
232 802
232 806
232 879
232 942
233 362
233 649
233 697
233 701
233 720
233 946
233 953
234 251
234 425
234 931
234 974
234 996
235 317
235 359
235 383
235 399
235 442
235 443
235 514
235 518
235 525
235 896
235 988
235 996
236 353
236 356
236 386
236 412
236 417
236 460
236 533
236 560
236 594
236 642
236 657
236 668
236 809
237 405
237 416
237 417
237 436
237 539
237 578
237 586
237 589
237 731
237 996
238 331
238 367
238 393
238 706
238 784
238 787
238 868
238 964
239 309
239 431
239 896
239 953
240 263
240 338
240 844
240 869
241 282
241 325
241 459
241 513
241 605
241 663
242 320
242 341
242 468
242 735
242 810
243 431
243 461
243 806
243 833
243 883
244 298
244 328
244 848
244 965
245 385
245 458
245 526
245 569
245 840
245 860
245 891
245 910
245 934
245 992
246 337
246 430
246 476
246 620
246 650
246 664
246 805
246 949
247 307
247 474
247 604
247 741
247 810
247 946
247 968
247 995
248 319
248 329
248 330
248 653
248 847
248 879
248 980
249 344
249 424
249 848
250 443
250 682
250 700
250 702
250 743
250 747
250 923
250 939
250 995
251 355
251 432
251 449
251 480
251 525
251 876
252 266
252 276
252 388
252 468
252 509
252 625
252 706
252 709
252 736
252 915
253 261
253 264
253 375
253 420
253 565
253 573
253 576
253 597
253 734
253 746
253 750
253 806
253 829
253 928
254 276
254 302
254 403
254 452
254 469
254 506
254 712
254 836
254 854
254 874
255 340
255 417
255 418
255 564
255 612
255 692
255 778
255 878
255 912
255 941
256 277
256 299
256 549
256 699
256 792
256 910
257 320
257 344
257 387
257 398
257 473
257 553
257 620
257 690
257 915
257 993
258 290
258 450
258 676
258 875
258 929
259 273
259 383
259 845
259 921
260 322
260 398
260 467
260 486
260 571
260 609
260 611
260 690
260 859
260 977
261 356
261 589
261 618
261 638
261 673
261 682
261 974
262 325
262 431
262 447
262 604
262 638
262 683
262 741
262 975
262 990
263 494
263 532
263 642
263 738
263 983
264 400
264 437
264 507
264 531
264 654
264 710
264 732
264 808
264 825
264 834
264 898
265 270
265 309
265 482
265 659
265 666
265 670
265 673
265 739
265 758
265 775
266 279
266 449
266 479
266 569
266 604
266 626
266 756
266 895
266 943
267 381
267 434
267 477
267 553
267 588
267 613
267 774
267 785
267 803
267 889
268 273
268 478
268 492
268 543
268 569
268 704
268 803
268 883
269 375
269 695
269 717
269 732
269 819
269 828
269 988
270 282
270 285
270 439
270 519
270 551
270 568
270 645
270 841
270 875
271 284
271 327
271 346
271 574
271 815
271 852
271 943
271 977
271 999
272 278
272 361
272 608
272 675
272 728
272 782
272 969
273 327
273 328
273 404
273 525
273 597
273 702
273 713
273 838
273 884
273 944
273 958
273 970
274 352
274 817
274 947
275 311
275 322
275 407
275 508
275 559
275 650
275 769
275 807
276 408
276 456
276 585
277 312
277 736
278 409
278 523
278 773
278 821
278 834
278 857
278 896
279 313
279 375
279 383
279 493
279 547
279 597
279 700
279 797
279 984
280 560
280 605
280 620
280 668
280 945
280 991
281 549
281 594
281 662
281 731
281 742
281 778
281 790
281 870
281 932
282 501
282 538
282 549
282 629
282 738
282 890
282 941
282 987
283 316
283 406
283 482
283 528
283 597
283 618
283 794
283 819
283 824
283 932
284 375
284 479
284 646
284 756
284 935
285 473
285 605
285 747
285 867
285 874
286 341
286 382
286 444
286 495
286 599
286 652
286 883
286 901
286 937
287 300
287 315
287 495
287 601
287 707
287 770
287 910
287 948
288 305
288 345
288 454
288 481
288 516
288 583
288 636
288 795
288 818
288 850
288 881
288 923
289 360
289 370
289 695
289 870
289 891
289 924
289 955
290 372
290 416
290 470
290 489
290 647
290 736
290 782
290 906
290 925
291 315
291 408
291 421
291 964
292 400
292 480
292 691
292 779
292 911
292 921
292 932
292 993
293 363
293 400
293 782
293 897
293 906
294 767
294 781
294 944
295 421
295 480
295 525
295 560
295 624
295 672
295 761
295 969
296 347
296 470
296 520
296 952
296 983
297 299
297 383
297 543
297 561
297 758
297 787
297 865
297 942
297 977
298 322
298 507
298 536
298 590
298 599
298 711
298 808
298 931
298 957
298 978
298 993
299 339
299 594
299 682
299 733
299 824
299 966
300 329
300 330
300 377
300 442
300 545
300 548
300 597
300 687
300 697
300 745
300 752
300 761
300 771
300 923
301 629
301 663
301 786
302 334
302 366
302 447
302 889
302 983
303 393
303 437
303 538
303 750
303 789
303 801
303 963
303 988
304 402
304 404
304 498
304 551
304 559
304 642
304 656
304 941
304 963
305 478
305 510
305 645
305 658
306 641
306 666
306 745
306 784
306 926
306 980
307 369
307 454
307 541
307 974
307 980
308 360
308 640
308 748
309 324
309 538
309 563
309 577
309 625
309 680
309 837
310 324
310 507
310 544
310 560
310 604
310 759
310 806
310 834
311 447
311 557
311 582
311 713
311 734
311 769
311 811
311 870
312 390
312 458
312 517
312 529
312 833
312 855
312 995
313 316
313 326
313 328
313 448
313 559
313 631
313 774
313 936
314 433
314 551
314 625
314 752
315 382
315 435
315 652
315 664
315 686
315 727
315 928
315 956
315 980
315 989
316 324
316 514
316 558
316 802
316 882
316 986
316 995
317 409
317 463
317 469
317 638
317 665
317 745
317 779
317 796
317 812
317 859
317 939
317 990
318 413
318 617
318 640
318 651
318 964
319 475
319 625
319 631
319 802
319 818
319 910
320 385
320 455
320 470
320 648
320 700
320 741
320 915
321 394
321 572
321 690
321 901
321 912
322 357
322 376
322 528
322 736
322 744
322 903
323 424
323 550
323 582
323 607
323 689
323 787
323 821
323 832
323 930
324 465
324 471
324 672
324 720
324 905
325 326
325 462
325 937
326 342
326 385
326 387
326 433
326 501
326 640
326 641
326 663
326 729
326 816
326 900
326 906
326 982
327 422
327 691
327 716
327 737
327 765
327 820
328 463
328 515
328 572
328 575
328 749
328 759
328 778
328 812
328 963
328 992
329 333
329 461
329 466
329 507
329 948
329 960
330 367
330 393
330 444
330 621
330 783
330 882
331 343
331 561
331 792
331 801
332 631
332 663
332 664
332 757
332 862
332 881
332 916
333 363
333 366
333 487
333 509
333 626
333 746
333 815
333 907
334 390
334 525
334 639
334 644
334 882
334 941
335 406
335 416
335 507
336 645
336 717
337 413
337 433
337 781
337 785
337 895
338 358
338 370
338 431
338 498
338 513
338 679
338 704
338 716
338 943
339 410
339 414
339 440
339 468
339 542
339 955
339 957
340 382
340 518
340 701
340 719
340 974
341 389
341 706
341 781
341 836
341 886
341 986
342 346
342 427
342 637
342 696
342 707
342 754
342 838
343 457
343 490
343 530
343 627
343 649
343 654
343 684
343 697
343 767
343 887
344 394
344 395
344 674
344 684
344 768
344 899
344 969
345 375
345 380
345 557
346 391
346 563
346 600
346 724
346 767
346 770
347 466
347 590
347 674
347 832
347 861
347 866
348 364
348 387
348 548
348 696
348 818
348 888
349 418
349 484
349 494
349 540
349 552
349 756
349 765
349 871
350 457
350 465
350 488
350 561
350 597
350 665
351 368
351 373
351 463
351 590
351 594
351 701
351 716
351 829
351 852
351 897
351 999
352 355
352 379
352 472
352 784
352 860
352 876
352 979
353 477
353 548
353 549
353 578
353 707
353 823
353 859
354 463
354 657
354 730
354 792
354 953
355 392
355 401
355 428
355 442
355 457
355 485
355 615
355 673
355 765
355 767
355 809
355 916
356 481
356 638
356 689
356 762
356 836
356 948
357 475
357 624
357 693
357 744
358 579
358 763
358 826
358 846
359 381
359 480
359 828
359 925
360 420
360 880
360 914
360 961
361 444
361 482
361 543
361 572
361 662
361 690
361 748
361 790
361 880
361 892
361 899
361 972
361 987
362 402
362 465
362 503
362 535
362 604
362 978
362 987
363 398
363 601
363 673
363 858
363 872
364 533
364 549
364 579
364 752
364 833
364 999
365 388
365 582
365 596
365 851
365 861
365 862
365 902
365 975
366 440
366 589
366 653
366 773
366 779
366 876
366 915
366 936
366 948
367 608
367 742
367 790
367 874
367 940
367 998
368 399
368 436
368 509
368 520
368 623
368 760
368 787
368 928
369 544
369 647
369 697
369 853
369 977
370 467
370 473
370 580
370 625
370 628
370 644
370 827
370 897
370 956
371 442
371 468
371 502
371 585
371 626
371 631
371 759
371 834
371 859
371 862
372 453
372 456
372 485
372 562
372 593
372 716
372 725
372 844
373 501
373 554
373 633
373 647
373 744
373 981
374 560
374 572
374 595
374 640
374 907
374 965
375 428
375 434
375 491
375 566
375 589
376 488
376 560
376 874
376 894
376 973
377 379
377 419
377 437
377 484
377 588
377 629
377 755
377 823
377 958
378 426
378 436
378 447
378 560
378 571
378 683
378 687
378 718
378 750
378 773
378 957
378 983
379 648
379 749
379 948
379 958
380 416
380 636
380 644
380 652
380 715
380 716
380 763
380 894
380 914
380 923
381 429
381 459
381 578
381 635
381 701
381 767
381 898
381 963
381 999
382 514
382 520
382 528
382 677
382 725
382 746
382 749
382 798
382 896
382 919
382 967
383 585
383 725
383 860
383 979
384 415
384 424
384 430
384 522
384 592
384 648
384 735
384 781
384 808
385 734
385 893
386 460
386 488
386 531
386 637
386 821
386 838
386 861
386 940
387 445
387 447
387 476
387 486
387 557
387 717
387 723
387 916
387 947
388 570
388 643
388 758
388 947
388 982
389 472
389 547
389 635
389 694
389 904
390 407
390 442
390 448
390 535
390 677
390 731
390 738
390 804
390 941
390 955
391 461
391 465
391 489
391 588
391 815
391 851
391 958
392 534
392 745
392 953
392 986
393 482
393 500
393 548
393 590
393 649
393 691
393 750
393 882
393 976
394 421
394 448
394 615
394 858
394 875
394 919
394 960
394 988
394 998
395 583
395 586
395 773
395 841
395 851
395 904
395 930
396 416
396 445
396 512
396 519
396 753
396 922
397 627
397 765
397 772
397 986
398 406
398 422
398 950
398 975
399 510
399 563
399 582
399 597
399 889
399 982
400 436
400 549
400 578
400 731
400 797
400 939
400 996
401 427
401 517
401 614
401 793
401 795
401 797
401 832
401 887
401 977
401 986
402 465
402 514
402 732
402 769
402 780
402 811
403 455
403 585
403 589
403 599
403 814
403 820
404 754
404 803
404 915
405 497
405 538
405 539
405 913
406 570
406 590
406 681
406 804
406 810
407 624
407 819
407 939
408 557
408 760
409 567
409 655
409 888
410 474
410 543
410 562
410 587
410 751
410 812
410 861
411 495
411 524
411 578
411 589
411 606
411 664
411 696
412 537
412 559
412 575
412 594
412 681
413 479
413 663
413 807
413 929
414 512
414 915
414 937
414 965
415 634
415 722
415 828
415 892
416 421
416 473
416 653
416 727
416 787
416 938
417 549
417 774
417 777
417 788
417 800
417 976
417 992
418 442
418 500
418 575
418 675
418 869
418 911
418 924
419 474
419 654
419 731
419 764
419 874
419 966
420 448
420 607
420 609
420 625
420 996
421 456
421 499
421 501
421 542
421 597
421 632
421 693
421 982
422 637
422 746
422 877
422 894
422 922
423 808
424 606
424 618
424 805
424 847
424 923
424 949
425 583
425 975
426 460
426 536
426 628
426 690
426 768
426 847
427 606
427 866
427 916
428 495
428 507
428 616
428 638
428 772
428 800
428 838
428 862
428 964
428 996
429 565
429 669
429 759
429 827
429 886
429 978
430 449
430 522
430 543
430 687
430 867
430 939
431 748
431 788
431 827
432 803
432 962
433 522
433 537
433 597
433 603
433 683
433 900
434 445
434 663
434 755
435 469
435 631
435 757
435 846
435 881
435 884
435 917
436 454
436 457
436 668
436 706
436 788
437 445
437 464
437 595
437 994
438 448
438 464
438 466
438 604
438 806
438 815
438 844
438 926
439 671
439 756
440 546
440 566
440 680
440 860
440 916
440 944
441 479
441 515
441 572
441 609
441 683
441 799
441 882
442 599
442 704
442 735
442 805
442 993
443 551
443 645
443 815
443 850
443 904
444 633
444 723
444 747
444 996
445 495
445 547
445 674
445 739
445 900
446 507
446 603
446 621
446 651
446 843
447 448
447 722
447 799
447 894
447 900
447 947
448 836
448 888
448 923
448 986
449 618
449 690
449 709
449 710
449 760
449 818
449 920
449 931
450 677
450 707
450 761
450 799
450 867
451 472
451 503
451 579
451 626
451 913
451 981
452 525
452 536
452 628
452 636
452 913
452 998
453 470
453 542
453 642
453 678
453 700
453 889
453 946
454 487
454 574
454 575
454 739
454 916
455 587
455 661
455 984
456 467
456 534
456 628
456 663
456 807
456 809
456 881
457 618
457 655
457 680
457 846
457 904
457 914
457 920
458 548
458 606
458 684
458 686
458 756
458 772
458 992
459 466
459 477
459 557
459 674
459 678
459 944
459 998
460 576
460 623
460 842
460 878
460 952
461 557
461 622
461 641
461 929
462 476
462 550
462 584
462 752
462 765
462 842
462 857
462 984
462 993
463 547
463 648
463 676
463 821
464 606
464 851
465 549
465 710
465 777
465 954
465 987
466 481
466 489
466 662
467 578
467 583
467 750
467 892
468 515
468 687
468 689
468 977
469 616
469 628
469 658
469 672
469 745
469 790
469 971
470 516
470 554
470 867
471 509
471 575
471 584
471 672
471 723
471 993
472 753
472 876
472 886
473 554
473 567
473 574
473 799
473 837
474 477
474 631
474 653
474 925
475 545
475 604
475 707
475 888
476 735
477 751
477 831
477 908
477 981
478 511
478 703
478 741
478 765
479 546
479 736
479 820
479 905
480 596
480 739
480 851
480 881
480 951
480 966
481 482
481 554
481 706
481 719
481 838
483 527
483 757
484 793
484 836
485 536
485 554
485 576
485 601
485 829
485 843
486 662
486 748
486 784
486 948
487 585
487 588
487 665
487 670
487 710
487 758
487 846
487 877
487 880
487 950
488 561
488 594
488 595
488 620
488 881
488 920
488 948
489 566
489 764
489 877
489 884
489 955
490 507
490 676
490 685
490 789
490 842
490 922
491 513
491 726
491 869
491 917
491 973
492 557
492 673
492 725
492 879
492 882
492 986
493 666
493 741
493 821
493 997
494 563
494 565
494 583
494 761
494 860
494 874
495 526
495 570
495 851
495 884
495 890
495 950
496 525
496 599
496 700
496 767
496 808
496 859
496 907
497 536
497 645
497 754
498 566
498 628
498 641
498 700
498 893
499 539
499 608
499 900
499 968
500 536
500 547
500 787
500 897
500 924
500 996
501 681
501 691
501 739
501 922
501 985
502 513
502 581
502 617
502 828
502 839
503 515
503 568
503 625
503 647
503 650
503 697
503 825
503 860
503 991
504 643
504 708
504 765
504 822
504 946
504 964
505 678
505 765
505 812
506 519
506 605
506 730
506 765
506 768
507 567
507 628
507 654
507 666
507 989
508 632
508 659
508 700
508 726
508 834
508 982
508 987
509 667
509 671
509 740
509 744
509 799
509 905
510 511
510 548
510 738
510 757
510 762
510 782
510 790
510 841
510 853
511 517
511 683
511 775
511 833
511 845
511 887
512 554
512 891
512 937
512 991
513 521
513 546
513 552
513 885
514 519
514 537
514 543
514 609
514 624
514 715
514 782
514 789
514 899
514 942
514 985
515 546
515 880
515 961
516 593
516 616
516 621
516 649
516 674
516 763
516 784
516 786
516 787
516 789
516 903
517 651
517 732
517 760
517 790
517 813
517 887
517 901
517 934
517 958
518 718
518 755
518 831
518 932
519 678
519 749
519 851
519 894
520 682
520 739
520 748
520 755
521 550
521 631
521 828
521 832
521 890
522 549
522 620
522 703
522 799
522 836
522 938
522 998
523 834
523 871
523 872
523 913
523 938
524 560
524 743
524 768
524 805
524 888
524 901
525 693
525 936
526 681
526 842
526 887
526 971
526 999
527 571
527 829
527 970
528 693
528 742
528 878
529 798
529 871
529 945
530 875
530 956
531 545
531 712
531 748
531 792
531 826
531 931
532 550
532 579
532 705
532 904
533 586
533 794
533 972
534 610
534 702
534 832
535 595
535 787
535 866
535 996
535 998
536 553
536 650
536 661
536 679
536 854
536 882
536 997
537 577
537 662
537 734
537 791
537 816
537 913
537 970
538 586
538 652
538 678
539 892
539 940
540 608
540 695
540 721
540 855
541 560
541 627
541 676
541 789
542 735
542 994
543 545
543 548
543 564
543 589
544 734
544 768
544 774
545 559
545 735
545 765
546 699
546 832
546 935
547 561
547 572
547 578
547 685
547 906
547 951
548 576
548 591
548 645
548 658
548 679
548 738
548 857
548 859
548 892
548 976
549 682
549 896
550 566
550 656
550 861
551 611
551 724
551 749
551 852
552 585
552 835
552 850
552 905
553 606
553 693
553 730
553 982
554 643
554 707
554 816
554 940
555 585
555 648
555 675
555 736
555 839
555 888
555 914
556 581
556 634
556 644
556 789
556 797
557 593
557 594
557 714
558 592
558 610
558 808
558 817
558 824
558 837
559 562
559 674
559 851
559 935
559 957
561 580
561 737
561 740
561 809
561 935
562 617
562 687
563 581
563 764
564 633
564 635
564 842
564 859
564 921
564 994
565 630
565 727
565 753
565 788
565 793
565 842
565 864
565 922
565 952
566 624
566 682
566 832
566 869
566 882
567 837
567 858
567 859
568 701
568 772
568 775
568 787
569 637
569 691
569 792
569 816
569 930
569 956
569 972
570 616
570 756
570 796
570 892
570 947
570 992
571 612
571 838
572 671
573 694
573 916
574 654
574 931
575 680
575 719
575 749
575 753
575 779
575 798
575 821
575 833
575 946
576 839
576 892
577 669
577 763
577 815
577 899
577 961
578 597
578 611
578 912
579 854
579 968
580 591
580 677
580 960
581 589
581 634
581 893
581 990
582 712
582 827
583 596
583 614
583 840
583 843
583 896
583 949
584 774
584 815
584 883
584 956
585 937
586 645
586 680
586 699
586 707
586 809
586 862
586 878
586 895
586 915
586 949
586 998
587 778
587 855
587 957
588 608
588 670
588 689
588 905
588 953
589 650
589 683
589 712
589 832
589 975
590 632
590 671
590 801
590 978
590 995
591 602
591 692
591 719
591 865
592 665
592 893
592 895
592 956
593 831
593 882
593 983
593 994
594 599
594 991
595 633
595 790
595 836
595 865
596 616
596 641
596 757
596 768
597 659
597 707
597 957
597 999
598 706
598 826
598 857
598 917
599 792
599 841
599 842
599 871
600 722
600 854
600 876
601 669
601 740
601 893
601 904
601 934
601 996
601 998
602 681
602 693
602 910
602 950
603 621
603 663
603 717
603 993
604 707
604 879
604 952
605 696
605 732
605 787
605 996
606 640
607 615
607 691
607 728
607 819
607 847
607 860
608 617
608 850
608 958
609 726
609 974
610 631
610 722
611 864
611 880
611 967
612 677
612 678
612 728
612 761
612 791
612 820
612 963
613 852
613 963
614 622
614 640
614 873
614 893
614 943
614 998
615 636
615 802
615 842
615 844
615 846
615 944
616 635
616 730
616 808
616 945
617 723
617 813
617 873
617 938
618 758
618 783
618 973
619 652
619 655
619 760
619 826
619 943
619 948
620 726
620 778
620 891
620 913
621 701
621 737
621 923
622 629
623 631
623 703
623 789
623 922
623 973
624 645
624 763
625 682
625 702
625 706
625 982
625 988
626 821
626 859
627 978
628 701
628 720
628 784
629 696
629 844
629 938
629 954
630 854
631 702
631 853
631 993
632 659
632 717
632 733
632 769
632 983
633 849
633 877
634 669
634 706
634 876
635 692
635 737
635 859
635 958
636 767
636 902
637 913
637 993
638 681
638 938
638 959
639 650
639 657
639 660
639 674
639 773
639 852
639 886
639 934
639 994
640 721
640 895
640 953
640 981
640 990
641 696
641 698
642 662
642 668
642 741
642 823
643 651
644 701
644 812
644 849
644 854
644 880
644 947
645 805
645 956
645 959
645 962
645 977
646 795
646 798
646 878
647 712
647 724
647 811
647 841
647 906
647 984
648 771
648 938
649 942
649 970
650 809
651 734
652 717
652 793
652 861
653 974
653 995
655 959
656 862
656 931
656 943
656 955
656 962
657 875
658 706
658 736
658 885
658 974
659 681
659 709
659 718
659 782
659 954
660 872
660 958
660 981
661 802
661 843
661 929
661 961
661 994
662 684
662 910
662 953
663 682
663 860
663 869
663 935
664 694
664 861
664 950
665 763
665 873
665 917
665 922
666 763
666 793
666 812
666 867
666 933
667 668
667 871
667 881
668 865
668 909
668 924
668 999
669 710
670 681
670 770
670 800
670 804
670 806
670 840
670 920
670 931
671 752
671 841
671 986
672 729
672 751
672 847
672 854
672 985
672 991
673 769
673 814
673 818
673 861
673 897
673 904
673 917
673 940
673 995
674 807
674 868
674 892
675 683
675 781
675 796
675 798
675 892
675 929
676 679
676 720
676 823
676 868
677 791
677 866
678 755
678 961
680 720
680 812
680 964
680 974
681 798
681 819
681 828
681 851
681 961
682 729
682 943
683 737
683 801
683 901
683 911
683 977
683 982
685 843
685 858
685 864
685 874
685 903
685 965
686 688
686 728
686 733
686 836
686 967
686 968
687 732
687 875
687 915
688 800
688 850
689 702
689 719
689 741
689 764
689 802
689 806
690 889
691 717
691 724
691 767
691 797
691 840
691 913
691 933
692 715
692 779
692 818
692 863
692 995
693 759
693 858
693 865
694 775
695 873
695 894
695 918
695 996
696 723
696 801
696 898
697 723
697 785
697 940
697 960
697 966
698 973
699 808
699 835
699 961
700 767
700 780
700 791
701 740
701 757
701 759
701 865
701 953
702 879
702 895
703 784
703 807
704 713
704 798
704 802
704 839
704 853
704 854
704 888
704 986
705 867
705 888
706 747
706 808
706 887
706 958
707 801
707 802
707 829
708 865
709 766
709 854
709 876
709 899
709 950
710 767
710 952
711 898
712 828
712 843
712 858
712 869
712 924
713 756
714 832
715 760
715 946
716 717
717 832
718 793
718 861
718 862
718 926
719 860
720 742
720 871
722 874
723 825
723 884
723 987
724 923
724 948
725 749
725 905
726 891
727 741
727 765
727 789
727 852
727 909
727 952
728 788
728 990
729 734
729 955
730 778
730 843
730 862
730 864
730 911
730 920
732 830
732 993
733 795
733 821
733 834
733 952
734 743
734 797
734 865
734 926
735 953
737 914
737 996
738 795
738 892
738 927
739 752
739 776
739 799
739 952
740 771
740 789
740 795
740 834
740 894
741 769
741 801
741 874
741 880
742 852
742 985
743 822
743 831
743 864
744 806
744 811
744 879
745 854
745 914
745 942
745 978
745 987
746 853
746 877
747 759
747 898
748 781
748 837
749 874
750 935
751 770
751 859
751 868
751 986
752 952
752 967
752 980
753 784
753 874
753 920
754 911
754 976
755 777
755 898
755 904
755 957
756 800
756 887
756 964
757 914
758 825
760 835
760 936
760 938
760 946
760 949
760 983
761 783
761 959
763 929
764 812
764 916
765 908
765 980
766 913
766 947
766 991
767 787
767 839
767 881
767 891
767 944
768 773
768 910
768 916
768 948
769 821
769 844
769 924
769 926
769 987
769 994
770 862
771 785
772 932
773 792
773 887
773 982
774 803
774 876
774 921
774 928
774 975
775 962
776 804
776 912
777 786
777 901
777 917
777 992
778 783
778 794
778 872
778 996
779 921
780 808
780 910
780 977
781 866
782 826
782 850
783 878
783 925
783 967
783 995
784 898
784 991
785 812
785 826
785 898
785 936
788 843
789 857
789 912
790 979
790 983
791 902
791 991
793 851
793 955
793 978
796 800
797 997
798 890
798 904
798 934
798 960
799 832
799 855
799 873
799 949
799 984
800 834
800 853
800 912
800 938
801 894
801 905
801 962
803 810
803 827
803 866
804 851
804 947
806 839
806 950
806 954
807 932
808 999
809 820
809 934
811 935
811 942
812 831
812 899
812 901
813 920
814 876
816 821
816 864
816 933
816 983
817 947
817 971
817 982
818 866
819 873
819 979
820 943
820 951
822 830
822 948
822 998
823 941
823 979
824 956
825 867
826 913
826 993
827 865
827 884
827 982
828 842
828 946
829 861
829 863
829 879
829 927
830 854
830 902
830 953
830 965
831 890
831 946
832 855
832 955
832 982
832 993
833 851
833 880
833 953
834 921
834 945
834 959
834 969
835 919
838 990
839 972
839 978
840 849
840 928
841 978
842 857
842 871
843 876
843 975
844 846
844 854
844 890
844 944
845 852
845 909
845 911
846 873
846 919
847 862
847 920
848 876
849 945
849 949
849 970
850 903
852 879
852 882
852 937
853 909
854 973
854 975
855 877
856 889
857 940
858 890
858 970
859 877
859 924
861 881
861 962
862 884
863 870
863 940
864 911
865 999
867 884
867 947
867 990
868 968
868 994
869 876
869 968
870 882
870 998
872 903
872 950
873 889
873 979
874 880
874 938
875 902
875 962
876 983
877 986
878 884
878 902
878 922
878 974
879 909
881 887
881 906
883 993
885 908
886 905
886 919
886 980
887 943
887 959
887 965
887 989
889 938
890 923
890 938
890 961
891 912
893 917
893 926
894 976
895 909
895 918
898 904
898 948
898 973
899 951
901 919
901 994
902 988
903 949
904 913
905 966
906 920
907 978
907 980
910 999
912 936
913 925
914 954
917 938
919 947
919 976
921 992
923 986
925 945
928 987
929 934
933 959
934 936
936 953
937 985
945 978
946 981
947 981
948 953
951 953
953 994
954 966
955 999
956 996
960 974
963 964
963 996
964 981
965 972
969 981
974 978
978 995
979 982
982 992
989 999
0
10 999
