1000	4980	 1
0 102
0 115
0 312
0 384
0 427
0 567
0 631
0 730
0 755
0 759
0 780
0 829
0 989
1 176
1 386
1 482
1 612
1 689
1 694
1 739
1 762
1 807
1 852
1 878
1 882
2 20
2 30
2 277
2 358
2 575
2 958
3 89
3 140
3 227
3 432
3 446
3 492
3 645
3 750
3 762
3 938
3 958
4 172
4 446
4 543
4 563
4 628
4 674
4 733
4 777
4 822
4 826
4 847
4 873
4 925
5 25
5 101
5 121
5 178
5 213
5 301
5 310
5 533
5 643
5 645
5 662
5 857
6 112
6 336
6 338
6 398
6 520
6 683
6 730
6 825
6 899
7 215
7 330
7 349
7 364
7 372
7 455
7 544
7 566
7 584
7 787
8 31
8 121
8 300
8 315
8 333
8 360
8 471
8 554
8 978
9 57
9 488
9 569
9 646
9 709
9 731
9 818
9 881
9 992
10 25
10 34
10 64
10 87
10 101
10 118
10 141
10 178
10 337
10 485
10 640
10 725
10 847
11 12
11 80
11 197
11 212
11 343
11 398
11 467
11 477
11 741
11 745
11 867
12 37
12 77
12 161
12 272
12 339
12 347
12 680
12 972
13 68
13 93
13 124
13 241
13 249
13 351
13 389
13 469
13 500
13 565
13 652
13 696
13 746
13 848
13 909
13 934
14 83
14 130
14 212
14 347
14 408
14 449
14 617
14 627
14 860
15 104
15 138
15 213
15 463
15 574
15 622
15 725
15 726
15 770
15 863
16 62
16 212
16 372
16 816
16 841
16 853
17 53
17 90
17 128
17 178
17 197
17 350
17 427
17 568
17 592
17 649
17 687
18 307
18 439
18 440
18 510
18 736
19 24
19 125
19 409
19 525
19 638
19 679
20 78
20 107
20 113
20 209
20 393
20 412
20 571
20 669
20 693
20 784
20 868
20 922
20 988
21 68
21 191
21 278
21 279
21 345
21 376
21 494
21 532
21 546
21 590
21 668
21 852
21 925
21 960
21 964
22 23
22 95
22 208
22 286
22 353
22 422
22 628
22 781
22 891
22 919
23 185
23 313
23 320
23 341
23 371
23 402
23 529
23 553
23 582
23 711
24 30
24 157
24 245
24 499
24 609
24 635
24 732
24 759
25 208
25 224
25 307
25 389
25 415
25 437
25 479
25 731
26 166
26 196
26 304
26 475
26 554
26 573
26 690
26 749
26 793
26 861
26 957
27 220
27 224
27 326
27 520
27 527
27 571
27 573
27 876
27 883
27 940
28 84
28 91
28 520
28 536
28 624
28 782
28 815
28 959
29 55
29 70
29 92
29 112
29 114
29 154
29 300
29 475
29 545
29 697
29 936
30 73
30 104
30 105
30 183
30 262
30 383
30 408
30 448
30 537
30 657
30 674
30 779
30 873
30 935
30 946
30 953
31 174
31 374
31 511
31 605
31 671
31 828
31 832
31 852
31 897
31 970
32 35
32 206
32 224
32 317
32 504
32 511
32 655
32 733
32 957
32 962
33 191
33 301
33 346
33 921
33 962
33 979
34 105
34 366
34 376
34 396
34 498
34 690
34 794
35 510
35 549
35 781
35 829
35 833
35 872
35 902
35 937
35 953
35 987
36 75
36 122
36 149
36 164
36 237
36 356
36 446
36 486
36 643
36 685
36 717
36 761
37 479
37 483
37 685
37 891
38 348
38 396
38 427
38 605
38 624
38 702
38 885
38 927
39 101
39 192
39 288
39 416
39 422
39 447
39 737
39 764
39 873
40 126
40 167
40 255
40 260
40 369
40 420
40 444
40 479
40 654
40 794
41 297
41 301
41 422
41 670
41 722
41 728
41 751
41 861
41 875
42 113
42 144
42 224
42 262
42 291
42 320
42 385
42 480
42 612
42 650
42 743
42 762
42 800
42 845
43 163
43 688
43 696
43 794
43 797
43 804
43 847
43 952
43 959
44 135
44 387
44 455
44 672
44 777
44 815
44 918
45 392
45 418
45 604
45 951
46 51
46 94
46 190
46 208
46 210
46 314
46 422
46 453
46 466
46 559
46 562
46 652
47 321
47 436
47 459
47 479
47 707
47 912
47 923
48 268
48 364
48 392
48 532
48 639
48 741
48 757
48 761
48 820
48 846
48 848
48 867
48 871
48 883
48 935
49 108
49 193
49 272
49 613
49 623
49 651
49 941
50 57
50 74
50 116
50 273
50 383
50 697
50 755
50 770
50 829
50 940
51 96
51 392
51 402
51 570
51 600
51 610
51 615
51 631
51 676
51 789
51 813
51 934
51 975
52 95
52 115
52 201
52 287
52 544
52 604
52 637
52 811
52 842
52 918
52 952
52 984
53 60
53 109
53 132
53 248
53 250
53 340
53 397
53 406
53 619
53 663
53 925
53 952
54 90
54 282
54 374
54 495
54 574
54 723
54 986
55 74
55 103
55 344
55 505
55 703
55 796
55 853
55 995
56 92
56 101
56 550
56 756
57 83
57 113
57 142
57 334
57 423
57 474
57 499
57 608
57 684
57 878
57 929
58 87
58 188
58 403
58 634
58 646
58 706
58 734
59 86
59 110
59 118
59 171
59 353
59 396
59 399
59 461
59 503
59 524
59 550
59 738
59 838
59 845
60 337
60 726
60 741
60 939
61 108
61 316
61 521
61 604
61 685
61 770
61 928
62 79
62 112
62 378
62 541
62 559
62 699
62 702
62 707
63 76
63 185
63 253
63 296
63 323
63 339
63 345
63 392
63 398
63 518
63 594
63 813
64 423
64 434
64 507
64 531
64 569
64 591
64 597
64 619
64 625
64 677
64 723
65 153
65 206
65 372
65 519
65 582
65 723
65 733
65 813
65 952
65 993
66 301
66 450
66 460
66 493
66 753
66 889
67 221
67 306
67 583
67 586
67 628
67 686
67 733
67 900
67 925
68 483
68 565
68 674
68 795
68 838
68 951
69 75
69 160
69 195
69 237
69 268
69 286
69 302
69 513
69 520
69 541
69 646
69 729
69 730
69 765
69 809
69 822
69 905
69 931
69 981
70 200
70 209
70 216
70 288
70 468
70 621
70 682
70 696
70 716
70 904
70 909
70 929
71 126
71 135
71 250
71 271
71 528
71 534
71 585
71 615
71 690
71 735
71 756
71 763
71 840
71 860
71 928
72 234
72 263
72 501
72 548
72 671
72 825
72 902
72 998
73 134
73 203
73 349
73 426
73 428
73 457
73 483
73 508
73 522
73 524
73 585
73 734
73 777
73 807
73 864
74 338
74 609
74 614
74 850
74 918
75 135
75 212
75 225
75 287
75 316
75 613
76 134
76 184
76 893
76 910
76 994
77 218
77 458
77 637
77 647
77 748
77 938
78 81
78 91
78 92
78 143
78 275
78 297
78 299
78 501
78 533
78 884
78 952
79 200
79 394
79 485
79 514
79 516
79 591
80 259
80 260
80 277
80 441
80 448
80 535
80 638
80 723
80 791
80 843
80 850
80 966
81 139
81 219
81 232
81 271
81 278
81 419
81 420
81 472
81 598
81 650
81 662
81 666
81 718
81 789
81 913
81 955
82 139
82 301
82 326
82 353
82 439
82 480
82 494
82 506
82 647
82 791
82 843
82 965
83 231
83 240
83 460
83 561
83 691
83 715
83 773
83 827
83 853
83 899
84 226
84 233
84 483
84 569
84 660
84 876
85 172
85 220
85 231
85 237
85 250
85 633
85 638
85 703
85 798
85 878
85 990
86 162
86 180
86 228
86 295
86 332
86 374
86 464
86 546
86 617
86 791
86 796
86 807
86 815
86 988
87 141
87 184
87 293
87 360
87 528
87 573
87 589
87 678
87 761
87 949
88 292
88 387
88 425
88 601
88 736
88 811
88 827
88 920
89 92
89 241
89 309
89 354
89 396
89 494
89 562
89 592
89 718
89 727
90 213
90 253
90 306
90 428
90 478
90 537
90 631
90 641
90 694
90 846
90 895
90 958
90 996
91 185
91 211
91 218
91 245
91 247
91 260
91 482
91 659
91 893
91 897
91 941
92 121
92 218
92 303
92 324
92 415
92 467
92 581
92 701
92 868
92 876
92 882
92 930
93 116
93 118
93 281
93 329
93 371
93 397
93 443
93 508
93 613
93 656
93 849
93 858
93 908
93 962
94 187
94 218
94 230
94 298
94 424
94 436
94 938
95 302
95 374
95 381
95 494
95 528
95 734
95 761
95 887
95 911
95 986
96 150
96 159
96 170
96 309
96 317
96 380
96 626
96 807
96 848
96 895
96 974
97 180
97 219
97 255
97 276
97 285
97 372
97 557
97 665
97 688
97 711
97 739
97 755
97 761
97 832
97 885
98 133
98 251
98 313
98 552
98 583
98 771
98 842
98 983
99 319
99 360
99 399
99 620
99 662
99 766
99 919
99 985
100 214
100 434
100 460
100 607
100 702
100 734
100 788
100 827
101 181
101 358
101 395
101 399
101 452
101 534
101 708
101 726
101 788
101 957
102 150
102 299
102 328
102 369
102 375
102 383
102 628
102 728
102 764
102 765
102 831
103 157
103 187
103 248
103 583
103 630
104 162
104 230
104 264
104 366
104 437
104 547
104 583
104 703
104 742
104 758
104 792
104 802
104 871
105 126
105 134
105 228
105 288
105 358
105 544
105 548
105 609
105 654
105 820
105 876
105 998
106 172
106 262
106 296
106 319
106 460
106 515
106 529
106 606
106 655
106 692
106 733
106 807
106 855
106 926
106 935
106 969
107 303
107 337
107 629
107 656
107 773
107 906
107 920
108 128
108 389
108 392
108 586
108 633
108 713
108 911
108 975
109 157
109 390
109 485
109 636
109 667
109 698
109 728
109 737
109 801
109 956
110 215
110 293
110 490
110 628
110 678
110 888
111 312
111 609
111 628
111 767
111 776
111 854
111 995
112 290
112 475
112 638
112 708
112 949
112 979
113 188
113 564
113 585
113 774
113 782
113 908
113 913
113 986
114 190
114 312
114 318
114 357
114 522
114 831
114 870
115 214
115 326
115 448
115 645
115 733
115 740
115 777
115 840
115 958
115 976
116 464
116 533
116 659
116 681
116 724
116 849
116 883
117 194
117 232
117 426
117 810
117 890
118 139
118 166
118 400
118 486
118 532
118 856
118 860
119 126
119 163
119 233
119 334
119 420
119 739
120 145
120 187
120 216
120 261
120 421
120 440
120 460
120 482
120 507
120 550
120 607
120 621
120 636
120 711
120 750
120 755
120 873
120 894
121 219
121 466
121 879
121 898
121 943
122 174
122 297
122 635
122 741
122 794
122 891
123 223
123 357
123 511
123 632
123 648
123 846
123 877
123 937
124 229
124 300
124 321
124 330
124 365
124 457
124 463
124 467
124 481
124 534
124 627
124 633
124 743
124 797
124 817
124 818
124 855
124 862
124 925
125 150
125 386
125 387
125 419
125 695
125 744
125 884
125 949
126 776
126 855
126 925
127 131
127 204
127 300
127 301
127 357
127 400
127 440
127 532
127 687
127 746
127 823
127 830
127 839
127 926
127 963
127 987
128 234
128 267
128 608
128 740
128 764
128 769
128 828
129 211
129 411
129 499
129 694
129 759
129 786
129 853
129 928
129 996
130 190
130 281
130 284
130 396
130 417
130 487
130 570
130 630
130 996
131 168
131 172
131 256
131 327
131 376
131 384
131 468
131 562
131 594
131 644
131 764
131 771
132 185
132 201
132 350
132 375
132 416
132 535
132 588
132 679
132 739
132 748
132 777
132 878
132 969
133 222
133 285
133 291
133 449
133 503
133 533
133 637
133 665
133 694
133 715
133 763
133 765
133 783
133 946
134 221
134 232
134 319
134 359
134 601
134 780
134 888
134 915
135 208
135 278
135 295
135 640
135 709
135 743
135 769
135 789
135 966
136 203
136 205
136 223
136 251
136 477
136 522
136 777
136 845
136 928
137 462
137 510
137 624
137 725
137 754
137 766
137 891
137 941
137 964
138 180
138 556
138 598
138 612
138 682
138 709
138 782
138 808
139 198
139 234
139 478
139 500
139 636
139 894
139 902
139 973
140 222
140 294
140 302
140 372
140 550
140 763
140 771
140 832
140 899
140 934
140 966
141 260
141 271
141 542
141 594
141 771
141 994
141 996
142 165
142 209
142 261
142 375
142 387
142 432
142 458
142 480
142 691
142 775
142 859
143 147
143 189
143 299
143 472
143 493
143 541
143 598
143 716
143 836
144 300
144 496
144 553
144 591
144 673
144 709
144 897
144 919
145 349
145 483
145 484
145 499
145 535
145 562
145 715
146 217
146 309
146 330
146 775
146 824
146 839
147 191
147 206
147 281
147 334
147 568
147 776
147 778
147 843
147 845
147 859
148 150
148 179
148 357
148 376
148 482
148 607
148 665
148 677
148 849
149 243
149 284
149 382
149 487
149 616
149 678
149 763
149 827
149 833
150 255
150 449
150 500
150 511
150 533
150 644
150 657
150 658
150 677
150 885
151 152
151 214
151 220
151 270
151 311
151 399
151 494
151 537
151 553
151 607
151 953
152 563
152 649
152 689
152 774
153 211
153 241
153 259
153 368
153 532
153 534
153 581
153 689
153 698
153 753
153 836
154 173
154 183
154 386
154 387
154 527
154 680
154 710
154 848
154 851
154 863
154 943
154 944
154 996
155 182
155 264
155 328
155 476
155 634
155 772
155 847
155 917
156 210
156 259
156 324
156 443
156 611
156 624
156 689
156 922
157 178
157 285
157 340
157 505
157 737
157 787
157 864
157 908
158 280
158 399
158 719
158 876
158 886
158 984
158 989
159 160
159 291
159 551
159 580
159 645
159 667
159 793
159 867
159 913
159 970
160 241
160 243
160 246
160 317
160 376
160 410
160 635
160 731
160 778
160 899
161 326
161 486
161 716
161 760
161 769
161 817
161 989
162 280
162 324
162 555
162 650
162 662
162 713
162 774
162 896
163 287
163 355
163 683
163 795
163 826
163 854
163 893
163 948
163 966
164 171
164 185
164 202
164 377
164 880
164 921
164 972
164 992
165 239
165 313
165 377
165 383
165 396
165 480
165 577
165 598
165 814
165 869
166 647
166 762
166 778
167 169
167 210
167 244
167 311
167 344
167 368
167 548
167 634
167 737
167 798
167 818
168 171
168 326
168 379
168 406
168 628
168 663
168 732
168 739
168 964
169 223
169 286
169 379
169 770
169 807
169 860
170 455
170 594
170 680
170 964
171 226
171 257
171 710
171 711
171 780
171 865
171 902
172 473
172 486
172 593
172 621
172 662
172 777
172 845
172 965
173 195
173 252
173 297
173 407
173 538
173 540
173 561
173 651
173 698
173 747
173 787
173 840
173 846
173 854
173 972
174 226
174 296
174 364
174 461
174 627
174 713
174 822
174 932
175 392
175 495
175 581
175 711
175 991
176 263
176 264
176 386
176 455
176 509
176 581
176 582
176 583
176 826
176 922
176 928
176 982
177 335
177 390
177 454
177 550
177 631
177 700
177 728
178 251
178 381
178 524
178 536
178 562
178 841
178 888
178 928
178 932
179 205
179 539
179 635
179 651
179 671
179 772
179 858
179 883
179 907
179 951
180 219
180 254
180 280
180 654
180 756
180 848
180 902
180 907
180 920
181 301
181 682
181 683
181 773
181 780
181 895
181 937
181 983
182 225
182 374
182 433
182 549
182 798
182 827
182 889
182 894
182 971
183 343
183 352
183 430
183 692
184 212
184 269
184 445
184 520
184 590
184 609
185 337
185 528
185 706
185 749
185 828
185 918
186 242
186 345
186 446
186 801
186 969
186 985
187 195
187 263
187 278
187 338
187 463
187 515
187 689
187 702
187 800
187 823
187 840
187 971
188 333
188 565
188 570
188 754
188 783
188 883
188 966
189 306
189 483
189 571
189 580
190 196
190 306
190 371
190 376
190 711
190 922
191 354
191 445
191 478
191 537
191 675
191 694
191 821
191 837
191 841
191 895
191 978
192 394
192 541
192 705
192 802
192 889
192 896
193 293
193 492
193 606
193 630
193 643
193 662
193 808
193 813
193 983
194 382
194 389
194 581
194 672
194 683
194 933
195 275
195 437
195 567
195 600
195 618
195 667
195 817
195 834
195 969
196 300
196 332
196 424
196 455
196 679
196 750
196 883
196 902
196 973
197 369
197 372
197 395
197 406
197 726
197 735
197 757
197 860
198 261
198 289
198 313
198 352
198 375
198 398
198 429
198 615
198 812
198 844
199 209
199 314
199 378
199 546
199 622
199 880
199 922
200 203
200 348
200 371
200 487
200 515
200 808
200 842
200 906
201 473
201 803
201 877
201 951
202 207
202 387
202 450
202 547
202 551
202 572
202 861
202 965
203 220
203 338
203 397
203 470
203 474
203 488
203 581
203 809
203 936
203 941
204 257
204 285
204 441
204 483
204 544
204 557
204 587
204 593
204 621
204 938
205 212
205 700
205 771
205 819
206 236
206 321
206 349
206 352
206 379
206 406
206 705
206 853
207 448
207 530
207 620
207 728
207 805
207 862
208 402
208 495
208 519
208 714
208 950
209 217
209 390
209 402
209 472
209 476
209 499
209 650
209 683
209 753
210 333
210 335
210 399
210 446
210 558
210 579
210 594
210 847
210 870
210 947
210 980
211 248
211 338
211 660
211 849
211 947
211 983
212 264
212 407
212 585
212 676
212 778
212 945
212 995
213 364
213 422
213 540
213 747
213 864
214 359
214 742
214 786
214 810
214 881
215 716
215 783
215 894
216 256
216 347
216 362
216 484
216 522
216 591
216 595
216 601
216 844
216 878
216 935
217 395
217 587
217 595
217 653
217 751
217 843
217 885
218 311
218 329
218 361
218 758
219 247
219 287
219 389
219 463
219 494
219 499
219 805
219 900
220 512
220 541
220 664
220 803
220 822
221 300
221 331
221 367
221 455
221 621
221 708
221 709
221 716
221 772
221 919
222 364
222 574
222 666
222 867
223 380
223 530
223 567
223 999
224 326
224 481
224 521
224 553
224 597
224 624
224 646
224 780
224 907
224 920
224 987
224 988
225 471
225 788
225 812
225 902
226 294
226 351
226 528
226 533
226 609
226 636
226 823
226 874
226 875
226 881
226 911
227 358
227 402
227 504
227 717
227 739
227 815
227 969
228 264
228 532
228 559
228 625
228 644
228 689
228 710
228 800
228 880
229 301
229 471
229 519
229 603
229 642
229 667
229 804
230 315
230 426
230 595
230 697
230 863
230 886
231 275
231 280
231 329
231 479
231 552
231 583
231 695
231 725
231 815
231 905
232 248
232 433
232 585
232 648
232 838
232 886
233 330
233 382
233 482
233 493
233 752
233 801
233 976
233 995
234 256
234 487
234 588
234 670
234 779
234 835
234 871
234 885
234 897
235 290
235 496
235 579
235 592
235 604
235 719
235 731
236 328
236 549
236 584
236 705
236 713
236 752
236 850
236 860
236 868
236 942
237 345
237 487
237 659
237 793
238 495
238 625
238 733
238 847
239 244
239 247
239 287
239 408
239 624
239 625
239 661
239 767
239 998
240 458
240 487
240 498
240 540
240 558
240 601
240 710
240 750
240 806
240 943
240 980
241 286
241 407
241 467
241 566
241 622
241 753
241 797
241 870
241 912
242 383
242 512
242 649
242 704
242 900
243 287
243 309
243 638
243 997
244 339
244 402
244 574
244 735
244 800
245 335
245 447
245 466
245 547
245 636
245 686
245 817
245 819
245 840
245 865
245 942
245 972
246 377
246 506
246 547
246 636
246 733
246 812
246 865
246 951
247 281
247 413
247 437
247 532
247 561
247 577
247 602
247 807
247 866
247 927
248 404
248 460
248 507
248 573
248 808
249 630
249 888
249 920
250 281
250 284
250 492
250 510
251 274
251 301
251 612
251 697
251 706
251 713
251 718
251 827
252 268
252 491
252 495
252 562
253 555
253 575
253 633
253 670
253 736
253 778
253 846
253 968
254 256
254 316
254 397
254 495
254 501
254 562
254 582
254 867
254 907
254 999
255 274
255 379
255 741
255 823
256 321
256 329
256 407
256 412
256 683
256 709
256 771
256 842
256 876
256 881
256 903
257 348
257 363
257 728
258 319
258 321
258 515
258 632
259 323
259 417
259 463
259 513
259 544
259 629
260 580
260 948
261 580
261 589
262 270
262 409
262 585
262 666
262 674
262 772
262 781
262 786
262 834
263 443
263 635
263 715
263 832
263 868
264 269
264 348
264 383
264 768
264 942
264 972
265 309
265 359
265 361
265 622
265 645
265 801
265 898
266 276
266 366
266 507
266 583
266 593
266 638
266 846
266 888
267 278
267 337
267 417
267 520
267 751
267 872
267 880
267 946
268 395
268 513
268 590
268 626
268 635
268 736
268 803
268 872
268 874
269 270
269 317
269 355
269 358
269 451
269 560
269 661
269 714
269 722
269 751
269 783
270 562
270 593
270 719
270 966
271 298
271 430
271 775
271 776
271 912
272 299
272 453
272 521
272 604
272 744
272 815
272 993
273 351
273 361
273 446
273 492
273 587
273 751
273 855
273 896
274 705
274 858
274 901
275 413
275 440
275 478
275 479
275 513
275 606
275 624
275 736
276 619
276 638
276 812
276 928
277 377
277 394
277 469
277 649
277 711
277 879
278 349
278 365
278 536
278 566
278 596
278 724
278 825
278 919
278 944
279 317
279 551
279 566
279 781
279 783
279 800
279 840
279 864
279 904
280 286
280 325
280 331
280 408
280 548
280 572
280 601
280 659
280 689
280 753
280 799
280 854
280 933
280 955
281 591
281 637
281 727
281 734
281 877
282 373
282 431
282 664
282 744
282 778
282 915
283 446
283 739
283 772
283 780
283 936
284 344
284 574
284 755
284 758
284 794
284 829
285 310
285 826
285 888
286 347
286 854
286 917
287 354
287 378
287 462
287 503
287 621
287 673
288 442
288 454
288 460
288 500
288 683
288 774
288 804
288 821
288 837
288 882
289 376
289 584
289 658
289 670
289 759
289 773
289 787
289 789
289 994
290 367
290 571
290 581
290 619
291 359
291 377
291 379
291 482
291 545
291 647
291 703
291 792
291 821
291 845
291 888
292 353
292 401
292 453
292 459
292 598
292 628
292 682
292 797
292 951
292 992
293 387
293 443
293 617
293 646
293 807
293 822
293 827
294 430
294 702
294 703
294 860
294 991
295 350
295 661
295 808
295 809
295 833
295 939
296 371
296 432
296 520
296 789
296 911
296 927
296 946
296 976
297 314
297 324
297 361
297 534
297 560
297 613
297 839
297 882
298 355
298 440
298 459
298 525
298 574
298 674
298 688
299 313
299 338
299 447
299 571
299 777
299 802
299 805
300 443
300 613
300 692
300 735
300 821
300 892
300 957
301 436
301 511
301 822
301 856
302 340
302 352
302 454
302 722
302 739
302 787
302 834
302 974
302 993
303 607
303 707
303 711
303 805
303 936
303 980
304 444
304 526
304 569
304 617
304 650
304 849
304 914
304 960
304 995
305 349
305 426
305 644
305 652
305 808
305 908
305 953
306 394
306 403
306 475
306 551
306 791
306 833
306 845
306 892
306 951
307 378
307 393
307 715
307 741
307 780
307 807
307 819
307 829
308 314
308 464
308 570
308 637
308 652
308 658
308 717
308 776
308 971
309 384
309 391
309 446
309 454
309 904
309 948
309 989
310 484
310 517
310 797
310 929
310 983
311 426
311 439
311 515
311 552
311 616
311 707
311 758
311 805
311 870
311 950
312 374
312 439
312 456
312 510
312 695
312 957
313 396
313 421
313 453
313 986
314 550
314 692
314 705
314 911
315 495
315 510
315 648
315 706
315 716
315 742
316 341
316 368
316 427
316 478
316 546
316 594
316 622
316 776
316 961
317 575
317 641
317 699
317 746
317 877
318 481
318 525
318 718
318 786
318 822
318 872
318 882
318 935
318 945
319 563
319 590
319 846
319 847
319 882
319 895
320 532
320 544
320 684
320 706
320 717
320 759
320 801
320 834
321 378
321 411
321 435
321 534
321 540
321 678
321 710
321 720
321 742
321 951
322 525
322 598
322 804
323 481
323 615
323 627
323 748
324 436
324 467
324 538
324 642
325 408
325 425
325 617
325 637
325 677
325 751
325 810
325 881
325 967
326 573
326 703
326 791
326 869
326 882
326 958
326 970
327 495
327 504
327 684
327 718
327 749
327 926
328 521
328 727
328 752
328 761
328 778
328 900
328 943
329 567
329 646
329 720
329 747
329 833
329 927
329 940
329 990
329 995
330 341
330 383
330 432
330 434
330 561
330 567
330 649
330 693
330 712
330 848
330 981
331 341
331 496
331 506
331 886
331 962
331 984
332 395
332 524
332 571
332 589
332 642
332 835
332 854
333 365
333 468
333 620
333 813
333 854
333 863
333 897
334 364
334 431
334 579
334 608
334 642
334 660
334 915
334 966
334 990
335 381
335 420
335 513
335 796
335 833
335 905
335 908
336 452
336 486
336 490
336 591
336 668
336 738
337 476
337 637
337 662
337 950
338 524
338 674
338 708
338 743
338 919
338 953
338 997
339 404
339 483
339 554
339 669
339 734
339 813
340 355
340 552
340 772
340 869
340 895
341 441
341 728
341 803
341 876
341 965
342 366
342 425
342 443
342 492
342 502
342 529
342 613
342 616
342 752
342 894
343 360
343 402
343 441
343 537
343 542
343 593
343 620
343 712
343 732
343 741
343 822
343 920
343 962
343 997
344 351
344 474
344 989
345 350
345 356
345 815
346 405
346 678
346 689
346 905
346 925
347 468
347 686
347 884
347 994
348 353
348 371
348 379
348 494
348 610
349 424
349 539
349 659
349 669
349 704
349 799
349 919
349 938
349 976
350 454
350 560
350 612
350 691
350 713
350 802
350 979
351 429
351 529
351 880
352 412
352 546
352 562
353 367
353 388
353 425
353 466
353 493
354 468
354 478
354 638
354 993
355 424
355 496
355 587
355 676
355 692
355 794
355 943
355 958
355 991
355 998
356 473
356 606
356 608
356 733
356 748
356 774
356 797
356 845
356 932
356 986
357 469
357 601
357 829
357 866
357 942
357 974
358 370
358 616
358 632
358 662
358 726
358 921
358 928
358 931
359 439
359 629
359 673
359 691
359 713
359 723
359 779
359 789
359 936
360 404
360 417
360 442
360 501
360 505
360 643
360 730
360 846
360 915
361 397
361 480
361 555
361 661
361 696
361 710
361 786
361 794
361 832
361 917
362 424
362 465
362 639
362 763
362 820
362 833
363 391
363 513
363 568
363 580
363 596
363 616
363 811
363 874
364 515
364 551
364 690
364 735
364 895
365 429
365 506
365 576
365 591
365 636
365 720
365 836
365 862
365 967
366 458
366 680
366 690
366 722
366 747
366 829
366 985
366 994
367 646
367 688
367 811
367 858
368 472
368 481
368 663
368 701
368 735
368 865
368 889
368 955
369 600
369 655
369 877
369 890
369 946
369 993
370 520
370 573
370 605
370 640
370 741
370 806
370 902
371 388
371 428
371 502
371 964
371 966
371 993
372 441
372 453
372 529
372 556
372 604
372 777
372 874
372 889
373 395
373 632
373 915
373 973
374 685
374 791
374 865
374 943
375 474
375 564
375 652
375 832
375 908
375 938
375 989
376 384
376 431
376 487
376 548
376 595
376 644
376 720
377 746
378 485
378 576
378 590
378 609
378 741
378 886
378 891
378 964
379 459
379 570
379 638
379 838
379 866
379 949
380 467
380 760
380 828
380 852
381 480
381 638
381 716
381 791
381 833
381 928
381 962
382 420
382 490
382 631
382 638
382 710
382 870
383 570
383 745
383 941
384 475
384 693
384 708
384 760
384 937
384 970
385 622
385 733
385 736
385 765
385 802
385 850
386 409
386 432
386 630
386 677
386 772
387 405
387 432
387 439
387 445
387 718
387 784
387 842
387 890
387 911
388 445
388 539
388 686
388 756
388 811
388 938
388 997
389 468
389 545
389 638
389 651
389 778
389 827
390 426
390 507
390 528
390 954
391 428
391 474
391 639
391 646
391 703
391 717
391 719
391 739
391 787
392 538
392 706
392 764
392 916
393 398
393 408
393 428
393 511
393 555
393 630
393 681
393 705
394 427
394 459
394 590
394 759
394 779
394 916
394 989
395 432
395 597
395 641
395 664
395 765
395 890
395 926
395 936
396 479
396 651
396 768
397 631
397 661
397 673
397 853
398 424
398 429
398 463
398 577
398 588
398 600
398 821
398 931
398 987
399 467
399 485
399 827
400 626
400 800
400 903
400 984
400 988
401 447
401 567
401 613
401 628
401 657
401 817
401 839
401 949
401 953
402 462
402 526
402 659
402 683
402 828
402 890
402 902
403 444
403 524
403 562
403 714
403 721
403 810
403 906
403 909
403 948
403 969
404 430
404 441
404 459
404 479
404 537
404 544
404 808
404 895
404 906
404 949
405 467
405 573
405 590
405 609
405 954
406 739
406 782
406 898
407 557
407 757
407 775
407 801
407 962
408 649
408 654
408 679
409 458
409 596
409 864
409 945
409 991
410 626
410 958
411 491
411 783
411 870
412 562
412 568
412 842
413 494
413 524
413 549
413 574
413 796
413 849
413 996
414 759
414 881
414 917
414 932
415 539
415 550
415 721
415 747
415 923
416 504
416 548
416 580
416 895
416 999
417 457
417 593
417 686
417 721
418 517
418 533
418 675
418 711
418 779
418 935
418 961
418 994
419 502
419 543
419 631
419 730
419 803
419 806
419 946
420 426
420 442
420 461
420 516
420 591
420 805
421 451
421 638
421 682
421 829
421 869
421 872
422 452
422 462
422 537
422 548
422 652
422 702
422 824
423 429
423 523
423 584
423 636
423 692
423 969
424 482
424 551
424 627
424 633
424 779
424 919
424 958
425 445
425 471
425 499
425 548
425 556
425 679
425 718
425 750
426 586
426 614
426 696
426 803
426 958
427 540
427 559
427 571
427 679
427 736
427 829
428 474
428 498
428 679
428 704
428 803
428 847
428 867
430 505
430 518
430 750
430 932
430 987
431 538
431 604
431 623
431 795
431 887
431 913
432 448
432 469
432 523
432 563
432 694
432 975
433 482
433 579
433 618
433 672
433 695
433 732
433 899
434 446
434 567
434 673
434 764
434 782
434 813
434 994
435 463
435 488
435 622
435 633
435 660
435 730
436 625
436 694
436 723
436 783
436 844
436 950
437 583
437 654
437 846
437 887
438 642
438 735
438 868
438 911
439 447
439 544
439 605
439 621
439 732
439 753
439 827
439 885
440 578
440 775
440 876
440 918
440 959
440 964
441 467
441 484
441 788
441 929
441 996
442 487
442 502
442 606
442 666
443 607
443 754
443 837
443 885
443 917
443 943
444 655
444 659
444 818
445 647
445 653
446 509
446 526
446 630
446 646
446 672
446 718
446 953
446 986
447 516
447 695
447 829
447 971
448 530
448 791
448 928
448 992
449 470
449 581
449 614
449 778
449 814
449 823
449 845
449 883
449 961
449 964
450 509
450 542
450 614
450 657
450 746
450 768
450 883
450 899
451 708
451 809
451 935
452 805
452 832
452 838
453 708
453 717
453 891
454 554
454 678
454 766
454 883
455 528
455 906
456 475
456 503
456 548
456 820
456 903
456 968
456 979
457 502
457 506
457 563
457 645
457 779
457 812
457 839
458 505
458 695
458 770
458 823
458 915
459 522
459 705
460 711
460 799
460 964
461 583
461 627
461 708
461 834
461 860
461 985
462 628
463 528
463 533
463 587
463 906
464 516
464 723
464 861
465 620
465 661
465 905
465 990
466 510
466 515
466 591
466 754
466 783
466 841
466 890
467 588
467 697
467 824
467 963
467 998
468 733
468 888
468 953
469 525
469 763
469 912
470 526
470 646
470 684
470 720
470 790
470 966
470 974
470 993
471 479
471 491
471 548
471 626
471 726
471 798
471 882
471 916
471 971
472 485
472 547
472 559
472 568
472 595
472 649
472 910
473 475
473 518
473 705
473 748
473 838
473 867
473 944
474 603
474 649
474 759
474 830
474 929
474 933
475 524
475 763
475 856
475 890
476 572
476 608
476 683
476 703
476 732
476 750
476 834
476 899
477 478
477 498
477 572
477 635
477 749
477 884
477 891
477 905
477 935
477 997
478 504
478 595
478 790
478 826
478 981
478 994
479 491
479 497
479 549
479 696
479 701
479 726
479 793
480 538
480 729
480 909
481 669
481 971
481 997
482 666
482 683
482 783
482 981
483 667
483 688
483 747
483 969
484 627
484 656
484 933
485 632
485 645
485 916
485 958
486 702
486 731
486 764
486 853
486 877
486 900
486 969
486 989
487 766
487 863
487 900
488 963
488 997
489 542
489 629
489 671
489 720
490 503
490 512
490 680
490 931
490 992
491 515
491 581
491 706
491 782
491 800
491 806
492 645
492 692
492 723
492 910
492 921
492 927
492 975
493 591
493 876
493 916
494 532
494 565
494 595
494 760
494 840
494 878
494 961
495 556
495 560
495 582
495 602
495 688
496 513
496 563
496 602
496 607
496 758
496 788
496 893
496 992
497 504
497 516
497 683
497 736
497 811
497 972
497 977
498 646
498 675
498 677
498 892
499 539
499 582
499 779
499 869
499 920
500 542
500 590
500 701
500 750
500 763
500 774
500 966
501 703
501 712
501 731
501 735
501 809
501 854
501 982
502 608
502 747
502 824
502 831
502 906
503 528
503 725
503 766
503 788
503 850
504 528
504 606
504 705
504 707
504 713
504 803
504 851
504 955
505 741
505 825
505 846
505 924
505 947
505 982
506 731
506 834
507 867
507 897
508 614
509 623
509 644
509 776
509 865
509 967
510 580
510 708
510 898
510 970
511 528
511 662
511 703
511 828
511 832
511 871
511 927
511 933
511 969
511 981
512 714
512 724
512 820
512 882
512 896
512 969
512 977
513 522
513 529
513 582
513 584
513 604
513 985
513 992
514 519
514 639
514 793
514 870
514 941
515 523
515 536
515 600
515 796
515 814
515 944
515 990
516 550
516 677
516 832
516 875
516 996
517 556
517 792
517 895
517 988
518 578
518 638
518 930
518 957
518 975
519 524
519 694
519 853
519 921
520 784
520 786
520 932
520 992
521 613
521 693
521 779
521 829
522 616
522 683
522 712
522 988
523 595
523 671
523 696
523 748
523 764
523 800
523 925
523 955
524 558
524 630
524 638
524 775
524 864
524 942
524 978
525 574
525 668
525 709
525 741
526 582
526 681
526 689
526 700
526 713
526 821
526 841
526 936
526 973
527 755
527 808
528 546
528 563
528 572
528 624
528 676
528 901
528 993
529 577
529 663
529 678
529 716
529 776
529 792
529 845
529 896
529 992
530 577
530 607
530 663
530 802
530 803
530 844
530 910
530 933
530 944
530 949
530 979
531 862
531 912
531 925
531 960
532 870
533 540
533 659
533 709
533 711
533 719
533 840
533 905
533 928
533 986
534 635
534 705
534 731
534 927
534 953
535 554
535 620
535 763
535 970
535 985
536 567
536 680
536 690
536 737
536 781
536 864
536 951
537 604
537 608
537 878
537 983
538 602
538 693
538 742
538 844
538 956
539 639
539 665
539 827
539 943
540 569
540 929
541 563
541 731
541 794
541 828
541 839
541 869
542 607
542 643
542 943
543 614
543 622
543 784
543 831
543 879
543 889
543 982
544 565
544 684
544 818
545 587
545 944
546 781
547 694
547 705
547 843
547 926
547 941
548 671
548 768
548 817
548 883
548 940
549 558
549 707
549 852
549 859
549 961
550 608
550 840
550 996
551 744
551 791
551 834
551 878
551 888
551 944
552 779
552 876
553 611
553 698
553 858
553 875
553 922
553 973
553 982
554 580
554 751
554 773
554 891
554 906
555 680
556 581
556 676
556 743
556 862
556 885
557 609
557 644
557 646
557 686
557 739
558 628
558 643
558 671
558 747
558 906
558 911
558 935
558 940
559 702
559 720
559 748
559 795
560 705
560 783
560 801
560 844
560 980
561 811
561 819
561 888
561 950
562 597
562 723
563 605
563 656
563 678
563 720
564 605
564 774
564 848
564 956
565 585
565 759
565 823
566 711
566 850
566 983
567 592
567 643
567 671
567 908
567 948
568 643
568 737
568 848
568 851
568 875
569 691
569 850
569 914
569 932
569 989
570 656
570 771
570 836
570 898
570 899
570 917
570 976
572 767
572 853
572 931
572 985
573 872
573 879
573 943
573 970
573 976
574 808
574 946
575 715
575 849
575 893
575 912
575 931
576 647
576 870
576 947
578 717
578 741
578 835
578 970
579 661
579 733
579 821
579 916
579 996
580 661
580 665
580 812
580 850
580 988
581 739
581 849
581 940
582 645
582 967
583 648
583 721
583 724
583 796
583 802
583 841
583 851
583 862
583 899
583 914
583 938
584 759
584 986
585 673
585 680
585 986
586 879
586 924
586 965
587 619
587 668
587 732
587 786
587 868
588 828
589 607
589 685
589 798
589 919
589 966
589 982
589 989
590 654
590 729
590 881
590 971
590 979
591 596
591 628
591 690
591 818
591 869
591 921
591 949
591 993
592 638
592 674
592 738
592 772
592 778
592 863
592 936
592 974
593 703
593 931
593 982
594 661
594 726
594 729
594 768
594 882
595 631
595 673
595 722
595 981
596 644
596 691
596 863
596 882
596 923
597 669
597 763
597 844
597 856
597 872
597 905
597 946
597 959
597 973
598 792
598 827
598 836
598 889
598 906
598 911
599 621
599 772
599 807
599 823
599 921
600 613
600 948
601 606
601 747
601 856
602 609
602 645
602 825
602 855
603 675
603 691
603 697
603 763
603 796
603 798
603 952
603 994
604 689
604 836
604 871
604 972
605 721
605 839
605 842
605 856
605 903
605 909
605 913
606 668
606 754
606 771
606 814
606 836
606 865
607 694
607 924
607 942
607 987
608 620
608 739
608 848
608 866
609 727
609 731
609 738
609 756
609 927
609 995
610 638
610 645
610 651
611 790
611 888
611 937
611 972
611 989
612 627
612 691
612 778
612 832
612 909
613 712
613 866
613 899
613 959
614 806
614 822
614 891
614 944
615 678
615 952
616 621
616 999
617 877
617 988
618 724
618 933
619 761
619 788
619 849
619 979
620 752
620 820
620 974
621 896
621 922
621 927
621 978
622 886
623 744
623 747
623 787
623 885
623 922
623 991
624 704
624 728
624 877
625 652
625 676
626 659
626 678
626 697
626 722
626 840
626 872
626 910
627 709
627 778
627 972
628 649
628 658
628 990
629 806
629 944
630 647
630 765
630 778
631 685
631 896
632 868
632 893
632 915
632 950
633 658
633 807
633 845
633 866
633 930
634 737
634 744
634 771
634 830
634 913
634 930
635 733
635 958
636 795
636 843
636 874
636 899
636 900
636 944
636 990
637 639
637 774
637 784
638 756
638 828
638 842
638 898
640 675
640 811
640 858
640 901
641 721
642 700
642 710
642 719
642 885
642 959
642 978
643 688
643 730
643 737
643 788
643 894
643 998
644 652
644 868
644 939
645 768
645 820
645 873
645 924
646 841
647 669
647 681
647 738
647 935
647 941
648 850
648 992
649 664
649 721
649 725
649 738
649 795
649 814
649 825
650 711
650 839
650 929
650 954
651 872
652 701
652 706
652 873
652 949
653 703
653 744
653 945
654 946
655 658
655 692
655 854
655 871
656 675
656 702
656 751
656 773
656 868
656 904
657 722
657 750
657 758
657 914
658 749
658 841
659 728
659 801
659 818
659 964
660 896
661 723
661 767
661 890
661 901
661 920
661 936
662 855
664 842
664 919
666 845
666 901
666 975
666 976
667 756
667 892
667 917
668 843
669 678
669 775
669 784
669 804
669 950
669 970
670 947
670 959
671 773
671 826
671 906
671 955
672 719
672 882
673 704
673 844
673 891
673 974
674 677
674 739
674 837
674 920
675 788
676 845
677 795
677 829
677 926
678 752
678 862
678 889
679 799
679 957
679 961
680 780
680 949
680 982
681 765
681 841
681 939
682 794
682 870
682 896
682 929
683 711
683 744
683 897
684 727
684 775
684 980
686 702
686 768
686 853
687 757
687 812
688 977
689 765
689 868
689 894
690 764
691 886
691 913
692 810
693 784
693 874
693 927
693 964
694 729
694 844
694 899
694 906
695 778
695 806
695 902
695 910
696 806
696 908
697 794
697 935
697 960
698 708
698 740
698 760
698 771
698 842
701 828
702 928
702 972
703 762
703 809
703 817
703 848
703 903
704 708
704 749
704 750
706 791
706 818
706 869
707 753
707 791
707 795
708 755
708 775
708 874
709 799
710 883
711 785
711 913
711 935
713 728
713 870
713 899
714 965
715 737
715 773
715 907
715 964
715 976
716 890
717 758
717 914
718 748
718 842
718 843
718 931
719 747
719 753
719 959
720 908
721 802
721 864
721 895
721 983
722 827
722 906
722 947
722 959
722 994
723 908
723 941
723 958
724 747
724 846
724 951
724 972
726 756
726 788
726 819
726 911
727 755
727 959
728 794
729 819
729 837
729 876
729 887
729 912
729 935
729 953
730 851
730 854
731 810
732 785
732 848
733 815
733 947
734 851
735 960
736 743
736 973
737 895
737 921
738 741
738 761
738 774
738 832
739 858
739 895
740 777
740 908
740 923
741 791
741 815
741 827
741 937
741 977
742 884
742 952
743 800
743 887
744 843
744 862
744 898
745 791
745 940
746 771
746 793
746 906
747 763
747 882
747 991
748 861
749 783
750 796
750 827
750 891
751 895
751 948
752 845
753 885
753 934
753 946
754 780
754 941
754 944
755 760
755 770
755 976
756 876
756 931
756 981
757 761
757 762
757 768
757 783
757 859
757 914
757 974
758 787
758 828
758 872
758 996
759 775
759 835
759 965
759 980
760 770
760 928
761 808
761 812
761 864
761 937
762 782
762 839
762 853
762 857
762 927
763 886
763 937
763 985
764 838
764 876
764 978
765 852
766 768
766 775
766 802
766 827
766 835
766 878
766 915
766 920
767 788
767 831
767 870
767 894
767 920
767 958
768 824
768 899
768 976
769 851
769 877
769 963
770 834
770 884
770 892
771 951
771 979
773 893
774 862
774 996
775 807
775 923
775 926
775 981
776 789
776 880
776 901
776 934
776 972
776 974
776 988
777 785
777 845
777 937
778 906
779 845
779 901
779 962
781 785
781 801
781 925
782 816
782 852
783 833
783 892
783 950
783 957
783 966
786 857
787 796
787 915
788 805
788 909
789 841
789 898
789 903
789 947
790 814
790 842
790 930
791 906
791 995
792 819
793 852
793 896
793 966
794 830
794 877
794 935
795 796
795 851
795 872
795 947
796 808
796 868
796 883
796 905
796 954
796 959
797 924
798 825
800 957
800 976
801 813
802 803
802 804
802 858
802 909
803 955
804 838
804 850
805 918
806 871
806 894
806 909
807 938
807 977
808 825
809 898
809 943
809 974
809 985
811 891
811 935
813 961
814 903
815 871
815 992
815 995
815 996
816 845
816 866
816 889
817 876
820 828
820 862
820 926
821 844
821 848
821 923
821 951
821 969
821 993
821 994
822 881
822 897
822 986
823 826
824 845
824 868
825 957
825 967
826 830
826 942
827 864
828 924
829 890
829 931
830 929
830 966
832 985
832 998
833 944
833 966
833 972
834 901
835 855
835 936
835 995
837 952
837 991
837 995
838 887
838 950
839 884
840 981
841 979
841 989
842 906
842 953
844 863
844 919
844 964
845 997
846 853
846 869
846 947
846 978
847 914
848 986
849 938
849 962
850 854
850 873
851 940
852 943
852 957
853 963
854 950
855 942
855 945
857 884
857 959
857 984
859 936
861 983
862 914
862 929
862 945
863 903
864 933
864 934
864 997
865 920
867 904
867 934
869 875
870 876
871 992
873 892
873 915
873 993
874 965
875 950
876 980
877 935
877 975
878 944
878 970
878 984
880 943
881 883
881 937
882 996
884 992
887 988
888 909
888 955
889 939
889 984
890 921
891 984
892 974
895 903
895 973
898 932
898 940
900 910
901 904
901 917
901 993
903 933
907 960
907 991
908 964
909 977
910 974
914 971
915 974
916 928
916 996
917 991
917 999
918 956
918 966
918 995
919 976
921 971
921 999
923 941
923 985
924 941
925 979
926 949
928 944
928 964
928 995
932 933
932 938
934 954
934 958
934 965
936 984
937 961
937 973
939 959
942 968
946 962
948 968
949 998
953 975
953 992
960 969
960 987
961 975
970 982
976 979
976 996
978 999
0
10 999
