1000	4969	 1
0 4
0 72
0 97
0 122
0 312
0 363
0 645
0 758
0 827
0 919
0 930
1 216
1 315
1 500
1 613
1 614
1 723
1 953
1 955
2 20
2 117
2 226
2 582
2 615
2 649
2 735
2 757
2 842
2 904
3 16
3 337
3 435
3 520
3 530
3 534
3 663
3 673
3 757
3 764
3 809
3 957
4 101
4 788
4 935
4 938
4 971
5 93
5 128
5 156
5 276
5 293
5 310
5 456
5 700
5 771
6 95
6 101
6 203
6 349
6 359
6 502
6 523
6 603
6 709
6 749
6 977
6 983
7 21
7 332
7 381
7 500
7 567
7 672
7 706
7 917
8 53
8 86
8 227
8 301
8 422
8 474
8 480
8 646
8 683
8 951
9 26
9 138
9 173
9 541
9 623
9 721
9 827
9 843
9 888
10 446
10 518
10 519
10 571
10 572
10 882
11 160
11 185
11 261
11 648
11 737
11 800
11 893
11 915
11 952
12 142
12 153
12 170
12 283
12 572
12 688
12 755
12 810
12 818
12 821
12 848
13 40
13 51
13 254
13 296
13 421
13 517
13 766
13 786
13 829
13 982
14 45
14 173
14 215
14 320
14 519
14 791
14 919
15 25
15 66
15 136
15 267
15 274
15 466
15 508
15 522
15 844
16 61
16 84
16 156
16 185
16 326
16 328
16 456
16 471
16 474
16 543
16 580
16 589
16 614
16 632
16 660
16 685
17 293
17 651
17 716
18 169
18 230
18 357
18 440
18 463
18 681
18 721
18 769
18 913
19 44
19 152
19 293
19 307
19 356
19 760
20 73
20 169
20 215
20 344
20 362
20 536
20 551
20 714
20 822
20 829
21 106
21 297
21 494
21 566
21 576
21 992
22 253
22 349
22 457
22 494
22 544
22 601
22 712
22 776
22 836
22 873
22 973
23 266
23 492
23 515
23 598
23 643
23 960
23 965
23 978
24 184
24 386
24 426
24 450
24 529
24 619
24 645
24 756
24 894
25 69
25 276
25 336
25 691
25 697
25 711
25 739
25 760
26 104
26 122
26 325
26 328
26 349
26 357
26 423
26 488
26 622
26 653
26 661
26 698
26 861
26 890
27 188
27 233
27 285
27 303
27 410
27 432
27 511
27 618
27 686
27 721
27 809
27 900
27 915
27 947
27 964
27 982
28 123
28 150
28 229
28 279
28 370
28 558
28 732
28 774
28 855
28 905
28 935
29 339
29 386
29 476
29 506
29 735
29 810
29 862
30 59
30 134
30 271
30 493
30 855
30 924
30 940
31 56
31 193
31 255
31 342
31 376
31 433
31 549
31 736
31 864
32 75
32 118
32 221
32 269
32 464
32 525
32 599
32 649
32 657
32 747
33 276
33 627
33 834
33 879
33 883
33 969
34 170
34 362
34 406
34 416
34 464
34 483
34 675
34 718
34 764
34 858
34 931
35 76
35 85
35 153
35 524
35 660
35 669
35 686
35 868
35 938
36 118
36 145
36 268
36 274
36 469
36 483
36 527
36 613
36 760
36 898
37 213
37 277
37 282
37 380
37 403
37 445
37 541
37 551
37 599
37 776
37 986
37 999
38 138
38 200
38 243
38 447
38 486
38 692
38 749
38 861
38 941
38 957
38 962
39 265
39 377
39 440
39 605
39 626
39 651
39 674
39 840
40 57
40 403
40 434
40 525
40 674
40 887
40 992
41 280
41 295
41 308
41 324
41 333
41 394
41 453
41 520
41 545
41 668
41 694
41 716
41 794
41 817
41 941
41 992
42 173
42 183
42 188
42 303
42 357
42 531
42 538
42 547
42 801
42 813
42 854
42 869
42 883
42 923
43 125
43 183
43 340
43 345
43 409
43 414
43 594
43 753
43 798
43 913
44 99
44 653
44 733
44 890
45 105
45 132
45 220
45 326
45 657
45 682
45 740
45 762
45 847
45 931
46 96
46 143
46 170
46 340
46 617
46 646
46 661
46 939
47 56
47 146
47 178
47 246
47 414
47 495
47 543
47 570
47 705
47 726
48 50
48 113
48 221
48 388
48 391
48 407
48 422
48 531
48 598
48 739
49 61
49 218
49 245
49 345
49 427
49 435
49 533
49 570
49 660
49 831
49 846
49 905
50 59
50 101
50 137
50 190
50 302
50 362
50 374
50 430
50 518
50 573
50 602
50 686
51 330
51 381
51 603
51 867
51 905
52 131
52 314
52 350
52 375
52 421
52 427
52 542
52 638
52 720
52 780
52 854
52 890
52 980
53 232
53 277
53 583
53 756
53 781
53 808
53 902
53 908
54 84
54 139
54 208
54 281
54 331
54 542
54 714
54 991
55 191
55 228
55 329
55 369
55 380
55 430
55 504
55 506
55 659
55 714
55 821
55 844
55 856
55 965
56 406
56 431
56 490
56 516
56 857
56 863
57 158
57 227
57 471
57 497
57 591
57 660
57 684
57 738
58 60
58 207
58 389
58 392
58 503
58 613
58 866
58 931
58 938
59 202
59 260
59 318
59 627
59 709
59 856
59 868
59 934
60 216
60 273
60 294
60 404
60 407
60 515
60 563
60 657
60 818
60 919
61 91
61 185
61 193
61 329
61 390
61 488
61 621
61 764
61 798
61 865
62 96
62 133
62 374
62 439
62 443
62 569
62 575
62 582
62 864
63 261
63 307
63 425
63 438
63 546
63 611
63 642
63 704
63 737
63 738
63 746
63 771
64 66
64 193
64 288
64 462
64 620
64 705
64 820
64 881
65 260
65 323
65 391
65 433
65 454
65 489
65 490
65 552
65 643
65 663
65 691
66 128
66 142
66 150
66 183
66 190
66 339
66 449
66 529
66 558
66 767
66 986
67 231
67 314
67 366
67 554
67 741
67 813
67 889
67 969
67 985
67 991
68 105
68 238
68 261
68 274
68 297
68 360
68 396
68 463
68 480
68 492
68 495
68 499
68 608
68 622
68 788
68 980
68 981
69 116
69 122
69 143
69 270
69 453
69 611
69 703
69 834
70 114
70 174
70 235
70 238
70 249
70 376
70 465
70 724
70 731
70 832
70 872
70 916
71 103
71 119
71 133
71 249
71 276
71 432
71 520
71 529
71 622
71 762
71 883
72 331
72 401
72 453
72 659
72 716
73 156
73 170
73 336
73 375
73 626
73 811
73 822
73 824
73 936
74 192
74 398
74 447
74 600
74 988
75 85
75 92
75 110
75 233
75 296
75 346
75 505
75 777
75 907
75 981
76 105
76 184
76 188
76 326
76 336
76 490
76 647
76 697
76 840
76 848
76 928
77 88
77 139
77 145
77 204
77 217
77 391
77 463
77 578
77 673
77 778
78 222
78 291
78 568
78 635
78 792
78 798
78 858
78 861
78 926
79 148
79 274
79 341
79 560
79 629
79 631
79 636
79 740
79 830
79 925
79 988
80 81
80 319
80 385
80 503
80 646
80 811
81 118
81 260
81 278
81 426
81 556
81 580
81 698
81 843
81 903
81 946
82 99
82 244
82 268
82 394
82 438
82 453
82 472
82 568
82 614
82 665
82 794
83 141
83 430
83 442
83 777
83 779
83 954
83 958
84 114
84 173
84 661
84 795
84 937
85 96
85 232
85 251
85 255
85 371
85 500
85 537
85 569
85 637
85 660
86 111
86 122
86 205
86 230
86 298
86 351
86 534
86 703
86 956
87 92
87 142
87 206
87 560
87 698
87 830
87 990
88 107
88 298
88 355
88 410
88 435
88 499
88 594
88 702
88 713
88 771
88 774
88 839
88 968
89 158
89 316
89 556
89 717
89 765
89 796
89 825
89 973
89 984
90 93
90 108
90 143
90 264
90 533
90 683
90 860
91 174
91 348
91 374
91 564
91 617
91 662
91 817
91 845
91 874
92 235
92 328
92 603
92 787
92 927
93 146
93 156
93 165
93 240
93 447
93 549
93 606
93 893
93 902
93 906
93 985
94 245
94 282
94 572
94 666
94 746
94 790
94 847
95 156
95 275
95 543
95 589
95 646
95 661
95 674
95 725
95 777
95 841
95 960
96 118
96 239
96 259
96 309
96 316
96 610
96 635
96 665
96 750
96 903
96 912
97 267
97 280
97 355
97 792
97 829
97 888
97 956
98 163
98 200
98 419
98 435
98 535
98 545
98 855
98 946
99 354
99 403
99 488
99 709
99 751
99 771
100 192
100 200
100 233
100 304
100 354
100 382
100 412
100 529
100 699
100 723
100 753
100 777
100 926
101 460
101 555
101 718
101 855
101 875
101 936
102 182
102 186
102 196
102 254
102 462
102 490
102 529
102 765
102 843
103 150
103 198
103 366
103 418
103 618
103 637
103 663
103 863
103 873
104 218
104 248
104 249
104 542
104 558
104 621
104 639
104 687
104 748
104 834
104 897
104 918
105 147
105 210
105 281
105 344
105 399
105 629
105 727
105 769
105 948
106 150
106 262
106 276
106 397
106 672
106 820
106 857
106 863
106 962
107 303
107 600
107 620
107 625
107 672
107 737
107 755
107 818
107 871
107 966
108 273
108 432
108 484
108 896
108 906
109 187
109 409
109 422
109 512
109 643
109 766
110 131
110 141
110 170
110 240
110 268
110 331
110 569
110 682
110 793
110 896
110 900
111 131
111 147
111 217
111 263
111 301
111 370
111 390
111 396
111 872
112 152
112 271
112 286
112 347
112 406
112 539
112 561
112 594
112 612
112 661
112 708
112 782
112 811
112 856
112 909
112 934
112 985
113 342
113 417
113 612
113 636
113 846
113 868
113 998
114 153
114 188
114 244
114 359
114 594
114 658
114 742
114 767
114 919
115 242
115 409
115 414
115 717
115 916
115 971
115 974
116 153
116 413
116 508
116 691
116 724
116 849
116 858
117 124
117 148
117 157
117 217
117 633
117 681
117 722
117 983
118 234
118 798
118 939
119 288
119 465
119 546
119 579
119 657
119 729
119 792
119 933
120 138
120 326
120 371
120 488
120 694
120 791
120 836
120 944
121 203
121 242
121 246
121 247
121 619
121 760
121 788
121 812
121 975
122 323
122 443
123 186
123 271
123 485
123 502
123 639
123 657
123 713
123 811
123 838
124 138
124 166
124 327
124 802
124 870
124 944
125 142
125 216
125 291
125 373
125 454
125 550
125 599
125 626
125 733
125 763
125 845
125 902
126 201
126 287
126 320
126 338
126 371
126 415
126 450
126 631
126 800
126 855
127 240
127 526
127 576
127 585
127 766
127 831
127 858
128 349
128 444
128 458
128 722
128 768
128 770
128 878
128 919
129 294
129 355
129 364
129 393
129 493
129 506
129 715
129 716
129 790
130 322
130 323
130 327
130 335
130 415
130 673
130 677
130 753
130 809
130 824
130 917
131 176
131 244
131 277
131 546
131 571
131 606
131 614
131 911
132 236
132 324
132 415
132 434
132 495
132 896
132 981
133 149
133 312
133 448
133 635
133 907
134 245
134 414
134 467
134 488
134 504
134 560
134 593
134 674
134 781
134 817
134 891
134 936
134 971
134 981
135 157
135 214
135 338
135 365
135 375
135 446
135 518
135 627
135 652
135 678
135 690
135 940
136 181
136 182
136 203
136 380
136 801
137 245
137 258
137 276
137 300
137 366
137 371
137 394
137 415
137 685
137 929
138 284
138 328
138 563
138 583
138 808
138 934
138 994
139 198
139 417
139 531
139 552
139 610
139 738
139 842
139 888
139 923
139 925
140 212
140 325
140 352
140 546
140 611
140 682
140 793
140 897
141 175
141 326
141 465
141 512
141 681
141 714
141 815
141 992
142 167
142 181
142 236
142 340
142 567
142 742
142 799
142 804
142 816
142 845
142 877
142 968
143 260
143 404
143 513
143 535
143 835
143 891
143 934
143 955
144 222
144 658
144 870
144 922
144 935
145 225
145 307
145 558
145 581
145 669
145 705
145 740
145 994
146 233
146 693
146 807
147 174
147 268
147 399
147 457
148 157
148 228
148 288
148 350
148 354
148 400
148 529
148 608
148 678
148 746
148 806
148 864
149 161
149 165
149 194
149 254
149 390
149 466
149 491
149 553
149 581
149 614
149 884
149 922
149 950
150 200
150 914
151 292
151 319
151 500
151 529
151 585
151 619
151 672
151 760
151 926
152 464
152 628
152 653
152 760
152 773
152 816
152 822
152 881
153 269
153 295
153 494
153 513
153 566
153 723
153 946
153 966
154 300
154 374
154 564
154 777
154 954
155 242
155 479
155 635
155 660
155 681
155 698
155 791
155 909
156 195
156 230
156 269
156 380
156 511
156 910
156 924
157 349
157 510
157 627
157 638
157 960
158 199
158 212
158 337
158 360
158 372
158 588
158 621
158 742
158 787
158 819
159 282
159 452
159 548
159 875
159 982
159 986
160 187
160 199
160 312
160 354
160 469
160 486
160 531
160 619
161 443
161 446
161 511
161 543
161 715
161 746
161 884
161 929
161 968
161 969
162 255
162 365
162 399
162 451
162 490
162 560
162 595
162 639
162 735
162 736
162 946
163 195
163 242
163 252
163 306
163 343
163 386
163 393
163 552
163 558
163 654
163 675
163 775
163 943
164 190
164 193
164 279
164 292
164 518
164 531
164 679
164 711
164 814
164 939
165 357
165 403
165 431
165 521
165 527
165 577
165 578
165 748
165 994
166 170
166 218
166 544
166 550
166 646
166 723
166 859
167 209
167 212
167 429
167 487
167 580
167 637
167 772
167 871
167 911
167 960
168 198
168 297
168 438
168 542
168 577
168 702
168 793
168 819
168 844
168 978
168 999
169 276
169 328
169 378
169 605
169 619
169 663
169 692
169 747
169 780
169 824
169 895
169 978
170 211
170 260
170 269
170 612
170 670
170 745
170 761
170 942
171 316
171 351
171 406
171 432
171 585
171 621
171 742
171 861
172 173
172 182
172 268
172 454
172 501
172 609
172 755
172 927
173 208
173 260
173 263
173 315
173 319
173 524
173 763
173 808
174 205
174 230
174 510
174 518
174 625
174 825
174 839
175 286
175 327
175 473
175 486
176 186
176 212
176 233
176 278
176 442
176 517
176 519
176 529
176 655
176 675
176 731
176 761
176 851
177 303
177 315
177 411
177 497
177 568
177 617
177 727
177 738
177 915
177 934
177 942
177 982
178 238
178 295
178 328
178 369
178 473
178 525
178 750
178 920
178 949
178 979
179 430
179 658
179 837
179 927
180 285
180 349
180 754
180 867
180 923
180 992
181 186
181 196
181 323
181 351
181 535
181 564
181 577
181 621
181 654
181 976
181 981
182 207
182 456
182 482
182 566
182 622
182 694
182 735
182 780
182 957
183 203
183 249
183 293
183 576
183 778
183 853
183 935
184 793
184 836
184 866
185 313
185 461
185 549
185 572
185 698
185 727
185 914
185 924
185 954
186 215
186 234
186 271
186 475
186 498
186 510
186 738
186 779
186 781
186 819
186 872
186 923
186 979
187 237
187 403
187 421
187 540
187 555
187 588
187 604
187 624
187 724
188 231
188 241
188 252
188 325
188 369
188 647
188 884
188 971
189 239
189 450
189 500
189 600
189 714
189 721
189 733
189 817
189 821
189 858
190 344
190 381
190 418
190 516
190 559
190 586
190 634
191 193
191 295
191 330
191 601
191 725
191 792
191 856
192 268
192 278
192 318
192 398
192 500
192 750
192 794
192 878
192 909
192 930
192 977
193 268
193 385
193 401
193 435
193 575
193 585
193 592
193 593
193 884
193 954
194 272
194 482
195 308
195 346
195 354
195 480
195 574
195 780
195 924
196 278
196 374
196 377
196 599
196 758
196 839
196 933
196 984
197 642
197 662
197 669
197 709
197 828
197 835
197 888
197 926
198 357
198 467
198 810
198 850
198 924
199 210
199 281
199 290
199 537
199 761
199 812
199 922
200 394
200 424
200 568
200 625
200 654
200 726
200 807
201 275
201 387
201 520
201 624
201 718
201 738
201 842
202 228
202 540
202 570
202 637
202 798
203 268
203 471
203 574
204 363
204 999
205 353
205 424
205 425
205 444
205 496
205 618
205 797
205 971
206 234
206 271
206 354
206 532
206 711
206 736
206 804
206 806
207 239
207 420
207 446
207 584
207 906
207 986
208 234
208 449
208 551
208 736
208 785
208 873
208 936
208 967
209 422
209 450
209 596
209 666
209 730
209 735
209 826
210 350
210 401
210 653
210 751
211 285
211 382
211 523
211 643
211 646
211 724
211 726
211 818
212 224
212 291
212 433
212 555
212 646
212 882
212 896
213 377
213 401
213 495
213 998
214 276
214 291
214 300
214 349
214 354
214 405
214 432
214 467
214 478
214 585
214 776
214 883
214 968
214 998
215 233
215 266
215 457
215 543
215 772
216 349
216 356
216 402
216 758
216 759
216 925
217 486
217 520
217 641
217 646
217 659
217 673
217 679
217 817
217 818
217 946
218 347
218 371
218 508
218 590
218 591
218 662
219 248
219 281
219 333
219 375
219 427
219 529
219 576
219 892
220 388
220 399
220 459
220 466
220 524
220 588
220 753
220 869
221 339
221 405
221 421
221 448
221 525
221 555
221 683
221 725
221 868
221 973
221 999
222 303
222 310
222 325
222 351
222 455
222 590
222 614
222 659
222 731
222 867
222 963
223 241
223 395
223 510
223 631
223 676
223 686
223 697
223 918
223 953
224 294
224 392
224 496
224 625
224 642
224 653
224 716
224 774
224 802
225 418
225 549
225 647
225 703
225 758
225 871
225 997
226 330
226 413
226 524
226 550
226 603
226 712
226 727
227 249
227 621
227 633
227 698
227 706
227 835
227 930
227 940
228 282
228 341
228 386
228 564
228 670
228 759
228 921
228 941
229 361
229 396
229 960
230 248
230 293
230 377
230 445
230 546
230 567
230 706
230 837
230 863
230 895
230 920
230 968
231 252
231 417
231 555
231 625
231 665
231 925
231 941
231 948
231 969
232 347
232 367
232 390
232 629
232 665
232 672
232 691
232 791
232 811
232 880
232 907
233 257
233 310
233 348
233 435
233 587
233 774
233 940
233 967
234 299
234 444
234 647
234 768
234 905
234 964
235 278
235 379
235 495
235 502
235 524
235 698
235 879
235 921
235 986
235 993
236 530
236 727
236 747
236 976
237 260
237 334
237 560
237 581
237 650
237 797
237 807
237 940
237 978
238 262
238 304
238 423
238 794
238 870
238 897
238 978
239 245
239 254
239 313
239 317
239 336
239 581
239 618
239 687
239 697
240 356
240 771
240 876
240 898
240 974
241 269
241 548
241 665
241 705
241 741
241 755
241 910
241 957
241 988
242 559
242 739
242 808
242 878
243 262
243 281
243 370
243 491
243 563
243 682
243 768
243 803
243 919
244 305
244 329
244 368
244 423
244 691
245 254
245 275
245 322
245 390
245 434
245 540
245 760
245 768
245 788
245 915
246 569
246 590
246 607
246 661
246 766
246 919
246 953
247 343
247 406
247 458
247 743
247 829
247 853
247 855
247 925
247 976
248 459
248 472
248 568
248 575
248 860
248 898
248 927
249 275
249 281
249 296
249 714
249 848
250 343
250 462
250 883
250 980
251 256
251 334
251 415
251 487
251 568
251 628
251 771
251 840
251 844
251 893
251 937
252 273
252 314
252 384
252 420
252 446
252 495
252 555
252 652
252 777
252 818
252 995
253 353
253 356
253 420
253 498
253 545
253 864
254 448
254 454
254 466
254 517
254 560
254 622
254 706
254 707
255 362
255 398
255 470
255 514
255 556
255 613
255 681
255 845
255 895
256 453
256 495
256 496
256 524
256 528
256 610
256 749
256 827
256 832
256 841
257 282
257 406
257 625
257 721
257 774
257 794
257 839
257 931
258 294
258 301
258 347
258 448
258 734
258 884
258 937
258 960
259 391
259 511
259 558
259 630
259 895
259 946
259 958
259 982
260 422
260 525
260 555
261 285
261 315
261 451
261 493
261 525
261 596
261 617
261 847
261 879
261 901
261 906
262 341
262 353
262 376
262 381
262 533
262 694
262 769
263 300
263 377
263 450
263 517
263 531
263 695
263 714
263 776
263 790
263 920
263 996
264 308
264 486
264 558
264 730
264 949
265 319
265 394
265 483
265 512
265 641
265 742
265 745
265 777
265 805
265 980
266 379
266 382
266 588
266 593
266 668
266 684
266 793
266 871
266 941
266 995
267 283
267 310
267 515
267 521
267 622
267 756
268 310
268 311
268 417
268 551
268 629
268 895
268 929
268 957
269 344
269 353
269 407
269 585
269 714
269 773
269 790
269 820
269 996
270 271
270 291
270 461
270 539
270 588
270 878
270 901
270 947
271 485
271 502
271 539
271 767
271 787
271 874
271 886
272 332
272 488
272 551
272 775
272 867
272 904
272 908
272 974
273 376
273 405
273 524
273 526
273 565
273 651
273 662
273 823
274 404
274 626
274 670
274 680
274 715
274 719
274 846
274 919
275 502
275 658
275 910
276 392
276 399
276 829
276 887
276 893
276 896
277 341
277 464
277 571
277 735
277 803
277 870
278 640
278 677
278 795
278 923
279 360
279 410
279 444
279 489
279 722
279 787
279 942
280 366
280 421
280 773
280 995
280 998
281 392
281 561
281 568
281 596
281 633
281 782
281 795
281 841
281 936
282 442
282 526
282 528
282 532
282 689
282 705
282 731
282 813
282 874
282 918
283 293
283 622
283 683
283 690
283 781
283 829
283 904
283 966
284 340
284 364
284 548
284 708
284 731
284 799
284 804
284 850
285 316
285 534
285 544
285 697
285 846
286 435
286 555
286 743
287 359
287 511
287 616
287 646
287 685
287 686
287 734
287 899
288 447
288 461
288 531
288 768
289 469
289 502
289 723
289 799
290 363
290 382
290 462
290 661
290 787
290 826
291 526
291 587
292 578
292 731
292 965
292 994
293 298
293 357
293 492
293 813
293 880
293 969
294 393
294 500
294 783
294 807
294 846
294 915
295 308
295 548
295 655
295 754
295 767
295 802
295 891
295 979
296 343
296 416
296 440
296 562
296 603
296 655
296 688
296 693
296 761
296 944
297 301
297 321
297 343
297 346
297 452
297 641
297 731
297 759
297 769
297 770
297 948
298 432
298 568
298 613
298 912
299 415
299 459
299 489
299 516
299 750
300 301
300 535
300 609
300 623
300 651
301 318
301 461
301 513
301 658
301 671
301 697
301 939
301 944
302 400
302 475
302 652
302 849
302 860
302 875
302 986
303 405
303 434
303 564
303 596
303 677
303 809
303 857
303 975
304 521
304 533
304 560
304 609
304 694
304 784
304 811
305 412
305 742
305 804
305 856
306 334
306 547
306 673
306 882
306 885
306 969
307 316
307 457
307 460
307 512
307 570
307 577
307 735
307 845
308 492
308 522
308 570
308 897
309 539
309 829
309 853
309 941
309 991
310 875
310 886
311 321
311 409
311 421
311 447
311 547
311 620
311 669
311 759
311 967
312 339
312 394
312 741
312 906
312 963
312 998
313 421
313 513
313 580
313 618
313 690
313 696
313 864
313 999
314 404
314 500
314 587
314 807
314 813
314 866
314 886
314 930
314 983
315 435
315 553
315 607
315 817
316 416
316 453
316 584
316 600
316 787
316 978
317 571
317 670
317 689
317 739
317 757
317 863
317 873
318 629
318 761
318 874
318 880
318 897
318 931
319 426
319 588
319 915
320 393
320 414
320 579
320 777
320 780
320 881
321 339
321 514
321 524
321 613
321 644
321 693
322 367
322 444
322 452
322 477
322 606
322 790
322 814
323 407
323 442
323 466
323 575
323 585
323 600
323 607
323 613
323 665
323 752
323 836
323 926
324 637
324 923
325 347
325 412
325 469
325 547
325 739
325 825
325 926
325 993
326 384
326 653
326 824
326 876
327 395
327 477
327 575
327 808
327 823
327 882
328 352
328 663
329 524
329 532
329 546
329 627
329 696
329 780
330 399
330 474
330 538
330 544
330 614
330 773
330 973
331 607
331 716
331 996
332 492
332 592
332 628
332 667
332 695
332 815
332 817
332 854
332 892
332 956
333 421
333 434
333 599
333 791
333 904
333 952
334 481
334 594
334 765
334 919
334 927
334 950
335 350
335 450
335 561
335 616
335 623
335 634
335 717
335 740
335 992
336 347
336 362
336 447
336 451
336 470
336 507
336 533
336 778
336 949
337 420
337 434
337 496
337 635
337 840
338 348
338 377
338 454
338 494
338 507
338 509
338 517
338 642
338 814
338 897
339 386
339 394
339 483
339 576
339 611
340 945
341 439
341 619
341 698
341 749
341 774
341 833
341 927
341 936
341 970
342 410
342 474
342 582
342 613
342 845
342 949
343 555
343 694
343 742
343 838
343 893
343 991
343 999
344 613
344 751
345 389
345 463
345 496
345 579
345 664
345 755
345 806
345 852
345 859
345 888
345 896
345 907
345 982
345 996
346 373
346 438
346 523
346 652
346 666
346 722
346 810
347 400
347 466
347 471
347 537
347 785
348 358
348 530
348 672
348 880
349 451
349 610
349 668
349 672
349 723
349 778
350 419
350 508
350 790
350 833
350 969
351 399
351 768
351 884
351 889
351 893
351 917
351 976
351 996
352 447
352 479
352 502
352 615
352 763
352 807
353 553
353 644
353 753
353 938
354 420
354 448
354 500
354 534
354 642
354 702
354 706
354 802
355 463
355 550
355 627
355 668
355 785
355 901
355 999
356 530
356 685
356 690
356 726
356 997
357 436
357 557
357 618
357 842
357 854
357 914
357 915
357 916
357 962
357 977
358 479
358 542
358 613
358 695
358 814
358 876
358 917
359 383
359 472
359 496
359 651
360 418
360 469
360 483
360 667
360 680
360 836
360 892
360 927
361 647
361 659
361 700
361 725
361 807
361 994
362 379
362 392
362 475
362 567
362 649
362 667
362 784
362 967
363 513
363 514
363 525
363 529
363 537
363 706
363 717
363 972
364 647
364 727
364 913
364 996
365 470
365 495
365 612
365 636
365 762
365 764
365 861
366 374
366 389
366 457
366 524
366 528
366 591
366 698
366 725
366 757
366 769
366 864
367 557
367 724
367 744
367 758
367 816
367 841
367 986
368 408
368 486
368 635
368 724
368 733
369 384
369 527
369 553
369 649
370 372
370 557
370 782
370 890
370 970
371 457
371 506
371 644
371 712
372 391
372 566
372 637
372 753
372 804
372 814
372 874
372 887
372 893
372 938
373 419
373 463
373 511
373 554
373 591
373 634
373 636
373 797
373 850
373 887
374 430
374 440
374 564
374 636
374 641
374 652
374 679
374 776
374 809
374 825
374 865
374 989
374 999
375 474
375 667
375 829
375 893
375 966
375 973
376 475
376 585
376 622
376 846
376 965
377 564
377 624
377 777
378 508
378 623
378 846
378 898
378 904
379 405
379 432
379 433
379 494
379 641
379 654
379 656
380 509
380 518
380 696
380 699
380 729
380 738
380 746
380 834
380 990
381 462
381 615
381 799
381 871
381 907
381 919
381 979
382 389
382 396
382 430
382 799
382 912
382 974
383 613
383 650
383 831
384 433
384 558
384 590
384 631
384 644
384 646
384 763
384 769
384 781
384 977
385 462
385 790
385 815
385 859
385 872
385 909
386 451
386 508
386 728
386 775
386 818
386 835
386 889
386 917
386 920
387 391
387 501
387 507
387 609
387 610
387 728
387 919
388 728
388 822
388 837
389 845
390 609
390 641
390 650
390 939
391 426
391 477
391 505
391 537
391 683
391 765
391 781
392 486
392 611
392 681
392 804
392 881
393 584
393 634
393 656
393 736
393 827
393 873
394 499
394 538
394 577
394 631
394 878
394 963
394 993
395 523
395 530
395 613
395 731
395 767
395 783
395 880
395 948
396 404
396 565
396 568
396 581
396 641
396 765
396 806
396 974
397 411
397 422
397 550
397 801
397 899
397 916
398 510
398 688
398 818
398 925
399 468
399 634
399 687
399 772
399 851
400 466
400 631
400 668
400 729
400 735
400 898
400 981
401 410
401 451
401 490
401 516
401 529
401 625
401 701
402 505
402 742
402 761
402 789
402 808
403 591
403 675
403 736
403 757
404 484
404 487
404 625
404 694
404 742
404 852
404 883
404 914
405 556
405 677
405 698
405 713
406 441
406 454
406 485
406 623
406 740
406 838
406 926
406 945
406 979
406 992
407 408
407 427
407 707
407 731
407 873
407 960
408 427
408 450
408 486
408 565
408 811
408 850
408 915
408 937
408 958
408 988
409 433
409 477
409 596
409 708
409 767
409 775
409 782
409 957
410 461
410 615
410 644
410 667
410 694
410 696
410 751
410 767
410 816
411 430
411 494
411 600
411 680
411 738
411 848
411 875
411 905
411 952
412 520
412 576
412 757
413 545
413 573
413 579
413 597
413 601
413 748
413 768
413 886
413 944
413 997
414 468
414 484
414 511
414 668
414 707
414 810
414 877
414 920
414 989
415 495
415 501
415 678
415 799
416 545
416 727
416 737
416 756
416 796
416 937
417 582
417 664
417 865
417 911
418 527
418 606
418 677
418 685
418 705
418 821
418 924
418 944
419 472
419 525
419 755
419 780
419 824
419 879
420 593
421 593
421 639
421 654
421 768
421 898
421 952
421 998
422 516
422 595
422 621
422 809
422 828
423 645
423 806
423 846
423 902
423 936
423 990
424 693
424 809
424 828
425 436
425 473
425 594
425 703
425 988
426 441
426 793
426 934
426 966
427 560
427 716
427 740
427 826
427 872
427 896
427 919
428 442
428 453
428 496
428 508
428 569
428 732
428 875
428 959
428 986
428 987
429 501
429 588
429 858
429 957
430 552
430 729
430 731
430 885
430 941
431 533
431 539
431 680
431 708
431 923
431 951
431 981
432 603
432 649
432 806
432 840
432 842
432 847
432 865
432 926
432 950
433 560
433 665
433 670
433 709
433 752
433 949
434 482
434 488
434 674
434 869
434 949
435 557
435 588
435 695
435 898
436 455
436 472
436 479
436 772
436 903
437 443
437 463
437 909
437 924
438 472
438 599
438 713
438 730
438 952
438 994
439 646
439 712
439 802
439 859
439 914
439 981
440 501
440 565
440 579
440 714
440 812
440 904
440 960
441 505
441 574
441 621
441 683
441 758
441 816
442 582
442 633
442 730
442 754
442 848
442 945
442 958
442 973
443 773
443 882
443 981
444 500
444 506
444 936
445 466
445 663
445 747
446 551
446 576
446 818
446 923
447 458
447 951
448 630
448 661
448 724
448 903
449 601
449 671
449 951
450 460
450 490
450 655
450 765
450 809
450 826
450 902
451 550
451 579
451 619
451 704
451 763
451 927
451 941
452 465
452 718
452 897
452 900
452 968
453 478
453 609
453 633
453 742
453 783
453 860
453 927
453 948
453 975
454 538
454 570
454 617
454 645
454 664
455 599
455 720
455 789
455 795
455 873
455 940
456 498
456 583
456 737
456 793
456 878
456 897
457 496
457 557
457 834
457 836
457 885
457 926
457 954
458 624
458 692
458 947
458 977
459 477
459 561
459 955
459 966
460 523
460 585
460 598
460 697
460 734
460 754
460 773
460 812
460 836
460 952
460 968
461 505
461 538
461 653
461 659
461 840
461 845
461 921
462 636
462 643
462 740
462 883
463 553
463 562
463 797
463 892
463 916
463 962
463 966
464 624
464 710
464 905
464 959
465 616
465 634
465 786
466 484
466 508
466 672
466 687
466 970
467 886
468 820
468 835
468 881
469 527
469 531
469 834
469 835
469 869
470 838
470 903
470 995
471 549
471 610
471 641
471 731
471 807
471 868
472 626
472 639
472 701
472 727
472 822
472 870
473 541
473 680
473 786
473 818
473 847
474 519
474 841
474 918
475 647
475 678
475 812
475 837
475 842
475 973
476 725
476 878
476 893
476 936
476 937
476 939
477 572
477 645
477 666
477 670
477 799
477 824
477 825
477 836
477 837
477 938
478 482
478 550
478 559
478 561
478 676
478 733
478 802
478 917
479 489
479 762
479 871
480 615
480 668
480 691
480 878
480 920
481 495
481 732
481 792
481 806
481 978
481 997
482 572
482 574
482 603
482 652
482 662
482 811
482 973
483 570
483 608
483 675
483 771
483 851
483 875
484 595
484 625
484 675
484 784
484 785
484 863
484 907
484 992
485 500
485 533
485 547
485 616
485 635
485 680
485 751
485 804
485 852
485 874
485 875
486 617
486 627
486 730
486 849
486 921
487 533
487 579
487 600
487 647
487 902
487 909
488 571
488 831
488 894
489 548
489 831
489 847
489 914
490 540
490 575
490 612
490 822
490 832
490 959
490 988
491 686
492 771
492 841
492 842
492 844
493 892
493 909
493 926
493 946
494 685
494 714
494 825
494 897
495 700
495 792
495 917
495 923
495 925
496 899
496 909
496 915
496 990
497 628
497 630
497 652
497 657
497 738
497 741
497 815
497 819
497 933
497 969
498 666
498 709
498 710
498 840
498 890
498 944
498 955
498 958
498 963
498 973
498 999
499 527
499 559
499 708
499 776
499 890
499 962
500 746
500 867
500 972
500 984
501 649
501 717
501 733
501 932
502 573
502 899
502 913
502 915
503 610
503 638
503 693
504 534
504 692
504 715
504 891
505 815
505 818
505 822
505 845
505 852
506 593
506 631
506 745
506 777
506 815
507 591
507 621
507 654
507 711
507 900
507 999
508 559
508 753
508 945
509 588
509 702
509 869
509 888
510 537
510 547
510 650
510 661
510 674
510 771
510 936
511 545
511 651
511 846
511 967
512 602
512 808
512 856
512 934
513 531
513 756
513 976
514 644
514 673
514 680
514 732
514 756
514 768
514 900
514 987
515 541
515 553
515 610
515 651
515 880
515 920
516 611
516 648
516 865
517 535
517 617
517 694
518 765
518 799
518 828
518 899
518 973
518 975
518 986
519 613
519 630
519 638
519 678
519 690
519 732
519 834
519 870
520 554
520 567
520 766
520 913
521 537
521 594
521 618
521 778
521 908
521 931
521 955
522 537
522 821
522 994
523 545
523 730
523 838
523 850
524 720
524 837
524 955
524 967
525 630
525 846
525 885
525 979
526 934
526 942
527 660
527 801
527 933
528 556
528 625
528 887
528 890
529 671
529 693
529 763
529 833
529 976
530 736
530 860
530 865
530 919
531 909
531 974
532 610
532 665
532 720
532 821
532 846
533 548
533 739
533 966
533 996
534 593
534 700
534 778
535 572
535 606
535 878
535 978
536 566
536 686
536 745
536 944
537 564
537 748
537 755
537 823
537 863
537 868
537 979
537 981
538 550
538 624
538 706
538 750
538 773
538 779
538 921
539 543
539 594
539 891
539 986
540 572
540 657
540 827
540 960
541 895
541 964
542 572
542 676
542 929
542 976
543 566
543 654
543 761
543 797
543 895
543 931
543 948
544 634
544 771
544 936
544 942
545 642
545 703
546 673
546 674
546 746
546 788
546 955
546 989
547 577
547 692
547 703
547 791
547 797
547 798
547 842
548 627
548 629
548 813
548 925
548 944
548 997
549 726
550 609
550 612
550 618
550 679
550 843
550 989
551 831
551 874
552 677
552 876
552 884
552 995
553 589
553 591
553 721
553 822
554 608
554 798
554 812
554 816
554 837
554 856
554 959
555 598
555 626
555 640
555 653
555 675
555 726
556 637
557 572
557 649
557 698
557 737
557 901
557 948
558 626
558 646
558 674
558 840
558 864
558 925
559 615
559 673
559 707
559 826
559 894
559 944
560 564
560 620
560 717
560 884
560 966
560 976
561 803
561 831
561 853
562 576
562 634
562 673
562 694
562 835
562 938
563 644
563 807
563 818
563 976
564 676
564 926
565 771
565 956
565 967
565 987
566 642
566 644
566 662
566 731
566 733
566 778
566 825
566 953
567 577
567 601
567 673
567 784
567 912
567 975
568 572
568 628
568 950
569 593
569 822
569 841
569 857
569 868
569 936
569 940
570 791
571 573
571 588
571 627
571 645
571 799
571 811
571 828
571 841
571 862
571 916
571 961
572 614
572 646
572 652
572 658
572 660
572 807
572 864
573 667
573 712
573 752
573 790
573 830
573 848
573 881
574 693
574 974
575 762
575 784
575 797
576 869
576 932
577 688
577 800
577 806
577 835
577 998
578 783
578 922
579 686
579 854
579 887
580 617
580 768
580 918
580 957
580 995
581 680
581 872
582 615
582 705
582 708
582 781
582 786
582 805
583 599
583 607
583 640
583 693
583 785
583 797
583 833
583 877
583 895
584 638
584 785
584 817
584 887
584 967
585 781
585 811
585 831
585 848
585 935
586 618
586 769
586 789
586 944
586 989
586 993
587 722
587 807
587 912
587 918
588 833
588 837
588 882
588 937
589 689
589 763
589 846
589 898
590 700
590 731
590 867
590 895
591 747
591 758
591 796
591 825
591 826
591 926
591 944
591 986
592 653
592 654
592 712
592 763
592 766
592 783
592 885
592 985
593 613
593 799
593 847
593 883
593 916
593 940
593 957
594 884
594 920
594 946
594 994
595 681
595 733
595 953
596 618
596 753
596 784
596 792
596 884
597 609
597 669
597 682
597 690
597 776
598 667
598 714
598 880
599 805
599 807
599 910
599 929
601 731
601 766
601 858
601 864
601 887
601 904
601 999
602 756
602 883
602 974
603 626
603 813
604 755
604 823
604 899
604 975
605 606
605 607
605 686
605 735
606 633
606 736
606 768
606 912
606 917
606 951
606 963
607 654
607 995
608 709
608 912
609 756
609 784
609 936
610 614
610 673
610 758
610 770
610 929
611 621
611 787
611 809
611 816
611 817
611 876
611 925
611 982
612 659
612 741
612 845
613 708
613 731
613 743
613 925
613 971
614 710
614 790
614 792
614 901
616 675
616 714
616 800
616 863
616 867
616 871
616 928
616 986
617 737
618 667
618 773
618 805
618 873
618 893
619 641
619 663
619 752
619 872
619 905
619 942
620 658
620 668
620 679
620 869
620 877
620 878
622 625
622 628
622 719
622 763
622 789
622 876
622 904
622 990
623 663
623 666
623 762
623 790
623 901
624 631
624 632
624 754
624 853
624 871
624 915
625 679
625 682
625 702
625 855
626 792
626 947
626 963
627 633
627 730
627 734
627 929
627 960
628 633
628 642
628 647
628 680
628 930
628 967
629 762
629 778
629 823
629 845
629 959
630 753
630 795
630 915
631 742
631 744
631 793
632 730
632 759
632 951
632 969
632 992
633 694
633 702
633 723
633 772
633 790
633 844
633 862
633 949
633 989
634 637
634 773
634 811
635 705
635 834
636 802
636 860
636 893
637 762
637 879
638 670
638 687
638 911
638 930
638 951
639 730
639 743
639 848
639 869
640 749
640 866
640 872
640 878
640 898
640 960
641 738
641 757
642 674
642 681
642 715
642 909
642 952
643 769
643 793
643 900
644 661
644 827
644 937
645 711
645 753
645 936
646 713
646 845
646 846
646 889
646 922
646 932
646 963
647 817
647 976
648 752
648 765
648 794
648 838
648 876
648 924
649 962
650 720
650 948
650 994
651 828
652 669
652 719
652 938
653 934
654 663
654 707
654 829
654 940
655 678
655 715
655 797
655 850
655 976
656 799
657 711
658 755
658 779
659 805
659 910
660 775
660 928
661 670
661 689
661 712
661 813
661 852
661 886
661 963
662 753
662 823
662 975
663 762
663 869
663 899
664 727
664 810
664 878
664 920
664 926
664 946
664 973
665 675
665 710
665 801
665 847
665 935
666 770
666 775
666 880
666 966
667 814
668 686
668 744
668 911
668 924
668 956
669 740
669 958
670 713
670 830
670 913
670 962
670 993
672 965
673 765
673 812
673 829
674 715
674 848
674 875
674 933
675 682
675 818
676 678
676 726
676 734
676 800
676 895
676 969
678 798
678 830
678 891
679 732
679 761
679 765
679 774
679 947
680 740
680 822
680 843
680 907
680 909
680 954
680 956
680 966
681 694
681 776
681 928
681 959
681 972
682 711
682 823
682 844
682 846
682 959
683 989
684 730
685 697
685 787
685 939
685 946
686 718
686 764
686 842
686 844
686 969
686 975
687 935
688 719
689 704
689 929
689 953
689 990
690 854
690 873
690 998
691 729
691 842
692 830
693 770
693 862
694 784
694 814
694 945
694 989
694 997
695 828
695 841
695 950
696 748
696 756
696 777
696 785
696 853
696 962
696 969
696 972
697 802
697 807
697 858
697 864
697 982
698 713
698 829
698 895
698 934
699 730
699 843
699 887
699 953
700 775
700 791
700 881
700 891
700 991
701 785
701 890
701 964
702 813
702 886
703 723
703 750
704 727
704 827
704 869
705 875
705 928
705 954
706 909
706 917
707 788
707 895
708 902
709 847
709 898
709 968
709 974
711 743
712 857
712 886
713 818
713 879
714 882
714 905
715 867
716 904
716 976
717 758
717 801
717 933
718 917
718 935
719 735
719 789
719 857
720 801
720 824
720 845
720 912
720 935
721 807
721 875
721 902
722 786
723 826
724 746
724 811
724 836
724 913
724 958
724 964
725 976
726 763
726 884
726 947
727 775
728 803
728 808
728 991
730 993
731 883
732 795
733 819
733 861
734 750
734 798
734 927
735 864
736 781
736 844
736 960
737 750
737 760
737 811
737 889
737 964
738 807
738 981
739 780
739 806
740 910
741 814
741 837
742 791
742 865
743 775
743 805
743 872
743 979
744 783
744 790
744 839
744 903
744 944
745 779
745 845
745 930
747 752
747 761
747 767
747 856
748 751
748 984
749 983
750 894
750 910
750 983
751 821
752 761
752 770
752 889
753 794
753 896
753 969
754 927
754 978
755 856
755 988
756 795
756 867
756 881
756 968
757 824
757 939
757 986
758 821
758 958
758 982
759 789
759 828
759 832
759 855
759 937
760 841
760 845
760 875
760 903
760 965
761 806
762 833
762 834
762 943
763 772
764 834
764 869
764 889
764 955
765 955
766 772
766 833
766 854
767 770
767 909
768 823
768 901
769 821
769 943
769 954
770 794
770 866
770 917
771 824
772 815
772 965
772 991
773 785
773 828
773 868
773 958
774 891
774 946
775 825
775 861
776 786
776 832
776 870
776 880
777 816
777 963
778 780
778 883
778 891
778 972
779 885
779 908
779 923
779 963
780 819
781 845
782 841
782 917
782 996
783 954
783 991
784 802
784 820
784 898
784 911
784 961
784 970
785 848
785 877
785 943
786 902
786 914
786 945
787 973
788 795
788 844
788 874
788 974
789 843
789 954
790 810
790 893
790 897
790 938
791 833
791 888
791 962
791 964
792 821
792 846
792 872
793 935
794 815
794 943
795 896
795 933
795 957
795 983
796 835
796 845
796 887
797 844
797 876
797 949
798 909
798 987
801 904
802 875
804 854
804 863
804 928
805 920
806 835
806 846
806 867
807 857
809 832
809 963
810 903
810 913
811 827
812 847
812 927
814 833
815 890
815 915
816 826
816 852
816 857
816 955
816 997
817 943
818 965
819 867
819 940
820 933
820 973
820 984
821 899
821 971
821 972
821 974
822 957
822 972
823 896
824 883
825 988
827 975
828 904
828 948
829 832
829 850
830 978
830 997
832 936
832 994
833 840
833 905
835 862
835 948
835 972
836 927
836 965
836 994
837 839
840 892
840 932
841 872
841 933
842 869
842 905
843 900
843 906
843 950
844 952
844 955
844 977
845 855
845 878
845 942
846 973
847 911
849 930
850 855
850 918
850 931
851 873
851 938
853 976
853 988
854 882
854 903
854 944
855 887
855 904
856 936
857 874
860 873
860 954
860 957
862 865
862 918
863 871
863 894
864 940
865 954
865 981
866 927
866 940
868 937
869 882
869 899
869 905
869 980
870 873
870 893
871 930
871 963
871 985
872 962
873 912
874 995
875 925
875 934
876 901
876 950
876 991
878 912
878 988
879 963
880 897
880 960
883 890
884 918
885 898
885 940
885 953
886 954
888 913
889 918
890 924
890 941
891 964
892 967
893 938
893 971
894 949
895 966
899 913
900 976
901 929
902 929
903 913
903 939
905 936
905 967
905 990
906 978
907 956
908 998
909 961
913 977
916 940
917 926
917 932
917 970
921 933
924 981
925 964
926 967
927 982
927 992
928 975
931 939
932 960
932 961
932 969
932 970
933 936
935 982
941 948
942 988
946 970
946 996
947 989
948 986
951 989
954 969
958 969
958 984
959 997
962 996
963 969
963 971
964 987
967 974
972 977
975 997
975 999
982 983
987 998
0
10 999
