1000	5049	 1
0 3
0 126
0 199
0 361
0 431
0 509
0 575
0 627
0 663
0 681
0 729
0 774
0 837
0 876
1 21
1 72
1 78
1 190
1 247
1 267
1 294
1 331
1 406
1 458
1 730
2 47
2 63
2 496
2 679
2 803
2 868
3 81
3 150
3 206
3 821
4 102
4 376
4 500
4 764
4 811
4 988
5 23
5 190
5 206
5 209
5 244
5 293
5 400
5 409
5 828
5 918
6 25
6 267
6 291
6 313
6 441
6 634
6 661
6 815
6 854
6 890
7 10
7 314
7 382
7 416
7 477
7 494
7 590
7 637
7 679
7 712
7 734
7 824
8 153
8 224
8 239
8 408
8 446
8 475
8 503
8 537
8 623
8 636
8 664
8 742
8 758
8 879
8 891
9 46
9 238
9 328
9 392
9 546
9 617
9 720
10 144
10 193
10 340
10 370
10 379
10 383
10 515
10 548
10 658
10 661
10 701
10 787
11 66
11 109
11 207
11 464
11 689
11 966
11 981
11 992
12 21
12 285
12 648
12 721
12 834
12 988
13 62
13 107
13 465
13 584
13 606
13 665
13 731
13 747
13 780
13 857
13 984
14 22
14 61
14 70
14 211
14 264
14 357
14 411
14 423
14 443
14 450
14 558
14 767
14 960
14 964
15 52
15 149
15 502
15 612
15 617
15 621
15 643
15 805
15 831
15 832
15 885
15 893
16 52
16 143
16 362
16 415
16 435
16 509
16 645
16 656
16 758
17 115
17 135
17 296
17 331
17 366
17 684
17 801
18 74
18 143
18 214
18 239
18 327
18 389
18 622
18 680
18 790
18 812
18 951
18 955
18 997
19 128
19 142
19 203
19 216
19 334
19 454
19 678
19 763
19 851
19 881
19 973
20 125
20 516
20 611
20 622
20 648
20 704
20 735
20 835
20 842
20 858
21 52
21 102
21 122
21 238
21 311
21 340
21 582
21 587
21 618
21 641
21 684
21 963
22 168
22 173
22 249
22 276
22 307
22 371
22 384
22 398
22 695
22 797
22 857
22 911
23 169
23 270
23 336
23 380
23 443
23 477
23 779
23 848
23 850
23 885
23 921
24 380
24 501
24 508
24 831
24 897
24 898
24 908
24 967
25 200
25 338
25 604
26 54
26 266
26 306
26 328
26 341
26 409
26 465
26 651
26 652
26 711
26 832
26 992
26 999
27 177
27 341
27 405
27 490
27 505
27 578
27 600
27 646
27 657
27 813
27 919
27 978
28 110
28 140
28 409
28 453
28 485
28 506
28 586
28 727
28 895
28 979
29 148
29 485
29 514
29 648
29 687
29 821
29 965
29 977
30 108
30 288
30 446
30 681
30 710
30 714
30 768
30 927
31 56
31 136
31 140
31 189
31 290
31 513
31 597
31 689
31 835
31 849
31 852
32 71
32 124
32 134
32 136
32 143
32 204
32 277
32 347
32 554
32 610
32 661
32 731
32 817
32 882
32 941
32 957
33 137
33 172
33 224
33 480
33 609
33 639
33 706
33 740
33 982
33 983
34 98
34 197
34 455
34 529
34 635
34 693
34 780
34 798
34 808
34 958
35 134
35 153
35 279
35 315
35 439
35 610
35 681
35 858
35 880
35 913
36 69
36 103
36 128
36 378
36 387
36 419
36 699
36 735
36 778
36 939
37 47
37 177
37 419
37 710
37 726
37 793
38 265
38 315
38 490
38 507
38 529
38 595
38 614
38 670
38 671
38 731
38 761
38 769
39 57
39 65
39 83
39 85
39 91
39 323
39 466
39 534
39 539
39 540
39 635
39 646
39 820
39 837
40 117
40 361
40 463
40 474
40 476
40 576
40 702
40 708
40 717
40 898
40 906
41 107
41 121
41 275
41 315
41 429
41 675
41 800
42 66
42 86
42 100
42 142
42 422
42 502
42 523
42 568
42 593
42 708
42 764
42 839
42 998
43 76
43 117
43 156
43 322
43 355
43 541
43 648
43 746
43 840
44 69
44 193
44 235
44 282
44 377
44 455
44 663
44 865
44 883
44 888
44 933
45 349
45 449
45 468
45 473
45 529
45 612
45 777
45 792
45 807
45 934
45 949
46 69
46 256
46 380
46 425
46 490
46 502
46 571
47 141
47 157
47 161
47 240
47 306
47 330
47 474
47 563
47 615
47 689
47 706
47 719
47 788
47 824
47 926
47 964
48 162
48 257
48 450
48 604
48 667
48 917
49 95
49 446
49 556
49 608
49 638
49 644
49 653
49 704
49 732
49 741
49 772
49 813
49 891
49 957
50 75
50 176
50 696
50 732
50 770
50 771
50 854
50 894
51 138
51 192
51 429
51 765
51 778
51 912
52 54
52 67
52 154
52 260
52 266
52 406
52 505
52 527
52 577
52 704
53 57
53 163
53 290
53 339
53 348
53 392
53 585
53 609
53 613
53 761
53 848
53 870
53 883
53 939
53 986
54 112
54 156
54 162
54 223
54 317
54 520
54 563
54 573
54 650
54 660
54 696
54 807
54 894
55 88
55 113
55 231
55 360
55 407
55 623
55 732
55 854
56 138
56 199
56 246
56 346
56 435
56 500
56 602
56 688
56 960
57 121
57 147
57 151
57 182
57 210
57 229
57 322
57 421
57 486
57 512
57 679
57 916
58 336
58 420
58 586
58 676
59 94
59 104
59 152
59 264
59 298
59 356
59 383
59 494
59 514
59 681
59 838
59 916
59 920
59 975
60 382
60 542
60 807
61 76
61 264
61 306
61 396
61 419
61 580
61 762
61 764
61 841
61 918
62 194
62 445
62 455
62 546
62 590
62 605
62 726
62 817
62 979
62 985
63 246
63 343
63 354
63 482
63 555
63 678
63 681
63 728
63 749
63 937
64 159
64 180
64 473
64 577
64 689
64 732
64 878
64 957
65 100
65 140
65 220
65 237
65 241
65 314
65 475
65 512
65 561
65 716
65 823
65 847
66 361
66 590
66 975
67 149
67 197
67 592
67 596
67 626
67 718
67 828
67 830
67 865
67 980
68 147
68 215
68 294
68 350
68 462
68 549
68 669
68 715
68 747
68 840
68 923
68 927
69 76
69 152
69 163
69 240
69 330
69 362
69 403
69 435
69 448
69 676
69 755
69 824
69 839
69 888
69 941
69 959
70 109
70 150
70 186
70 199
70 426
71 218
71 289
71 338
71 481
71 540
71 687
71 830
71 948
71 965
72 147
72 291
72 316
72 466
72 499
72 709
72 977
72 983
73 531
73 909
74 201
74 252
74 314
74 366
74 518
74 644
74 673
74 882
75 151
75 184
75 203
75 321
75 359
75 368
75 381
75 786
76 144
76 198
76 290
76 366
76 423
76 457
76 555
76 704
76 769
76 779
76 811
77 138
77 196
77 331
77 582
77 722
77 732
77 972
78 141
78 153
78 311
78 314
78 412
78 460
78 766
78 797
78 837
78 900
79 195
79 201
79 235
79 421
79 458
79 535
79 573
79 956
80 176
80 199
80 206
80 319
80 330
80 391
80 407
80 447
80 700
80 715
81 88
81 736
81 747
81 940
81 981
82 85
82 135
82 260
82 306
82 630
82 665
82 729
82 841
82 864
83 173
83 363
83 375
83 482
83 574
83 759
83 931
83 957
84 150
84 209
84 229
84 265
84 328
84 416
84 520
84 664
84 727
84 743
84 853
84 972
85 131
85 156
85 374
85 458
85 513
85 600
85 643
85 718
85 881
85 968
86 155
86 229
86 321
86 427
86 608
86 927
87 374
87 422
87 551
87 692
87 807
87 905
87 946
88 97
88 168
88 201
88 220
88 245
88 518
88 522
88 614
88 655
88 682
88 801
88 877
88 931
89 204
89 239
89 315
89 687
89 891
89 904
89 935
90 285
90 293
90 320
90 504
90 824
90 870
91 250
91 278
91 324
91 451
91 470
91 869
91 914
91 917
92 198
92 292
92 294
92 395
92 427
92 428
92 601
92 965
93 153
93 155
93 169
93 210
93 225
93 254
93 278
93 363
93 598
93 775
93 804
93 969
93 979
94 120
94 135
94 174
94 198
94 214
94 268
94 336
94 459
94 475
94 508
94 535
94 666
94 693
94 989
95 237
95 254
95 256
95 365
95 563
95 868
96 262
96 459
96 531
96 585
96 679
96 767
96 838
97 160
97 209
97 326
97 336
97 446
97 453
97 632
97 646
97 775
97 841
97 898
98 206
98 308
98 410
98 415
98 457
98 536
98 565
98 690
98 836
98 992
99 296
99 632
99 635
99 646
99 992
100 169
100 172
100 180
100 535
101 256
101 307
101 333
101 485
101 498
101 530
101 533
101 737
101 859
102 127
102 181
102 339
102 356
102 408
102 496
102 644
102 652
102 864
102 932
103 106
103 138
103 256
103 267
103 425
103 471
103 515
103 637
103 901
104 128
104 172
104 186
104 400
104 473
104 517
104 588
104 594
104 718
104 772
104 946
105 278
105 289
105 382
105 398
105 664
105 725
105 787
105 959
105 970
106 238
106 564
106 703
106 793
107 170
107 462
107 467
107 937
108 187
108 492
108 550
108 584
108 609
108 680
109 183
109 244
109 260
109 359
109 466
109 481
109 521
109 542
109 558
109 937
110 254
110 476
110 497
110 726
110 827
110 871
110 888
111 659
111 768
111 826
111 871
112 154
112 186
112 272
112 365
112 467
112 569
112 587
112 844
113 228
113 386
113 462
113 519
113 531
113 552
113 555
113 608
113 622
113 688
113 741
113 784
113 789
113 860
113 977
114 168
114 376
114 404
114 544
114 776
114 956
115 161
115 203
115 255
115 320
115 382
115 423
115 546
115 654
115 740
115 841
116 167
116 221
116 363
116 366
116 548
116 736
116 792
116 928
117 122
117 219
117 356
117 361
117 477
117 626
117 657
117 741
117 842
117 889
118 140
118 274
118 406
118 434
118 605
118 612
118 841
118 847
118 863
119 122
119 366
119 393
119 427
119 634
119 641
119 896
119 967
120 151
120 510
120 541
120 661
120 780
120 831
120 870
120 928
120 999
121 659
121 857
121 882
122 171
122 213
122 376
122 464
122 566
122 585
122 843
122 864
122 905
123 188
123 219
123 334
123 359
123 656
123 672
123 727
123 822
123 897
123 938
123 954
124 145
124 177
124 603
124 763
124 779
124 957
124 999
125 595
125 628
125 725
125 786
125 850
125 889
126 209
126 321
126 329
126 398
126 552
126 633
126 681
126 705
126 872
127 170
127 180
127 426
127 460
127 530
127 620
127 806
128 208
128 214
128 245
128 302
128 339
128 354
128 509
128 751
128 847
128 927
129 458
129 516
129 579
129 612
129 646
129 676
129 753
129 776
129 789
129 792
129 815
129 932
130 141
130 368
130 423
130 447
130 475
130 607
130 658
130 759
130 791
130 974
131 200
131 235
131 438
131 533
131 596
131 806
131 866
131 981
132 436
132 466
132 543
132 577
132 762
133 155
133 156
133 297
133 314
133 569
133 597
133 778
133 843
133 988
134 241
134 319
134 391
134 498
134 626
134 636
134 719
134 821
134 978
135 165
135 175
135 316
135 410
135 449
135 464
135 480
135 526
135 850
135 898
135 946
135 964
136 165
136 264
136 272
136 310
136 344
136 429
136 502
136 782
136 993
137 189
137 271
137 421
137 429
137 595
137 870
138 177
138 288
138 349
138 380
138 411
138 436
138 442
138 467
138 678
138 893
139 355
139 423
139 767
139 818
139 941
140 149
140 160
140 515
140 516
140 703
140 737
140 800
140 815
140 916
141 213
141 294
141 610
141 651
141 653
141 700
141 707
141 831
142 255
142 259
142 365
142 368
142 422
142 489
142 532
142 679
142 840
142 849
142 943
143 162
143 216
143 387
143 537
143 643
143 646
143 833
143 980
144 230
144 237
144 296
144 479
144 516
144 673
144 715
144 776
144 809
144 869
144 894
145 392
145 404
145 426
145 452
145 559
145 629
145 696
145 791
145 803
145 831
145 904
146 255
146 373
146 389
146 415
146 421
146 551
146 602
146 664
146 877
146 912
146 993
147 193
147 280
147 420
147 600
147 625
147 686
147 710
147 768
147 869
147 925
148 177
148 182
148 207
148 359
148 491
148 568
148 842
148 883
148 891
149 155
149 211
149 225
149 480
149 531
149 877
150 189
150 439
150 549
150 757
150 870
150 945
151 541
151 626
151 696
151 764
151 939
152 209
152 263
152 448
152 459
152 464
152 619
152 699
152 768
152 829
152 852
152 963
153 156
153 193
153 327
153 531
153 631
153 651
153 786
153 882
153 908
154 453
154 647
154 649
154 707
154 740
154 796
154 800
154 810
154 884
154 963
155 255
155 675
155 783
155 880
156 200
156 579
156 639
156 767
156 790
156 966
156 967
157 246
157 323
157 344
157 398
157 451
157 466
157 515
157 547
157 644
157 770
158 188
158 205
158 282
158 318
158 395
158 420
158 674
158 904
158 988
159 351
159 436
159 502
159 597
159 604
159 701
159 786
159 805
160 181
160 197
160 251
160 283
160 299
160 412
160 686
160 846
160 895
160 984
161 249
161 489
161 527
161 682
161 781
161 874
162 465
162 771
162 778
162 831
162 897
163 286
163 351
163 408
163 513
163 760
163 775
163 789
164 326
164 361
164 368
164 425
164 580
164 687
164 967
165 201
165 406
165 488
165 568
165 595
165 821
165 847
165 875
166 210
166 226
166 464
166 718
166 782
166 845
166 978
167 235
167 318
167 341
167 447
167 550
167 627
167 744
168 218
168 514
168 683
168 747
168 784
168 868
169 286
169 350
169 479
169 647
169 683
169 720
169 758
169 987
170 229
170 362
170 549
170 558
170 571
170 601
170 604
170 689
170 710
170 743
170 770
170 835
170 934
170 980
171 179
171 222
171 267
171 543
171 574
171 784
171 940
172 322
172 365
172 372
172 399
172 409
172 576
172 663
172 768
172 846
172 917
172 961
172 994
173 175
173 191
173 298
173 430
173 431
173 566
173 616
173 641
173 780
173 786
173 816
173 823
174 437
174 583
174 688
174 746
175 182
175 219
175 262
175 508
175 620
175 752
176 333
176 353
176 400
176 458
176 531
176 724
176 869
176 896
176 969
177 564
177 627
177 693
177 875
177 920
177 931
177 966
178 324
178 548
178 570
178 637
178 668
178 733
178 908
178 926
179 237
179 322
179 658
179 733
179 780
179 902
179 910
179 964
179 992
180 532
180 595
180 651
180 669
180 698
180 772
180 879
180 964
180 970
181 185
181 248
181 311
181 335
181 470
181 471
181 533
181 536
181 656
181 700
181 940
182 525
182 612
182 695
182 995
183 225
183 246
183 284
183 382
183 741
183 775
183 916
183 918
184 292
184 326
184 651
184 680
184 692
184 728
184 753
184 775
184 795
184 898
185 190
185 363
185 375
185 419
185 446
185 460
185 732
185 733
185 782
185 818
185 930
185 972
186 388
186 402
186 449
186 491
186 556
186 620
186 670
186 806
187 233
187 243
187 805
187 864
187 924
187 935
187 964
188 371
188 757
189 273
189 352
189 623
189 761
189 815
189 924
190 288
190 801
190 844
190 880
191 324
191 330
191 402
191 762
191 806
192 205
192 314
192 336
192 383
192 394
192 459
192 670
192 940
193 357
193 497
193 627
193 673
193 737
193 798
193 901
193 983
194 229
194 508
194 877
194 889
194 908
195 385
195 482
195 483
195 488
195 653
195 765
195 846
195 936
196 229
196 288
196 396
196 878
196 907
197 247
197 296
197 349
197 568
197 769
197 775
197 822
197 920
198 262
198 281
198 482
198 716
198 831
198 918
198 996
199 211
199 234
199 328
199 365
199 410
199 459
199 460
199 699
199 795
199 853
199 989
199 993
200 599
200 805
200 838
200 980
201 208
201 228
201 256
201 345
201 365
201 477
201 665
201 704
201 718
201 771
201 808
201 825
201 862
201 877
202 358
202 878
202 914
203 299
203 696
203 734
203 740
203 840
203 916
203 965
204 211
204 365
204 467
204 540
204 609
204 661
204 671
204 714
204 729
204 738
204 767
205 236
205 318
205 444
205 772
205 811
205 863
205 944
206 311
206 379
206 402
206 432
206 435
206 604
206 616
206 702
206 762
206 812
206 897
206 938
207 241
207 376
207 398
207 576
207 581
207 680
207 742
207 884
207 968
207 991
208 947
209 289
209 334
209 355
209 444
209 453
209 547
209 661
209 669
209 765
209 791
210 682
210 727
210 734
210 855
210 977
210 987
211 240
211 302
211 308
211 338
211 482
211 613
211 770
211 782
211 861
212 251
212 373
212 424
212 577
212 580
212 739
212 775
212 847
212 980
213 308
213 390
213 409
213 480
213 534
213 663
213 864
213 904
213 909
213 919
213 945
213 956
214 248
214 269
214 432
214 501
214 539
214 682
214 704
214 762
214 865
214 992
215 450
215 497
215 570
215 724
215 865
215 981
216 930
217 288
217 318
217 323
217 402
217 492
217 745
217 813
218 351
218 435
218 458
218 566
218 760
218 871
218 932
218 975
219 281
219 303
219 394
219 426
219 458
219 588
219 643
219 737
219 790
219 928
220 532
220 603
220 641
220 654
220 867
221 321
221 395
221 400
221 478
221 631
221 862
221 926
221 941
221 960
221 995
222 252
222 308
222 372
222 523
222 693
222 770
222 897
222 976
222 991
223 531
223 533
223 754
223 779
223 815
223 826
223 865
224 249
224 387
224 426
224 430
224 579
224 605
224 638
224 774
224 870
224 890
224 941
225 388
225 402
225 555
225 569
225 940
226 244
226 324
226 330
226 348
226 437
226 521
226 620
226 913
226 983
227 395
227 424
227 444
227 539
227 576
227 795
227 807
228 312
228 642
228 664
228 688
228 694
228 712
228 920
228 944
229 484
229 575
230 231
230 267
230 369
230 682
230 730
230 834
230 904
230 957
231 474
231 500
231 510
231 522
231 563
231 816
231 878
231 922
231 974
231 976
231 978
232 245
232 382
232 428
232 854
232 865
232 904
233 313
233 345
233 346
233 528
233 691
233 805
233 840
233 874
234 251
234 308
234 557
234 593
234 689
234 754
234 801
234 846
234 958
235 320
235 395
235 398
235 482
235 543
235 630
235 641
235 673
235 682
235 740
235 865
235 915
235 959
236 254
236 326
236 568
236 602
236 779
236 788
236 916
237 318
237 402
237 659
237 699
237 809
237 824
237 867
238 276
238 484
238 526
238 824
239 318
239 366
239 370
239 455
239 458
239 470
239 493
239 505
239 562
239 668
240 418
240 528
240 545
240 556
240 658
240 696
240 735
240 834
240 835
240 947
240 949
241 528
241 603
241 662
241 697
242 259
242 331
242 576
242 599
242 674
242 726
242 727
242 822
242 848
242 877
242 914
243 264
243 270
243 392
243 645
243 671
243 711
243 759
243 885
244 353
244 616
244 683
244 700
245 270
245 301
245 308
245 814
245 893
246 267
246 292
246 455
246 494
246 739
246 808
247 282
247 291
247 292
247 339
247 624
247 687
247 691
247 718
247 783
247 869
247 885
247 984
248 283
248 303
248 526
248 527
248 573
248 641
248 709
249 345
249 638
249 832
250 257
250 544
250 581
250 628
250 761
250 762
250 927
250 941
251 266
251 299
251 300
251 329
251 339
251 341
251 504
251 548
251 582
251 667
251 953
252 286
252 486
252 537
252 563
252 635
252 647
252 709
252 799
252 896
252 979
253 258
253 271
253 465
253 497
253 550
253 693
253 732
253 900
253 913
253 920
253 971
254 287
254 300
254 369
254 514
254 619
254 954
255 383
255 574
255 649
255 739
255 966
256 259
256 288
256 371
256 466
256 507
256 657
256 700
256 896
256 913
256 914
257 325
257 364
257 406
257 562
257 757
257 851
257 902
258 269
258 434
258 481
258 531
258 553
258 704
258 824
258 830
258 846
258 899
258 919
259 321
259 330
259 411
259 446
259 495
259 563
259 581
259 606
259 650
259 777
259 915
260 356
260 376
260 424
260 521
260 587
260 775
260 929
260 981
261 353
261 605
261 791
261 819
261 820
261 975
262 323
262 452
262 478
262 535
262 607
262 911
263 273
263 536
263 656
263 710
263 771
263 789
263 805
263 865
263 885
264 293
264 450
264 536
264 591
264 890
264 909
264 936
264 960
265 414
265 419
265 743
265 870
265 917
266 390
266 466
266 489
266 585
266 653
266 719
266 815
267 353
267 369
267 389
267 391
267 498
267 619
267 637
267 679
268 291
268 309
268 439
268 677
268 772
269 313
269 384
269 417
269 512
269 560
269 654
269 663
269 734
269 765
269 772
269 950
269 991
270 342
270 465
270 471
270 522
270 613
270 768
270 846
270 872
270 889
270 970
271 313
271 699
271 798
271 837
271 870
271 931
272 393
272 480
272 513
272 742
272 856
272 885
272 901
272 903
272 940
273 293
273 331
273 377
273 448
273 520
273 541
273 708
273 756
273 809
274 390
274 685
274 765
274 833
274 904
275 346
275 586
275 878
275 918
275 960
276 345
276 397
276 429
276 568
276 579
276 666
276 765
276 803
276 875
276 924
276 969
277 293
277 395
277 547
277 686
277 799
277 806
277 826
277 914
277 945
278 297
278 359
278 364
278 497
278 540
278 728
278 908
279 294
279 404
279 574
279 590
279 615
279 652
279 796
279 840
279 928
280 336
280 357
280 435
280 470
280 628
280 671
280 775
280 907
280 938
281 460
281 690
281 693
281 721
281 813
281 871
281 884
281 916
281 949
282 464
282 658
282 792
282 793
282 879
283 357
283 420
283 446
283 720
283 806
283 868
283 882
283 886
283 904
283 916
283 924
283 951
284 326
284 444
284 578
284 656
284 832
284 954
285 306
285 324
285 357
285 967
286 589
286 819
286 857
286 938
287 308
287 312
287 641
287 667
287 725
287 727
287 851
287 900
287 944
287 966
288 355
288 583
288 686
288 743
288 898
288 941
289 309
289 427
289 441
289 473
289 554
289 598
289 771
290 426
290 430
290 432
290 527
290 534
290 985
291 441
291 522
291 662
291 871
291 921
292 400
292 414
292 511
292 637
293 311
293 379
293 388
293 389
293 584
293 702
293 975
294 319
294 486
294 511
294 513
294 717
294 722
294 852
295 321
295 359
295 380
295 410
295 850
295 889
295 896
295 942
295 961
296 402
296 538
296 734
296 999
297 366
297 574
297 683
297 749
297 868
297 995
298 608
298 848
298 881
298 927
299 339
299 502
299 585
299 802
299 931
299 987
300 530
300 535
300 831
300 842
300 844
300 925
301 361
301 445
301 486
301 597
301 682
301 723
301 940
302 381
302 446
302 758
302 759
302 866
302 893
302 953
303 374
303 380
303 584
303 645
303 668
303 885
303 944
303 961
304 305
304 337
304 537
304 567
304 577
304 579
304 613
304 774
304 875
305 364
305 412
305 443
305 487
305 523
305 578
305 594
305 655
305 705
305 831
306 415
306 471
306 541
306 740
306 741
306 988
307 450
307 584
307 678
307 800
307 898
307 983
308 533
308 628
308 812
308 921
309 341
309 453
309 477
309 804
309 841
309 876
310 438
310 461
310 507
310 511
310 546
310 551
310 562
310 683
310 700
310 751
310 753
310 832
310 899
310 915
310 929
310 959
310 974
311 476
311 528
311 554
311 556
311 574
311 623
311 718
311 720
311 930
312 551
312 623
312 746
312 776
312 924
313 332
313 886
313 966
313 983
314 383
314 402
314 452
314 647
314 675
314 832
314 871
315 435
315 499
315 697
315 725
315 767
315 839
315 875
315 916
315 992
316 487
316 721
316 728
316 808
316 868
316 876
316 913
317 321
317 342
317 394
317 503
317 524
317 688
317 781
317 929
317 938
318 321
318 373
318 460
318 492
318 661
318 663
318 779
318 780
318 933
318 938
319 430
319 483
319 528
319 828
319 921
319 922
319 984
320 510
320 606
320 671
320 832
320 837
320 893
320 897
320 924
320 927
321 427
321 479
321 504
321 511
321 583
321 612
321 828
321 832
321 957
321 983
322 447
322 587
322 635
322 646
322 853
322 887
322 898
322 967
322 997
323 493
323 532
323 537
323 549
323 563
323 678
323 697
323 869
323 882
324 348
324 530
324 536
324 579
324 718
324 723
324 749
324 940
325 461
325 592
325 610
325 724
325 828
325 905
326 398
326 403
326 417
326 518
326 539
326 748
326 786
326 902
326 906
327 391
327 449
327 663
327 712
327 733
327 786
327 791
328 346
328 668
328 683
328 827
328 859
328 940
328 983
329 346
329 358
329 455
329 476
329 514
329 593
329 642
329 702
329 839
329 847
329 851
329 922
329 991
330 339
330 669
330 800
330 826
330 987
331 533
331 583
331 650
331 677
331 751
331 779
332 346
332 944
332 993
333 472
333 517
333 521
333 690
333 709
333 757
333 772
334 371
334 480
334 792
334 877
334 908
334 952
335 426
335 571
335 644
335 645
335 786
335 796
335 874
335 900
335 996
336 414
336 482
336 505
336 516
336 616
336 747
336 938
336 960
337 394
337 420
337 441
337 657
338 451
338 563
339 349
339 411
339 505
339 581
339 949
340 345
340 370
340 441
340 463
340 478
340 486
341 383
341 391
341 534
341 633
341 812
341 917
342 388
342 450
342 477
342 529
342 608
342 617
342 625
342 656
342 722
342 774
342 787
342 970
342 999
343 406
343 570
343 655
343 724
343 783
343 796
343 930
343 996
344 434
344 544
344 550
344 575
344 601
344 841
344 860
344 908
344 993
345 464
345 547
345 651
345 686
345 687
345 787
345 814
345 906
345 932
345 973
345 988
346 350
346 387
346 452
346 514
346 605
346 688
346 899
347 361
347 477
347 667
347 912
347 972
348 374
348 388
348 544
348 569
348 604
348 625
348 636
348 667
348 709
349 384
349 441
349 569
349 688
349 723
349 755
349 962
350 368
350 372
350 523
350 807
350 920
351 380
351 523
351 695
351 952
351 988
352 486
352 506
352 518
352 684
353 375
353 405
353 425
353 476
353 490
353 580
353 757
353 945
353 970
354 494
354 543
354 709
354 811
354 872
354 875
354 880
354 904
354 924
355 416
355 556
355 904
355 934
356 419
356 517
356 556
356 594
356 889
356 920
357 415
357 440
357 581
357 775
357 787
357 830
357 927
357 975
357 986
358 399
358 519
358 539
358 591
358 786
358 821
358 972
359 400
359 414
359 482
359 514
359 537
359 637
359 702
359 907
360 580
360 817
361 416
361 757
361 867
361 893
362 449
362 788
362 872
363 396
363 440
363 487
363 588
363 635
364 383
364 462
364 643
364 897
364 931
364 976
365 398
365 502
365 529
365 633
365 636
365 716
365 797
366 412
366 426
366 431
366 794
366 802
367 388
367 418
367 652
367 801
367 834
367 955
367 974
368 369
368 492
368 518
368 583
368 586
368 728
368 842
368 845
368 862
368 891
368 932
369 380
369 391
369 487
369 584
369 673
369 734
369 964
369 969
370 466
370 485
370 557
370 664
370 670
370 839
370 967
370 979
371 394
371 467
371 490
371 713
371 816
371 918
371 972
372 446
372 644
372 647
372 671
372 714
372 737
372 914
372 947
372 974
373 436
373 495
373 653
373 764
373 829
373 870
373 895
374 545
374 842
375 393
375 485
375 498
375 544
375 905
375 940
375 949
376 406
376 409
376 473
376 541
376 634
376 692
376 943
376 950
376 958
376 964
377 399
377 457
377 485
377 764
377 985
377 991
378 432
378 585
378 696
378 718
378 780
378 784
378 961
379 440
379 453
379 487
379 488
379 617
379 659
379 684
379 978
380 420
380 621
380 649
380 843
380 861
380 932
381 594
381 709
381 749
381 907
381 918
381 945
381 955
382 386
382 395
382 440
382 457
382 725
382 759
382 769
382 972
383 392
383 412
383 481
383 569
383 581
383 606
383 618
383 679
383 754
383 768
383 861
383 971
383 978
383 988
384 577
384 734
384 883
385 547
385 616
385 894
385 956
386 443
386 501
386 512
386 556
386 880
386 888
386 905
387 431
387 444
387 663
387 689
387 793
388 402
388 687
388 751
388 876
388 923
389 481
389 511
389 512
389 549
389 610
389 635
389 678
389 738
389 774
389 790
390 560
390 658
390 727
390 795
390 903
390 965
390 992
391 408
391 415
391 443
391 473
391 551
391 713
391 902
391 923
391 924
391 949
391 970
391 979
392 405
392 459
392 570
392 666
392 720
393 442
393 518
393 689
394 406
394 426
394 562
394 825
394 847
394 928
394 934
395 541
395 645
395 790
395 804
395 911
395 977
395 979
396 459
396 499
396 579
396 671
396 719
396 839
397 406
397 499
397 522
397 550
397 764
397 780
397 824
397 859
397 940
398 546
398 993
399 422
399 809
399 817
400 473
400 559
400 688
400 689
400 917
401 416
401 440
401 589
401 601
401 687
401 853
401 908
402 432
402 482
402 577
402 825
402 879
402 966
403 406
403 707
404 591
404 659
404 791
404 797
404 872
404 939
404 951
404 976
404 989
405 609
405 683
405 777
405 924
405 967
406 493
406 534
406 541
406 569
406 698
406 828
406 868
406 925
406 982
407 620
407 674
407 693
407 717
407 718
407 735
407 812
407 843
408 463
408 479
408 779
408 851
408 994
409 441
409 545
409 860
410 599
410 665
410 768
411 452
411 523
411 552
411 609
411 643
412 449
412 644
412 675
412 679
412 827
412 853
412 871
413 771
413 810
413 842
413 855
413 882
413 910
414 549
414 986
415 772
415 801
415 825
415 927
416 831
416 853
416 905
417 444
417 546
417 553
417 621
417 692
417 694
417 770
417 771
418 432
418 513
418 696
418 753
418 765
418 853
418 862
418 931
419 474
419 567
419 736
419 740
419 761
419 962
419 993
419 995
420 453
420 513
420 713
420 743
420 755
420 764
420 864
420 982
421 607
421 636
421 660
421 667
421 705
421 796
421 803
422 460
422 678
422 808
422 898
423 456
423 633
423 638
423 641
423 757
423 773
423 782
423 819
423 838
423 863
423 871
423 878
423 880
424 465
424 828
424 960
425 481
425 562
425 642
425 643
425 653
425 784
425 831
425 879
426 452
426 650
426 714
426 765
426 907
427 579
427 824
428 759
428 815
428 997
429 444
429 487
429 532
429 954
430 807
430 931
430 935
431 491
431 503
431 547
431 596
431 598
431 700
431 724
431 761
431 806
431 894
431 939
432 437
432 668
432 711
432 738
432 747
432 752
432 768
432 809
432 920
432 954
433 479
433 489
433 518
433 576
433 675
433 761
433 871
434 720
434 721
434 751
434 817
434 831
435 577
435 618
435 812
435 819
435 824
435 947
436 446
436 480
436 482
436 656
436 780
437 445
437 549
437 603
437 629
437 750
437 797
437 815
437 881
437 885
438 450
438 681
438 731
438 788
438 829
438 939
439 596
439 689
439 795
440 477
440 506
440 595
440 669
440 708
440 793
440 808
440 883
440 898
440 997
441 661
441 783
441 869
441 961
442 630
442 667
442 755
442 757
442 853
443 449
443 522
444 512
444 536
444 953
444 958
445 482
445 773
445 790
445 921
445 929
446 504
446 526
446 599
446 655
446 972
447 456
447 467
447 666
447 668
447 686
447 705
447 949
448 549
448 626
448 679
448 721
448 743
448 813
449 774
449 778
450 528
450 590
450 906
450 909
450 938
450 965
451 629
451 659
451 854
451 887
451 990
452 470
452 517
452 606
452 626
452 632
452 734
452 808
452 817
452 821
452 854
452 938
453 506
453 520
453 537
453 547
453 763
454 485
454 589
454 730
454 817
454 886
454 940
454 955
455 531
455 727
455 794
455 804
456 562
456 600
456 803
456 831
456 842
457 491
457 571
458 463
458 616
458 878
458 887
459 548
459 973
459 982
460 465
460 483
460 494
460 539
461 596
461 603
461 760
461 771
461 850
461 970
462 509
462 525
462 577
462 655
462 789
462 933
463 476
463 587
463 608
463 656
463 676
463 737
463 964
464 499
464 563
464 690
464 741
464 765
464 786
464 914
464 973
464 990
465 836
466 694
466 714
466 750
466 781
466 816
466 917
467 524
467 578
467 592
467 668
467 949
467 995
468 522
468 632
468 658
468 809
468 828
468 871
468 910
468 936
469 476
469 692
469 895
470 477
470 515
470 523
470 530
470 646
470 784
470 875
470 992
471 696
471 716
471 822
472 500
472 542
472 594
472 710
472 752
472 755
472 777
472 944
473 504
473 545
473 828
473 854
473 904
474 503
474 521
474 593
474 678
474 746
475 480
475 483
475 554
475 668
475 839
475 988
476 599
476 946
477 547
477 634
477 740
477 922
477 929
477 932
477 942
478 508
478 539
478 554
478 607
478 800
478 831
478 938
478 974
479 495
479 533
479 938
480 539
480 669
480 727
480 740
480 790
480 849
481 488
481 626
481 649
481 689
481 734
481 766
482 644
482 819
482 883
483 585
483 702
483 978
484 492
484 654
484 677
484 687
484 727
484 769
484 770
484 884
484 930
485 598
485 624
485 772
485 806
485 854
486 549
486 621
487 530
487 643
487 762
487 792
487 836
488 627
488 713
488 809
488 846
488 855
488 963
489 498
489 612
489 718
489 769
490 647
490 685
490 876
490 882
490 888
490 941
490 997
491 502
491 522
491 580
491 691
491 827
491 899
491 924
491 965
492 510
492 594
492 969
492 974
492 996
493 697
493 714
493 737
493 750
493 775
493 973
494 664
494 809
494 876
495 503
495 703
495 780
495 890
496 530
496 569
496 599
496 638
496 953
497 666
497 785
497 826
497 905
497 936
497 956
497 967
497 981
498 629
498 825
498 923
498 942
499 506
499 633
499 641
499 718
499 999
500 774
500 947
500 980
501 632
501 668
501 909
502 553
502 659
502 786
502 860
502 891
503 514
503 781
503 862
504 739
504 765
504 778
504 842
504 863
505 572
505 729
505 761
505 776
506 565
506 701
506 740
507 568
507 607
507 729
507 741
507 998
508 523
508 539
508 612
508 650
508 815
508 843
508 916
508 985
508 989
509 559
509 612
509 754
509 836
509 852
509 929
509 941
509 943
509 996
510 526
510 558
510 577
510 632
510 764
510 863
510 982
510 988
510 991
511 788
511 898
511 920
512 623
512 632
512 684
512 784
512 825
512 855
512 934
513 646
513 716
514 559
514 566
514 578
514 769
514 871
514 967
514 986
515 703
515 827
515 846
515 939
516 810
516 965
516 984
517 560
517 601
517 728
517 763
517 840
517 952
518 519
518 539
518 635
518 836
518 934
519 569
519 744
519 787
519 917
519 919
519 988
520 743
520 903
521 611
521 756
521 796
521 982
522 637
522 707
522 880
523 732
523 775
523 800
523 816
523 860
523 879
523 978
524 549
524 560
524 778
524 780
524 817
525 657
525 732
526 576
526 656
526 683
526 694
526 758
526 849
526 854
526 861
527 598
527 628
527 702
527 707
527 746
527 784
527 861
527 903
527 924
527 993
528 636
528 701
528 738
528 859
528 958
529 752
529 754
529 933
530 577
530 801
531 568
531 586
531 680
531 814
531 817
531 855
531 903
531 913
531 956
532 544
532 763
532 772
532 793
533 610
533 630
533 632
533 700
533 831
533 941
533 952
533 999
534 618
534 640
534 672
534 795
534 810
534 860
534 900
535 584
535 920
536 851
536 874
536 904
536 949
537 642
537 748
537 971
538 674
538 855
538 872
539 591
539 629
539 756
539 769
539 793
539 846
539 923
540 548
540 667
540 748
540 795
540 818
541 691
542 918
543 579
543 585
543 599
543 650
543 807
544 649
544 734
544 902
544 988
545 624
545 680
545 691
545 720
545 730
545 787
545 789
546 703
546 752
546 856
547 572
547 670
547 761
547 981
548 671
548 748
548 795
549 597
549 608
549 714
549 754
549 768
549 890
550 798
550 879
550 910
550 999
551 581
551 620
551 657
551 795
551 937
552 782
552 802
552 824
552 875
552 917
552 924
553 943
553 963
554 692
554 799
554 800
554 878
555 639
555 647
555 807
555 814
555 986
555 996
556 576
556 740
556 754
556 764
556 954
557 618
557 633
557 707
557 777
557 795
557 796
557 954
557 982
558 604
558 684
558 719
558 833
558 939
559 632
559 723
559 773
559 785
559 787
559 811
559 912
559 928
560 607
560 683
560 816
560 855
561 604
561 796
561 833
562 698
562 731
562 856
562 866
562 932
563 581
563 596
563 914
563 976
563 995
564 605
564 614
564 994
565 600
565 692
565 773
566 654
566 668
566 699
566 862
567 613
567 626
567 882
567 953
568 570
568 621
568 790
568 887
568 926
569 719
569 968
569 977
570 680
570 864
570 870
570 972
570 984
571 633
571 946
572 593
572 603
572 689
573 640
573 682
573 926
573 964
574 889
574 890
574 907
575 716
575 859
575 879
575 927
576 639
576 783
576 835
576 893
576 996
577 741
577 784
577 897
577 928
577 963
577 975
578 626
578 635
578 686
578 721
578 791
578 824
578 968
579 707
579 740
579 761
579 848
579 892
580 662
580 834
580 848
580 909
581 647
581 674
581 687
581 757
581 823
582 600
582 796
582 839
582 874
582 910
582 941
582 975
583 615
583 711
583 751
583 772
584 609
584 801
584 803
585 773
585 813
585 822
585 869
585 898
586 591
586 675
586 862
586 863
586 881
586 895
587 643
587 728
587 792
587 865
587 897
588 677
588 821
588 905
589 602
589 819
589 942
590 608
590 645
590 766
591 835
591 956
592 687
592 756
592 768
592 837
592 969
592 976
593 645
593 736
594 642
594 665
594 748
594 909
594 955
595 625
595 703
595 960
596 620
596 758
596 933
596 938
596 943
596 983
597 736
598 639
598 781
599 681
599 838
599 910
600 704
600 719
600 787
600 953
600 988
602 767
602 847
602 930
602 981
604 657
604 697
604 737
604 753
604 804
604 847
604 981
604 984
605 693
605 701
605 763
605 957
606 627
606 663
606 730
606 823
606 836
606 863
606 922
607 694
607 767
607 801
607 847
607 916
607 973
608 784
609 628
609 672
609 777
609 951
610 923
611 828
611 868
611 936
612 660
612 684
612 781
612 872
612 879
612 984
613 851
613 912
613 915
614 671
614 816
614 817
615 629
615 878
615 924
615 958
615 962
615 989
616 669
616 746
616 750
616 777
616 811
616 998
617 668
617 741
617 809
617 890
618 632
618 854
619 646
619 726
619 885
619 909
619 981
620 732
620 945
621 624
621 626
621 786
621 830
621 895
621 901
621 930
621 935
622 709
622 732
622 738
622 747
622 960
622 982
623 719
623 761
623 763
623 914
624 676
624 781
624 796
624 837
624 874
624 962
625 636
625 731
625 875
626 627
626 722
626 745
626 841
626 965
627 790
627 874
628 636
628 769
628 927
628 936
628 967
629 697
629 834
629 838
629 873
629 922
629 934
630 634
630 711
630 743
630 748
630 770
631 666
631 686
631 739
631 771
631 772
631 812
631 965
632 787
632 847
633 812
633 875
634 751
634 782
634 937
635 670
636 814
636 912
637 661
637 668
637 756
637 842
637 889
637 909
638 737
638 853
639 874
639 953
640 671
640 734
640 774
640 813
640 818
640 892
640 954
641 662
642 645
642 714
642 974
643 653
643 674
643 702
643 710
643 819
643 855
643 910
643 971
644 668
644 682
644 707
644 749
644 779
644 863
645 669
645 697
645 726
645 831
645 934
645 964
646 764
646 848
647 814
647 816
647 903
647 991
648 706
648 796
648 819
648 965
649 652
650 658
650 812
650 918
650 999
651 704
651 764
651 993
652 656
652 843
652 873
652 914
653 672
653 765
653 829
653 913
654 841
655 661
655 667
655 788
655 858
655 886
655 925
655 983
656 741
656 776
657 870
657 967
657 979
658 934
659 765
659 973
659 991
660 687
660 883
660 908
660 970
661 681
661 901
661 929
661 990
662 683
662 735
662 826
662 983
662 992
663 721
664 680
664 696
664 830
664 842
664 847
664 950
665 755
666 683
666 784
666 795
666 982
667 823
667 832
667 889
668 728
668 778
668 846
668 913
668 932
669 726
669 831
669 851
669 954
669 957
670 739
670 773
670 881
670 920
671 715
671 902
672 747
672 840
673 676
673 677
673 726
673 772
673 792
673 932
674 676
674 806
674 809
674 910
674 981
674 997
675 787
675 890
675 931
676 746
676 764
676 778
676 938
677 680
677 856
677 919
677 942
678 892
679 742
679 826
679 866
679 992
680 711
680 748
680 765
680 922
681 705
681 963
682 900
682 915
682 977
683 806
683 943
684 742
684 767
684 893
684 911
685 731
685 732
685 747
685 925
685 985
686 838
686 921
686 935
686 953
686 983
686 984
686 985
687 766
687 916
687 959
687 997
688 795
688 819
688 993
689 699
689 836
689 954
689 964
690 755
690 766
690 856
691 778
691 858
692 887
692 913
693 962
694 706
694 753
694 873
694 875
694 901
695 709
695 752
695 786
695 855
695 885
696 726
696 768
697 703
697 925
697 952
697 985
698 792
698 887
698 920
698 972
699 758
699 855
700 830
700 859
700 913
701 781
701 981
702 710
703 764
703 980
704 911
704 986
704 987
705 760
705 781
705 807
705 811
705 823
705 842
705 988
706 815
706 909
707 715
707 732
707 893
708 717
708 749
708 914
709 732
709 956
710 736
710 900
711 785
711 899
711 976
712 718
712 754
712 809
712 818
712 828
712 836
713 844
713 890
713 891
713 930
714 849
714 867
714 958
715 809
715 948
716 778
716 878
716 882
716 916
716 940
716 971
716 973
717 735
717 793
717 885
717 904
717 950
718 742
719 800
721 755
721 768
721 795
721 865
721 968
722 756
722 828
722 966
723 741
723 971
724 817
724 944
725 807
725 827
725 915
726 810
726 872
726 996
727 822
727 906
727 964
727 997
728 842
728 862
728 998
729 787
729 863
729 962
730 733
730 779
730 833
730 948
732 807
732 963
733 759
733 765
733 838
733 868
733 918
733 953
733 983
734 910
735 782
735 855
735 942
735 972
736 844
736 948
736 953
736 994
737 924
738 853
738 890
738 979
739 751
739 807
739 990
740 888
740 972
741 870
742 768
742 786
742 903
742 919
742 940
743 784
743 873
743 991
744 834
744 845
744 922
745 944
746 907
746 914
747 794
748 782
748 818
748 830
748 964
749 808
749 916
749 985
750 892
750 897
750 904
751 931
751 959
752 813
752 877
753 965
754 762
754 777
754 779
754 854
754 922
754 931
754 934
755 778
755 855
756 811
757 819
757 836
757 989
758 812
758 842
758 926
759 848
759 880
760 889
760 896
760 985
761 791
761 867
762 915
762 977
763 774
763 850
763 998
764 780
764 833
765 947
765 958
766 807
766 864
766 970
767 866
767 890
768 784
768 799
768 847
768 848
768 893
769 777
769 859
769 908
770 787
770 792
770 880
770 904
770 953
772 841
772 860
774 799
774 848
775 865
775 943
775 971
776 877
776 977
777 791
777 880
777 986
777 996
778 803
779 852
779 859
779 866
779 958
780 831
780 980
781 867
781 945
782 849
782 856
782 993
783 857
783 920
784 934
784 984
785 790
785 882
785 931
786 814
786 910
786 933
787 807
787 848
788 855
788 922
789 800
789 808
789 848
791 812
791 906
791 937
791 973
792 812
792 817
792 831
793 844
793 911
793 927
795 820
795 926
795 975
795 991
796 807
797 868
797 905
798 977
799 859
799 891
801 903
801 928
805 900
806 980
807 916
807 957
808 966
809 943
810 833
810 881
811 890
812 813
812 978
813 893
813 950
814 871
814 872
814 883
814 889
814 892
815 874
815 917
817 851
817 864
817 871
819 843
819 855
820 821
820 867
821 907
821 948
821 996
822 972
823 887
823 973
824 873
824 917
825 859
825 957
826 850
826 873
827 974
827 990
828 892
828 981
829 922
830 909
830 951
832 899
832 922
833 897
833 965
833 968
834 858
834 922
834 965
835 919
835 962
835 986
836 853
836 975
838 875
838 891
838 926
839 931
840 852
841 894
842 935
842 954
843 859
843 982
844 849
844 881
845 896
845 958
848 879
848 901
849 870
850 922
850 957
851 885
853 889
854 956
856 892
856 966
857 988
858 916
859 891
859 966
860 924
861 951
862 867
862 926
862 929
864 880
864 902
865 929
865 973
866 896
866 922
867 923
867 933
868 885
869 883
870 907
871 909
871 934
871 964
874 898
874 909
874 969
875 881
876 971
877 897
877 973
877 988
880 936
880 968
881 911
881 997
882 898
882 943
882 968
883 924
884 937
885 963
885 974
887 997
890 936
891 984
892 995
893 963
894 942
895 960
897 979
897 993
899 994
901 987
902 911
902 973
905 922
905 932
905 953
907 958
908 931
908 946
908 953
908 972
909 942
911 981
913 933
914 922
916 938
917 966
918 995
919 967
919 989
921 928
921 934
921 980
922 924
922 968
924 925
926 954
929 937
929 965
929 977
931 997
932 988
932 997
939 954
939 969
942 964
943 976
945 970
946 989
947 957
957 961
957 962
957 977
960 966
961 962
962 978
963 975
963 982
966 992
966 998
968 976
969 976
970 982
0
10 999
