1000	4996	 1
0 30
0 123
0 183
0 216
0 496
0 646
0 933
1 33
1 69
1 141
1 514
1 547
1 566
1 596
1 766
1 808
1 939
1 940
1 979
1 996
2 540
2 572
2 580
2 721
2 751
2 760
3 8
3 39
3 132
3 169
3 171
3 230
3 243
3 271
3 281
3 420
3 806
3 901
3 951
4 198
4 214
4 258
4 340
4 670
4 688
4 760
4 843
5 19
5 56
5 95
5 146
5 283
5 285
5 291
5 352
5 387
5 526
5 668
5 838
5 925
6 59
6 132
6 147
6 212
6 218
6 378
6 510
6 843
6 846
6 857
6 864
7 89
7 145
7 200
7 326
7 338
7 545
7 693
7 830
7 864
7 946
8 91
8 174
8 240
8 246
8 539
8 602
8 902
8 905
8 983
9 28
9 60
9 132
9 414
9 550
9 567
9 584
9 674
9 926
9 980
10 86
10 101
10 174
10 324
10 370
10 437
10 452
10 615
10 631
10 716
10 742
10 788
10 812
10 951
11 51
11 58
11 361
11 375
11 799
11 829
12 96
12 157
12 489
12 505
12 546
12 567
12 800
12 843
12 846
12 928
12 949
13 56
13 284
13 319
13 321
13 487
13 493
13 610
13 677
13 736
13 971
14 37
14 79
14 168
14 440
14 552
14 568
14 614
14 732
14 862
15 209
15 341
15 486
15 526
15 607
15 643
16 347
16 404
16 408
16 474
16 715
16 769
16 798
16 920
17 21
17 34
17 57
17 121
17 154
17 219
17 381
17 540
17 568
17 668
17 695
17 794
17 861
17 893
17 897
17 907
17 930
18 158
18 168
18 303
18 374
18 418
18 440
18 477
18 593
18 689
18 752
18 766
18 778
18 859
18 937
18 962
19 151
19 184
19 198
19 222
19 263
19 270
19 436
19 643
19 647
19 693
19 730
20 55
20 85
20 235
20 405
20 415
20 503
20 552
20 653
20 722
20 727
20 844
20 893
20 961
21 71
21 295
21 303
21 312
21 361
21 541
21 566
21 567
21 648
21 921
21 923
21 929
22 32
22 81
22 290
22 420
22 441
22 730
22 849
23 123
23 227
23 570
23 683
23 907
23 918
24 43
24 78
24 181
24 366
24 441
24 477
24 789
24 802
24 880
25 77
25 126
25 170
25 233
25 234
25 346
25 481
25 666
25 676
25 687
25 781
26 27
26 52
26 84
26 167
26 289
26 306
26 350
26 440
26 573
26 593
26 630
26 789
26 830
27 61
27 312
27 418
28 78
28 164
28 191
28 303
28 365
28 387
28 400
28 457
28 478
28 561
28 631
28 652
28 833
28 838
29 32
29 144
29 345
29 462
29 556
29 601
29 609
29 660
29 757
29 772
29 822
29 828
30 154
30 157
30 337
30 420
30 496
30 607
30 633
30 715
30 829
30 906
30 936
30 974
31 159
31 181
31 453
31 472
31 507
31 556
31 725
31 775
31 909
31 913
32 116
32 195
32 242
32 336
32 448
32 539
32 729
32 937
33 216
33 244
33 265
33 270
33 350
33 541
33 685
34 472
34 621
34 872
35 94
35 95
35 154
35 308
35 400
35 417
35 723
35 734
35 843
35 857
35 865
36 75
36 239
36 318
36 400
36 641
36 663
36 762
36 813
36 856
37 182
37 492
37 497
37 542
37 615
37 799
37 800
37 806
37 908
37 920
38 56
38 108
38 125
38 202
38 264
38 290
38 318
38 334
38 373
38 402
38 507
38 639
38 662
38 670
38 909
38 921
39 59
39 169
39 182
39 186
39 279
39 292
39 349
39 484
39 559
39 714
39 769
39 960
39 969
40 47
40 106
40 257
40 284
40 316
40 437
40 590
40 620
40 678
40 694
40 708
40 729
41 65
41 153
41 155
41 230
41 441
41 688
41 735
41 859
41 932
41 979
42 63
42 89
42 240
42 254
42 480
42 602
42 624
42 628
42 750
42 895
42 919
42 936
42 961
43 138
43 184
43 201
43 247
43 391
43 604
43 621
43 657
44 135
44 177
44 217
44 265
44 304
44 315
44 525
44 621
44 666
44 671
44 793
45 77
45 133
45 530
45 603
45 605
45 663
45 692
45 693
46 99
46 151
46 269
46 498
46 503
46 553
46 591
46 617
46 658
46 731
46 778
47 80
47 295
47 420
47 475
47 820
47 966
48 172
48 464
48 497
48 531
48 540
48 724
48 970
49 57
49 82
49 98
49 161
49 231
49 289
49 408
49 589
49 602
49 616
49 706
49 777
49 813
49 838
50 59
50 141
50 356
50 374
50 391
50 435
50 702
50 753
50 848
50 969
50 971
51 64
51 88
51 95
51 133
51 183
51 193
51 376
51 394
51 592
51 596
51 899
51 950
51 958
52 98
52 304
52 485
52 600
52 609
52 941
53 233
53 466
53 495
53 628
53 666
53 780
53 898
54 199
54 419
54 664
54 801
54 881
54 988
55 142
55 235
55 348
55 746
55 802
56 128
56 157
56 303
56 320
56 397
56 588
56 700
57 174
57 184
57 259
57 387
57 407
57 781
57 894
57 961
58 459
58 480
58 511
58 578
58 737
58 786
58 989
59 182
59 291
59 331
59 346
59 379
59 455
59 725
60 166
60 554
60 657
60 716
60 737
60 767
60 922
61 77
61 97
61 787
61 923
61 935
61 963
61 971
62 70
62 316
62 415
62 520
62 588
62 755
62 782
62 863
63 70
63 153
63 189
63 198
63 255
63 437
63 478
63 524
63 728
63 741
63 780
63 847
63 857
63 881
63 922
64 273
64 293
64 353
64 580
64 619
64 789
64 836
64 911
65 299
65 538
65 704
65 939
65 981
66 72
66 100
66 273
66 364
66 456
66 469
66 568
66 792
66 822
66 878
66 904
66 995
67 77
67 107
67 188
67 198
67 336
67 497
67 675
67 720
67 890
67 959
68 175
68 235
68 247
68 296
68 309
68 751
68 942
69 222
69 280
69 479
69 527
69 542
69 596
69 715
69 777
69 866
70 93
70 245
70 254
70 485
70 610
70 663
70 840
70 878
70 949
70 971
71 256
71 573
71 784
71 938
71 985
72 509
72 537
72 574
72 595
72 707
72 814
72 827
72 828
72 840
72 882
72 943
72 960
73 129
73 204
73 211
73 283
73 400
73 422
73 472
73 517
73 632
73 638
73 778
73 822
73 861
74 148
74 436
74 565
74 610
74 643
74 777
74 806
74 838
74 844
74 930
74 933
75 127
75 221
75 281
75 793
76 133
76 400
76 624
76 663
76 668
76 732
76 820
76 944
77 148
77 156
77 159
77 444
77 576
77 632
77 644
77 677
77 735
77 986
78 154
78 220
78 271
78 351
78 556
78 805
78 830
78 959
78 982
78 984
79 125
79 213
79 351
79 446
79 451
79 467
79 536
79 593
79 594
79 745
79 749
79 971
79 978
80 104
80 157
80 528
80 599
80 747
80 874
80 998
81 89
81 91
81 167
81 177
81 393
81 429
81 430
81 454
81 553
81 558
81 604
81 824
81 980
82 253
82 267
82 355
82 432
82 578
82 620
82 744
82 984
83 412
83 429
83 495
83 503
83 542
83 625
83 922
83 982
84 90
84 153
84 268
84 307
84 311
84 411
84 416
84 419
84 505
84 797
84 807
85 145
85 162
85 371
85 421
85 729
85 747
85 771
85 840
85 979
86 137
86 185
86 235
86 242
86 275
86 341
86 457
86 481
86 755
86 817
86 821
86 994
87 117
87 150
87 163
87 327
87 423
87 491
87 763
87 950
87 959
88 266
88 289
88 389
88 481
88 716
88 721
88 835
88 865
88 963
89 146
89 204
89 457
89 560
89 673
89 751
89 784
89 829
90 247
90 323
90 327
90 430
90 441
90 568
90 694
90 703
90 729
90 765
90 832
91 275
91 323
91 334
91 384
91 416
91 703
91 717
91 743
91 757
91 848
91 927
92 296
92 376
92 403
92 544
92 641
92 889
92 996
93 193
93 252
93 265
93 326
93 347
93 418
93 577
93 687
93 795
93 985
93 998
94 154
94 177
94 261
94 268
94 445
94 536
94 589
94 676
94 735
95 103
95 108
95 261
95 443
95 476
95 482
95 798
95 856
95 980
96 154
96 161
96 282
96 381
96 616
96 696
96 807
96 941
96 954
97 140
97 177
97 223
97 282
97 509
97 549
97 576
97 615
97 616
97 628
97 976
98 245
98 469
98 673
98 788
98 853
98 941
99 111
99 238
99 578
99 774
99 857
99 888
99 968
100 138
100 154
100 365
100 371
100 398
100 936
101 143
101 149
101 163
101 322
101 381
101 552
101 689
101 749
101 846
101 869
102 208
102 393
102 577
102 671
102 672
102 842
102 900
102 958
103 270
103 293
103 702
103 768
103 889
103 893
103 999
104 192
104 208
104 268
104 314
104 332
104 471
104 641
104 676
104 691
104 941
104 994
105 110
105 301
105 344
105 821
106 133
106 168
106 232
106 236
106 313
106 364
106 869
107 131
107 420
107 606
107 643
107 678
107 829
107 880
107 956
108 141
108 294
108 340
108 445
108 589
108 660
108 795
108 903
108 981
108 988
109 144
109 258
109 408
109 477
109 482
109 513
109 529
109 747
109 751
109 819
110 296
110 412
110 555
110 569
110 677
110 724
110 802
110 835
110 849
110 870
110 904
111 171
111 239
111 364
111 383
111 408
111 417
111 629
112 170
112 294
112 424
112 451
112 576
112 617
112 630
112 665
112 736
112 760
112 789
112 802
112 909
112 981
112 985
113 167
113 332
113 458
113 503
113 653
113 731
113 979
113 981
113 994
114 197
114 473
114 932
114 963
114 977
115 227
115 491
115 495
115 513
115 521
115 537
115 805
116 226
116 266
116 370
116 404
116 415
116 424
116 467
116 474
116 476
116 525
116 606
116 682
116 804
116 975
117 280
117 333
117 422
117 487
117 568
117 608
117 623
117 649
117 851
117 868
118 257
118 413
118 414
118 525
118 624
118 643
118 750
119 463
119 536
119 669
119 705
119 769
119 876
119 962
120 129
120 177
120 457
120 589
120 762
120 944
121 268
121 413
121 475
121 529
121 617
121 637
121 649
121 659
121 676
121 763
121 864
121 912
121 979
122 185
122 293
122 432
122 482
122 717
122 842
123 267
123 331
123 506
123 604
123 723
123 744
124 243
124 256
124 307
124 464
124 502
124 616
124 724
124 747
124 991
125 195
125 475
125 717
125 892
125 905
125 982
126 344
126 362
126 368
126 457
126 561
126 585
126 721
126 864
126 885
127 263
127 331
127 386
127 523
127 561
127 899
128 177
128 244
128 417
128 481
128 482
128 743
128 860
128 975
129 147
129 162
129 457
129 618
129 675
129 772
129 782
129 837
129 857
129 877
129 939
130 265
130 278
130 409
130 474
130 484
130 524
130 779
130 879
131 148
131 184
131 234
131 242
131 301
131 340
131 356
131 423
131 558
131 712
131 728
131 918
131 976
132 143
132 200
132 207
132 307
132 327
132 453
132 486
132 578
132 609
132 747
132 993
133 687
133 762
133 832
133 934
134 314
134 354
134 461
134 487
134 518
134 521
134 551
134 602
134 603
134 621
134 716
134 783
134 833
135 155
135 169
135 283
135 500
135 545
135 551
136 241
136 301
136 389
136 445
136 490
136 501
136 513
136 539
136 542
136 619
136 623
136 786
136 821
136 842
136 967
137 232
137 384
137 526
137 591
137 681
137 886
138 297
138 397
138 440
138 471
138 703
138 759
138 771
139 217
139 311
139 314
139 745
139 832
139 847
139 928
139 933
140 256
140 404
140 517
140 622
140 631
140 646
140 664
140 742
140 830
140 831
141 221
141 260
141 275
141 336
141 359
141 392
141 497
141 602
141 608
141 786
141 925
142 144
142 387
142 552
142 556
142 714
142 818
142 869
143 188
143 211
143 504
143 565
143 621
143 699
143 716
143 793
143 965
143 978
144 285
144 372
144 537
144 589
144 599
144 676
144 832
144 864
145 187
145 217
145 249
145 265
145 341
145 451
145 503
145 511
145 547
145 921
145 941
146 284
146 323
146 373
146 393
146 398
146 569
146 792
146 793
146 842
146 855
146 861
146 881
146 937
147 623
147 846
147 917
147 941
148 159
148 167
148 197
148 313
148 460
148 467
148 811
148 839
148 904
148 952
149 174
149 420
149 800
149 910
149 944
150 160
150 224
150 227
150 231
150 333
150 338
150 349
150 718
150 735
150 770
150 816
150 896
150 974
151 272
151 356
151 578
151 702
151 739
151 756
151 946
152 237
152 450
152 606
152 613
152 661
152 732
152 831
152 859
152 892
152 987
153 279
153 381
153 387
153 443
153 565
153 566
153 569
153 666
153 709
153 926
154 272
154 365
154 603
154 846
155 204
155 261
155 403
155 645
155 849
155 941
156 387
156 484
156 500
156 528
156 557
156 564
156 668
156 682
156 714
156 784
156 920
157 161
157 165
157 207
157 263
157 316
157 343
157 494
157 504
157 567
157 612
157 617
157 819
157 912
157 922
158 173
158 298
158 333
158 478
158 526
158 642
158 649
158 812
158 889
158 960
159 396
159 404
159 578
159 665
159 825
159 848
159 913
159 949
160 201
160 213
160 293
160 456
160 719
160 790
160 855
160 866
160 931
161 581
161 731
161 867
161 923
161 993
162 173
162 188
162 190
162 197
162 202
162 257
162 266
162 297
162 400
162 413
162 534
162 544
162 685
162 727
162 794
162 856
163 314
163 330
163 446
163 507
163 593
163 905
164 379
164 515
164 517
164 539
164 601
164 719
164 879
164 960
164 974
165 217
165 294
165 353
165 464
165 600
165 910
166 276
166 419
166 523
166 545
166 578
166 641
166 747
166 809
166 835
167 273
167 386
167 433
167 507
167 643
167 652
167 685
167 779
167 787
168 179
168 209
168 236
168 242
168 295
168 415
168 459
168 525
168 578
168 613
168 644
168 889
168 964
168 971
169 188
169 275
169 443
169 526
169 540
169 810
169 872
169 887
170 354
170 390
170 411
170 524
170 861
171 246
171 293
171 586
171 672
171 799
171 812
171 850
172 329
172 410
172 414
172 501
172 503
172 928
172 944
172 949
173 294
173 296
173 353
173 363
173 480
173 513
173 620
173 660
173 748
173 756
173 800
173 884
173 887
174 462
174 496
174 534
174 559
174 588
174 634
174 711
174 744
174 773
174 777
174 935
174 993
174 996
175 366
175 604
175 786
176 184
176 204
176 235
176 280
176 346
176 388
176 467
176 676
176 843
177 327
177 368
177 438
177 445
177 553
177 565
177 567
177 571
177 589
177 674
177 772
177 939
177 957
178 218
178 336
178 541
178 734
178 770
178 784
178 804
178 877
178 911
178 957
178 995
179 533
179 582
179 690
179 875
179 945
180 206
180 207
180 372
180 423
180 466
180 526
180 546
180 575
180 613
180 689
180 785
180 833
180 903
181 249
181 471
181 504
181 663
181 856
181 884
181 963
181 982
182 207
182 400
182 604
182 617
182 760
182 770
183 228
183 395
183 400
183 417
183 419
183 713
183 923
183 939
184 260
184 280
184 302
184 395
184 576
184 750
184 993
185 430
185 539
185 608
185 624
185 970
186 227
186 262
186 271
186 286
186 325
186 376
186 616
186 667
186 690
186 695
186 777
186 778
186 903
187 235
187 240
187 299
187 324
187 380
187 539
187 661
187 682
187 827
187 830
188 239
188 603
188 857
188 878
188 956
189 260
189 353
189 426
189 448
189 466
189 491
189 505
189 612
189 621
189 642
189 671
189 684
189 821
189 829
189 937
189 994
190 345
190 431
190 537
190 604
190 871
190 937
191 402
191 419
191 432
191 549
191 586
191 642
191 670
191 828
191 873
191 886
191 997
192 205
192 326
192 522
192 612
192 625
192 687
192 877
193 275
193 868
193 947
194 234
194 279
194 291
194 435
194 487
194 490
194 491
194 522
194 655
194 674
194 799
194 815
194 819
194 919
195 269
195 527
195 537
195 914
195 966
195 971
196 201
196 207
196 231
196 310
196 767
196 833
196 869
196 881
196 955
196 979
197 213
197 324
197 349
197 658
197 698
197 793
197 852
197 875
197 891
197 918
198 250
198 435
198 444
198 637
198 675
198 782
198 792
198 820
198 904
198 992
199 366
199 465
199 566
199 652
199 981
200 225
200 339
200 384
200 421
200 552
200 771
200 853
200 938
201 252
201 277
201 288
201 369
201 410
201 478
201 480
201 620
201 631
201 748
201 756
201 912
201 942
202 252
202 306
202 625
202 888
202 987
203 312
203 408
203 415
203 717
203 947
203 978
204 258
204 391
204 552
204 713
204 714
204 736
204 815
205 269
205 323
205 383
205 388
205 536
205 540
205 547
205 590
205 718
205 741
205 749
205 803
205 819
205 844
205 918
206 291
206 325
206 598
206 608
206 674
206 730
206 947
207 208
207 223
207 247
207 416
207 436
207 588
207 612
208 437
208 453
208 700
208 776
209 275
209 298
209 301
209 440
209 441
209 491
209 523
209 614
209 778
209 789
209 911
209 961
209 973
209 979
210 381
210 418
210 609
210 621
210 625
210 650
210 659
210 707
210 911
211 362
211 489
211 538
212 491
212 711
212 802
212 886
213 288
213 351
213 587
213 648
213 653
213 905
213 923
213 952
213 958
214 289
214 290
214 370
214 462
214 494
214 722
215 522
215 606
215 624
215 656
215 742
215 763
215 856
215 998
216 265
216 334
216 466
216 477
216 586
216 679
216 730
216 736
216 770
216 917
217 330
217 342
217 362
217 374
217 653
217 659
217 724
217 792
217 794
217 808
217 901
217 921
218 223
218 390
218 410
218 481
218 540
218 582
218 710
218 793
218 874
218 889
218 890
218 935
219 374
219 383
219 406
219 619
219 671
219 684
219 780
220 274
220 379
220 450
220 501
220 582
220 698
220 726
220 976
221 228
221 272
221 383
221 471
221 487
221 769
222 431
222 462
222 480
222 572
222 740
222 804
222 862
223 313
223 354
223 367
223 435
223 564
223 657
223 728
224 227
224 239
224 366
224 489
224 502
224 515
224 628
224 683
224 762
224 903
224 928
224 940
225 271
225 287
225 437
225 466
225 749
225 773
225 922
225 928
226 293
226 707
226 730
226 968
226 976
226 999
227 324
227 402
227 513
227 526
227 595
227 617
227 637
227 822
227 982
228 364
228 433
228 490
228 560
228 647
228 852
229 397
229 450
229 519
229 630
229 757
229 906
229 954
230 256
230 368
230 451
230 638
230 748
230 784
230 939
231 454
231 609
231 648
231 746
231 854
231 855
231 858
231 861
232 267
232 370
232 725
232 736
232 780
232 912
232 934
233 246
233 450
233 529
233 610
233 738
233 897
233 977
234 251
234 287
234 652
234 654
234 733
234 991
235 343
235 454
235 476
235 536
235 661
235 668
235 712
235 725
235 739
235 890
236 506
236 808
236 879
236 927
236 961
237 400
237 567
237 587
237 682
237 741
237 879
238 311
238 390
238 488
238 563
238 715
238 805
238 841
238 842
238 868
239 470
239 511
239 652
239 736
239 779
239 790
239 968
240 417
240 464
240 467
240 491
240 572
240 620
240 746
240 911
240 980
241 369
241 844
241 988
242 265
242 439
242 504
242 669
242 826
242 834
242 943
243 263
243 329
243 600
243 815
244 261
244 297
244 411
244 506
244 573
244 600
244 983
245 263
245 344
245 365
245 387
245 431
245 471
245 503
245 750
245 779
245 987
246 329
246 342
246 406
246 741
246 862
246 901
246 917
247 270
247 410
247 679
247 697
247 743
247 919
248 380
248 436
248 499
248 662
248 742
248 797
248 891
248 962
249 392
249 415
249 820
249 901
249 966
250 265
250 468
250 537
250 619
250 655
250 818
250 932
250 951
251 309
251 320
251 335
251 512
251 644
251 840
251 935
251 948
252 326
252 374
252 393
252 431
252 740
252 795
252 906
252 920
253 517
253 829
253 867
253 988
254 303
254 353
254 583
254 683
254 760
254 761
254 836
254 967
254 980
255 339
255 376
255 461
255 535
255 732
255 946
255 960
256 292
256 440
256 480
256 507
256 606
256 612
256 628
256 807
256 811
256 842
256 869
256 924
256 988
257 419
257 459
257 628
257 695
257 801
258 285
258 624
258 897
259 275
259 353
259 432
259 576
259 991
260 276
260 278
260 503
260 959
260 971
260 972
260 998
261 412
261 547
261 648
261 650
261 702
262 271
262 307
262 918
262 949
263 316
263 423
263 496
263 549
263 563
263 705
263 831
263 985
264 278
264 280
264 307
264 366
264 699
264 784
264 790
265 448
265 574
265 651
265 669
265 727
265 820
266 288
266 337
266 439
266 474
266 519
266 585
266 789
266 792
266 884
266 957
266 986
267 408
267 469
267 706
267 786
267 816
267 904
268 493
268 505
268 519
268 552
268 630
268 691
268 727
268 823
268 893
268 993
269 491
269 605
269 661
269 956
270 548
270 589
270 645
270 882
271 360
271 409
271 423
271 436
271 557
271 561
271 633
271 877
272 332
272 396
272 600
272 606
272 610
272 638
272 708
272 885
273 331
273 332
273 356
273 386
273 419
273 425
273 440
273 481
273 635
273 660
273 736
273 779
273 868
273 955
274 281
274 359
274 382
274 672
274 708
274 785
274 807
275 306
275 355
275 413
275 420
275 540
275 667
275 779
275 954
276 344
276 498
276 631
276 696
276 737
276 783
276 951
277 476
277 502
277 674
277 688
277 808
277 951
278 488
278 509
278 643
278 723
278 869
278 918
278 968
279 437
279 459
279 462
279 486
279 608
279 645
279 663
279 685
279 838
280 456
280 551
280 584
280 605
280 636
280 696
280 697
280 767
280 837
280 984
281 321
281 432
281 489
281 667
281 735
281 738
281 782
281 866
282 536
282 609
282 652
282 673
282 713
282 826
282 829
282 835
282 838
282 917
283 436
283 460
283 541
283 684
283 732
283 741
283 827
283 954
283 982
284 455
284 485
284 623
284 866
284 939
284 941
284 960
285 288
285 467
285 675
285 704
286 304
286 882
287 427
287 527
287 639
287 669
287 694
287 703
287 808
287 856
287 902
287 932
287 986
288 296
288 299
288 466
288 522
288 694
289 415
289 489
289 597
289 614
289 630
289 653
289 682
289 707
289 999
290 329
290 801
290 944
290 998
291 331
291 376
291 490
291 585
291 709
291 753
292 348
292 395
292 585
292 684
292 877
292 906
293 449
293 591
293 686
293 816
293 831
293 854
293 994
294 404
294 571
294 779
294 897
294 978
295 475
295 625
295 701
295 788
295 847
296 312
296 331
296 367
296 381
296 503
296 533
296 546
296 548
296 557
296 564
296 604
296 680
296 826
297 650
298 551
298 631
298 796
298 865
298 974
299 494
299 791
299 859
300 374
300 629
300 700
300 723
300 729
300 916
300 958
300 963
301 526
301 588
301 598
301 741
301 947
301 964
301 980
302 643
302 686
302 708
302 744
302 777
302 848
302 908
302 914
302 946
302 955
302 990
303 505
303 517
303 558
303 746
303 751
303 990
303 998
304 323
304 419
304 442
304 444
304 449
304 478
304 513
304 538
304 584
304 609
304 701
304 714
304 767
304 834
304 964
305 350
305 423
305 445
305 453
305 478
305 746
305 863
305 883
306 320
306 335
306 347
306 390
306 484
306 533
306 739
306 796
306 922
306 948
306 970
307 588
307 773
307 798
307 812
307 845
307 864
307 909
308 424
308 526
308 577
308 633
308 668
308 857
309 544
309 634
309 942
309 984
310 356
310 421
310 558
310 682
310 719
310 897
310 992
311 356
311 514
311 592
311 709
311 770
311 896
312 325
312 527
312 532
312 575
312 725
312 808
313 325
313 388
313 439
313 441
313 537
313 777
313 945
314 479
314 581
314 739
314 807
315 493
315 517
315 553
315 639
315 669
315 782
315 927
315 986
316 422
316 677
316 690
316 714
316 759
316 890
316 907
317 368
317 379
317 526
317 597
317 645
317 968
318 504
318 537
318 569
318 595
318 669
318 882
318 970
318 999
319 320
319 347
319 361
319 423
319 509
319 706
319 840
319 960
320 473
320 499
320 616
320 756
320 815
321 412
321 635
321 664
321 740
321 824
322 361
322 403
322 452
322 482
322 812
322 842
323 385
323 404
323 497
323 553
323 577
323 600
323 606
323 781
323 802
323 850
324 565
324 679
324 698
324 893
325 507
325 508
325 655
325 827
325 869
326 347
326 412
326 501
326 613
326 747
326 863
327 725
327 948
328 375
328 406
328 471
328 525
328 527
328 687
328 884
328 925
329 398
329 449
329 653
329 733
329 839
329 849
329 855
330 458
330 481
330 640
330 669
330 697
330 816
330 866
331 345
331 356
331 401
331 415
331 705
331 726
331 812
331 854
331 974
332 529
332 551
332 652
332 761
332 768
332 916
332 931
332 947
333 376
333 407
333 450
333 556
333 726
333 885
333 961
334 451
334 588
334 637
334 657
334 907
335 480
335 607
335 664
335 683
335 726
335 867
335 877
335 937
335 942
335 985
336 445
336 465
337 347
337 420
337 556
337 915
338 358
338 526
338 565
338 642
338 766
339 450
339 620
339 622
339 681
339 699
340 404
340 437
340 587
340 601
340 608
340 628
340 772
340 872
341 343
341 517
341 520
341 665
341 695
342 409
342 422
342 487
342 569
342 904
343 372
343 424
343 516
343 570
343 603
343 883
344 573
344 595
344 639
344 679
344 729
344 773
344 793
344 815
344 850
344 855
345 444
345 468
345 498
345 516
345 625
345 868
346 404
346 670
346 724
346 909
346 957
347 440
347 470
347 671
347 780
347 809
347 847
347 884
347 912
347 997
348 351
348 448
348 484
348 522
348 531
348 710
349 444
349 731
349 824
349 902
350 368
350 408
350 519
350 564
350 592
350 595
350 614
350 673
350 738
350 856
350 914
350 976
351 607
351 668
351 681
351 768
351 971
352 359
352 529
352 579
352 729
352 795
352 808
352 846
352 917
352 944
353 530
353 548
353 820
353 871
353 947
353 997
354 447
354 452
354 486
354 658
354 676
354 747
354 779
354 806
354 819
354 930
355 412
355 438
355 778
355 792
355 956
355 959
356 482
356 682
356 820
356 833
356 838
356 972
357 451
357 569
357 944
358 623
358 693
358 710
358 755
359 560
359 611
359 733
360 369
360 731
360 759
360 847
361 362
361 457
361 532
361 586
361 602
361 656
361 772
362 709
362 757
362 767
364 408
364 434
364 564
364 638
364 658
364 794
364 802
364 813
364 821
364 980
365 452
365 544
365 781
365 926
366 459
366 471
366 504
366 881
367 392
367 677
367 780
368 373
368 485
368 585
368 631
368 647
368 756
368 857
368 872
369 628
369 634
369 920
369 924
369 989
370 635
370 869
371 449
371 686
371 774
371 829
372 591
372 636
372 682
372 736
372 839
372 882
373 444
373 661
373 685
373 862
374 438
374 531
374 541
374 675
375 433
375 442
375 588
375 621
375 736
375 748
375 761
375 999
376 446
376 657
376 774
376 902
376 930
377 429
377 492
377 515
377 551
377 693
377 748
377 796
377 827
377 836
377 875
377 955
378 511
378 529
378 539
378 564
378 592
378 595
378 907
378 932
379 643
379 648
379 846
379 880
379 926
379 966
380 385
380 439
380 561
380 744
380 805
380 899
380 957
380 958
381 389
381 717
381 922
382 466
382 763
382 941
383 443
383 451
383 479
383 651
383 896
384 432
384 437
384 574
384 642
384 895
384 910
384 962
385 607
385 648
385 733
385 848
386 452
386 534
386 562
386 618
386 731
386 796
386 912
387 534
387 676
387 713
387 735
387 813
387 876
387 921
388 453
388 458
388 569
388 748
388 760
388 798
388 829
389 583
389 709
389 792
390 426
390 529
390 553
390 723
390 748
390 877
391 440
391 447
391 499
391 509
391 549
391 586
391 671
391 747
391 771
391 876
391 980
391 997
392 483
392 607
392 630
392 660
392 823
392 873
392 891
392 933
393 451
393 556
393 602
393 657
394 561
394 719
394 810
394 922
394 949
395 517
395 565
395 580
395 590
395 594
395 698
395 726
395 734
395 957
395 992
396 424
396 476
396 511
396 545
396 630
396 672
396 678
396 752
396 763
396 811
396 943
397 554
397 612
397 663
397 843
398 520
398 534
398 553
398 589
398 847
398 940
399 403
399 456
399 516
399 524
399 549
399 559
399 600
399 628
399 741
399 774
399 831
400 462
400 853
400 861
400 916
401 577
401 727
401 749
401 783
401 823
401 845
402 452
402 720
402 728
402 745
402 783
402 821
402 951
403 677
403 707
403 709
403 724
403 727
403 776
403 900
403 971
404 406
404 488
404 505
404 547
404 807
404 838
405 418
405 447
405 450
405 480
405 494
405 621
405 938
406 544
406 647
406 830
406 834
406 850
406 911
406 919
406 924
406 925
407 443
407 476
407 532
407 668
407 679
407 683
407 937
408 506
408 535
408 576
408 743
409 411
409 502
409 566
409 575
409 614
409 749
409 894
409 951
410 494
410 549
410 781
410 861
410 969
411 527
411 559
411 640
411 716
411 725
411 907
412 446
412 468
412 567
412 582
412 635
412 652
412 783
412 844
412 932
412 973
412 991
413 629
413 801
414 452
414 628
414 648
414 899
415 438
415 517
415 674
415 844
415 846
415 879
415 895
416 435
416 439
416 471
416 753
416 853
416 927
417 443
417 469
417 616
417 710
417 713
417 814
417 968
417 978
418 531
418 555
418 618
418 802
418 823
418 903
419 518
419 680
419 682
419 689
419 722
419 855
419 983
420 805
421 508
421 586
421 722
421 792
421 953
421 998
422 649
422 796
422 877
422 996
423 683
423 735
423 783
423 805
424 460
424 603
424 644
424 755
424 832
424 927
425 456
425 671
425 791
425 854
425 887
426 430
426 501
426 524
426 818
426 926
427 428
427 801
427 923
427 980
428 446
428 558
428 569
428 640
428 686
428 737
428 757
429 433
429 480
429 501
429 543
429 551
429 724
429 803
429 966
430 524
430 563
430 683
430 854
430 885
431 442
431 714
431 810
431 978
432 481
432 487
432 588
432 763
432 860
432 987
433 462
433 638
433 645
433 678
433 705
433 717
433 865
433 867
434 592
434 773
434 939
435 498
435 598
435 726
435 802
435 827
435 902
435 924
435 957
436 485
436 765
436 780
436 822
437 525
437 662
437 708
437 780
437 909
437 934
438 551
438 676
438 729
438 742
438 815
438 864
439 718
439 770
439 780
439 899
440 536
440 561
440 575
440 796
440 995
441 518
441 529
441 620
441 704
441 759
441 838
442 452
442 575
442 587
442 631
442 712
442 817
442 825
442 844
443 467
443 678
443 763
444 569
444 584
444 634
444 733
444 911
445 705
445 790
445 795
445 816
446 448
446 475
446 515
446 575
446 609
446 634
446 676
446 815
446 818
447 483
447 558
447 724
447 755
447 859
448 627
448 682
448 726
448 806
448 871
448 953
448 986
449 511
449 565
449 630
449 688
449 761
450 482
450 509
450 850
450 914
450 941
450 943
450 991
450 998
451 513
451 578
451 798
451 904
451 912
451 932
451 989
452 567
452 664
452 758
452 902
453 626
453 881
454 587
454 606
454 727
455 462
455 615
455 754
455 755
455 798
456 617
456 659
456 716
457 490
457 765
457 853
457 901
457 941
457 943
458 574
458 581
458 623
458 663
458 681
458 760
458 950
459 602
459 780
459 846
459 868
459 967
460 631
460 647
460 682
460 764
460 801
461 486
461 512
461 860
461 891
461 977
462 563
462 646
462 817
462 846
463 505
463 553
463 874
463 930
464 466
464 557
464 653
464 730
464 766
464 962
465 538
465 605
465 694
465 698
465 846
466 475
466 540
466 547
466 905
466 980
467 518
467 547
467 701
467 731
467 834
468 569
468 596
468 626
468 686
468 766
468 782
468 799
468 908
468 929
469 477
469 578
469 600
469 611
469 921
469 989
470 582
470 699
470 736
470 739
470 794
470 822
470 918
471 680
471 736
471 936
472 485
472 530
472 870
473 474
473 591
473 829
473 893
474 482
474 622
474 923
474 927
474 994
475 572
475 822
475 880
475 941
476 674
476 770
476 826
476 876
476 921
476 923
476 960
477 605
477 641
477 661
477 721
477 764
477 804
477 814
477 983
478 555
478 567
478 617
478 631
478 855
478 940
479 702
479 863
480 731
480 937
480 966
481 504
481 557
481 614
481 711
481 868
481 880
482 538
482 681
482 798
482 813
482 845
482 852
482 870
483 684
483 724
483 881
483 901
483 913
483 993
484 519
484 712
484 998
485 627
485 669
485 715
485 769
485 974
485 975
486 549
486 615
486 659
486 808
486 832
487 544
487 689
487 815
487 834
487 888
487 939
487 986
488 807
488 856
489 541
489 691
489 717
489 819
489 945
489 981
489 985
490 552
490 658
490 834
490 919
491 732
491 818
492 606
492 690
492 720
492 833
492 859
492 991
493 541
493 785
493 944
494 742
494 775
494 810
494 826
495 828
495 940
495 955
495 959
495 984
495 985
496 625
496 661
496 670
496 678
496 845
496 941
496 942
497 634
497 647
497 782
497 897
497 958
498 501
498 783
498 827
498 862
499 534
499 774
499 800
499 865
500 544
500 560
500 637
500 709
500 713
500 790
500 952
501 524
501 627
501 800
501 831
501 957
502 542
502 662
502 681
502 694
502 871
502 919
503 533
503 595
503 792
504 586
504 858
504 959
505 677
505 782
505 952
505 974
506 520
506 586
506 628
506 713
506 785
506 798
506 799
506 818
506 898
507 713
507 721
507 788
507 799
507 824
507 884
507 951
508 524
508 802
508 900
509 555
509 706
509 721
509 754
509 826
509 919
509 957
510 801
510 912
510 953
510 999
511 563
511 637
511 931
511 965
512 542
512 562
512 659
512 660
512 961
512 992
513 621
513 664
513 893
513 926
513 948
514 571
514 638
514 763
514 907
514 957
515 534
515 548
515 663
515 673
515 718
515 826
515 890
516 536
516 584
516 785
516 805
517 578
517 611
517 753
517 761
517 864
517 924
517 945
517 956
518 627
518 639
518 691
518 708
518 719
518 892
518 932
518 960
519 578
519 585
519 616
519 990
520 709
521 603
521 651
521 706
521 723
521 768
521 838
521 995
522 697
522 767
522 810
522 865
523 601
524 660
524 757
524 764
524 933
525 567
526 558
526 559
526 748
526 886
526 902
526 926
526 945
527 636
527 716
527 749
527 763
527 780
527 794
527 819
527 988
528 632
528 777
528 787
528 830
528 894
528 929
529 771
529 897
530 613
530 665
530 699
530 736
530 802
530 854
530 855
530 890
531 631
531 854
532 535
532 631
532 918
533 594
533 597
533 727
533 882
533 932
534 720
534 739
534 754
534 891
535 543
535 545
535 660
535 716
535 799
536 805
536 955
537 662
537 699
537 765
537 977
538 600
538 626
538 641
538 675
538 684
538 694
538 742
538 809
538 838
538 914
538 973
538 996
539 590
539 601
539 623
539 663
539 892
539 915
540 561
540 807
540 841
540 892
541 587
541 749
541 769
541 891
542 674
542 760
543 548
543 575
543 755
543 765
543 784
543 795
543 893
543 970
544 549
544 752
544 794
544 888
544 917
545 550
545 551
545 558
545 571
545 669
545 758
546 602
546 635
546 806
547 602
547 688
547 926
548 572
548 602
548 780
548 817
548 865
548 910
548 914
548 983
549 649
549 798
549 807
549 879
550 570
550 580
550 620
550 621
550 690
550 697
550 795
550 931
550 946
551 625
551 832
551 983
552 569
552 650
552 681
552 701
552 753
552 841
552 872
552 968
553 706
553 927
553 995
554 632
554 960
554 972
555 574
555 601
555 747
555 764
555 851
555 952
556 831
556 873
556 890
557 590
557 597
557 768
557 811
557 936
558 578
558 622
558 764
558 825
558 971
558 977
558 989
559 727
559 752
559 847
559 852
559 939
560 673
560 748
560 776
560 891
561 590
561 711
561 876
561 881
562 625
562 750
562 887
563 642
563 659
563 849
563 879
564 660
564 677
564 754
564 806
564 833
565 591
565 617
565 622
565 647
565 654
565 726
565 884
566 627
566 676
566 823
566 855
566 926
566 973
567 587
567 589
567 640
567 724
567 742
567 752
567 771
567 993
568 672
568 999
569 589
569 619
569 626
569 694
569 736
569 845
569 901
569 982
570 585
570 668
570 720
571 620
571 722
571 821
572 669
572 724
572 836
572 861
572 937
573 640
573 644
573 656
573 865
573 886
573 898
574 618
574 698
574 802
574 840
574 946
574 994
575 636
575 642
575 717
575 795
575 803
575 971
576 978
576 993
577 663
577 927
578 690
578 706
578 708
578 840
578 870
578 884
579 581
579 595
579 690
579 890
579 935
580 800
580 861
580 959
581 600
581 745
582 597
582 635
582 697
582 943
583 607
583 615
583 737
583 755
583 784
584 600
584 672
584 755
584 846
584 850
584 979
584 993
585 611
585 677
585 790
585 947
585 975
586 591
586 616
586 782
586 865
586 983
587 749
587 915
587 971
588 591
588 643
588 807
588 819
588 853
588 870
589 735
589 885
589 982
590 685
590 750
590 758
590 909
591 658
591 701
592 665
592 887
592 917
592 927
592 991
593 678
593 715
593 841
593 923
593 947
594 597
594 726
594 762
594 832
594 863
594 871
594 880
594 992
595 823
595 839
595 875
596 639
596 659
596 660
596 665
596 703
596 780
596 958
597 634
597 725
597 867
597 894
598 631
598 767
598 785
598 805
598 995
599 630
599 675
599 781
599 931
599 992
599 997
600 692
600 716
600 724
600 782
600 799
600 876
600 918
600 988
601 656
601 813
601 864
601 930
601 948
602 693
602 752
602 791
602 826
603 758
603 855
603 953
604 691
604 840
604 864
605 653
605 655
605 685
605 762
605 849
606 670
606 883
606 914
606 967
607 731
607 935
607 955
608 650
608 753
608 762
608 853
608 879
609 706
609 720
609 826
609 867
610 897
610 982
610 996
611 721
611 805
611 885
612 647
612 678
612 712
612 922
612 933
612 947
612 985
613 654
613 730
614 660
614 898
615 656
615 752
615 947
616 744
616 817
617 648
617 708
617 799
618 657
618 695
618 928
619 647
619 796
619 862
619 910
619 972
620 732
620 870
620 927
621 636
621 641
621 662
621 759
621 866
622 708
622 736
622 737
622 766
623 657
623 689
623 731
623 862
623 941
624 689
624 771
624 780
624 937
625 765
626 722
626 860
626 920
626 982
627 682
627 909
628 649
628 652
628 995
628 999
629 716
629 778
629 904
629 969
629 989
630 670
630 714
630 804
630 843
630 959
631 684
631 755
631 839
631 946
632 740
632 981
633 795
633 830
633 871
633 916
634 662
634 803
634 858
635 657
635 716
636 670
636 778
636 800
636 921
636 978
637 903
637 947
638 723
638 992
639 887
639 888
639 944
639 967
639 974
640 992
641 658
641 789
641 919
642 792
642 837
642 939
642 986
643 663
643 796
643 812
643 899
643 916
643 975
644 664
644 680
644 697
644 910
645 741
646 713
646 838
646 860
646 880
646 919
647 756
647 821
647 840
647 863
647 898
648 819
649 750
649 769
649 812
649 860
649 870
649 898
650 722
650 896
650 949
651 813
651 837
651 928
652 976
653 672
654 891
654 936
654 955
654 988
655 715
655 765
655 790
655 859
656 678
656 867
656 889
656 906
656 922
656 963
657 739
657 803
657 816
657 877
657 905
658 700
658 734
658 742
658 787
659 672
659 695
659 709
659 776
659 782
659 937
659 953
660 877
660 880
660 886
661 871
661 925
662 818
662 843
662 885
662 892
662 945
662 959
663 926
663 933
663 985
664 745
664 792
664 994
665 708
665 741
665 806
665 807
665 903
666 766
666 810
666 953
667 717
667 782
667 979
668 785
668 899
668 978
669 821
670 703
670 766
671 748
671 788
671 804
671 977
671 982
672 685
672 687
672 987
673 683
673 734
673 748
673 757
673 838
673 854
673 970
675 869
675 920
676 678
676 872
677 688
677 811
677 845
677 971
678 851
678 891
678 951
679 763
679 765
679 830
679 973
680 691
680 748
680 810
680 908
680 967
681 775
681 818
681 825
681 834
681 835
681 947
682 698
682 756
682 840
682 964
684 702
684 831
684 924
685 757
685 954
686 707
686 820
686 884
686 903
687 696
688 766
688 894
689 704
689 761
689 780
690 732
690 829
690 900
690 984
691 738
691 774
691 813
691 929
692 717
692 841
692 855
694 904
695 813
695 952
696 756
696 804
696 808
696 893
697 823
697 855
697 925
697 946
698 706
698 848
698 966
699 861
699 874
699 902
700 783
700 786
701 943
702 878
703 800
703 846
704 747
704 833
704 975
705 875
705 876
705 909
705 949
705 965
706 752
706 933
706 966
707 743
707 750
707 766
707 835
707 848
708 965
708 989
709 730
709 750
709 766
709 866
709 919
710 720
710 749
711 774
711 795
711 905
711 923
711 924
711 969
711 990
712 848
712 954
713 831
713 838
715 734
715 783
715 799
715 871
715 925
716 809
716 815
716 911
716 917
717 718
717 739
717 773
717 822
717 851
718 960
719 885
719 908
720 778
720 908
722 729
722 794
722 796
723 733
723 808
723 910
723 950
724 801
724 887
724 896
724 982
725 766
725 814
725 887
726 801
726 895
727 797
727 910
728 796
728 851
728 870
728 947
729 750
729 788
729 801
729 824
730 842
730 894
730 903
730 948
731 787
731 819
731 826
731 838
731 960
731 962
731 979
731 985
732 819
733 895
733 896
733 970
734 831
734 892
734 947
735 796
735 976
736 785
737 848
738 966
739 845
739 856
739 946
739 998
740 763
740 863
740 967
741 762
741 832
742 749
743 828
744 808
744 811
744 817
744 866
744 980
745 975
746 773
746 780
747 773
747 882
747 941
747 969
748 909
749 763
749 780
750 790
751 822
751 848
751 865
751 882
751 932
751 973
753 798
753 906
754 806
755 847
755 858
755 865
755 896
755 938
756 819
757 784
757 792
758 875
759 804
759 860
759 878
759 894
760 817
760 818
761 805
761 873
762 775
762 806
763 970
763 977
764 772
764 884
764 933
765 783
765 938
765 999
766 979
767 774
768 836
768 837
769 914
770 893
770 898
770 930
770 990
770 997
771 788
772 849
772 958
773 895
774 804
774 944
775 847
775 961
776 999
777 780
777 875
777 923
777 950
778 841
778 885
778 955
779 835
780 915
780 936
782 926
783 878
783 969
784 800
784 856
784 935
786 810
786 956
787 836
787 850
788 853
788 888
788 943
789 938
790 940
791 865
791 953
792 927
793 813
793 835
793 860
793 969
794 880
794 913
795 917
796 811
796 853
796 954
797 798
797 847
797 855
797 928
797 983
797 986
798 949
798 980
798 993
799 862
799 873
799 879
799 945
801 898
801 916
801 965
802 839
803 843
803 891
806 813
806 816
806 887
808 849
808 898
808 929
809 814
809 913
809 977
812 816
812 962
813 891
813 948
813 951
813 993
815 869
815 991
817 947
818 880
819 821
820 860
820 899
821 924
821 946
822 892
822 911
824 862
824 918
824 966
824 997
825 863
825 931
826 835
826 920
827 868
827 995
828 989
831 865
832 902
832 970
833 841
833 997
835 960
836 861
836 863
836 892
836 903
836 936
837 872
837 878
837 891
837 987
837 994
838 977
838 986
841 847
841 900
843 856
843 862
843 921
844 853
844 964
844 997
845 931
846 995
847 873
848 868
848 875
849 907
850 957
854 897
855 870
855 879
855 919
856 887
857 914
857 926
858 870
858 908
858 940
858 961
859 866
859 889
859 894
860 913
861 881
861 967
862 916
863 915
863 965
864 975
865 911
865 984
868 903
868 985
868 987
870 958
870 998
871 904
872 896
872 912
872 942
872 948
873 911
873 951
874 938
875 924
875 934
875 964
877 920
877 971
879 905
879 912
879 950
880 882
880 936
880 947
880 996
881 899
882 952
884 947
884 998
886 945
887 929
888 899
888 949
888 982
889 974
892 948
892 977
894 932
895 979
897 911
897 930
899 979
900 991
901 942
901 990
903 913
903 979
904 917
905 992
906 937
906 964
907 982
907 998
908 995
910 964
910 972
910 995
911 937
911 999
916 925
916 963
918 938
918 968
918 973
918 996
922 924
923 940
923 947
923 959
925 952
925 959
925 989
926 969
929 967
929 982
934 949
936 989
940 953
941 973
944 951
946 976
950 983
955 986
957 961
957 991
958 966
959 964
960 993
964 973
972 975
974 988
992 994
0
10 999
