125	136	 1
0 33
1 23
1 50
2 124
3 55
3 103
4 13
5 98
6 9
6 11
6 66
6 87
7 11
7 12
7 29
8 93
8 107
10 35
10 40
10 73
10 118
11 16
11 58
11 82
12 117
12 123
13 73
13 122
14 76
14 120
15 24
16 77
17 81
18 72
18 121
19 29
19 111
20 112
21 29
22 32
22 47
23 28
23 29
23 50
24 48
25 46
25 66
26 122
27 59
27 86
30 91
31 57
31 94
32 39
32 55
32 85
33 42
33 89
34 73
35 42
35 106
35 124
36 68
37 75
37 98
37 102
38 114
38 124
39 45
39 100
39 110
40 53
40 69
41 44
41 47
42 69
43 71
43 78
44 101
44 112
44 116
44 122
45 67
45 72
46 49
46 91
48 116
49 93
51 60
51 109
52 60
54 57
54 104
56 89
57 105
57 116
57 119
60 67
61 62
62 71
62 79
63 123
64 100
65 81
65 90
67 104
68 118
69 95
70 76
70 97
74 121
76 77
76 84
77 89
77 113
78 99
80 90
81 82
81 112
82 107
82 123
83 109
84 99
85 113
86 112
88 119
92 119
95 119
96 113
98 107
105 124
107 119
108 111
108 118
112 120
115 122
0
7 124
