125	142	 1
0 14
0 35
1 102
2 16
2 121
3 104
3 119
4 62
5 21
5 37
5 52
5 57
6 71
7 14
7 101
8 43
8 76
9 76
9 85
9 123
10 42
10 43
11 42
11 66
11 116
11 121
12 92
13 43
14 98
15 107
17 110
18 27
18 41
19 30
20 57
22 26
23 104
24 25
24 48
24 115
25 45
25 79
25 87
26 30
26 60
27 77
28 31
28 67
28 71
29 30
29 54
29 96
29 102
30 51
31 48
31 65
31 71
31 76
32 68
33 39
33 59
33 90
33 100
33 124
34 57
34 63
34 114
35 70
35 84
36 49
38 100
39 59
39 94
39 113
40 42
40 91
41 82
42 67
42 119
44 99
44 121
45 47
46 107
47 105
48 102
49 91
49 101
50 63
51 107
51 113
52 106
53 57
55 63
55 101
55 118
56 92
57 111
57 116
58 112
59 61
61 62
61 90
62 92
63 92
64 108
67 84
68 76
68 109
69 95
71 81
72 78
72 93
73 98
73 123
74 85
75 83
75 108
77 100
77 118
80 96
82 85
83 85
85 92
86 108
87 122
88 95
88 104
88 124
89 107
93 95
93 120
96 117
97 105
98 111
102 116
103 110
103 111
107 112
107 123
109 113
109 116
119 121
0
7 124
