125	142	 1
0 71
1 77
2 115
3 50
3 110
4 60
4 71
4 75
4 100
5 86
6 118
7 53
7 118
8 44
9 28
10 118
11 78
11 95
12 102
13 19
13 74
13 102
14 23
14 61
14 80
14 117
15 29
15 91
15 92
16 64
17 55
17 61
17 64
18 29
18 98
18 103
19 33
19 37
19 54
19 65
20 91
21 69
22 87
23 38
23 112
24 29
24 83
24 107
25 56
26 34
26 52
26 85
26 123
27 33
27 39
27 107
28 54
28 78
28 81
29 32
29 46
29 105
30 38
30 57
31 52
31 109
32 42
34 58
35 48
36 97
36 119
37 76
37 93
37 103
37 114
39 70
39 86
40 72
40 90
41 45
41 77
41 93
41 112
41 121
42 82
43 58
44 45
44 100
46 51
47 102
48 58
48 84
48 104
48 105
49 77
50 91
51 66
52 68
52 81
53 58
53 120
54 119
56 123
58 108
58 124
59 81
60 76
61 96
62 94
63 82
65 79
65 122
67 83
67 121
68 99
69 119
70 88
70 99
70 116
71 104
73 117
75 81
77 89
77 96
81 99
87 110
88 92
88 111
89 114
90 97
93 109
93 117
94 120
97 103
97 113
100 101
100 103
101 116
106 107
114 117
115 119
122 124
0
7 124
