125	138	 1
0 89
1 7
1 29
1 121
2 34
2 75
3 72
3 89
4 5
4 27
5 62
5 102
6 49
7 32
8 17
8 91
8 114
9 86
9 121
9 124
10 59
11 51
12 74
12 103
13 91
14 55
14 101
14 123
15 109
16 48
17 49
17 57
17 92
17 122
18 68
19 62
20 22
20 72
21 56
21 117
22 65
22 81
23 95
24 70
24 99
25 67
26 35
26 39
26 111
28 98
28 118
28 122
29 93
29 99
30 69
30 73
30 95
31 42
31 105
33 111
34 64
34 102
36 82
36 111
37 67
38 90
39 70
40 44
40 123
41 88
42 67
42 88
43 93
44 115
45 47
45 90
46 52
46 58
46 60
46 81
47 67
47 75
48 116
50 51
50 103
50 104
51 73
51 87
51 116
52 76
53 107
54 60
56 121
57 71
58 79
58 120
59 92
59 95
60 117
61 82
61 118
62 98
62 103
63 79
63 97
65 75
65 95
66 123
67 81
68 119
70 108
71 77
73 118
74 118
76 100
76 110
77 103
77 105
78 79
79 80
79 106
79 109
79 122
81 89
83 89
84 119
85 103
86 95
87 108
92 123
94 96
94 97
101 123
106 112
107 122
113 119
116 119
122 124
0
7 124
