125	136	 1
0 121
1 33
1 77
2 80
2 110
2 114
3 45
3 116
4 30
4 38
5 20
5 25
5 55
6 73
7 65
7 111
8 9
8 21
8 100
9 62
9 63
10 28
10 54
10 64
11 122
12 98
13 113
14 37
15 32
15 37
15 53
16 30
16 57
17 29
17 58
18 25
19 90
22 44
22 83
23 55
23 111
24 59
24 67
25 38
25 41
25 119
26 75
26 100
27 106
27 122
28 94
29 99
30 39
30 94
30 100
30 109
30 120
31 40
31 114
32 90
33 41
34 85
34 95
35 57
35 124
36 61
36 111
37 94
37 120
39 67
39 79
40 115
40 117
42 80
43 76
44 52
45 51
45 83
46 96
46 99
47 82
48 56
48 73
48 97
49 55
50 70
50 83
52 101
56 71
56 99
57 81
60 107
63 79
66 83
66 98
67 105
68 105
69 73
70 74
70 91
70 104
71 118
72 106
74 93
74 99
76 123
78 112
78 121
80 109
81 111
82 100
83 93
83 95
83 97
84 104
84 112
85 103
86 93
86 111
86 123
87 106
87 110
88 94
89 103
90 108
92 101
92 122
93 95
93 102
93 114
93 121
94 114
105 107
107 116
109 122
113 116
0
7 124
