125	132	 1
0 32
1 15
1 22
1 31
1 92
2 26
2 51
2 63
3 30
3 46
3 61
3 116
4 36
5 32
6 7
6 33
6 118
7 51
8 38
8 43
8 71
8 78
9 97
10 25
10 122
11 23
11 29
11 54
11 77
12 105
13 95
13 109
13 121
14 25
14 51
14 52
14 68
14 117
15 48
15 104
16 119
16 122
17 34
18 114
19 33
19 81
19 117
20 25
20 29
21 64
21 86
21 111
22 25
23 80
24 90
24 123
25 124
26 47
27 98
28 59
28 65
28 77
30 68
30 83
30 89
31 67
31 116
32 55
32 58
32 60
32 72
32 84
32 111
33 36
33 57
33 93
34 116
35 77
36 43
36 63
37 63
37 106
38 68
38 110
39 82
39 87
40 110
41 58
41 87
42 59
42 66
43 66
44 94
44 115
45 88
48 96
48 97
49 95
50 82
53 62
55 62
55 70
55 76
56 68
58 85
58 124
60 102
63 115
64 93
64 120
68 91
69 105
70 80
73 83
74 110
75 121
79 105
79 112
80 90
80 113
85 103
87 100
87 107
88 120
93 105
95 116
98 111
99 120
101 113
106 110
108 109
112 114
0
7 124
