125	136	 1
0 65
0 93
1 11
1 62
2 3
2 73
3 46
4 18
4 75
4 104
5 14
5 67
5 91
6 38
6 60
6 100
6 117
6 124
7 28
7 41
8 34
9 34
10 43
10 92
11 109
12 72
13 51
13 74
13 120
14 84
15 117
16 17
17 26
17 105
18 54
18 117
18 119
19 104
20 48
20 62
20 111
21 62
21 67
21 69
21 83
21 86
22 34
22 43
22 121
23 32
23 58
24 39
24 72
25 47
25 71
27 80
29 53
29 90
30 121
31 43
33 95
33 119
34 113
35 48
35 114
36 59
37 116
38 48
38 53
39 57
40 51
41 69
42 111
44 71
45 96
46 68
46 80
47 60
47 105
48 63
48 85
49 97
50 77
51 52
55 70
55 92
56 120
57 82
57 88
57 99
58 101
58 112
59 73
59 99
60 112
61 102
63 86
63 108
64 65
66 124
68 76
68 94
69 77
69 79
69 100
71 88
72 96
74 98
76 78
76 85
76 105
76 121
78 99
81 88
81 113
81 117
81 122
83 101
87 106
88 89
92 102
93 94
94 97
95 107
95 118
95 123
96 100
100 119
103 112
106 113
109 111
110 114
111 120
113 115
116 124
121 122
0
7 124
