125	137	 1
0 40
0 110
1 110
2 4
2 17
2 44
3 24
3 30
3 36
3 119
5 13
5 25
5 31
5 44
5 79
5 100
6 22
6 67
6 74
6 105
7 37
7 121
8 48
8 57
9 35
9 39
9 104
10 44
11 13
11 77
11 94
12 28
12 70
12 78
12 97
13 33
13 84
14 26
14 46
15 48
15 90
16 66
17 60
18 25
18 90
18 104
19 23
19 39
20 119
21 25
22 46
23 47
23 76
23 107
24 43
25 37
26 88
27 90
29 84
30 46
30 85
30 110
31 54
31 81
31 118
32 52
32 65
33 39
33 99
34 75
34 87
37 64
37 82
38 45
39 68
40 113
41 67
42 67
42 124
44 48
45 76
46 103
47 80
47 86
49 55
49 57
50 56
50 107
51 103
52 72
52 121
53 65
53 66
53 86
54 63
55 83
56 85
56 92
58 59
59 91
59 99
60 68
61 68
61 115
62 76
63 117
66 98
69 100
70 92
71 84
71 89
71 113
73 90
74 82
74 95
77 113
80 112
80 124
81 96
82 111
85 93
85 109
86 122
87 93
89 99
89 116
91 108
93 108
96 102
97 106
98 113
100 109
101 107
105 120
109 114
111 114
119 123
0
7 124
