125	141	 1
0 81
0 106
1 89
1 104
1 123
2 63
2 73
3 44
3 54
4 9
4 33
4 76
5 27
5 29
5 67
5 81
6 96
7 20
7 87
7 113
8 10
8 70
8 107
9 67
10 11
10 56
11 23
12 55
12 90
13 34
13 39
13 51
13 97
14 18
14 74
15 60
15 87
16 29
17 53
17 66
18 26
18 45
18 77
18 103
19 115
21 30
22 85
22 105
24 63
24 84
24 94
25 36
25 118
26 54
27 60
27 71
28 95
30 35
30 90
30 100
30 103
31 77
32 57
33 51
33 112
36 110
37 80
38 115
38 121
39 45
39 46
39 49
40 78
40 80
41 48
41 50
42 53
42 72
43 98
43 105
44 76
44 104
47 77
47 80
47 89
48 86
50 51
50 65
50 92
52 106
53 55
53 63
56 117
57 60
58 72
58 102
59 74
60 124
61 102
62 71
64 121
66 75
66 83
66 114
67 75
67 95
67 104
67 120
68 112
69 85
71 105
71 107
72 93
75 81
76 103
76 106
79 120
82 103
86 113
87 119
88 107
91 102
91 124
92 122
92 124
95 102
95 116
95 119
96 99
96 110
98 99
98 101
98 109
100 110
102 115
103 110
104 113
108 112
111 113
112 120
114 121
0
7 124
