125	139	 1
0 16
0 34
0 74
1 82
1 107
2 3
2 80
2 116
3 5
4 41
4 71
4 101
6 35
6 43
6 65
6 92
7 23
7 78
8 50
8 110
9 15
9 16
10 32
10 103
10 104
11 22
12 31
12 59
12 69
12 82
13 32
14 38
15 108
17 118
18 106
18 113
18 123
19 24
19 117
20 69
21 76
22 77
23 52
24 28
24 64
25 104
26 83
27 99
28 44
28 109
29 40
29 50
29 78
29 87
29 95
29 114
29 122
30 31
31 33
31 52
32 57
33 73
33 76
34 61
35 46
35 89
36 81
36 88
36 108
36 109
36 120
37 59
38 86
38 113
39 89
39 111
40 98
42 104
43 51
43 111
44 67
44 77
44 86
44 89
45 117
47 55
47 70
48 72
49 121
50 121
52 60
53 72
53 124
54 66
54 119
55 105
55 115
56 117
56 121
58 63
59 96
60 80
60 90
60 112
61 73
62 120
63 70
66 113
67 101
67 118
67 123
68 96
69 81
70 96
70 119
72 101
74 91
75 96
76 83
79 93
80 89
82 103
82 107
84 106
84 124
85 98
87 101
89 98
89 99
93 102
93 104
94 102
95 109
96 111
97 120
100 110
100 122
104 123
116 122
0
7 124
