125	145	 1
0 57
0 81
1 19
1 43
1 66
2 35
3 37
4 60
4 98
4 119
5 101
6 116
7 35
7 48
7 54
7 96
8 9
9 18
9 37
9 41
9 83
9 108
10 69
10 74
11 16
11 38
11 87
12 111
13 72
13 106
14 26
14 60
15 16
15 80
15 95
16 61
16 115
17 70
17 88
18 49
19 77
19 118
20 115
21 22
21 53
21 55
21 81
23 64
24 107
25 30
25 40
25 48
25 70
26 103
26 115
26 122
27 35
27 64
27 114
28 38
29 81
30 37
30 48
30 94
31 50
32 70
32 87
32 109
33 68
33 93
34 63
34 78
35 82
36 37
36 68
37 50
37 58
37 124
38 102
38 120
39 53
39 83
39 97
40 44
40 84
42 47
42 87
42 104
43 74
44 56
44 78
45 50
46 53
46 122
47 95
47 105
47 116
49 122
51 120
52 63
53 76
53 89
53 112
54 63
56 89
56 111
59 60
59 91
60 75
60 118
61 62
61 92
63 64
63 90
63 123
65 106
65 107
65 123
67 124
68 92
69 121
71 104
72 78
72 101
73 88
74 123
79 96
79 117
80 85
80 113
81 106
83 97
85 114
86 87
93 108
96 97
98 108
99 110
99 122
100 101
107 110
110 120
113 116
115 116
116 121
0
7 124
