125	138	 1
0 6
0 68
1 108
1 120
1 122
2 58
2 91
3 48
3 79
3 93
4 46
5 62
6 93
7 16
7 45
7 98
8 88
8 92
9 106
10 44
10 107
11 42
11 109
12 18
12 95
13 71
13 117
14 15
14 111
15 69
15 117
16 36
16 86
16 87
16 114
17 72
17 73
18 61
19 66
19 90
20 96
20 99
20 124
21 39
21 53
22 72
23 46
24 60
25 72
25 110
26 35
26 84
27 94
27 123
28 50
28 117
29 30
30 69
30 106
30 124
31 39
31 65
32 44
32 112
33 79
34 46
34 55
35 43
36 47
37 38
37 74
37 97
38 68
39 42
39 78
39 103
40 100
41 62
41 105
41 124
42 119
43 53
43 85
43 118
45 68
46 60
47 93
48 80
48 111
49 60
49 91
50 71
50 80
50 83
51 82
52 82
54 66
54 79
55 74
56 63
56 119
57 66
57 103
59 77
60 88
61 75
64 102
67 95
69 110
70 76
70 117
73 111
74 102
75 105
76 77
77 82
77 107
77 121
80 96
81 108
85 111
85 114
86 101
87 115
89 97
91 101
95 96
97 113
98 104
100 103
100 108
101 118
102 111
103 111
104 111
107 114
108 123
116 122
0
7 124
