125	139	 1
0 88
1 116
2 29
3 50
3 109
4 66
4 86
4 112
5 88
5 108
6 22
7 109
8 69
8 87
8 93
9 38
9 50
10 15
10 88
11 23
11 28
11 29
11 96
12 62
13 52
13 116
14 65
16 60
16 64
16 83
16 95
16 119
17 44
17 77
18 19
18 44
18 101
20 68
20 79
21 44
21 72
22 124
24 71
25 42
25 85
26 39
26 91
26 92
26 115
26 118
27 88
28 108
29 34
29 50
30 54
30 85
30 90
31 37
31 41
32 97
33 60
34 106
34 124
35 111
36 92
36 113
38 53
38 90
38 104
39 57
39 79
40 113
41 42
41 58
42 56
42 82
42 121
43 120
44 81
45 119
46 91
46 95
46 109
47 65
47 111
48 64
49 112
51 98
51 108
51 115
52 67
52 75
54 99
55 107
57 120
59 68
59 90
60 94
60 124
61 71
61 74
61 80
61 84
61 88
62 82
63 64
63 96
63 97
63 104
63 117
64 82
64 84
65 66
65 90
65 103
66 100
67 122
70 71
70 89
70 124
71 75
72 73
72 76
72 83
76 123
78 110
79 87
82 110
85 111
94 108
97 109
97 114
99 104
101 119
102 120
105 108
107 124
109 111
114 120
0
7 124
