125	136	 1
0 47
0 97
1 121
2 8
2 43
2 94
2 101
2 121
3 73
3 82
3 111
3 121
4 80
5 14
5 54
6 53
6 103
7 25
7 42
7 60
7 99
8 80
9 25
9 42
9 48
10 50
10 54
11 27
12 91
13 14
13 56
13 90
14 35
14 62
14 70
15 33
15 111
16 63
16 112
17 23
17 27
18 35
19 45
20 83
20 106
21 44
21 77
21 89
21 96
21 112
22 76
23 67
24 59
25 41
26 71
26 72
26 77
27 77
27 88
28 90
29 74
30 74
31 105
31 109
32 85
32 103
33 78
34 83
35 109
36 56
37 118
38 79
38 101
39 107
40 76
41 86
43 66
44 76
45 60
46 104
46 108
47 71
47 108
47 123
48 51
48 79
49 55
49 64
49 116
49 118
50 80
50 83
50 113
52 74
52 84
53 108
54 98
54 121
55 65
55 98
57 77
57 110
58 122
59 86
59 97
59 117
61 76
61 124
62 75
62 84
64 74
65 108
68 76
68 92
69 115
72 103
73 79
76 79
77 115
78 89
81 122
82 93
86 119
87 91
87 117
88 95
88 114
89 92
90 100
93 124
98 117
102 116
103 105
105 122
107 122
116 120
0
7 124
