125	147	 1
0 59
0 80
1 123
2 109
3 72
4 19
4 73
4 116
5 35
5 37
5 111
6 9
6 17
7 55
7 108
8 52
9 39
9 77
10 17
10 30
11 62
11 71
12 56
12 108
13 114
14 122
15 77
15 112
16 94
16 112
17 26
17 34
17 90
18 20
18 42
19 79
20 63
21 120
22 35
22 87
23 30
23 32
23 62
24 75
24 122
25 27
25 36
25 63
25 118
26 81
28 29
28 48
29 53
29 97
30 74
30 90
31 62
31 117
32 44
32 55
32 87
32 114
33 87
35 65
36 50
36 83
36 88
38 40
38 120
39 79
39 107
40 75
40 110
41 55
41 71
41 84
42 47
43 76
43 95
43 117
45 72
45 76
45 86
45 108
46 64
46 93
47 52
47 66
47 92
47 97
49 67
49 97
50 89
51 71
52 86
52 105
54 60
54 64
54 93
54 98
54 99
54 121
55 69
56 95
57 78
57 86
58 63
58 78
60 86
61 101
62 77
65 74
68 114
69 101
70 109
72 105
73 110
75 99
79 91
79 100
79 110
79 115
80 85
80 95
80 99
80 124
82 86
87 89
87 99
89 116
90 114
93 124
94 110
96 103
96 106
96 120
98 115
100 120
101 119
102 111
102 113
104 116
105 112
107 111
108 109
112 123
116 122
0
7 124
