125	133	 1
0 22
0 107
0 110
1 61
1 62
1 64
1 119
2 18
2 75
3 96
4 117
5 29
5 97
6 39
6 75
6 117
7 75
8 83
9 94
10 55
11 21
11 31
11 55
12 27
13 92
13 112
14 90
14 106
14 114
15 29
15 67
16 104
17 51
17 90
18 29
18 36
18 51
18 93
19 61
19 91
20 64
20 89
22 45
22 71
22 122
23 55
24 49
24 99
25 32
25 124
26 30
26 55
26 103
26 109
27 72
27 99
27 102
28 36
29 63
30 33
30 74
31 37
32 117
34 46
34 86
35 54
35 66
35 107
36 48
36 65
36 112
36 119
38 41
38 50
40 94
40 119
41 79
42 56
42 85
43 73
44 74
44 113
46 83
46 99
47 86
48 56
48 106
52 121
53 76
53 105
54 59
55 106
56 68
57 84
57 105
58 62
60 82
60 115
61 79
62 69
63 82
65 110
66 77
66 85
67 104
68 74
68 84
70 117
73 80
73 85
75 105
75 111
76 97
78 87
81 85
82 117
84 98
86 87
86 121
88 97
94 101
95 122
95 123
96 108
99 100
102 121
102 124
106 116
107 118
108 118
112 120
119 123
119 124
0
7 124
