125	143	 1
0 16
1 43
2 11
2 45
3 72
3 101
4 9
4 25
5 93
5 97
6 11
6 12
6 27
6 48
7 19
7 117
8 33
9 31
9 64
9 89
9 97
10 35
11 74
11 84
11 108
12 49
12 81
13 21
13 35
14 43
15 66
16 118
17 43
17 78
17 111
17 124
18 87
19 94
20 42
20 107
21 99
21 118
22 25
22 97
23 76
23 115
24 87
24 116
26 31
27 37
27 42
28 64
29 73
29 104
30 68
30 107
31 56
31 58
32 43
32 121
33 45
33 84
34 53
35 98
35 102
35 122
36 50
38 75
38 76
38 95
39 61
40 74
40 96
41 56
41 59
44 62
46 66
46 120
47 75
47 102
47 108
48 62
48 87
48 90
48 111
49 68
50 62
50 79
50 102
51 56
51 101
51 105
51 118
52 102
53 64
53 101
54 120
55 85
57 95
59 76
60 106
61 106
62 77
62 124
63 109
65 123
66 68
66 113
67 107
68 77
69 108
70 75
70 106
70 109
71 103
71 120
76 116
77 82
77 124
79 89
79 97
80 122
81 111
83 113
84 120
85 100
85 102
86 116
87 104
88 117
91 114
92 100
92 108
93 110
94 101
94 113
95 112
96 119
103 109
104 114
107 109
111 121
118 123
0
7 124
