125	135	 1
0 45
0 73
0 92
1 16
1 121
2 24
2 25
2 53
2 54
2 91
3 5
3 26
3 89
3 93
3 95
4 38
4 120
5 49
5 112
6 34
6 52
6 83
6 85
7 8
7 69
8 55
8 114
9 84
10 89
11 80
12 17
13 110
14 20
14 61
14 102
15 19
15 107
15 113
16 31
16 118
17 43
18 105
19 94
19 97
20 85
20 118
21 27
21 51
21 59
22 67
23 29
24 115
25 46
25 47
26 52
26 79
28 99
29 63
30 46
30 112
31 65
31 78
32 43
33 100
34 67
34 122
35 71
36 63
36 117
37 71
37 82
37 88
38 87
38 88
38 106
39 42
39 80
39 116
40 108
40 111
41 114
43 103
43 122
44 66
44 91
45 61
47 104
48 50
48 74
51 80
51 97
51 111
52 69
52 97
53 72
53 87
54 83
56 77
57 84
57 103
58 63
58 101
60 66
61 98
62 76
62 112
63 69
64 74
65 77
65 103
66 80
68 70
69 79
70 71
71 75
71 109
72 118
74 97
75 94
81 88
83 119
85 100
85 109
86 91
88 105
89 110
90 113
96 104
98 108
99 106
100 121
100 123
101 109
101 124
109 122
0
7 124
