250	318	 1
0 61
0 146
0 245
1 212
2 132
2 183
2 207
2 234
2 246
3 5
3 28
4 207
4 221
5 76
5 109
5 150
5 235
6 66
6 164
7 231
8 137
8 178
8 203
9 34
9 108
9 238
10 11
10 19
11 134
12 57
12 79
12 134
12 169
13 125
13 127
13 193
13 200
14 38
14 78
15 145
15 149
16 58
16 160
17 88
17 98
17 162
18 69
18 171
18 175
18 179
18 205
18 216
18 232
19 237
20 109
20 118
20 229
20 248
21 39
21 227
22 131
22 157
22 216
22 247
23 29
23 57
24 34
24 51
24 98
24 201
25 175
26 31
26 64
27 218
28 219
29 53
29 80
30 92
30 174
31 63
31 100
31 126
31 192
32 84
33 39
33 128
35 131
35 160
35 224
35 236
36 81
37 85
37 201
37 219
38 117
38 130
38 155
38 194
38 220
39 173
40 69
41 78
41 112
41 117
42 165
42 195
43 75
43 219
44 55
44 131
45 92
45 189
46 189
47 113
48 73
48 146
48 180
49 127
49 233
50 182
51 81
51 229
52 82
52 189
53 151
54 111
54 191
54 213
54 240
55 130
55 175
56 82
56 222
56 229
58 209
59 114
59 159
59 198
60 115
60 142
62 145
62 193
62 240
63 107
63 239
64 215
64 225
65 165
67 148
68 145
69 215
70 77
70 81
70 143
70 199
70 241
71 210
72 151
73 222
74 116
74 127
75 81
76 103
79 103
80 216
81 100
82 147
82 152
83 89
83 95
83 192
83 223
84 167
84 240
85 107
85 164
85 184
86 167
86 249
87 163
88 208
88 226
89 201
90 211
91 181
91 224
91 248
92 98
92 126
92 144
92 150
92 165
93 100
93 106
93 163
94 148
95 151
95 207
96 207
96 249
97 187
99 143
99 171
100 122
100 174
101 119
101 120
101 143
101 182
102 238
103 128
103 188
103 228
104 139
105 139
105 214
108 145
108 163
109 115
109 137
109 206
109 225
110 203
110 205
110 219
112 162
112 175
113 159
113 238
114 171
114 186
115 131
116 193
117 177
117 190
118 164
119 196
119 219
120 154
121 247
123 139
123 188
124 146
124 220
126 177
126 180
126 218
128 193
129 140
129 207
130 139
132 190
133 135
133 232
133 245
134 176
134 231
134 248
136 137
136 240
138 191
138 226
140 148
141 173
141 194
142 203
143 196
145 204
146 160
148 212
150 153
151 187
153 164
153 166
153 239
153 248
154 245
156 205
158 198
158 200
160 227
161 172
161 231
162 189
162 233
164 243
165 202
166 211
167 221
167 224
168 245
170 211
170 239
175 236
178 237
182 193
182 222
184 242
185 202
189 194
190 235
197 212
202 216
205 206
207 211
210 219
214 228
214 247
215 228
217 222
220 222
220 248
224 242
225 239
230 246
234 236
236 248
244 248
0
8 249
