250	324	 1
0 77
0 176
0 217
1 35
1 48
1 117
2 35
2 46
2 83
3 81
3 175
3 231
4 111
4 156
4 214
5 7
5 42
5 131
6 141
6 188
7 52
7 219
8 26
8 131
9 152
10 69
10 129
11 109
12 44
12 126
12 128
12 158
13 145
13 193
14 18
15 46
15 160
15 165
16 111
16 176
17 184
17 199
18 125
18 203
18 222
18 243
19 115
19 178
19 223
19 231
20 80
20 83
20 163
20 211
21 100
21 147
21 217
22 73
22 84
23 89
23 91
23 182
23 222
23 227
24 87
25 41
25 64
25 175
25 223
26 70
26 83
26 93
27 49
27 157
27 239
27 240
28 207
28 208
28 238
29 70
30 82
30 126
31 92
31 170
32 55
32 61
33 191
34 68
35 44
35 122
36 64
36 173
37 76
37 123
37 133
37 226
38 39
38 102
39 95
40 97
41 56
41 70
42 207
43 98
44 177
44 191
45 144
45 218
46 150
47 113
47 206
48 149
48 246
49 159
49 160
49 167
50 69
50 153
50 194
50 230
51 169
53 68
53 170
54 63
54 159
54 165
54 185
55 108
55 151
55 196
56 67
56 106
56 121
56 213
57 231
58 204
58 229
59 124
59 160
59 208
60 96
61 170
61 194
62 199
63 219
64 173
65 92
65 148
65 164
65 213
66 219
67 238
68 171
68 180
71 146
72 107
72 179
73 191
74 235
75 249
77 84
78 213
79 105
80 178
83 104
83 113
83 218
84 111
84 178
84 216
85 147
85 188
85 220
86 95
86 109
86 230
87 146
88 99
88 110
88 148
88 225
89 161
90 168
91 111
93 119
94 120
94 209
94 210
95 130
96 111
96 124
96 126
97 236
98 116
98 239
99 233
100 229
101 112
102 142
102 245
103 118
103 159
103 185
104 201
105 107
105 195
105 232
106 133
107 114
109 168
110 211
111 138
111 162
111 206
112 147
112 183
113 182
113 210
115 177
116 191
116 235
117 133
117 139
117 173
118 246
119 141
119 207
121 147
123 232
125 198
127 182
129 193
129 212
130 168
130 221
131 150
131 190
132 171
132 184
132 228
133 155
133 169
134 157
134 220
135 137
135 179
136 192
136 214
136 246
137 156
137 202
139 180
139 234
140 166
140 221
140 228
141 164
142 181
142 185
142 220
143 185
143 217
143 222
143 230
144 202
144 231
144 236
145 204
146 213
146 215
147 174
147 179
151 244
152 199
152 243
153 176
154 174
157 182
157 245
161 206
161 225
162 204
162 232
162 241
164 189
166 172
166 195
166 229
167 224
169 242
172 182
174 190
174 248
176 191
179 243
180 243
180 249
181 203
182 219
183 223
184 185
185 218
185 235
185 241
186 195
186 213
187 242
192 202
195 243
197 204
200 215
201 213
204 237
205 214
206 233
207 248
209 232
209 247
211 246
212 237
213 230
236 247
237 249
248 249
0
8 249
