250	319	 1
0 22
0 37
0 39
0 44
0 93
0 204
0 207
1 3
1 70
1 140
2 6
2 71
3 36
3 49
4 54
4 90
4 239
5 35
5 106
5 175
6 67
7 98
7 199
7 222
8 103
8 132
8 142
9 61
9 97
10 137
11 213
11 234
12 76
12 185
13 54
13 70
14 90
14 204
15 46
15 49
15 80
16 201
17 129
18 196
19 124
19 181
20 219
21 23
21 151
21 168
22 107
22 177
23 126
23 138
23 237
24 167
24 213
25 179
25 186
26 63
26 111
26 120
26 142
26 169
27 83
27 190
27 232
28 92
28 112
28 174
28 183
29 48
29 129
30 37
30 244
31 33
31 43
31 52
31 73
31 117
31 144
32 191
34 90
34 93
34 128
34 154
36 141
36 146
37 134
38 164
38 215
39 68
39 71
39 87
39 164
39 192
40 162
40 166
40 230
41 48
41 165
42 122
42 242
43 57
44 58
45 80
45 212
47 241
49 109
50 242
50 246
51 143
51 156
51 194
51 224
52 224
52 226
53 56
53 124
53 207
54 112
54 151
54 215
54 241
55 167
56 180
56 205
56 247
58 204
59 188
60 80
60 141
61 77
61 129
62 111
62 179
62 181
63 173
63 209
63 228
63 247
64 92
64 107
64 147
64 156
64 209
64 210
65 125
65 157
66 158
66 192
67 122
67 200
67 217
67 245
68 161
69 110
69 201
70 111
70 171
70 210
71 240
72 189
74 113
75 176
75 211
76 228
77 80
78 105
78 230
79 194
79 206
79 208
79 236
81 89
82 125
83 150
83 167
83 222
83 243
84 120
84 141
84 242
85 193
85 201
85 240
86 170
87 100
87 171
88 148
88 157
88 217
89 135
89 220
90 125
91 247
93 140
93 211
93 228
94 105
94 144
94 206
95 102
95 126
96 215
97 106
97 111
97 117
98 184
99 124
100 177
101 189
102 129
104 143
104 212
106 200
107 182
108 123
108 176
109 110
109 236
112 145
113 183
113 207
114 118
115 159
116 173
116 209
118 148
118 172
118 205
119 220
120 216
121 237
122 127
122 146
122 186
123 240
124 188
125 127
126 245
128 223
129 138
130 149
130 174
130 240
131 241
132 185
133 142
133 187
133 242
133 248
135 229
136 194
137 159
139 203
141 203
142 213
143 144
143 191
145 153
146 202
148 222
149 150
149 213
149 241
151 212
151 246
152 167
152 179
155 184
159 171
159 191
160 169
162 163
162 227
166 195
169 191
170 183
170 203
171 175
173 220
175 247
178 192
179 235
180 222
180 242
184 205
185 213
188 233
189 238
191 215
193 228
194 230
195 226
196 210
197 208
198 232
198 248
200 222
202 242
205 228
207 232
208 218
208 234
209 227
209 231
214 238
215 238
216 226
219 225
221 227
225 237
225 245
226 249
227 234
233 236
234 240
235 247
0
8 249
