250	313	 1
0 17
0 45
0 154
1 69
1 108
2 61
2 221
3 77
4 33
4 52
4 77
4 215
5 161
5 234
5 249
6 146
6 225
6 245
7 74
7 213
8 93
8 111
8 248
9 168
10 193
10 214
11 14
11 104
11 179
12 69
12 89
13 28
13 41
13 60
13 90
13 129
14 188
15 219
16 169
17 27
17 134
17 163
17 180
17 230
17 247
18 178
19 187
19 226
20 72
21 62
21 110
21 175
21 206
22 76
22 92
22 203
23 51
23 108
23 228
24 31
24 155
24 202
24 225
24 228
25 117
26 176
26 181
26 213
26 221
26 241
27 137
27 221
28 81
29 50
30 75
30 84
30 172
30 221
31 107
32 48
32 121
32 227
33 128
33 139
33 159
33 227
34 123
34 180
35 71
35 80
35 190
36 131
36 132
36 244
37 150
37 183
38 160
38 225
39 104
39 211
40 131
41 217
42 187
42 214
43 111
43 186
43 215
44 61
44 145
44 174
45 210
45 227
46 66
46 115
46 215
47 61
47 191
47 205
48 100
48 144
48 208
49 99
50 55
50 230
51 192
52 122
52 232
52 242
53 137
54 71
54 127
54 159
54 170
55 162
56 155
57 65
57 133
57 201
58 152
58 216
59 123
59 133
60 161
62 204
63 83
63 120
63 182
63 226
64 83
64 103
64 139
64 174
65 100
65 200
66 101
66 227
66 239
67 195
67 239
68 140
68 180
68 247
69 211
70 85
70 116
70 136
70 185
71 173
72 96
73 141
74 98
74 224
75 170
75 247
76 214
78 100
78 113
79 104
79 216
80 154
81 189
82 160
83 104
84 218
85 227
85 236
86 91
86 103
86 133
86 203
87 157
87 194
87 247
88 122
88 143
91 168
91 205
92 102
92 125
93 212
94 95
94 168
95 149
96 225
97 117
98 138
98 186
99 123
99 139
99 191
101 123
102 123
105 156
105 167
105 185
105 210
106 212
106 242
107 186
108 169
109 151
110 124
111 231
112 185
113 129
113 133
113 172
114 246
116 199
117 128
117 216
118 133
118 189
119 228
121 191
121 223
123 196
123 220
123 234
123 249
124 194
125 168
126 130
126 188
126 194
128 178
128 244
131 144
132 165
132 237
134 184
135 176
135 214
136 197
136 212
138 221
140 146
140 248
141 248
142 150
143 232
143 242
144 150
145 150
145 219
145 246
147 198
148 174
148 178
148 219
150 244
151 240
153 155
153 212
158 233
160 242
161 242
164 212
166 246
169 178
171 246
173 207
173 222
174 185
177 209
177 233
179 243
181 239
182 243
183 229
183 237
186 228
186 237
187 207
190 191
190 193
194 224
195 200
196 215
198 205
198 210
199 211
200 229
200 231
208 237
211 235
211 246
213 233
217 240
219 230
224 238
229 247
237 238
0
8 249
