250	317	 1
0 216
1 5
2 29
3 17
3 57
4 106
4 247
5 201
5 235
6 45
6 142
7 31
8 13
8 61
8 181
9 193
10 62
10 181
10 227
10 234
11 20
11 138
12 35
12 102
12 149
13 38
13 74
13 141
14 89
14 126
15 161
15 200
15 242
16 118
17 110
17 151
17 165
17 205
18 29
19 79
19 152
19 239
20 82
20 198
21 59
21 194
21 217
21 231
22 43
22 64
22 65
22 136
22 154
22 173
22 191
23 60
23 122
23 190
23 202
24 85
24 248
25 228
26 45
26 144
26 227
27 38
27 145
27 168
28 54
28 137
28 207
29 101
29 102
29 127
29 225
30 63
30 185
31 107
31 198
31 221
32 40
32 71
32 146
32 208
33 178
33 205
33 206
34 71
34 146
34 195
35 151
35 155
36 67
36 197
36 223
37 144
37 155
39 225
40 91
40 133
41 80
41 193
41 196
41 249
42 52
44 55
44 225
45 118
45 220
46 51
46 85
47 234
48 106
48 116
49 59
50 94
50 104
50 196
51 83
51 157
51 217
52 172
52 211
53 119
53 155
56 174
56 203
57 187
57 205
58 102
58 112
58 118
59 97
60 241
61 173
61 229
61 236
62 113
62 115
63 135
63 146
63 188
64 155
64 160
65 80
65 122
65 143
65 230
66 68
66 119
66 123
66 243
67 86
67 89
67 144
67 239
68 76
68 105
68 149
68 199
68 216
69 115
69 221
70 141
70 172
72 102
72 174
72 218
73 97
73 171
74 240
75 203
77 113
78 93
79 112
80 196
81 182
84 178
85 228
86 156
86 203
86 206
86 231
87 235
88 249
89 92
89 182
90 113
90 211
90 232
90 246
91 214
92 201
93 129
93 170
94 166
95 116
96 107
97 176
97 244
98 129
98 166
98 184
99 134
100 121
100 124
100 160
100 178
101 233
103 123
103 206
104 171
104 191
105 110
107 238
108 116
108 204
108 235
109 212
109 244
110 217
111 154
111 174
111 194
112 145
113 179
113 195
114 132
114 208
115 183
115 186
115 207
116 208
117 120
117 153
118 149
118 185
120 247
124 237
125 144
125 209
127 195
128 168
129 189
129 212
130 138
130 189
131 197
132 136
132 181
133 184
133 201
133 232
133 247
134 142
134 198
134 210
137 226
138 177
138 183
139 178
140 164
141 208
143 165
143 180
145 189
145 203
146 226
147 189
147 221
148 190
149 224
149 239
150 218
152 212
153 200
153 204
154 200
154 230
155 180
155 183
155 196
155 219
156 175
157 196
158 193
159 176
159 195
160 234
162 246
163 237
164 223
165 169
165 245
167 185
168 213
170 185
173 194
174 195
176 249
178 197
187 208
188 231
189 222
189 245
192 203
197 226
199 201
199 220
201 209
204 249
209 220
212 213
215 221
218 245
229 244
235 237
0
8 249
