250	317	 1
0 134
0 169
1 18
1 32
1 128
1 205
2 12
3 23
3 183
4 9
5 206
5 227
6 18
6 45
6 51
7 148
8 11
8 53
8 65
8 75
8 133
8 160
9 42
9 168
10 65
11 87
12 112
13 27
13 59
13 122
13 187
14 35
14 151
14 249
15 145
15 227
16 80
16 126
16 221
17 73
17 200
17 202
18 132
18 205
19 52
19 117
19 237
20 25
20 36
20 102
20 116
21 92
21 147
21 184
21 208
22 182
22 187
23 27
23 60
24 84
24 206
26 43
26 49
26 87
26 154
28 133
28 246
29 128
29 150
30 31
30 91
30 130
30 185
31 101
31 189
32 71
32 89
32 139
33 119
34 113
34 137
34 204
34 214
36 59
37 66
37 97
37 105
37 213
37 231
38 48
38 74
38 173
39 153
39 212
40 140
40 220
41 100
41 107
41 124
41 130
42 185
42 203
43 55
43 150
44 148
45 165
45 209
46 155
46 217
47 133
47 134
48 145
49 127
49 199
49 247
50 91
50 110
50 127
51 72
51 123
51 195
51 222
52 55
52 225
52 248
53 101
54 102
54 130
54 247
55 134
55 178
55 184
56 98
56 243
57 65
58 74
58 131
59 92
59 96
59 162
59 172
59 238
60 184
61 120
61 144
61 199
62 135
62 153
62 205
63 222
64 209
64 246
65 128
65 182
66 71
67 167
68 155
68 170
69 118
69 141
69 151
69 218
69 245
70 120
71 135
71 137
72 149
72 236
73 125
74 107
74 138
76 149
76 185
76 200
77 81
78 209
78 212
79 112
79 122
79 180
81 98
81 185
82 123
83 121
84 98
84 208
84 215
85 236
86 181
87 211
88 174
88 218
89 220
90 195
91 159
91 177
92 142
92 242
93 140
93 185
94 192
95 182
95 206
97 163
98 108
99 235
99 240
100 158
100 230
101 147
102 118
103 210
103 231
103 233
104 114
106 131
107 146
108 210
109 239
109 248
111 211
112 194
113 133
113 243
114 168
114 226
115 160
115 216
115 240
117 176
118 189
118 209
118 217
119 127
119 166
120 125
120 233
121 182
121 201
122 154
122 213
123 153
124 210
127 181
129 130
130 182
130 187
131 138
132 201
133 202
133 228
135 229
136 155
136 175
136 208
137 158
138 148
138 203
139 150
139 204
140 174
140 223
142 147
142 209
143 185
144 180
146 201
148 165
150 188
151 194
152 210
154 214
154 241
156 160
156 186
157 170
157 213
159 228
160 212
161 172
161 207
161 242
162 168
162 223
163 211
164 165
165 194
165 235
167 232
171 192
174 219
176 239
178 198
179 192
179 196
180 200
181 224
182 196
182 214
183 216
183 233
185 229
189 226
190 192
191 200
191 208
193 203
193 204
195 198
196 238
197 233
199 234
205 239
212 221
224 243
227 232
239 244
0
8 249
