250	317	 1
0 49
1 204
2 12
2 207
2 229
3 152
3 192
3 216
4 34
4 228
5 29
6 35
6 205
6 234
7 61
7 159
8 37
8 134
8 156
8 222
9 129
9 137
10 19
10 149
10 192
11 49
11 219
12 169
13 44
13 56
13 71
14 242
15 183
15 185
16 111
16 149
16 212
17 85
17 218
17 235
18 20
18 72
18 227
20 154
20 198
21 153
22 50
22 71
23 183
23 191
24 91
24 97
24 142
25 132
25 249
26 183
27 58
28 67
28 119
29 50
29 196
30 233
31 150
31 171
32 34
32 228
33 152
33 184
33 222
34 80
35 166
35 189
36 91
36 155
37 56
37 242
38 121
38 196
39 149
40 65
40 145
41 151
41 160
42 53
42 84
42 113
42 116
43 89
44 47
45 46
45 96
47 189
48 68
48 158
49 95
49 143
50 180
51 108
51 180
52 124
52 246
54 124
54 133
54 204
55 214
56 67
57 91
57 186
58 203
59 216
60 165
61 244
62 79
62 141
62 194
63 211
64 84
64 109
64 115
64 135
64 159
64 183
65 77
65 96
65 97
65 130
66 71
66 211
66 241
67 151
68 131
68 174
68 185
68 243
69 134
70 187
70 225
72 132
72 148
73 102
73 138
74 135
74 157
74 186
74 226
75 111
75 125
76 156
77 143
77 243
78 135
79 86
80 166
81 170
81 229
81 244
82 248
83 117
83 127
83 188
83 190
84 166
84 242
85 128
85 235
86 115
87 88
87 99
87 112
89 110
89 173
89 216
89 231
90 139
90 187
92 120
93 188
93 199
93 248
94 177
94 183
95 144
95 172
96 168
97 177
98 154
100 173
101 179
101 180
101 243
101 245
102 128
102 213
103 228
104 107
104 232
105 176
105 179
105 243
106 178
106 217
107 131
107 212
108 123
109 193
109 215
110 161
111 121
111 132
112 219
112 225
114 188
114 200
115 126
116 130
117 185
117 192
117 199
118 169
119 220
120 142
120 197
122 133
123 140
124 147
124 178
126 248
127 151
127 188
129 213
130 192
131 137
132 141
132 232
133 141
133 195
134 181
134 199
135 194
135 218
135 235
136 208
137 161
139 191
140 169
141 215
142 143
142 174
142 218
145 172
145 191
146 147
146 241
148 162
148 182
148 186
149 208
149 228
149 239
152 168
153 204
154 160
154 194
154 234
155 196
155 199
158 225
160 193
160 210
162 221
163 231
164 200
164 204
165 215
167 172
167 174
168 233
170 233
171 174
174 196
175 219
176 197
177 212
178 211
179 218
182 191
182 238
182 240
183 202
185 229
186 194
186 201
186 206
186 242
192 238
193 217
196 237
197 217
198 223
199 230
201 206
203 217
205 209
206 247
209 231
211 223
211 238
213 234
214 224
214 241
216 246
217 240
218 237
220 236
221 242
221 244
230 240
0
8 249
