250	326	 1
0 118
0 187
1 60
1 115
1 187
2 58
2 158
3 127
3 162
4 242
5 41
5 213
6 58
6 130
7 24
7 98
7 224
8 135
8 188
9 165
9 241
10 100
10 118
11 86
12 23
12 174
13 47
13 139
13 151
13 215
13 223
14 128
14 187
14 211
15 78
15 205
16 98
16 117
16 136
17 29
17 68
17 99
17 121
17 225
18 181
19 31
20 153
20 225
21 68
21 110
21 138
21 186
22 38
22 147
22 156
23 39
23 40
24 150
25 33
25 124
25 129
25 133
25 156
26 155
26 238
26 243
27 93
27 196
28 146
29 36
29 118
30 58
30 96
30 177
30 183
31 122
31 224
31 248
32 112
33 70
34 62
34 112
34 161
34 234
35 169
35 244
36 214
36 215
37 92
37 101
37 158
38 72
38 234
39 223
40 210
41 158
42 150
42 184
43 68
43 153
43 180
44 50
44 218
44 247
45 159
45 197
46 71
46 162
46 187
47 56
47 152
47 242
48 80
48 173
48 198
49 58
49 96
49 177
50 94
50 189
50 220
51 137
51 162
52 118
52 131
53 184
54 179
55 84
55 154
56 76
57 186
57 187
57 240
58 71
58 83
58 84
58 111
58 113
59 102
60 75
60 114
60 184
61 74
62 146
63 145
63 187
64 121
65 87
65 182
65 193
65 196
66 214
67 77
67 78
68 131
68 196
68 210
69 164
69 214
70 83
70 92
71 76
73 89
73 104
73 127
74 104
74 196
74 219
76 188
77 82
77 83
77 193
77 223
77 235
78 108
78 126
78 161
79 198
81 158
82 229
83 228
84 207
85 116
85 205
85 214
85 245
85 249
86 181
87 178
87 236
88 124
90 166
90 212
91 231
92 95
92 167
93 180
93 194
94 133
95 197
95 203
97 207
98 105
98 153
98 209
99 144
99 210
100 172
100 229
101 103
101 150
101 170
102 176
104 184
104 195
106 137
106 148
106 188
106 217
107 116
108 185
108 192
109 140
109 228
109 237
109 245
110 215
112 141
112 195
112 208
113 202
114 184
114 226
115 187
117 233
118 160
119 193
120 124
120 201
121 240
122 197
123 143
124 198
124 247
125 241
126 140
126 153
126 227
126 239
128 155
128 224
128 232
129 209
131 162
132 225
133 139
133 224
134 203
134 225
135 164
135 201
135 204
135 205
135 217
136 171
136 210
137 142
137 222
137 223
138 142
138 148
140 160
140 249
141 239
142 180
143 157
143 228
146 246
147 240
148 216
149 190
149 209
150 154
158 194
159 241
160 189
162 204
163 193
163 221
164 199
164 242
165 183
166 206
167 186
167 201
168 176
169 244
173 199
173 206
173 215
173 246
175 245
176 200
176 224
177 245
179 186
181 197
183 194
185 186
187 206
189 234
189 235
190 191
193 234
194 206
194 207
195 202
196 243
197 222
206 231
207 208
213 249
217 230
218 235
223 245
241 244
0
8 249
