250	316	 1
0 177
0 195
1 212
2 26
2 186
3 25
3 100
3 133
4 67
4 89
4 201
5 56
5 60
5 194
6 48
6 241
7 66
7 77
7 93
7 175
7 212
8 20
9 39
10 249
11 152
11 236
12 43
12 128
12 168
13 14
13 243
14 53
14 55
15 65
16 69
16 217
17 50
18 20
18 123
18 139
18 198
19 33
19 157
19 201
19 213
20 155
20 212
20 237
21 106
21 216
22 73
22 124
23 212
24 113
24 199
25 40
25 245
26 103
26 131
26 152
26 169
27 118
27 122
28 37
28 104
28 241
29 86
29 114
30 54
30 58
30 69
30 136
31 219
31 237
32 199
32 213
33 182
33 193
33 198
34 45
34 118
34 120
34 160
34 193
35 97
35 163
35 176
35 184
35 228
36 55
36 70
36 144
36 147
36 189
36 224
37 79
37 184
38 103
38 163
39 125
39 142
40 163
41 49
41 71
41 248
42 161
42 168
42 201
42 247
43 183
44 188
45 198
46 62
46 100
46 111
46 125
47 145
47 201
48 53
49 81
49 172
49 242
50 69
50 96
50 119
51 61
51 166
52 145
52 164
52 185
53 57
56 188
56 189
58 154
58 204
59 219
60 183
61 213
62 231
63 77
63 85
64 67
64 126
65 76
65 82
65 129
66 181
66 194
67 121
68 87
68 161
68 163
71 229
72 119
72 130
72 183
73 168
73 188
74 101
74 169
74 206
75 179
75 187
75 196
75 206
76 93
76 203
76 223
77 99
77 154
77 156
78 175
79 194
80 98
80 177
80 222
82 231
83 211
83 240
84 86
84 106
84 162
84 200
85 137
88 90
88 121
88 219
89 117
89 140
89 159
90 165
90 242
91 218
92 125
92 171
93 183
94 97
95 136
95 146
95 170
95 228
96 140
96 233
96 241
97 224
97 239
101 218
101 219
102 131
103 185
103 237
103 240
103 243
104 115
104 178
105 112
106 156
107 249
108 225
108 249
109 192
109 246
110 141
110 228
110 234
111 158
111 241
112 154
113 143
114 242
116 179
118 173
118 180
119 143
120 143
122 179
123 148
124 204
124 225
125 219
126 169
126 218
127 177
127 211
127 226
127 239
131 246
132 178
132 240
133 175
133 193
133 207
133 210
134 155
134 190
135 145
136 234
137 145
138 159
138 221
139 233
142 173
142 195
144 160
144 163
146 182
147 238
148 170
149 203
150 240
151 218
152 176
152 203
153 181
155 200
155 217
156 209
156 219
158 180
164 176
165 173
165 244
165 245
166 173
167 220
168 179
174 241
177 214
177 249
178 189
179 229
182 236
183 216
184 206
185 224
186 188
187 246
189 197
191 249
195 222
197 223
197 230
201 205
201 239
201 240
202 227
208 230
212 249
213 232
215 226
217 226
220 230
225 239
226 235
227 236
237 241
0
8 249
