250	323	 1
0 60
0 189
1 4
1 24
1 170
1 182
2 30
2 191
3 54
3 91
3 112
3 130
5 221
5 243
6 81
6 83
6 95
6 236
6 237
7 48
7 161
8 36
8 60
8 208
9 10
9 207
11 114
12 50
12 65
12 162
12 201
12 204
13 85
13 155
13 242
14 23
15 106
15 146
15 163
15 222
16 135
16 231
16 249
17 32
17 185
18 22
18 144
18 236
19 26
19 74
20 34
20 106
20 164
20 176
20 210
21 26
21 69
21 183
21 222
22 80
22 172
22 224
23 235
24 36
24 119
24 165
24 173
25 59
25 102
25 237
26 88
26 91
26 131
27 152
27 225
27 239
28 56
28 77
28 120
28 158
29 61
29 86
29 105
29 122
29 153
29 218
30 101
30 188
31 198
31 202
32 95
33 34
33 145
35 68
35 157
36 150
36 160
36 231
37 138
38 45
38 188
39 128
39 136
40 122
40 185
40 225
40 239
41 85
41 235
42 138
42 190
42 211
42 241
43 66
43 193
44 163
44 202
45 118
46 222
47 84
47 127
48 100
48 110
48 170
48 215
49 71
49 87
50 152
51 66
51 197
52 194
53 107
53 187
55 126
55 165
56 122
56 182
57 120
58 88
58 153
59 82
59 199
59 232
61 103
61 214
61 232
62 121
62 138
62 140
62 196
62 217
62 227
63 91
63 182
64 108
64 132
64 168
64 184
64 189
64 228
65 143
66 136
67 74
68 83
68 124
68 145
68 215
69 127
69 216
70 181
72 87
72 181
73 114
73 185
73 210
74 221
75 141
75 159
75 166
75 232
76 99
76 240
77 198
78 152
78 153
78 172
79 171
79 229
81 169
81 214
83 141
85 112
85 171
85 212
85 223
86 118
86 156
86 185
88 230
89 247
90 96
90 193
90 237
91 113
91 157
91 215
92 149
92 194
93 195
94 97
94 164
97 190
97 242
98 166
99 108
99 246
103 137
104 187
104 244
105 174
107 200
107 242
108 174
108 188
109 152
109 209
109 231
109 245
111 159
111 248
113 127
113 201
115 139
115 141
115 235
115 242
116 173
116 178
117 158
117 240
119 128
119 131
121 180
121 187
121 236
123 132
124 147
125 212
127 181
127 204
127 233
128 178
129 146
130 164
130 194
133 150
133 242
134 215
135 178
136 142
136 146
136 244
137 178
138 166
138 197
139 175
140 197
142 179
142 232
143 239
144 206
144 247
145 199
146 231
146 236
146 243
147 233
148 237
149 213
151 190
151 193
152 186
153 229
154 195
157 165
158 176
160 164
161 185
162 226
163 220
164 248
167 187
167 240
168 187
168 238
171 176
171 180
172 224
174 189
177 236
178 230
184 213
184 239
187 206
187 215
191 238
192 199
192 233
194 232
195 200
195 227
198 203
200 214
200 248
202 226
205 235
207 218
209 217
209 234
212 249
215 223
217 228
219 249
0
8 249
