250	321	 1
0 194
1 40
1 80
1 110
1 131
2 170
2 227
2 241
3 114
4 88
4 101
4 169
5 85
5 163
5 180
6 49
6 61
6 180
6 187
7 23
7 54
7 84
7 217
7 232
8 38
8 111
8 157
8 176
8 222
9 146
10 84
10 104
10 120
11 167
12 65
12 164
12 176
12 192
12 240
13 227
14 163
15 45
15 106
15 122
15 184
15 236
15 249
16 72
16 142
17 163
18 141
18 243
19 110
19 129
19 160
19 169
19 231
20 30
20 198
21 95
21 225
22 63
22 71
24 164
24 235
25 228
26 185
26 214
27 48
27 131
28 249
29 35
29 91
29 155
29 176
30 41
31 221
32 186
33 53
33 62
34 170
34 213
35 220
35 224
36 78
36 106
37 116
37 174
38 51
39 167
39 195
41 53
41 102
41 183
41 218
42 127
42 198
43 54
44 196
45 126
45 208
46 119
47 181
47 249
48 132
48 225
49 65
49 69
50 105
51 54
51 134
51 221
52 185
53 58
54 185
54 214
55 148
56 138
57 204
57 206
57 211
58 83
58 98
58 179
59 174
60 196
60 219
61 64
61 162
61 219
61 220
63 208
63 234
64 149
65 66
66 151
67 90
67 113
67 240
68 116
68 137
69 98
69 210
70 132
70 167
71 79
71 138
71 162
71 175
71 234
72 168
72 213
73 219
74 142
74 163
74 173
74 197
74 238
75 117
76 116
76 225
77 118
78 176
78 197
79 165
80 136
80 161
81 97
81 178
82 143
82 162
83 115
84 197
85 163
86 171
87 91
87 120
87 147
87 173
87 187
87 207
88 117
88 124
88 239
89 92
89 145
89 245
90 108
93 138
93 152
93 201
93 204
94 150
95 112
95 170
95 233
95 242
96 179
97 140
97 158
97 175
97 177
97 178
97 231
97 248
98 155
98 193
99 218
100 180
100 185
100 224
101 240
103 134
103 136
103 183
104 145
104 221
104 234
105 107
105 197
106 118
106 240
107 175
108 151
109 196
110 228
112 216
114 125
114 198
115 243
116 149
117 156
117 196
118 205
119 140
120 142
121 125
122 123
122 235
123 229
125 140
126 141
128 132
128 166
130 143
130 168
131 240
132 151
133 137
133 145
134 203
134 229
135 159
135 248
136 155
137 217
139 241
140 152
140 163
140 188
140 219
141 190
142 247
143 179
143 228
144 176
146 184
147 166
147 202
148 208
149 209
150 245
152 186
152 219
152 228
152 229
153 193
154 192
157 248
158 208
160 191
162 187
162 211
163 193
167 182
168 194
168 210
169 233
170 243
171 193
171 242
172 200
172 233
174 212
175 195
176 233
182 244
185 204
185 229
186 189
187 215
188 196
189 200
191 226
193 236
193 249
196 221
197 246
198 214
199 233
201 241
207 233
212 237
215 230
215 241
216 233
219 223
220 243
231 234
232 242
234 249
0
8 249
