250	309	 1
0 197
1 123
1 235
2 200
3 90
3 177
3 203
3 215
4 247
5 43
6 183
7 169
7 196
7 235
8 58
8 80
8 81
8 114
8 171
8 182
9 68
9 177
9 208
10 71
10 84
10 194
10 246
11 38
11 203
11 221
11 241
12 180
12 233
13 109
13 235
14 21
14 59
14 142
15 101
16 58
16 114
16 191
17 43
17 117
17 145
17 245
18 33
18 156
19 79
19 160
20 117
20 160
21 114
21 151
22 169
23 165
23 228
24 46
24 49
24 58
25 160
26 148
26 212
27 88
27 165
27 174
27 234
28 55
29 56
29 181
30 175
30 225
31 107
31 186
32 89
34 186
34 240
35 224
36 47
36 62
36 76
36 152
36 236
37 215
38 200
38 239
39 69
40 87
40 146
40 218
40 247
41 57
41 137
42 58
42 154
43 73
43 116
43 126
43 129
44 70
44 135
44 190
45 68
45 79
45 116
45 136
46 144
46 236
47 136
47 147
48 52
48 168
48 198
49 115
49 152
50 96
50 129
50 190
50 226
51 186
52 75
52 77
52 88
52 224
52 242
53 107
54 139
54 179
54 194
55 66
55 128
55 142
56 67
56 126
56 130
56 225
57 96
57 207
58 106
58 118
58 192
59 154
59 163
59 165
59 214
60 64
60 224
61 100
61 152
62 174
63 76
63 134
63 178
64 164
65 104
69 163
69 191
70 247
71 191
72 225
74 82
74 146
74 224
74 227
76 110
76 187
76 189
77 167
77 219
78 80
79 127
80 139
80 170
81 194
82 159
82 201
83 123
83 246
84 141
84 170
85 125
86 118
86 157
86 210
86 223
87 136
87 187
88 161
89 121
89 123
90 146
91 124
92 157
93 223
94 138
95 147
96 98
97 109
97 149
99 163
100 230
101 217
102 200
103 191
104 122
104 193
105 191
106 162
106 193
107 110
107 220
108 243
108 244
109 224
110 244
111 144
112 223
113 143
113 217
114 239
114 243
118 231
118 238
119 143
119 246
120 171
121 131
121 142
121 182
124 136
124 186
124 206
125 148
126 183
127 174
127 180
128 211
129 136
131 187
132 145
132 192
133 165
134 153
135 230
136 198
136 233
137 202
137 204
137 221
138 248
139 149
139 209
140 164
142 242
143 201
144 175
144 212
146 150
146 164
147 176
148 160
149 156
149 237
149 248
150 173
150 215
151 172
151 213
153 217
155 189
158 216
158 242
159 219
160 185
160 228
161 246
162 166
166 176
166 180
167 185
169 196
173 176
176 232
178 181
181 182
184 216
185 199
185 202
186 217
188 189
188 202
190 247
191 211
191 223
195 218
195 235
197 216
197 221
199 216
200 249
203 229
205 230
206 209
206 215
212 246
216 217
219 243
222 223
231 248
0
8 249
