250	319	 1
0 65
0 140
0 182
1 12
1 235
2 46
2 57
2 87
2 238
3 77
3 87
3 160
3 208
3 211
4 88
4 124
4 129
5 239
6 62
6 69
6 237
7 49
7 180
8 69
8 212
9 15
10 246
11 56
11 104
11 150
12 166
12 231
12 233
13 124
13 171
14 121
14 196
14 211
15 46
15 113
15 116
16 73
16 143
16 243
17 65
17 138
18 19
18 98
18 174
19 229
20 52
20 201
21 94
21 172
21 217
22 221
23 25
23 101
24 63
24 218
25 29
26 77
26 135
26 146
26 209
27 60
27 238
28 83
29 169
30 82
31 189
32 121
32 209
33 208
34 62
35 77
35 81
35 93
35 197
35 243
36 46
37 109
38 127
38 172
38 220
38 227
39 146
39 191
40 67
40 106
40 142
40 229
40 248
41 210
42 208
43 110
43 245
44 116
44 221
45 171
45 207
45 217
45 246
46 66
46 75
46 157
47 132
48 160
49 201
50 73
50 74
51 167
51 196
52 147
52 173
53 147
54 128
54 154
55 188
56 100
56 119
56 155
56 179
57 87
57 187
57 197
58 71
58 107
58 219
59 108
59 148
59 234
60 125
60 149
60 242
60 249
61 83
61 169
61 226
62 177
62 233
63 249
64 70
64 233
65 130
65 223
66 158
66 245
67 133
68 149
69 82
69 226
70 113
70 169
70 189
70 190
71 197
72 86
72 156
74 212
75 124
75 169
76 151
76 232
77 99
78 81
79 165
79 201
79 216
80 85
80 121
81 135
82 91
83 194
83 234
84 193
85 215
86 131
86 249
87 130
87 181
88 164
88 188
89 148
90 209
90 217
91 135
92 94
92 105
92 218
93 134
93 137
94 183
94 219
95 112
95 123
95 227
96 99
96 208
97 152
97 169
97 187
97 191
101 154
102 109
102 247
103 139
103 205
103 234
104 154
104 192
105 175
105 176
105 224
106 179
109 180
109 217
109 235
110 123
111 113
111 131
111 159
112 148
113 178
114 136
114 248
115 123
115 179
115 198
115 244
117 118
117 151
118 126
118 151
118 200
120 137
120 138
120 143
121 137
121 145
121 226
121 233
122 141
122 156
122 173
123 243
124 237
125 243
126 241
127 154
130 206
130 223
131 204
131 244
132 136
132 238
133 213
138 170
139 152
140 166
141 217
141 244
142 184
143 150
144 191
147 202
148 203
148 218
149 188
151 185
151 211
153 193
153 214
154 204
155 173
155 220
155 224
156 240
157 200
160 236
161 249
162 216
162 228
163 180
165 240
166 193
167 241
168 169
169 183
170 208
174 180
174 192
175 178
175 248
180 233
182 194
184 193
184 227
185 246
186 203
189 234
190 195
191 210
199 245
202 207
202 233
203 205
204 215
206 249
208 236
208 239
213 231
216 247
222 232
225 238
227 231
230 242
231 246
240 243
0
8 249
