250	307	 1
0 68
0 135
0 164
1 12
1 84
1 115
1 122
2 111
3 114
3 131
3 179
4 98
4 247
5 123
5 211
6 23
6 161
7 116
7 189
7 218
8 183
9 180
9 188
9 200
10 35
10 36
10 166
11 69
11 86
11 244
12 105
13 69
13 160
13 208
14 136
14 195
14 222
15 87
15 222
16 74
16 207
16 213
17 25
17 212
18 92
18 100
19 114
20 67
20 175
21 133
21 158
22 80
22 101
22 129
22 182
23 161
23 247
24 105
24 171
25 32
25 98
25 210
26 28
26 97
27 85
27 187
27 238
28 203
29 123
29 191
30 131
31 141
31 210
32 125
33 149
34 146
34 201
35 244
36 86
36 154
37 75
37 124
38 74
39 85
40 63
40 104
40 146
41 165
42 211
43 228
44 51
44 86
45 220
46 100
47 62
47 186
48 211
49 88
49 180
49 240
50 60
51 237
52 212
52 216
52 226
53 93
53 240
53 249
54 73
54 149
55 132
55 226
56 118
57 139
58 198
58 217
59 213
60 85
61 112
61 140
62 113
62 129
62 201
63 208
64 200
64 237
64 239
65 147
65 192
65 199
65 246
66 154
66 155
67 176
67 190
68 94
68 186
69 188
70 139
70 142
70 241
71 93
72 114
72 173
73 79
73 232
73 234
74 171
74 198
74 248
75 191
75 218
75 240
76 171
76 189
77 78
77 82
77 153
77 188
77 205
81 137
81 155
81 165
82 195
83 157
83 171
85 86
85 92
85 121
85 151
85 162
86 215
87 211
87 241
89 146
89 151
89 186
90 156
90 177
90 225
91 226
94 177
94 196
94 202
95 107
95 149
95 163
95 173
96 100
96 115
97 195
98 242
99 146
99 212
100 205
100 216
101 125
101 195
101 228
102 235
103 173
103 209
104 193
105 221
106 162
107 108
107 193
109 161
110 112
110 129
110 152
110 154
110 194
110 240
111 178
111 185
112 130
112 149
112 165
112 213
112 246
114 222
114 244
115 216
116 128
117 231
118 158
119 213
120 161
120 228
121 126
121 237
122 124
122 203
124 145
125 152
127 240
128 247
129 204
129 219
130 229
131 234
132 224
134 199
135 184
135 185
136 150
136 173
137 160
137 217
138 154
139 195
139 247
141 168
141 211
141 245
142 212
143 226
144 170
144 202
147 223
148 220
149 196
149 232
150 168
151 236
152 155
152 185
154 158
154 234
157 169
157 194
159 176
160 229
161 167
162 183
168 207
169 211
171 197
171 220
172 212
173 174
173 228
175 198
177 231
179 181
181 235
182 230
185 186
185 192
186 221
190 200
190 246
192 213
192 216
198 206
198 248
199 234
199 237
203 243
205 220
214 227
214 248
218 223
221 238
226 231
233 235
0
8 249
