250	318	 1
0 206
1 217
1 225
2 124
2 174
3 12
3 84
3 124
3 230
4 231
5 211
5 214
6 105
6 204
6 205
7 61
7 65
7 178
8 106
8 107
8 247
9 58
10 101
10 135
11 139
11 146
11 150
12 88
12 154
12 241
13 24
13 72
13 119
14 48
14 119
15 113
15 240
16 146
16 155
16 213
17 110
18 102
18 166
19 145
19 197
20 97
20 204
20 232
21 149
21 170
21 216
21 244
22 68
22 94
22 133
23 115
24 74
24 145
24 171
25 192
26 127
27 106
28 87
28 145
29 207
29 229
30 67
30 83
30 101
31 36
31 44
31 119
31 204
32 40
32 55
32 153
32 199
32 226
33 43
33 103
33 154
33 179
33 217
34 103
34 115
34 168
35 44
36 114
36 123
36 162
36 167
36 231
36 237
37 225
38 203
39 191
39 218
40 129
40 209
41 89
42 80
42 203
43 54
43 111
43 195
44 175
45 248
46 121
47 79
48 224
49 69
50 57
50 159
50 168
51 56
51 116
51 213
52 68
53 84
54 171
55 91
55 246
56 133
56 231
57 70
57 178
57 196
58 68
58 165
58 191
59 172
60 152
61 153
62 112
63 143
63 212
64 124
64 209
64 216
65 76
66 73
66 180
67 176
67 203
68 167
68 224
69 129
71 112
72 100
73 86
73 163
73 198
74 125
74 159
75 151
75 160
77 81
78 96
78 111
78 118
78 155
78 173
79 92
79 200
80 228
81 245
82 128
82 161
83 146
83 152
84 176
85 88
86 129
86 166
86 203
87 91
87 110
87 184
89 108
89 182
89 208
90 224
92 95
92 238
93 229
94 140
94 181
95 231
97 205
98 180
98 244
99 178
101 115
102 104
102 165
104 177
105 132
105 134
106 150
106 172
106 209
107 172
107 206
108 191
108 249
109 227
109 229
110 176
110 206
110 210
110 216
111 168
112 167
112 180
113 209
113 228
114 238
115 229
116 147
117 131
118 159
118 195
118 249
119 139
119 150
119 176
120 206
121 165
121 212
121 223
122 241
123 131
124 133
124 175
124 244
125 198
126 207
126 242
127 186
127 224
129 221
130 202
131 238
132 225
132 234
133 153
133 208
135 146
135 149
136 230
137 210
138 169
138 198
140 142
141 167
142 183
143 236
144 240
146 193
146 216
147 178
148 191
148 234
150 161
150 195
151 198
152 204
153 178
155 165
156 187
157 199
157 217
158 208
160 194
160 225
160 243
162 188
163 239
164 248
165 218
165 240
167 188
168 177
168 248
170 192
172 197
176 179
177 240
178 205
179 184
180 226
181 214
181 222
182 245
183 219
185 207
186 240
187 212
187 216
187 244
189 234
190 235
192 238
193 210
194 241
194 245
197 199
199 202
199 246
201 202
208 233
215 222
217 222
218 232
219 220
225 241
226 236
235 246
0
8 249
