250	305	 1
0 228
1 37
1 87
1 185
2 18
2 37
2 77
2 172
3 104
3 184
4 62
4 156
4 205
5 16
5 33
5 105
6 194
6 218
7 198
7 234
8 78
8 117
8 130
8 234
9 21
9 50
10 82
10 111
10 225
11 159
11 211
12 17
12 238
13 41
13 147
14 73
14 104
14 139
15 43
17 76
19 177
19 188
20 223
20 224
20 246
21 110
21 151
21 189
22 203
23 25
23 174
23 225
24 212
25 68
25 72
25 75
25 163
26 104
26 115
26 137
26 205
27 150
28 67
28 225
28 235
29 73
29 74
29 160
30 119
31 227
32 71
32 246
33 66
33 120
33 153
33 176
33 244
34 45
35 44
35 45
35 121
35 214
36 41
36 175
36 243
37 226
38 105
38 146
38 151
39 245
40 148
40 203
42 106
42 112
43 72
44 95
45 57
45 108
46 56
46 99
46 238
47 80
47 195
48 77
48 217
49 69
49 138
50 143
51 53
51 81
51 186
51 205
52 78
53 65
53 199
54 164
54 191
55 118
55 126
55 190
58 101
58 144
59 141
59 153
60 165
61 93
62 79
63 206
63 235
64 90
64 98
65 67
65 91
65 188
67 162
67 238
70 148
70 220
71 104
72 125
72 143
72 187
72 237
73 169
74 125
75 119
75 125
76 190
78 179
80 144
80 209
80 243
82 152
82 210
83 128
83 184
83 227
84 86
85 92
85 241
86 113
86 189
87 132
87 141
88 140
89 242
90 124
90 143
90 159
90 160
91 127
91 144
92 103
92 223
93 169
94 127
94 232
94 239
96 168
96 233
97 233
97 247
98 127
99 229
100 194
101 109
101 124
101 208
101 216
101 222
102 145
102 168
102 203
102 241
103 180
103 194
104 120
104 155
104 178
104 216
105 197
106 138
106 225
107 117
107 124
108 154
108 228
109 135
110 137
110 200
111 230
112 194
113 223
114 120
114 147
115 129
116 133
117 176
117 227
117 237
118 136
118 195
119 132
119 192
119 240
120 149
121 185
122 171
122 179
123 158
123 174
123 183
125 174
125 211
126 170
127 233
129 249
131 193
133 192
133 193
133 222
134 135
134 211
136 178
138 171
139 165
139 246
140 145
140 241
140 242
141 181
142 160
142 174
142 220
143 225
143 229
144 161
144 237
147 152
147 212
148 156
149 229
150 234
151 191
152 202
153 224
154 207
154 236
157 161
157 172
158 161
160 167
160 218
162 223
163 215
164 177
164 181
165 175
165 204
166 205
169 183
172 173
173 241
174 248
175 241
181 196
182 205
190 204
191 217
193 244
195 200
195 245
201 230
205 219
205 245
208 220
209 215
210 221
211 213
217 228
219 233
220 222
220 229
231 237
238 244
0
8 249
