250	323	 1
0 42
0 90
0 162
1 127
1 141
1 166
1 244
2 133
2 190
2 225
2 234
3 40
3 169
4 68
5 20
6 57
7 34
8 135
8 218
8 247
9 155
10 27
10 91
10 226
11 99
11 144
12 38
13 28
13 206
14 101
15 158
15 249
16 92
16 102
16 191
17 27
17 141
17 173
17 191
18 55
18 86
18 93
19 83
19 138
19 146
20 194
21 35
22 62
22 153
22 183
23 61
23 83
23 122
23 155
23 205
23 237
24 49
24 209
25 30
25 34
25 100
26 112
29 89
29 125
29 164
30 58
30 63
30 148
31 173
32 61
32 77
32 176
32 202
33 202
35 111
36 199
37 178
37 192
38 68
38 78
38 178
39 94
39 110
40 94
41 78
42 231
43 160
43 161
44 59
44 124
44 231
45 183
45 207
46 54
46 61
46 103
46 227
46 234
47 205
48 91
48 150
48 154
49 129
49 239
50 239
51 67
51 92
51 236
52 122
53 95
53 190
54 116
54 206
54 207
55 102
56 80
56 89
56 159
56 178
56 219
57 88
57 202
58 204
59 65
59 113
59 150
59 153
59 224
60 156
60 206
61 72
61 108
61 133
61 184
62 208
63 67
63 116
64 116
65 80
66 83
66 132
66 136
67 160
67 168
68 70
68 76
68 206
69 92
69 107
69 232
70 85
70 104
70 118
70 164
70 240
71 111
72 235
73 122
73 187
74 102
74 103
75 165
75 178
76 167
77 159
77 186
77 194
78 105
78 190
78 236
79 170
79 193
79 242
80 134
81 144
81 182
82 105
82 198
83 229
84 160
85 242
86 130
86 203
86 215
87 102
87 217
88 122
89 124
92 168
92 175
93 127
93 193
94 179
95 164
95 189
95 201
95 227
96 109
96 131
96 183
97 111
98 104
99 229
100 180
101 130
101 233
102 117
103 139
104 149
104 222
105 108
105 155
106 203
107 153
107 222
107 229
108 109
108 147
108 206
108 238
110 219
111 196
112 167
112 173
114 137
115 220
116 201
117 172
117 239
119 154
119 175
119 181
120 159
121 156
121 248
122 149
122 158
123 176
124 163
124 199
126 174
126 192
126 220
127 179
128 135
128 205
129 221
130 175
130 204
131 161
131 167
133 208
133 231
136 157
136 184
136 243
137 182
138 181
139 157
139 163
140 223
141 194
142 207
143 176
143 216
144 161
144 173
144 211
145 185
147 223
147 249
148 246
149 214
150 162
151 181
152 196
155 224
157 183
158 160
159 189
160 195
161 166
162 176
163 193
163 245
164 210
164 241
167 172
170 178
171 183
171 239
174 181
176 214
176 241
177 213
179 225
180 212
181 211
182 234
183 208
185 227
186 213
186 221
186 237
188 238
189 227
190 220
192 203
193 228
196 200
196 221
197 237
199 219
203 209
204 241
205 211
207 241
207 248
218 236
229 243
230 238
237 238
237 240
0
8 249
