250	305	 1
0 169
0 198
1 64
2 106
2 192
3 20
3 68
3 92
3 112
4 12
4 235
4 242
5 77
5 166
6 60
6 122
6 211
6 221
7 12
7 183
8 62
8 190
8 192
9 66
9 191
10 45
11 125
11 143
12 63
12 82
12 164
13 36
14 170
15 37
15 59
16 129
16 215
17 101
17 242
18 170
18 229
19 80
20 32
20 232
21 200
22 91
22 105
23 48
23 96
23 193
24 177
25 118
25 234
26 86
26 119
26 191
26 241
27 151
28 29
28 148
28 217
29 93
30 123
31 90
31 207
31 215
31 230
32 86
32 98
32 141
32 186
32 196
33 39
33 222
34 98
34 133
34 214
35 140
36 74
36 144
37 64
37 139
38 81
38 209
39 113
39 182
39 228
40 48
40 56
40 159
41 146
42 100
43 49
43 124
43 150
43 231
44 222
45 59
45 105
45 182
46 47
46 183
47 116
48 92
48 173
49 249
50 163
51 86
52 160
53 173
53 176
54 115
54 126
54 133
54 148
55 95
56 123
56 229
57 104
57 134
57 181
57 210
57 247
58 95
58 154
58 227
59 181
61 188
62 165
63 106
63 179
63 181
64 88
64 196
64 240
65 115
65 209
66 206
67 96
67 127
69 242
70 84
70 103
70 169
71 110
71 175
71 193
71 228
72 208
73 92
73 164
74 99
74 110
74 192
75 106
75 136
75 174
76 97
76 102
76 142
77 200
78 100
78 122
78 163
79 132
79 207
80 91
80 206
82 156
83 130
83 154
83 163
83 217
83 219
84 140
84 147
85 139
85 155
87 155
87 158
87 189
88 184
89 166
89 245
90 148
90 162
90 172
90 189
90 236
92 168
93 125
93 174
94 109
94 195
94 246
95 130
95 164
96 185
96 197
96 243
97 230
98 195
99 223
100 103
100 115
101 106
102 153
103 157
103 193
104 153
105 109
105 112
105 149
105 212
107 171
108 129
108 196
110 190
110 204
111 147
112 189
113 134
113 219
114 180
114 191
115 179
115 224
116 130
116 229
117 192
117 202
119 178
120 133
121 235
122 225
122 234
124 134
126 168
128 158
128 231
131 201
131 244
132 173
133 221
134 218
135 218
137 176
137 226
138 146
138 178
138 196
139 237
140 146
141 170
142 145
142 166
144 152
145 213
147 211
150 181
151 217
153 230
156 227
159 181
160 175
160 223
160 246
161 243
162 224
163 206
164 168
166 193
167 227
170 246
171 202
174 187
175 249
177 179
181 230
184 238
187 218
188 227
188 245
189 199
189 229
189 233
190 221
193 219
194 197
198 229
200 237
201 211
203 211
204 242
205 235
206 216
208 216
210 237
215 232
220 230
226 244
226 248
234 239
235 243
237 248
0
8 249
