250	311	 1
0 206
0 214
0 219
1 231
1 233
2 16
3 86
3 188
3 190
3 202
4 204
5 176
5 201
6 46
6 244
7 68
7 206
8 187
9 33
9 88
9 108
10 22
10 215
11 12
11 249
12 21
12 238
13 196
14 17
14 64
14 181
15 112
15 179
16 161
16 176
16 184
16 223
17 154
17 183
18 24
18 167
18 182
18 218
19 30
19 102
20 31
21 29
21 143
22 245
23 71
24 164
25 152
26 43
26 69
26 232
27 216
27 226
27 230
28 32
28 124
28 173
28 201
29 37
29 107
29 166
29 198
30 165
31 42
31 138
32 134
33 158
34 206
35 98
35 109
35 141
35 166
35 203
35 233
36 111
36 126
36 221
37 57
37 70
37 80
37 162
37 190
38 139
39 78
39 110
40 99
40 175
40 227
41 149
41 169
41 208
42 70
43 76
43 218
43 219
44 91
44 206
45 80
45 85
45 182
45 187
46 99
46 107
47 87
47 112
47 220
47 236
48 180
48 182
49 170
49 197
50 208
51 89
51 106
52 142
52 190
52 225
52 235
53 244
54 160
54 193
55 72
55 169
55 183
56 213
57 186
58 217
59 89
59 141
59 229
60 85
60 135
60 198
61 113
62 155
63 134
63 192
64 171
65 122
65 132
66 134
66 205
67 97
68 116
68 122
69 158
70 171
71 73
71 123
71 163
72 82
72 189
73 88
74 120
74 207
75 116
75 139
75 141
76 85
76 145
77 164
79 102
79 106
80 173
80 216
81 115
81 122
82 104
82 129
82 174
82 198
82 220
83 151
84 203
87 196
87 200
87 211
87 222
89 92
89 125
90 118
92 106
92 121
92 122
93 163
94 157
94 208
95 110
95 152
96 141
97 116
98 198
98 206
99 115
99 194
100 133
101 183
101 185
102 113
102 114
103 169
103 229
105 175
107 137
108 241
109 130
109 200
109 235
110 177
111 214
113 245
115 138
115 199
115 205
115 217
115 247
116 140
117 225
117 245
118 219
119 187
119 241
120 198
122 140
122 234
125 151
126 182
127 154
128 182
129 170
129 177
131 132
131 193
131 236
132 151
132 246
133 165
133 182
135 159
135 235
136 144
136 172
136 249
139 147
139 230
141 235
143 211
144 205
144 215
144 246
145 185
145 191
146 175
147 172
148 150
148 162
148 190
149 240
152 161
153 182
153 241
154 241
155 187
156 225
158 166
158 209
158 210
158 231
159 207
160 214
161 198
165 187
165 201
165 224
167 196
168 178
168 195
169 214
172 222
173 175
176 182
176 244
179 214
181 240
181 249
183 192
184 189
184 195
184 198
184 238
187 228
187 248
189 196
192 208
192 228
197 207
201 212
202 234
204 229
212 239
213 242
219 232
225 242
230 243
233 236
236 248
237 243
0
8 249
