250	297	 1
0 15
0 30
0 191
0 234
1 16
1 158
1 194
1 227
1 244
2 173
2 216
3 13
3 83
3 179
3 193
3 231
4 9
4 117
5 20
5 58
5 208
6 51
6 212
7 89
7 142
7 240
8 133
8 144
8 185
8 208
9 32
9 220
9 242
10 39
11 61
11 198
12 24
12 67
12 239
13 170
14 46
14 219
15 226
17 43
17 62
17 176
18 53
18 119
19 106
19 192
20 64
21 39
21 128
21 176
21 200
21 207
22 56
22 125
23 216
23 244
24 67
25 75
25 116
26 159
26 247
27 48
28 193
29 43
29 161
29 188
30 149
30 178
30 184
31 137
32 241
33 36
33 130
33 157
34 163
35 60
36 52
37 164
38 62
38 198
39 145
40 138
40 151
41 75
41 122
41 214
42 94
42 103
43 54
43 179
44 120
44 223
44 246
45 69
45 225
47 242
48 60
49 139
49 163
49 170
49 209
50 166
53 226
54 68
54 77
54 186
55 64
56 71
56 236
57 130
57 183
57 222
58 191
59 130
59 135
60 240
61 107
62 127
63 170
64 102
64 113
65 120
65 179
66 143
67 215
67 235
69 201
69 221
70 227
72 206
72 210
73 135
74 123
74 157
75 189
75 199
76 81
76 181
76 183
76 184
76 186
76 221
77 101
77 141
77 205
78 84
78 125
78 138
79 120
79 222
79 229
80 188
82 194
83 95
83 177
83 178
84 249
85 188
86 156
86 195
87 238
88 177
88 225
88 228
89 107
89 125
89 126
89 153
89 201
90 105
90 114
91 96
91 128
91 143
92 94
92 192
92 216
93 115
93 164
95 204
95 218
95 227
96 129
97 113
97 152
97 193
98 150
99 133
100 186
103 180
104 221
105 162
105 164
106 120
106 234
107 132
108 227
109 134
110 119
110 145
110 175
110 176
111 117
111 190
111 204
112 175
113 236
115 143
116 225
117 149
117 165
118 207
120 147
121 196
121 206
121 225
123 156
123 230
124 134
125 230
127 215
128 175
128 210
129 205
129 243
131 162
134 167
134 204
135 171
136 168
136 189
136 195
137 158
140 146
141 146
141 186
141 232
144 166
144 191
146 150
147 162
147 243
148 201
149 194
149 220
150 153
150 182
150 203
150 235
151 201
152 204
154 165
154 239
155 242
159 241
160 241
163 175
166 242
169 228
170 210
171 204
172 203
172 215
173 237
174 178
174 220
175 196
175 233
177 199
179 224
180 181
180 197
184 202
184 207
184 240
186 245
187 201
187 212
189 211
194 203
197 238
197 243
203 218
209 240
213 227
215 223
217 247
219 220
219 224
220 229
230 248
234 236
237 238
0
8 249
