250	308	 1
0 198
1 23
1 38
1 232
2 43
3 93
3 189
3 231
4 26
4 113
4 142
5 152
5 181
5 212
5 213
5 239
6 85
7 211
8 28
8 198
8 220
9 90
9 151
9 188
10 25
10 98
11 151
12 74
12 124
13 30
13 53
13 134
13 190
14 175
14 223
15 37
15 98
15 210
16 46
16 134
16 220
17 124
17 149
17 159
17 227
18 130
18 229
19 221
20 39
20 97
21 72
21 139
21 213
21 240
21 244
22 39
22 82
22 227
23 79
24 199
24 246
25 84
25 154
25 204
27 138
27 176
27 192
28 105
28 132
28 249
29 123
30 57
31 37
31 83
31 168
32 123
33 41
33 136
33 189
33 226
34 206
34 217
35 48
35 64
36 115
36 232
37 46
37 171
38 60
38 160
38 222
39 56
40 201
40 228
41 216
42 80
42 119
42 120
43 77
43 116
43 117
43 135
43 223
44 93
44 130
44 215
45 65
45 76
45 106
45 188
45 214
46 197
46 214
47 225
48 91
49 128
49 155
49 182
50 142
51 63
51 152
52 216
52 241
54 136
54 167
54 176
54 248
55 57
55 86
55 149
55 190
55 238
56 85
56 108
57 81
57 122
58 210
59 92
59 109
59 236
60 219
61 167
62 124
63 193
64 82
64 91
64 131
65 134
65 203
66 89
66 114
66 221
67 69
68 71
68 168
69 77
69 84
69 92
69 141
70 87
70 99
71 87
71 122
72 149
73 120
73 160
73 242
74 166
75 209
76 79
76 233
77 225
78 177
78 228
79 116
79 162
79 191
80 236
81 207
82 93
84 196
85 93
85 118
86 118
86 225
88 219
90 187
93 183
94 194
94 227
95 98
95 245
96 200
98 109
98 245
99 187
99 243
100 200
101 151
101 186
101 200
102 159
102 211
103 190
104 111
104 171
105 186
107 148
107 208
110 123
111 124
112 185
113 150
113 169
113 205
113 225
115 154
115 184
118 143
118 235
119 208
119 245
120 230
121 196
122 193
123 149
124 202
125 133
125 167
126 221
126 240
127 131
129 185
130 151
132 207
133 233
133 239
134 180
134 234
135 229
137 171
137 210
138 171
138 223
139 229
139 237
140 156
141 211
142 178
142 200
142 208
144 226
145 162
145 173
145 189
146 173
147 177
147 216
147 242
148 201
150 156
150 165
150 168
150 172
150 205
151 227
152 158
152 235
153 168
155 162
155 188
157 239
158 202
159 218
160 180
160 188
161 174
161 232
162 217
163 177
164 168
165 207
168 232
170 244
176 185
177 208
179 220
184 198
185 190
186 232
187 199
189 196
191 212
193 230
194 209
195 201
197 228
197 235
198 224
198 247
202 231
209 216
211 235
216 239
223 241
228 241
234 249
235 244
0
8 249
