1000	1481	 1
0 150
0 837
1 241
1 496
1 784
2 859
2 866
3 381
3 769
4 414
4 565
4 690
4 776
5 406
5 539
5 592
5 860
6 31
6 488
7 21
7 411
8 528
8 722
9 271
9 872
10 131
10 268
10 306
11 173
12 270
13 241
13 541
13 947
14 151
14 320
14 958
15 51
15 195
15 222
15 789
16 503
16 908
17 181
17 544
17 655
18 427
19 20
19 398
19 423
19 537
19 688
20 235
20 508
20 874
21 25
21 189
21 394
22 84
22 182
22 702
23 62
23 192
24 301
24 666
25 278
26 263
27 344
27 727
28 103
28 216
28 591
29 130
29 187
29 379
29 540
30 69
30 631
31 341
31 468
31 793
31 988
32 307
32 364
32 885
32 978
33 369
33 438
33 568
33 984
34 122
34 173
34 341
35 127
36 289
37 550
37 728
37 866
37 874
38 370
38 487
38 623
38 891
39 134
39 393
39 720
40 53
40 120
40 451
40 818
41 429
41 461
42 46
42 326
42 482
42 815
43 80
43 149
43 463
43 736
43 840
43 937
44 310
44 682
45 75
45 134
46 95
46 303
47 835
47 993
48 284
48 509
48 868
49 857
50 138
50 182
50 387
51 146
51 418
52 354
52 457
54 280
54 721
54 973
55 610
55 897
56 141
57 208
57 393
57 506
58 409
58 777
58 901
58 917
59 199
59 201
59 301
59 838
60 67
60 351
60 671
61 663
62 120
62 807
63 643
63 779
63 831
64 453
64 467
64 820
64 953
65 407
65 462
66 225
66 337
67 177
67 737
67 899
67 922
68 556
68 674
69 521
69 775
70 519
70 814
70 992
71 177
71 628
71 827
72 518
73 272
73 384
74 154
74 182
74 265
74 428
74 801
74 873
75 161
75 686
75 696
76 392
76 497
77 194
77 278
77 506
78 485
78 697
78 812
78 959
79 227
79 366
79 434
80 235
80 495
80 666
80 927
81 696
82 752
83 101
83 173
83 455
84 164
85 863
86 557
87 413
88 437
88 749
88 819
89 516
89 937
89 941
90 255
90 354
90 409
90 468
91 159
91 266
91 667
92 226
92 378
92 406
93 256
93 417
93 787
94 376
94 868
95 446
95 909
96 99
96 538
97 120
97 555
97 672
98 132
98 496
98 500
99 332
99 702
100 877
101 500
101 917
101 932
102 524
103 249
103 909
104 293
104 472
105 603
105 757
105 845
105 957
106 183
106 319
107 131
107 473
107 658
108 808
108 958
109 353
109 886
110 136
111 229
111 353
111 505
112 382
112 598
113 363
113 405
113 729
114 116
114 340
114 468
114 577
114 588
114 771
115 351
115 772
116 357
117 341
117 542
118 429
118 601
118 862
119 318
120 411
120 679
120 740
120 830
121 168
121 207
121 572
121 808
122 551
122 744
122 946
122 994
123 255
123 563
123 576
123 631
123 729
123 905
123 977
124 626
124 911
125 308
125 900
125 934
126 395
126 439
127 299
127 311
127 589
127 619
128 863
129 339
129 745
129 867
130 382
130 768
130 951
130 974
131 362
131 599
131 644
132 695
132 889
133 313
133 318
133 524
133 691
134 790
135 251
135 439
135 878
136 235
136 282
136 308
136 468
137 196
137 228
137 348
138 514
138 556
138 637
138 836
138 861
139 199
139 342
139 435
140 574
140 842
141 406
141 572
142 236
142 361
142 440
142 707
142 829
143 219
144 169
144 311
145 192
145 672
145 954
146 170
146 172
146 783
146 949
146 998
147 418
147 517
147 722
147 877
148 202
148 347
149 543
149 787
150 285
150 523
150 615
150 718
150 803
150 928
150 980
151 341
151 462
151 785
152 413
152 484
152 498
152 921
153 232
153 725
155 263
155 585
155 664
155 849
155 889
156 496
156 842
156 849
156 927
157 393
157 500
157 522
157 710
157 969
158 235
158 253
158 364
158 421
158 851
159 762
160 285
160 387
160 450
160 748
161 249
162 461
162 813
162 835
163 240
163 314
163 583
163 646
163 956
164 212
164 373
165 781
165 827
165 854
166 394
167 440
167 936
168 295
168 548
168 868
169 190
169 324
169 650
169 655
170 515
170 700
171 279
171 292
171 572
171 619
171 679
172 920
173 559
173 712
173 879
174 219
174 317
175 689
175 810
176 630
176 893
176 899
177 199
178 237
178 301
178 856
179 703
180 634
180 920
180 960
181 835
183 582
184 480
185 594
185 689
185 822
185 989
186 460
188 294
188 901
190 270
190 615
191 408
191 912
192 261
192 540
192 565
192 765
192 803
193 392
193 658
193 967
194 523
195 420
195 943
196 702
197 626
198 336
198 374
198 465
198 933
198 947
198 973
199 233
199 250
199 461
199 522
199 944
200 286
200 675
200 793
200 828
201 409
201 901
201 941
202 596
202 736
203 425
203 430
203 644
203 964
204 401
204 481
204 823
205 301
205 337
205 628
205 919
206 215
206 422
206 882
207 528
208 310
208 329
208 495
209 676
209 883
209 980
210 308
210 359
211 491
211 617
211 627
211 800
211 983
212 620
213 750
214 954
215 247
215 339
215 626
216 614
217 272
217 437
218 574
218 730
218 947
218 970
219 464
219 845
219 922
219 942
220 652
221 371
221 690
222 560
222 947
223 601
223 805
224 470
225 381
225 831
226 243
226 478
226 826
227 438
227 644
227 826
228 524
228 779
228 813
229 786
229 891
230 354
230 989
231 979
232 865
233 246
233 902
234 305
234 478
234 646
235 333
235 418
235 869
236 258
236 359
236 704
236 837
237 297
237 335
237 627
237 750
238 613
238 990
239 396
239 718
239 992
240 492
241 602
241 895
242 296
242 436
242 979
243 474
243 529
243 988
244 559
244 999
245 447
245 480
245 670
245 982
246 613
246 876
247 424
247 794
247 892
247 971
248 433
248 878
248 919
249 324
249 408
249 718
250 603
250 926
250 941
251 309
252 376
252 511
252 561
252 582
253 285
253 296
253 599
253 682
253 713
254 516
254 719
255 284
255 551
256 418
257 382
258 667
258 788
259 453
259 483
260 862
261 275
261 766
262 321
262 584
263 317
263 693
263 984
264 302
264 644
264 866
265 388
266 650
267 788
267 810
268 320
268 609
269 643
269 758
270 379
270 381
270 598
272 470
272 902
272 995
273 817
274 312
274 476
275 566
275 897
276 652
276 886
276 903
277 540
277 940
278 935
280 824
280 895
281 481
281 970
283 428
283 807
284 423
284 554
285 681
286 466
286 567
287 293
287 895
288 355
288 384
288 402
288 581
288 599
288 766
288 963
289 300
289 433
290 398
290 781
290 950
291 622
291 772
292 796
292 950
293 625
293 698
294 447
297 427
297 487
298 404
298 412
299 351
299 419
301 310
301 691
302 343
304 451
304 957
305 596
305 707
305 882
306 703
306 897
307 521
307 930
308 700
308 761
309 552
309 608
309 914
310 715
311 332
311 630
312 420
312 718
313 392
314 342
315 639
315 673
316 413
316 787
316 821
316 951
317 464
317 807
317 852
318 399
318 799
318 806
319 498
319 726
319 767
319 911
321 598
321 740
321 839
322 908
322 972
323 369
324 555
324 751
324 950
325 665
325 729
325 836
326 549
327 833
328 531
328 595
328 637
329 491
330 432
330 454
330 696
330 731
330 864
331 363
333 957
334 471
334 609
334 713
335 453
336 641
336 677
337 380
337 514
338 395
338 458
338 470
338 714
338 981
339 588
341 605
342 808
342 841
343 555
344 645
344 888
345 746
346 921
347 541
347 901
348 465
349 717
350 826
351 469
351 511
351 530
351 554
351 571
351 770
351 939
352 411
353 433
353 698
353 861
354 437
354 701
354 809
354 972
355 390
356 820
357 401
357 450
358 452
358 547
360 403
361 764
362 812
362 830
362 914
363 642
363 689
363 996
365 489
365 527
365 610
366 669
367 414
367 717
367 872
367 929
368 369
368 788
371 740
372 469
372 741
373 751
374 622
374 788
374 808
375 389
375 521
375 638
375 650
375 668
377 720
377 906
378 778
379 824
380 659
380 709
380 994
381 638
381 662
382 494
383 512
383 604
383 698
384 402
384 447
385 598
385 771
386 827
387 422
388 570
388 867
389 747
389 893
390 756
391 580
391 778
393 580
393 748
394 490
394 732
395 536
396 853
397 905
398 969
399 848
400 442
400 573
400 612
400 845
401 865
402 454
402 547
402 906
403 645
403 649
403 847
404 495
405 727
405 827
406 553
406 595
406 713
408 867
409 888
410 693
410 934
412 534
412 980
413 680
415 643
415 668
415 752
415 842
416 780
418 630
419 457
419 525
419 611
419 687
419 852
420 650
420 743
421 505
422 673
422 924
422 962
423 525
425 554
425 566
425 577
425 621
425 624
425 859
426 962
427 559
428 648
429 493
429 514
431 766
431 951
433 507
433 650
434 906
435 663
435 672
435 706
435 747
435 844
436 457
436 535
439 551
439 687
439 968
440 499
441 463
441 715
442 447
443 982
444 650
444 870
445 689
446 914
446 949
447 763
448 530
448 736
448 844
449 803
449 978
450 465
450 702
451 507
452 472
454 866
456 867
457 762
458 633
458 636
459 520
459 742
459 846
460 461
462 681
462 988
463 716
463 834
464 631
464 891
465 890
466 788
467 647
468 958
470 773
470 878
471 533
471 645
471 829
472 569
472 677
473 829
474 715
475 571
475 632
476 734
476 880
477 770
478 772
479 486
479 656
480 925
481 533
481 545
481 724
482 673
483 844
484 507
484 738
484 739
484 904
485 625
486 654
486 691
486 742
486 889
488 617
488 828
488 961
489 880
490 682
491 657
491 917
492 542
492 810
492 855
492 856
493 507
495 884
496 717
497 512
497 699
498 907
499 606
499 628
499 772
500 594
501 748
502 534
502 600
502 638
503 978
504 639
504 758
506 562
506 882
507 685
507 930
508 549
509 624
509 823
510 569
512 872
512 873
513 671
513 785
513 847
514 780
515 742
515 761
516 969
517 861
517 968
518 874
519 532
519 750
520 800
520 879
520 899
522 555
522 783
523 948
524 548
526 790
527 613
527 921
528 706
528 861
529 860
529 866
530 801
530 919
532 564
533 858
533 953
534 588
536 881
537 680
538 595
538 800
540 564
540 573
540 606
541 791
541 804
542 569
542 738
543 784
544 577
544 639
544 873
544 939
545 752
545 872
546 814
546 865
547 654
549 767
550 557
550 611
552 616
552 953
553 592
553 686
553 766
553 822
555 833
555 880
556 589
558 607
560 791
561 758
561 799
561 860
564 787
565 635
565 672
567 948
567 972
568 656
571 605
571 715
572 618
572 697
572 952
574 865
575 722
575 783
575 807
575 819
576 830
577 670
578 588
578 770
579 613
579 868
582 655
582 700
584 758
586 590
586 657
587 701
588 913
590 718
591 632
591 676
591 861
593 953
594 597
594 875
594 986
594 989
595 718
595 900
595 953
596 600
597 622
597 916
599 870
599 887
601 690
602 986
603 838
604 620
604 696
604 795
606 627
606 984
607 815
607 892
608 962
609 724
609 780
609 893
610 796
611 660
613 916
614 870
615 647
615 808
616 665
616 673
616 790
617 634
617 716
617 746
619 814
620 644
620 863
620 906
622 992
623 966
624 702
624 725
624 868
629 716
630 692
630 869
630 973
631 923
632 824
634 775
635 820
635 865
636 972
637 929
639 744
639 930
639 961
640 667
641 792
642 773
643 707
643 717
643 930
645 771
646 694
648 877
650 832
651 680
651 712
651 753
651 758
651 907
652 717
652 854
653 723
653 780
653 953
654 961
654 984
655 805
656 916
659 983
660 665
661 719
661 765
661 912
663 672
663 853
664 966
666 705
667 789
668 941
668 966
669 918
670 888
671 994
672 825
676 936
677 698
678 855
679 721
683 963
684 707
685 892
686 704
686 899
687 803
690 714
690 760
690 764
690 811
690 889
691 847
693 919
694 886
697 817
698 933
700 831
701 852
703 908
705 854
706 730
708 712
708 998
711 823
711 867
711 950
711 965
712 723
712 913
713 917
715 780
715 953
719 979
720 728
720 979
723 872
724 990
725 867
726 941
729 867
729 885
730 765
731 912
732 879
733 814
734 788
734 973
735 847
736 886
736 889
736 960
738 777
738 821
744 823
744 853
744 956
745 836
745 906
747 782
747 902
749 970
750 933
752 850
752 990
754 866
755 809
755 898
758 894
759 820
761 990
766 817
769 789
769 879
772 833
772 904
774 802
774 830
774 832
776 846
778 830
778 928
780 867
780 907
780 985
783 867
784 899
786 917
787 814
787 849
787 855
787 923
787 944
788 880
789 883
790 954
791 926
791 938
792 888
793 986
794 901
797 857
798 897
805 933
807 975
809 935
809 949
809 998
811 961
816 883
818 827
819 943
824 949
825 899
825 987
825 992
826 830
828 986
835 907
835 972
839 968
840 903
840 929
841 925
842 911
843 960
844 931
844 956
846 904
847 872
849 853
849 910
849 982
849 988
850 958
851 974
856 857
858 946
859 871
861 872
861 955
863 867
863 915
867 938
871 956
871 959
872 979
873 991
881 922
881 992
889 994
890 951
892 971
892 997
896 904
913 976
914 969
921 985
922 997
931 967
934 981
936 955
940 975
945 997
957 965
961 989
975 998
976 979
0
10 999
