1000	1506	 1
0 339
0 742
0 799
1 4
2 62
2 570
2 799
3 92
3 452
4 271
4 577
4 836
4 964
5 160
5 336
5 905
6 85
7 74
7 381
7 426
7 798
8 120
8 184
8 496
8 498
8 803
9 366
9 482
9 544
10 25
10 78
10 618
11 534
11 612
11 920
12 374
12 396
12 487
12 708
12 728
12 925
13 20
13 650
14 24
14 93
14 211
14 770
14 936
15 38
15 131
15 371
15 431
15 708
16 21
16 411
16 547
17 209
17 427
17 919
18 687
19 91
19 203
19 272
19 411
19 567
20 191
21 318
22 335
22 442
22 709
23 127
23 676
24 558
24 700
25 148
25 348
25 477
25 489
25 783
26 271
26 412
26 626
27 544
27 828
28 43
28 234
29 528
29 611
30 221
30 227
30 488
30 710
30 978
31 257
31 871
32 523
33 120
33 979
34 101
34 746
34 898
35 578
36 246
36 325
37 149
37 250
37 273
37 689
38 245
38 624
38 648
39 349
39 479
40 509
40 867
41 165
41 167
41 620
41 627
41 848
42 237
42 242
42 731
42 902
43 199
43 235
43 368
44 295
44 298
44 642
44 999
45 276
45 908
46 58
46 90
46 777
46 868
47 193
47 653
47 843
47 937
48 503
48 697
49 166
49 549
49 569
49 668
49 702
49 963
49 975
49 977
50 421
50 579
50 890
51 191
51 893
52 66
52 624
52 669
52 848
53 188
53 368
54 151
54 419
54 897
55 569
55 616
56 187
56 254
56 264
56 278
56 340
56 644
56 888
57 460
58 575
58 578
58 710
59 374
59 539
60 393
60 506
61 298
61 419
61 471
61 642
61 878
62 501
62 550
62 786
62 913
63 84
63 705
64 401
64 518
64 610
64 641
65 104
65 243
65 280
65 470
65 480
65 536
65 594
66 800
67 275
67 298
67 603
68 327
68 590
68 861
69 138
69 263
69 428
69 880
70 97
70 451
70 486
70 637
71 158
71 343
71 500
72 113
73 773
74 234
75 263
75 864
76 446
76 849
76 976
77 172
77 322
77 364
77 384
77 461
77 783
77 881
77 935
77 985
78 244
78 380
78 977
79 978
80 313
80 773
81 132
81 143
81 523
82 199
82 252
83 151
83 345
83 528
83 748
84 149
84 568
84 813
85 93
85 375
86 647
86 861
86 974
87 143
87 735
87 874
88 673
88 790
89 376
89 958
90 328
90 661
90 750
91 312
91 459
91 720
91 975
92 383
92 828
93 841
94 163
94 831
94 965
95 760
95 801
96 759
96 991
97 426
97 870
97 956
98 255
98 652
98 743
99 183
99 314
99 751
100 631
100 758
100 900
100 985
101 151
101 168
101 470
101 651
101 803
101 868
101 947
102 299
102 911
103 369
103 515
103 697
104 264
104 675
105 123
105 292
105 396
105 568
106 214
106 293
106 400
106 681
107 125
107 378
107 647
108 394
108 959
109 830
110 208
110 631
111 703
111 714
111 810
112 710
112 827
113 286
113 669
113 871
114 270
114 628
114 761
114 987
115 397
115 484
115 716
116 187
117 464
118 249
119 259
119 379
120 213
120 706
120 761
120 858
121 254
121 693
121 817
121 977
122 133
122 784
123 656
123 868
123 952
124 141
124 369
124 559
124 702
125 661
125 955
126 969
127 142
127 265
127 939
128 455
129 136
129 491
129 551
129 815
129 843
129 875
129 946
130 392
130 610
130 724
131 633
131 654
131 738
132 170
132 185
132 454
132 860
133 766
133 899
134 636
134 646
134 755
134 945
135 318
135 338
135 739
135 741
135 776
135 889
136 644
137 477
137 501
137 657
137 944
138 150
138 670
138 717
139 162
139 290
139 307
139 761
139 827
140 788
141 192
141 369
141 431
141 701
141 797
141 824
142 529
143 423
143 609
143 613
143 919
144 733
144 804
145 272
145 399
145 664
145 731
145 748
145 821
146 213
146 237
146 586
146 931
147 475
147 803
148 418
148 771
149 954
150 295
151 986
152 780
153 181
153 283
153 317
153 358
153 881
153 915
154 415
154 633
154 938
154 950
155 573
155 822
156 438
156 763
156 808
156 989
157 715
157 816
158 644
159 450
159 530
159 936
160 497
161 357
162 461
162 466
162 685
162 748
163 720
164 886
164 917
166 513
166 601
166 818
168 361
168 377
168 453
168 775
169 275
169 336
169 517
170 449
170 482
171 436
171 464
171 881
172 174
172 331
173 328
173 856
173 970
175 507
175 586
176 315
176 620
176 915
177 741
177 876
178 297
178 474
178 545
178 812
179 888
180 360
180 465
180 800
180 805
181 212
181 757
182 404
182 572
183 368
183 884
184 657
186 666
187 389
187 437
187 658
187 896
187 918
188 409
189 363
189 558
190 694
192 785
192 819
194 267
194 550
194 651
194 924
194 958
195 256
195 929
196 350
196 533
197 631
197 813
197 994
198 241
198 613
199 624
199 636
199 665
199 933
200 367
200 393
200 602
200 617
200 837
200 869
201 472
201 804
201 822
202 892
203 338
203 567
203 957
204 415
204 439
204 456
204 466
204 604
204 914
205 726
205 827
206 591
207 487
209 761
209 805
209 981
210 284
210 515
210 874
211 355
211 867
211 989
212 331
212 728
212 757
212 949
213 497
213 796
213 949
214 306
214 796
215 713
216 368
216 671
216 686
217 218
217 968
218 240
218 827
218 999
219 465
219 942
220 719
221 403
221 499
221 507
222 269
222 290
222 928
223 655
223 711
224 287
224 370
224 640
225 287
225 342
225 395
225 468
225 847
226 457
226 669
226 716
226 734
227 351
227 567
227 816
227 965
228 703
228 946
229 411
229 556
230 983
231 628
231 754
232 468
232 920
232 989
233 235
233 420
234 376
234 582
234 673
234 708
234 799
234 870
235 734
236 660
236 894
237 301
237 404
238 431
238 506
238 713
239 383
239 541
239 925
240 372
240 891
241 389
241 655
241 773
241 943
242 790
242 810
242 815
242 856
243 457
244 296
246 665
246 688
247 483
247 603
248 326
248 407
248 597
249 999
250 943
250 947
251 352
251 630
252 445
253 262
253 857
253 920
254 267
255 525
255 635
256 367
256 390
256 645
256 729
257 747
257 781
258 608
260 323
261 719
262 454
262 490
262 763
262 962
263 301
263 432
263 469
263 799
264 309
264 458
264 722
264 991
265 403
265 777
266 396
267 920
268 794
269 327
269 501
269 804
270 931
271 469
271 584
271 708
272 299
272 564
272 993
273 333
273 364
273 605
273 607
273 833
274 532
274 609
275 600
275 732
275 923
277 909
278 549
278 564
278 808
278 950
279 530
279 744
280 383
280 638
281 288
281 326
281 420
281 576
281 706
282 573
283 446
283 878
283 906
284 512
284 565
284 616
285 923
286 828
287 773
288 638
289 328
289 518
291 340
292 506
292 635
293 559
293 872
294 853
295 507
296 948
297 495
297 959
298 498
298 907
299 580
299 768
299 966
300 910
301 483
301 525
302 701
302 854
303 886
304 409
304 870
304 916
305 321
305 354
306 374
306 652
306 674
306 961
308 430
308 707
308 761
309 390
309 644
310 478
310 483
310 873
311 832
312 627
312 666
312 734
312 859
312 919
313 541
313 566
313 785
314 868
314 972
315 472
315 573
315 745
315 894
316 340
316 453
316 600
317 820
317 975
319 426
319 583
320 348
321 609
321 709
322 392
323 387
323 723
324 496
325 336
326 366
326 370
326 556
327 591
327 831
329 464
329 525
329 801
329 802
329 826
330 909
331 532
332 460
332 513
332 795
332 811
333 620
333 718
334 373
334 629
335 777
336 544
337 480
337 561
337 674
337 762
338 561
340 467
340 698
341 365
341 816
342 388
342 632
342 829
343 845
343 863
344 360
344 623
344 776
344 916
345 727
345 774
346 413
347 402
347 463
348 971
348 980
349 427
349 621
349 677
349 780
349 877
350 502
350 556
350 855
352 625
352 880
352 943
353 565
353 737
353 936
353 984
354 426
354 740
355 516
355 530
356 420
356 898
356 901
357 565
358 372
358 852
359 617
359 659
359 855
360 361
360 429
360 856
360 989
361 365
362 623
363 896
363 998
364 579
364 855
364 969
365 531
365 837
365 964
366 468
366 506
366 951
368 943
369 386
371 434
371 820
373 603
374 738
375 592
375 859
378 441
378 996
379 424
379 931
380 419
380 542
380 727
381 433
381 585
381 633
382 772
383 692
384 429
384 510
384 784
384 962
385 414
385 557
386 408
387 811
388 778
389 596
389 768
390 694
390 728
391 762
391 813
391 848
391 992
393 888
394 835
395 484
395 718
397 614
397 631
398 596
399 526
401 414
401 732
401 764
402 611
402 679
402 758
403 720
404 469
404 480
405 495
405 637
406 742
406 853
406 994
407 411
407 608
408 416
408 628
408 759
408 961
410 429
410 516
410 695
410 951
410 988
411 594
412 617
413 523
414 561
414 911
415 927
415 955
416 565
416 688
416 703
417 663
417 771
417 895
419 799
420 581
421 617
421 908
422 442
423 704
424 504
424 716
424 940
425 718
426 696
427 467
427 546
427 793
428 579
429 430
430 976
431 497
431 516
434 620
434 825
434 967
435 661
437 443
439 593
439 868
439 928
440 835
440 986
441 704
442 799
443 622
443 811
443 968
444 674
445 455
445 522
447 793
448 855
450 768
450 918
451 721
453 702
454 806
455 782
456 541
457 734
457 756
457 882
458 670
460 621
460 812
461 462
461 592
461 891
462 628
463 519
463 569
463 668
464 559
464 680
464 681
465 659
465 947
466 572
467 523
469 700
470 862
473 588
473 694
473 904
474 493
474 754
475 714
476 765
477 599
477 618
478 569
478 733
478 775
478 813
479 903
480 903
481 909
482 814
482 956
482 970
483 897
484 591
485 574
486 888
488 568
488 834
489 611
489 772
489 783
490 667
490 719
490 924
491 565
492 594
493 701
494 997
497 611
498 564
498 745
499 898
501 784
503 676
503 699
503 726
503 767
504 563
504 812
504 998
505 722
505 759
506 942
507 714
508 514
508 734
508 863
509 631
509 872
510 511
510 625
510 956
511 531
511 589
511 611
511 870
512 864
512 880
513 632
513 912
516 584
516 697
519 560
520 581
521 544
521 555
521 858
522 534
523 524
526 789
526 925
527 542
527 546
527 817
527 826
529 725
529 759
529 799
530 721
530 838
530 983
531 576
534 871
535 889
537 571
537 577
537 806
538 542
539 631
539 680
540 622
540 934
541 733
543 702
543 822
543 830
544 556
545 791
547 570
547 685
547 904
548 843
549 744
550 842
551 875
551 937
552 960
553 673
553 732
553 753
554 795
554 883
556 592
557 642
557 851
557 902
557 990
558 842
559 596
559 893
560 623
560 646
560 713
561 616
561 769
561 990
562 569
562 595
563 653
565 739
566 852
566 928
567 639
568 901
569 751
570 730
571 644
571 801
573 809
573 979
574 826
574 846
575 818
576 606
576 945
576 954
578 736
579 706
580 656
580 921
581 632
582 873
582 972
583 825
584 894
585 684
585 889
585 924
585 982
586 826
587 650
588 687
588 814
589 720
589 729
589 766
589 816
589 843
590 665
591 619
591 747
591 883
591 911
593 932
594 777
594 956
595 830
595 849
596 910
597 834
597 848
598 697
598 705
598 936
599 951
599 993
600 689
600 910
600 957
601 773
602 659
603 814
604 884
605 646
606 981
607 923
608 948
608 980
610 984
611 711
611 757
612 919
613 805
614 844
615 646
615 889
617 898
618 623
618 769
619 961
620 666
620 730
620 776
620 921
622 635
623 657
623 714
623 833
624 693
624 927
625 753
626 674
627 866
628 752
628 971
629 873
631 910
633 655
633 692
633 976
633 995
634 866
634 992
635 652
635 880
636 859
638 940
640 734
640 972
641 740
641 908
642 904
643 942
643 982
644 696
645 653
646 970
646 973
649 814
649 878
650 824
658 690
658 983
660 751
660 909
661 702
662 663
662 668
662 752
664 760
665 799
665 833
665 939
666 981
667 799
667 957
668 990
670 812
670 855
670 999
671 917
671 960
671 996
672 712
672 976
673 765
673 776
675 950
677 743
677 815
678 694
679 727
682 730
683 991
684 910
687 839
687 996
691 692
692 802
692 879
692 984
694 708
694 906
694 997
695 856
696 941
698 911
699 757
699 912
699 926
700 892
701 863
701 908
701 945
702 788
702 889
704 805
704 823
705 760
711 817
712 828
713 732
713 924
715 775
715 833
715 840
715 953
716 885
717 770
724 756
725 969
726 815
727 906
731 749
732 855
733 984
734 912
735 906
736 763
737 998
740 929
741 765
743 941
744 995
745 806
746 881
747 787
747 907
747 930
750 863
751 958
752 870
752 970
755 902
756 840
756 929
757 978
761 838
765 936
765 976
768 845
768 998
772 823
773 792
774 958
775 793
775 942
778 932
779 853
779 884
782 912
786 866
786 913
787 830
789 853
789 858
792 817
792 929
794 886
797 850
801 819
801 964
802 881
805 992
807 976
813 986
813 995
814 819
814 965
815 916
816 874
819 964
820 827
822 832
823 932
827 935
829 831
830 972
832 910
835 898
842 880
845 876
846 908
848 920
848 994
850 945
854 875
855 909
856 953
857 988
865 967
869 917
881 924
882 974
886 918
887 914
888 911
888 971
890 918
891 955
893 986
899 979
900 901
903 937
909 917
911 942
912 922
919 981
922 971
924 998
932 978
945 992
946 960
952 997
966 975
970 979
973 991
0
10 999
