1000	1501	 1
0 68
0 207
0 491
0 917
1 53
2 667
2 986
3 431
3 503
3 576
3 754
3 887
4 222
4 736
4 762
5 156
5 350
5 537
6 283
6 371
6 590
6 836
7 596
8 73
8 491
9 34
9 61
9 242
9 348
9 694
10 654
10 952
11 136
11 196
11 850
12 37
13 839
13 950
14 499
14 717
15 35
15 91
15 514
16 226
16 482
17 159
17 223
17 357
17 989
18 383
18 616
18 792
19 341
19 834
20 87
20 228
20 276
20 285
21 935
22 112
22 446
22 937
23 871
23 951
24 196
24 404
25 734
25 994
26 574
26 914
27 516
27 848
27 919
28 125
28 155
29 525
29 679
29 831
29 869
30 39
31 202
31 807
32 69
32 466
33 480
33 534
33 688
35 420
35 910
36 180
37 217
37 400
37 763
37 874
37 890
38 742
38 804
39 438
40 247
40 450
41 49
41 54
41 438
42 212
43 307
44 332
44 464
44 875
45 908
46 159
46 367
46 898
47 268
47 374
47 710
47 720
47 914
48 55
49 136
49 392
49 591
49 882
50 172
50 924
51 284
51 874
52 258
53 376
53 924
54 126
54 580
54 602
55 289
55 311
55 815
55 856
56 348
56 571
56 737
57 871
58 137
58 263
58 994
59 379
59 610
59 767
59 887
60 263
60 376
60 482
60 576
60 912
60 932
61 266
61 372
62 220
62 585
63 526
64 565
64 684
64 729
65 376
65 613
65 838
65 910
66 81
66 236
66 587
66 965
67 330
67 394
67 407
67 832
67 844
68 283
68 430
69 485
69 504
70 101
70 594
70 991
71 190
71 713
71 804
72 307
72 408
72 536
72 599
72 849
73 166
73 350
73 835
74 772
74 965
75 90
75 348
75 435
75 711
76 223
76 889
77 99
77 415
77 657
77 982
78 97
78 327
78 385
78 567
78 747
78 919
79 88
79 157
79 529
79 876
79 939
80 788
81 699
82 419
82 682
82 921
82 949
83 188
83 198
83 229
83 341
83 392
83 874
83 919
84 508
84 571
84 906
85 914
85 977
86 638
87 652
88 130
89 137
89 658
90 114
91 450
91 618
91 993
92 165
92 380
92 722
92 759
92 816
93 251
93 885
93 924
94 326
94 568
95 379
95 393
95 499
95 552
95 636
95 697
96 373
96 680
96 825
97 455
97 711
97 851
97 973
98 300
98 724
98 777
98 897
99 887
100 209
100 370
100 667
101 218
101 491
101 686
102 155
102 396
103 139
103 536
104 442
104 528
104 937
105 115
105 280
105 328
105 624
105 780
106 667
107 645
107 711
107 846
108 433
109 600
110 611
111 451
111 977
112 287
112 370
112 644
112 885
112 996
113 430
113 718
114 810
115 427
115 452
115 611
115 693
116 338
116 362
116 516
116 636
117 273
117 279
117 551
118 210
118 248
118 613
119 144
119 216
119 283
119 347
120 147
121 160
121 239
121 626
121 911
121 943
121 968
122 958
123 599
123 837
124 737
124 861
125 349
126 138
126 738
127 669
128 355
128 734
128 853
129 490
129 544
129 664
129 815
130 150
130 239
130 280
130 676
130 794
131 358
131 394
131 487
131 983
132 220
132 226
132 612
132 702
133 719
133 879
134 922
135 353
135 476
135 642
135 908
135 989
136 725
137 266
138 305
138 411
139 496
139 907
140 336
140 611
140 688
140 714
140 760
140 982
141 306
141 449
142 763
142 777
142 972
143 175
144 276
144 404
144 629
144 904
145 210
145 258
145 398
145 889
146 394
147 186
147 202
147 866
148 559
148 582
149 815
149 819
149 848
150 727
150 945
151 671
151 834
151 952
152 550
153 400
154 489
155 209
155 490
155 739
156 259
158 244
158 289
158 504
158 726
160 183
160 347
160 376
160 495
161 735
161 767
162 793
162 971
163 999
164 621
164 857
164 881
164 957
165 577
165 772
165 875
167 581
167 765
167 783
167 874
167 970
168 867
168 906
169 801
169 811
169 886
170 323
170 466
170 560
171 763
172 466
173 756
174 522
175 181
175 340
175 656
175 771
176 482
176 739
176 813
177 480
177 503
177 792
177 833
178 327
178 982
179 589
179 604
179 897
180 341
180 473
181 303
182 192
182 610
182 940
183 910
184 220
184 524
184 625
185 858
186 426
186 555
187 216
187 668
187 786
188 607
188 628
188 786
189 977
190 267
190 380
191 710
191 856
192 510
192 762
193 301
194 991
195 207
195 271
195 791
195 869
196 454
196 752
196 913
197 205
197 740
197 816
198 433
198 959
199 721
199 758
199 858
199 948
200 282
200 844
200 937
201 361
201 658
203 274
203 459
203 742
203 954
204 851
205 330
206 352
206 482
206 875
207 217
207 331
207 395
207 443
207 460
207 521
208 527
208 957
209 748
210 343
210 996
211 500
211 643
211 948
212 274
213 308
213 737
214 838
215 455
215 806
216 418
218 377
218 715
218 755
219 331
219 407
219 723
219 822
220 238
220 855
220 971
221 372
222 390
222 692
223 366
223 539
224 613
224 903
225 751
226 504
226 571
226 735
227 562
229 954
230 335
230 338
230 411
231 282
231 629
231 794
232 407
233 380
233 548
233 672
233 800
233 913
234 627
234 651
234 663
235 388
235 489
235 542
235 644
235 670
235 713
235 991
236 426
237 746
237 967
238 878
239 437
239 943
240 254
240 301
240 587
240 666
241 257
241 327
241 610
241 696
241 983
242 248
242 758
242 780
242 867
242 939
243 402
243 491
243 597
243 753
244 927
245 968
246 447
247 392
248 436
248 513
248 730
248 986
249 303
249 359
249 596
249 722
250 716
251 319
251 523
251 880
252 789
252 865
252 933
253 523
253 638
253 717
253 752
253 813
254 774
254 790
255 592
255 824
255 865
256 318
256 367
256 527
257 414
258 358
258 632
258 872
259 671
259 926
260 655
261 429
262 928
263 503
263 552
264 413
264 485
265 379
265 525
265 596
265 854
267 770
267 860
267 959
268 522
268 878
269 350
269 696
269 743
270 847
270 871
272 502
272 756
273 918
274 359
274 910
275 947
276 300
276 803
276 902
277 638
277 686
277 880
277 918
278 566
278 656
279 665
280 381
280 551
280 742
281 467
282 659
282 988
283 369
283 599
284 786
284 891
285 409
285 461
286 293
286 426
286 531
288 369
288 395
288 916
289 306
289 401
289 449
289 569
289 764
289 843
289 915
290 709
290 849
291 593
291 884
292 321
292 389
292 566
292 739
293 332
293 531
293 576
293 602
293 870
294 515
294 869
295 476
295 533
295 899
296 638
296 719
297 510
297 762
298 768
299 359
299 831
300 536
300 659
301 465
301 842
301 887
302 597
302 681
303 427
303 581
304 936
305 543
305 556
306 783
306 784
307 413
307 487
307 653
308 527
309 816
309 846
309 873
310 928
311 427
311 620
311 751
312 733
312 862
313 620
313 927
314 419
314 775
315 518
315 983
316 835
316 883
317 504
317 987
319 324
319 362
320 338
320 637
320 973
321 434
321 462
321 546
321 635
321 779
322 448
322 533
322 732
323 424
323 809
323 851
324 631
324 690
325 637
325 891
326 349
326 905
327 582
327 934
327 963
328 441
328 762
329 584
329 812
329 873
329 879
329 929
329 931
330 474
330 939
331 511
332 356
333 901
334 365
335 946
336 633
337 591
338 803
338 997
339 836
341 653
341 864
341 897
342 526
342 816
342 847
343 504
343 615
344 425
344 493
344 522
345 528
346 490
346 785
346 797
347 760
347 790
348 638
348 958
349 774
351 575
352 994
353 428
353 563
353 726
353 908
354 425
354 535
355 802
355 877
356 532
357 440
357 628
358 558
359 775
360 613
360 872
361 496
361 901
362 532
362 757
363 604
363 611
363 946
364 490
365 409
366 882
367 774
367 775
367 872
367 926
368 444
368 479
368 770
369 521
369 900
370 516
372 606
374 779
375 859
376 397
376 958
377 854
377 860
377 926
378 407
379 676
379 905
379 965
379 974
380 485
380 509
380 540
380 739
380 972
382 599
384 583
384 587
384 982
386 564
386 705
387 413
387 470
387 527
387 824
388 650
388 660
388 678
388 844
389 637
389 853
391 401
391 685
391 708
391 999
392 541
392 663
394 614
397 873
398 488
399 616
399 737
400 501
400 720
401 744
401 891
402 847
403 481
404 868
405 561
405 734
405 980
405 983
406 427
406 528
407 573
408 673
408 735
409 910
410 468
410 845
411 497
412 489
412 765
412 805
413 689
414 574
414 785
415 937
416 574
416 980
417 492
417 587
417 843
419 662
419 844
420 933
421 677
422 457
422 774
423 752
424 572
424 880
426 428
426 964
427 950
429 670
429 731
429 829
429 938
430 879
431 538
432 447
432 878
432 889
433 947
435 571
436 490
437 804
437 837
438 474
439 655
439 885
439 926
440 666
441 732
441 982
442 816
443 503
443 669
444 984
445 749
445 758
447 677
448 669
448 979
449 604
449 793
450 748
450 781
450 933
451 462
451 769
452 550
452 757
452 976
453 665
454 559
455 509
456 747
456 854
456 972
457 736
457 786
457 823
458 514
459 592
459 893
461 614
462 670
462 790
463 467
463 768
463 819
464 885
465 642
465 668
466 771
466 951
467 760
467 918
468 868
469 609
471 486
471 983
472 646
472 765
472 901
473 591
473 643
474 555
474 695
474 815
475 839
475 975
476 885
476 961
477 562
477 701
477 784
477 996
478 492
478 940
479 482
479 634
480 908
481 591
481 995
482 864
483 801
484 625
484 762
486 499
486 532
486 698
487 665
487 825
488 750
488 796
488 982
490 805
491 723
491 974
492 772
493 567
493 986
494 520
494 546
494 550
494 821
495 620
498 765
499 519
499 638
500 621
502 628
502 919
503 615
504 711
504 737
504 761
505 551
505 725
506 544
506 718
507 685
507 800
511 603
511 774
512 825
515 646
515 648
515 930
516 853
517 520
517 574
517 956
518 609
518 936
518 953
519 640
519 688
519 757
519 832
521 691
521 738
521 744
522 826
525 829
525 859
525 937
526 562
526 656
526 975
527 696
528 689
529 722
530 771
530 998
533 565
533 995
534 561
534 760
535 697
535 705
535 707
536 807
537 809
538 609
538 723
538 825
538 935
539 589
539 598
539 905
540 798
541 573
541 928
544 644
544 645
545 594
545 646
545 773
546 575
546 705
547 673
547 995
548 558
548 673
548 677
549 767
549 806
549 954
550 661
550 709
550 810
552 641
552 670
552 687
552 698
552 845
553 585
553 709
554 829
554 976
555 561
556 597
556 788
556 829
557 912
560 714
560 955
561 598
561 668
561 795
561 808
561 930
564 654
565 724
565 847
566 800
567 671
568 646
568 776
569 839
569 857
569 891
570 740
570 863
571 794
573 820
573 936
574 686
574 805
575 735
576 892
577 741
577 749
578 743
579 597
582 797
583 676
583 713
583 967
584 857
584 972
585 757
586 734
586 892
588 593
588 728
590 799
591 874
591 953
593 768
594 617
594 697
594 818
595 868
596 647
596 962
597 755
599 627
599 758
599 952
599 958
599 966
600 643
600 721
601 857
601 959
602 625
602 995
603 791
603 858
605 723
605 886
606 794
607 680
607 692
608 815
608 816
608 964
612 766
613 693
613 985
614 929
616 716
616 736
617 770
617 806
618 702
618 910
618 917
619 679
620 774
620 859
620 963
620 965
621 949
622 919
623 960
623 974
626 852
626 856
626 923
628 756
628 777
628 910
629 898
630 882
630 883
630 964
631 927
632 647
632 816
632 977
633 640
633 649
633 791
634 738
634 926
634 969
635 922
635 925
637 692
639 744
639 817
639 821
639 978
640 643
641 830
641 832
641 992
642 665
642 716
642 985
643 845
645 694
645 954
646 731
647 956
648 945
649 707
649 775
650 855
650 985
651 791
654 881
655 855
656 803
661 764
662 792
663 801
665 760
665 815
665 866
666 718
666 820
666 883
667 894
668 756
668 855
668 870
669 711
670 815
673 779
674 815
675 888
676 791
677 746
677 760
679 933
680 977
681 750
683 775
686 807
686 922
690 700
691 877
693 923
695 855
696 754
696 814
699 738
699 922
700 950
701 970
702 749
702 974
703 882
704 719
705 925
706 831
706 836
707 936
709 905
711 863
712 892
714 839
715 764
716 952
718 780
720 931
722 981
724 736
725 896
725 960
726 819
727 769
728 967
730 741
730 768
730 906
731 903
732 805
733 756
733 895
735 848
736 843
738 756
739 855
740 993
742 855
742 947
743 827
744 988
745 782
745 923
745 987
748 927
748 945
749 891
750 873
750 950
751 877
753 825
756 802
759 846
759 932
760 930
761 775
763 893
764 932
765 987
770 904
773 809
774 880
774 988
778 969
779 972
782 973
783 790
784 940
787 880
789 848
790 965
791 824
792 817
793 913
794 958
795 906
797 852
797 881
798 822
798 984
799 835
800 923
801 929
806 992
808 987
809 841
812 826
813 873
813 884
815 857
816 928
821 828
824 929
825 986
826 844
827 894
828 891
838 958
839 935
840 968
845 892
845 902
846 954
850 890
854 889
856 979
857 861
857 901
859 899
862 891
863 974
866 916
866 941
868 932
871 907
872 991
875 993
876 930
877 954
878 942
878 979
881 939
888 948
889 993
893 973
896 904
900 922
902 915
909 968
914 942
914 975
917 962
918 967
920 999
942 987
944 985
946 990
946 993
954 960
976 993
985 993
989 998
991 992
0
10 999
