1000	1493	 1
0 292
0 409
1 534
1 901
2 143
2 714
3 332
3 696
3 839
3 907
4 84
4 929
5 173
5 445
5 843
6 73
6 186
6 442
7 550
8 479
8 614
9 911
9 932
9 937
10 137
11 250
11 266
11 343
11 941
12 248
13 74
13 143
13 905
14 48
14 193
14 449
14 624
14 700
15 276
15 433
16 171
16 848
17 356
17 436
17 485
17 601
17 937
18 139
18 239
18 324
18 468
18 598
18 834
19 115
19 373
19 697
20 68
20 425
20 624
20 917
21 279
21 620
22 220
22 452
22 977
23 167
23 236
23 526
23 713
23 743
23 848
24 135
24 451
24 928
25 187
25 440
25 598
26 261
26 310
26 404
27 707
28 182
28 252
28 555
28 659
29 186
29 201
29 319
29 433
29 577
29 800
30 158
30 675
31 100
31 141
31 207
31 701
31 958
32 695
32 820
32 908
33 254
33 442
33 519
33 675
33 824
34 264
34 476
34 599
34 770
35 673
35 700
35 714
35 877
36 96
36 328
36 582
36 672
36 949
36 955
36 988
37 134
37 335
38 105
38 178
38 372
38 902
39 927
40 339
40 492
40 694
40 770
40 942
41 601
41 675
41 891
42 221
42 231
42 295
42 353
42 357
42 814
43 73
43 241
43 303
43 762
44 612
44 768
45 121
45 245
46 144
46 758
46 773
47 137
47 511
47 600
47 792
48 253
48 593
49 65
49 396
49 902
50 219
50 451
50 678
50 707
50 710
50 965
51 131
52 180
52 364
52 533
52 560
52 630
53 98
53 180
53 617
54 85
54 244
54 509
55 165
55 550
55 576
56 87
56 112
56 942
57 138
57 402
57 647
57 976
58 831
58 857
58 874
59 518
59 621
59 738
59 858
59 923
60 499
60 622
60 993
61 173
61 821
61 942
62 676
63 124
63 177
63 286
63 473
63 529
63 535
64 127
64 554
64 661
64 857
65 120
65 365
65 602
65 968
66 514
66 721
66 737
67 202
67 359
67 529
69 382
69 585
69 667
70 335
70 479
70 576
70 653
70 787
71 608
71 975
72 867
72 868
73 539
73 552
73 810
74 340
75 263
75 570
75 953
76 458
76 881
76 930
77 305
77 428
77 560
77 805
77 918
78 134
78 451
78 586
78 718
79 569
79 712
80 496
80 757
80 866
80 999
81 226
81 653
82 813
82 857
83 205
83 480
83 782
84 85
84 953
84 964
85 974
86 188
87 652
87 665
87 765
88 173
88 307
88 461
88 776
88 833
89 769
90 321
91 94
91 294
92 118
93 172
94 183
94 756
95 750
97 164
97 594
98 249
98 367
98 467
98 865
99 184
100 210
100 760
101 146
101 204
101 459
102 454
102 856
103 161
104 255
104 360
104 372
105 340
105 501
105 851
106 435
106 455
106 914
107 120
107 165
107 613
108 124
108 194
108 499
108 673
108 932
108 947
109 438
110 136
110 536
111 530
111 605
112 444
112 545
112 632
112 895
113 277
113 379
113 432
113 441
113 691
113 810
114 123
114 333
114 465
114 617
114 727
115 204
115 213
116 308
116 315
116 971
117 805
117 886
118 638
118 758
118 871
118 906
119 831
119 875
119 995
120 170
120 187
120 257
121 685
122 985
123 783
124 479
124 947
125 369
125 530
125 532
126 386
126 874
127 448
128 241
128 523
129 223
129 263
129 571
130 538
130 590
130 991
131 513
132 207
132 437
133 195
133 346
134 334
134 541
134 595
135 253
135 381
135 784
136 530
136 645
138 488
138 785
140 267
140 711
140 911
141 368
141 985
142 228
142 714
142 939
143 273
143 359
144 245
145 202
145 401
145 861
147 811
147 959
148 971
149 319
149 512
149 628
150 198
150 974
151 276
151 916
151 956
152 356
153 307
153 912
153 975
154 613
154 813
155 174
155 332
155 499
156 177
156 185
156 344
156 692
157 227
158 318
158 419
159 237
159 263
159 507
159 663
159 674
159 830
160 469
160 889
161 294
161 824
162 315
162 499
162 620
162 757
163 194
163 348
163 354
163 630
163 877
164 534
164 554
164 769
165 298
165 388
165 671
165 986
166 207
166 340
166 351
166 915
166 935
167 189
167 290
167 356
168 353
168 382
168 494
168 753
169 431
169 709
170 318
170 342
170 727
171 284
171 408
171 822
171 843
171 983
172 438
173 664
174 634
175 395
176 409
176 508
176 775
176 964
178 320
178 769
178 991
179 379
179 598
180 650
181 562
181 752
181 758
182 205
183 275
183 322
183 364
184 222
185 295
185 635
185 718
185 815
186 237
186 455
186 487
186 712
187 619
187 726
187 883
188 220
188 494
189 630
190 206
190 683
190 998
191 347
192 444
192 605
192 611
193 731
193 982
194 565
194 888
194 971
194 997
195 392
195 593
196 588
196 694
196 802
196 933
197 477
197 509
199 356
200 777
200 837
201 301
201 583
201 799
203 804
203 805
203 812
204 289
204 918
206 820
206 866
206 932
207 630
207 654
207 823
207 899
207 924
208 697
209 360
209 401
209 745
210 343
211 288
211 824
212 398
212 553
212 790
212 833
213 517
213 698
214 262
214 417
214 825
214 953
215 258
215 264
215 429
215 595
215 818
216 221
216 455
216 517
216 706
217 716
218 258
218 519
218 614
218 669
219 259
219 395
219 447
219 604
219 606
219 833
220 501
220 850
220 904
220 906
221 361
221 429
221 534
221 662
222 232
222 258
222 706
223 488
223 957
224 657
225 721
225 834
226 468
226 482
226 690
227 437
227 522
228 261
228 483
228 493
228 494
228 795
229 254
230 233
230 291
230 317
230 768
230 819
230 868
231 290
232 621
232 969
233 414
233 610
233 796
233 818
234 276
234 430
235 653
236 600
236 828
238 266
238 389
239 341
239 398
239 420
239 874
240 438
240 634
241 263
241 778
241 800
242 520
242 561
242 704
243 669
244 408
244 464
244 539
245 271
245 947
246 297
246 600
247 401
247 483
247 671
247 873
247 979
248 405
248 511
249 384
249 427
250 482
250 792
251 655
251 688
252 832
253 267
253 345
253 733
254 844
254 850
255 505
256 349
256 722
256 785
257 326
257 696
257 933
259 314
260 428
260 895
261 950
261 989
262 301
262 591
262 990
264 492
265 878
266 364
267 294
267 732
267 805
268 379
268 605
268 925
269 600
269 726
270 780
271 834
272 326
273 292
273 395
274 383
274 445
274 811
274 847
275 329
275 725
277 364
277 393
278 510
278 592
278 721
278 994
279 389
279 799
279 804
280 979
281 385
282 630
282 684
282 732
283 371
283 579
284 626
285 355
285 824
285 978
286 839
286 863
287 961
288 533
289 412
289 557
290 382
290 521
291 928
292 471
292 562
292 835
293 444
294 925
295 486
295 777
296 461
296 738
297 416
298 320
298 600
299 676
299 749
299 789
299 878
299 939
300 357
300 818
301 746
302 365
302 596
302 903
303 844
304 423
304 765
304 792
304 980
305 393
305 554
305 683
305 768
306 608
306 763
307 445
308 310
308 778
308 819
309 613
310 818
310 893
311 490
311 795
312 536
312 582
312 590
313 859
314 759
314 776
314 846
314 880
315 920
316 799
316 902
318 494
318 881
319 509
319 920
320 727
321 787
323 705
323 838
324 444
325 472
325 561
325 848
326 344
327 850
327 981
328 363
328 384
328 557
328 741
329 464
329 465
330 476
330 828
330 943
331 595
331 641
331 795
331 797
331 852
332 395
333 634
334 573
334 651
334 876
335 364
335 884
336 345
336 494
336 941
336 956
336 981
337 344
337 513
337 581
337 667
338 676
338 701
340 459
340 938
341 404
341 417
342 405
343 667
343 730
344 655
344 789
344 850
346 554
347 661
347 985
349 533
349 814
349 891
350 481
351 600
352 377
352 413
352 743
352 832
353 422
353 538
353 729
354 465
354 641
355 804
355 904
356 663
357 816
358 486
358 613
358 763
358 788
359 606
360 706
361 547
361 621
362 737
362 950
362 959
363 637
365 696
365 947
366 552
368 423
368 461
368 687
368 747
370 446
370 586
370 665
371 843
372 489
372 796
373 423
373 531
373 721
373 933
374 416
374 775
375 794
375 948
376 402
377 409
377 422
377 645
377 954
378 900
379 436
379 745
379 812
379 946
380 445
380 463
381 454
381 827
381 831
382 985
383 453
383 576
384 660
385 452
385 938
386 419
386 487
387 423
387 543
387 580
388 825
388 960
389 598
389 613
390 417
390 991
391 587
391 722
391 854
392 533
392 540
392 750
394 457
396 878
397 607
399 468
399 577
399 842
400 661
400 677
400 725
400 884
400 933
401 486
401 591
401 700
402 412
402 537
403 422
403 723
403 767
404 707
404 717
404 868
404 957
405 572
405 602
405 802
405 945
406 499
406 553
406 682
406 693
406 918
407 591
408 624
408 790
408 802
409 503
409 716
409 987
410 709
410 876
411 818
412 442
412 560
413 442
413 682
414 649
414 713
414 719
414 875
415 727
416 708
417 986
418 784
420 735
420 966
421 919
421 951
422 543
423 854
424 523
426 448
426 719
426 826
426 871
427 924
427 978
427 990
430 473
430 937
430 986
431 818
431 900
431 926
432 880
433 483
433 829
434 537
434 732
434 971
435 626
436 665
436 853
437 551
437 680
437 838
438 894
439 792
440 589
441 842
443 913
444 476
445 460
445 608
446 888
448 480
448 885
449 541
449 816
450 552
450 825
451 494
451 618
452 578
452 622
453 704
455 911
456 869
456 956
457 958
458 574
459 534
460 560
461 536
461 728
462 645
462 849
466 686
467 722
468 477
468 687
468 815
469 636
469 746
470 888
474 584
475 514
475 550
475 623
476 683
476 989
477 966
478 514
478 646
478 719
478 748
479 769
479 997
480 556
480 597
480 756
481 680
481 849
481 938
481 996
482 697
482 977
484 562
484 867
485 579
487 603
488 576
488 786
488 836
489 579
489 751
490 673
490 979
491 576
492 524
495 628
495 909
496 744
497 969
498 817
500 574
501 785
502 642
502 653
503 588
503 686
503 872
504 507
505 886
506 924
508 882
511 710
512 775
513 657
514 684
515 525
515 962
516 644
516 937
517 555
518 616
518 940
519 837
520 864
520 958
520 971
521 855
521 965
523 668
523 793
524 699
525 661
526 572
526 629
526 798
526 876
527 681
528 703
529 859
531 612
532 652
532 962
533 819
533 834
533 919
533 971
534 645
535 570
535 648
535 759
536 640
536 975
538 566
538 590
538 593
538 715
538 724
538 738
540 816
540 908
541 949
542 565
543 602
544 838
545 586
546 941
547 672
547 688
547 712
548 661
549 657
549 774
549 957
550 959
551 702
551 827
551 958
552 754
552 775
554 584
554 607
554 780
555 689
555 729
556 973
557 580
558 705
559 652
559 869
560 701
560 736
561 727
562 872
563 645
563 690
564 624
565 584
566 679
566 857
567 891
568 582
568 643
569 845
572 918
574 633
574 738
574 984
575 699
577 600
577 685
578 586
578 967
578 985
579 675
581 882
583 669
586 875
587 776
590 599
590 733
591 647
592 756
593 694
593 773
593 824
596 795
598 801
598 934
600 714
600 981
601 725
602 921
603 613
603 683
605 986
605 994
606 809
606 817
606 906
608 791
609 623
609 956
612 620
612 787
612 973
614 877
614 900
614 983
615 666
615 964
616 739
616 753
616 800
616 850
616 926
616 961
616 981
617 951
619 883
619 930
621 923
623 654
625 811
626 904
626 961
627 670
627 700
627 756
627 861
631 814
631 966
632 666
632 695
633 789
633 930
634 636
634 712
636 711
636 720
636 902
637 650
637 700
638 681
638 881
638 882
639 647
639 871
640 817
640 972
642 724
645 999
646 700
646 991
648 707
649 668
649 780
649 984
652 887
653 796
653 860
654 764
656 911
657 766
657 784
658 671
659 946
660 989
661 672
661 882
662 698
662 734
662 961
663 826
665 695
665 826
666 689
667 859
668 949
669 822
669 977
671 835
672 899
675 803
677 930
679 974
681 974
682 755
683 736
683 870
683 947
685 855
685 946
686 747
686 827
686 963
690 850
691 937
692 699
692 789
693 907
695 707
697 706
697 771
697 846
698 885
699 947
701 876
702 772
703 811
704 864
705 983
707 942
709 717
710 740
710 752
710 871
713 748
715 760
715 951
720 737
725 830
726 788
728 879
728 881
728 915
729 890
729 931
730 953
731 896
732 862
732 872
732 983
735 815
735 854
737 785
740 832
742 938
744 803
744 982
749 971
751 754
752 763
753 956
755 930
758 811
760 763
760 980
761 832
761 901
761 977
765 771
765 832
765 840
767 987
769 857
770 935
771 892
771 990
773 913
774 836
776 787
776 847
779 853
781 880
781 993
782 862
789 896
791 848
791 988
793 993
794 905
800 945
801 818
803 999
805 856
806 926
807 866
807 936
808 848
809 897
811 830
813 894
814 850
814 893
816 839
817 909
819 893
819 978
820 992
821 870
823 970
828 916
829 942
830 972
836 907
836 968
837 916
838 844
841 910
841 934
842 974
843 907
845 973
847 976
848 944
850 936
852 887
852 929
853 892
855 962
858 932
859 905
865 967
866 911
866 964
874 921
875 948
878 922
879 933
880 979
886 948
888 954
889 898
892 935
897 915
901 931
907 938
910 913
915 991
921 927
923 952
936 993
938 995
941 976
964 976
981 998
0
10 999
