1000	1487	 1
0 275
0 373
0 861
1 230
1 422
2 604
3 43
3 176
3 645
4 245
4 249
5 82
5 831
6 451
6 583
6 905
7 200
7 283
7 355
8 343
8 766
9 331
9 354
10 114
10 865
11 170
11 202
11 238
11 307
11 932
12 581
12 724
12 945
13 37
13 520
13 655
13 738
14 116
14 845
15 660
15 900
16 566
17 430
17 818
17 924
18 95
18 215
18 780
18 836
19 56
19 497
19 642
19 985
20 449
20 777
20 857
20 907
21 113
21 736
21 996
22 475
22 506
23 151
23 395
24 38
24 464
24 954
25 163
25 386
25 519
26 620
26 772
26 872
26 938
26 960
27 98
27 441
27 769
28 322
28 429
28 960
29 174
29 361
29 453
29 696
29 942
30 701
31 120
31 129
31 994
32 518
32 756
33 396
34 147
34 687
35 286
36 451
36 494
36 607
36 916
37 373
37 485
37 945
38 52
38 69
38 229
39 319
39 327
39 585
40 301
40 535
40 705
40 771
41 166
41 430
41 528
42 63
42 230
42 495
42 601
42 651
42 675
43 57
43 58
43 376
43 929
43 965
44 159
44 232
44 895
45 130
45 327
45 775
46 57
46 890
47 339
47 367
48 127
48 936
49 679
49 788
49 798
50 437
50 685
50 792
51 233
51 573
51 601
52 251
52 443
52 713
52 730
52 936
53 152
53 391
53 573
53 594
53 697
54 196
54 691
54 987
55 330
55 588
56 59
57 322
57 348
57 564
58 187
58 659
59 237
59 341
59 809
59 936
60 559
60 777
61 227
61 393
61 456
61 909
61 967
62 272
62 392
62 503
63 161
63 270
63 707
63 920
64 584
65 402
65 870
66 272
67 90
67 647
67 691
67 951
68 115
68 970
70 323
70 387
70 402
70 955
70 997
71 760
71 795
72 222
72 433
72 512
72 602
73 145
73 178
73 210
73 563
73 799
74 409
75 271
75 334
75 598
76 428
76 455
76 620
77 557
77 576
77 713
78 673
78 830
79 458
79 466
79 577
79 805
80 789
81 175
81 829
82 157
82 975
83 297
83 688
84 249
84 559
85 214
85 785
85 917
86 373
86 727
86 835
86 904
87 592
87 749
87 971
87 993
88 412
88 822
88 904
89 219
89 275
89 444
90 225
90 588
90 716
90 749
90 799
91 445
91 902
92 107
92 208
92 352
93 116
93 614
94 113
94 322
94 669
95 212
95 654
96 573
96 792
96 976
96 980
97 501
97 726
97 747
98 664
99 318
99 410
99 690
99 767
99 933
100 367
100 384
100 708
101 525
101 631
101 659
102 243
102 282
103 361
104 381
104 403
104 506
104 706
105 255
105 366
105 609
105 711
106 222
106 375
106 451
106 509
106 860
107 483
107 767
108 906
109 198
109 908
110 615
110 755
110 886
111 816
111 960
112 288
112 893
113 120
113 142
113 920
114 265
114 339
114 348
115 258
115 638
116 335
116 436
117 591
117 890
118 773
119 230
119 522
119 801
120 130
120 137
120 477
120 480
120 748
121 355
121 863
122 676
123 816
123 848
123 965
124 697
124 931
124 991
125 776
125 913
125 926
126 263
126 463
127 409
127 590
127 660
128 253
128 342
129 626
129 658
130 203
130 574
131 142
131 451
131 596
131 636
132 401
132 657
133 436
133 625
134 410
134 649
135 275
135 801
136 873
136 947
137 297
137 612
137 715
138 895
139 177
139 695
139 833
140 275
140 532
140 815
141 470
141 485
142 632
143 276
143 464
143 754
143 837
143 897
144 326
144 512
145 418
145 473
145 641
145 787
146 644
146 962
147 327
147 477
147 877
148 459
148 764
149 277
149 575
150 537
150 674
150 698
150 851
150 956
151 430
151 624
152 319
152 798
153 337
153 712
154 509
155 165
155 360
155 565
155 739
156 277
156 299
156 378
156 438
156 619
156 638
157 335
157 620
157 833
158 991
159 304
159 571
159 618
160 278
160 632
160 897
161 553
161 598
162 390
162 723
163 410
163 496
163 643
164 466
164 467
164 991
167 268
167 466
168 264
168 848
168 914
169 511
169 989
171 201
171 663
171 887
171 933
172 265
172 408
172 650
172 679
173 297
174 466
175 303
175 318
175 820
176 377
176 597
177 679
177 763
178 400
178 411
178 871
179 510
179 661
179 780
180 550
181 505
181 521
181 798
182 601
182 727
183 644
184 208
184 266
185 520
186 679
187 319
187 337
187 643
187 740
188 196
188 208
188 420
188 767
189 314
189 495
189 505
189 687
190 603
190 793
190 967
191 221
191 347
191 352
191 631
191 975
192 654
193 735
193 967
194 757
194 864
195 872
196 452
196 824
196 992
197 709
197 745
197 790
198 321
198 922
198 948
199 534
199 780
201 284
201 461
201 693
201 751
201 814
201 898
203 250
203 555
204 244
204 349
204 537
205 208
206 301
206 558
206 597
206 821
206 946
207 371
207 572
209 345
209 675
209 802
209 928
211 272
211 316
211 638
211 707
212 966
213 726
214 670
214 693
216 257
216 828
216 896
217 795
218 612
218 710
219 855
220 579
220 802
220 989
221 366
221 426
221 699
222 644
222 820
223 392
223 549
223 685
224 503
224 973
225 474
225 545
225 595
226 919
227 462
227 507
228 324
228 669
228 671
228 846
228 920
229 436
229 715
229 910
230 617
230 884
231 279
231 502
231 591
232 298
232 331
232 680
233 240
233 393
233 602
233 962
234 474
235 300
235 480
236 322
236 734
237 602
237 665
238 255
238 472
238 546
238 915
239 337
239 783
240 856
240 929
241 248
241 261
242 501
243 696
244 592
245 341
245 452
245 471
245 631
245 966
245 972
246 501
246 788
247 260
248 575
248 803
249 347
249 490
249 806
250 269
250 853
251 466
251 516
252 549
253 518
253 609
253 693
253 720
254 374
255 425
255 976
256 479
256 665
257 613
257 768
258 482
258 542
258 901
259 381
259 388
259 476
260 862
260 878
261 364
261 706
261 853
261 899
261 900
262 642
262 871
263 344
263 830
264 432
265 427
265 706
265 709
267 302
267 524
267 562
267 924
268 529
268 829
268 889
269 567
271 329
271 941
272 609
273 628
273 885
274 355
274 492
274 912
277 289
277 338
277 905
278 503
278 782
279 492
279 714
279 843
280 362
280 450
280 625
281 867
282 401
282 787
282 832
283 597
284 959
285 471
285 548
285 793
286 569
286 600
287 563
289 342
289 898
290 569
290 894
291 461
292 997
293 474
293 603
294 407
294 687
294 925
295 367
295 442
295 634
295 663
295 921
296 554
296 566
296 686
297 381
300 368
300 543
300 824
300 933
301 397
301 855
303 435
303 444
303 580
303 662
304 481
305 404
305 687
306 330
306 580
306 983
307 589
307 852
307 912
307 938
308 319
308 413
308 745
309 465
309 490
310 664
310 678
310 820
311 460
311 858
312 360
312 431
312 631
313 520
313 989
314 993
315 429
315 527
316 762
316 974
317 613
317 936
317 948
318 581
318 795
318 935
320 460
320 742
320 744
321 696
322 354
323 488
323 800
323 826
324 483
324 652
324 662
324 844
325 403
325 572
326 487
326 629
327 591
328 421
328 907
329 551
330 333
330 887
330 904
331 338
331 370
331 912
331 997
332 518
332 878
333 586
333 635
333 778
334 465
335 535
335 845
335 861
336 371
336 466
337 573
337 634
337 728
337 773
337 849
338 383
338 399
338 556
339 923
340 470
340 551
341 533
341 808
342 395
342 423
342 996
343 473
343 820
344 640
344 700
345 727
345 761
346 520
347 672
348 854
350 389
350 589
351 387
351 969
352 393
352 679
353 567
353 784
353 941
353 997
354 414
354 913
355 393
355 745
355 871
355 936
355 946
356 737
356 769
356 809
357 671
357 725
358 735
359 408
359 923
360 855
362 473
363 500
363 562
363 801
363 826
364 732
365 468
365 688
365 840
367 916
369 417
369 448
369 536
369 635
369 981
370 666
370 682
370 873
371 405
371 541
371 576
371 731
372 689
372 843
372 918
373 463
373 628
374 770
374 887
374 972
375 736
376 504
376 633
376 678
377 574
377 876
377 960
378 575
378 874
378 892
379 828
380 696
381 996
382 398
382 493
382 824
383 469
383 835
384 677
385 733
385 748
388 472
388 701
388 798
388 819
390 641
391 414
392 560
392 816
392 905
393 480
393 722
393 726
393 768
394 478
394 596
396 574
396 829
397 848
398 747
398 931
400 639
401 711
402 803
405 803
405 976
406 476
406 737
407 427
407 505
407 733
408 433
408 688
408 827
408 979
409 838
410 575
412 532
413 448
413 465
414 450
414 672
414 796
415 573
416 945
417 657
418 725
418 818
418 822
419 741
419 918
420 933
421 794
421 867
421 873
422 499
422 855
423 605
424 832
424 846
425 574
425 708
425 793
426 458
426 793
427 572
427 656
427 835
428 539
428 558
428 729
429 819
430 781
431 479
432 539
432 584
434 645
434 870
435 790
436 634
436 684
437 632
437 957
438 488
439 621
439 732
440 628
440 908
441 916
442 966
443 749
445 533
445 842
445 862
446 511
446 761
446 815
447 501
447 833
448 605
448 708
448 749
448 942
448 954
449 625
449 961
449 978
451 611
451 619
451 749
452 954
454 574
454 588
454 614
456 539
457 552
457 809
457 914
458 828
459 993
460 640
460 676
460 796
460 811
461 631
461 752
462 782
463 584
463 758
464 582
464 695
465 544
465 874
466 503
466 648
466 701
467 494
467 507
467 654
467 950
468 622
469 778
470 697
471 616
474 592
474 847
479 526
479 615
479 911
479 945
481 586
481 775
482 547
484 587
484 743
484 800
486 953
487 678
488 560
488 982
489 668
489 939
490 621
490 716
491 704
491 834
492 593
493 704
493 784
495 775
496 504
496 715
498 884
499 936
500 683
500 770
501 520
502 683
502 881
502 926
502 984
503 914
505 656
506 528
508 539
508 614
510 915
510 959
511 701
511 911
513 673
513 726
514 538
514 834
515 847
515 866
516 571
517 560
517 569
517 783
518 577
518 868
518 949
519 544
519 946
519 980
520 562
520 637
520 964
522 777
522 863
523 641
524 601
524 752
524 907
525 679
525 700
525 867
526 548
527 886
528 918
529 794
530 831
530 880
530 972
531 565
532 638
534 585
534 628
535 650
536 868
537 541
537 545
537 571
538 584
538 800
538 882
540 647
540 680
540 731
541 669
541 963
542 896
545 891
546 903
547 960
548 648
548 973
549 701
549 862
550 567
552 882
553 598
553 640
554 902
554 905
554 992
555 608
556 678
556 769
557 586
558 794
558 804
558 991
560 631
561 642
561 998
562 863
563 623
563 727
563 992
564 565
564 940
565 765
568 887
569 825
569 928
570 684
570 869
571 638
571 750
571 806
572 690
572 950
573 967
574 713
574 809
575 700
575 994
576 766
576 783
577 774
577 858
578 824
578 868
580 688
581 642
582 697
582 891
582 970
585 630
586 712
588 874
589 748
589 754
589 846
590 681
591 949
592 899
592 979
593 889
594 650
595 661
595 673
596 665
596 692
597 819
598 978
599 702
599 759
599 904
599 908
599 974
600 966
602 949
603 632
603 662
604 863
606 652
608 996
609 851
609 853
609 881
610 636
611 840
612 699
613 973
614 866
614 968
616 890
618 926
619 991
620 871
621 968
622 745
624 911
626 647
626 870
627 769
628 726
628 963
630 636
630 885
630 890
630 953
633 675
633 735
634 807
634 998
636 767
638 665
639 710
641 817
642 996
643 900
643 937
644 786
644 874
644 897
645 859
646 903
646 921
647 855
648 660
648 724
651 953
651 977
653 656
653 731
653 881
654 681
654 714
655 815
655 839
658 964
658 969
658 978
659 693
659 948
660 968
661 882
661 952
662 992
665 789
666 872
666 920
666 992
667 759
668 690
668 715
668 788
668 933
668 962
669 788
669 850
670 790
672 896
676 735
676 920
678 906
678 913
679 759
679 936
681 864
682 795
685 703
687 866
688 784
688 924
689 697
689 986
690 937
691 893
693 725
693 984
694 813
694 829
694 999
696 791
697 756
699 875
699 896
700 711
700 713
701 711
703 815
704 720
704 866
704 905
705 958
706 842
706 843
706 884
706 888
707 710
707 757
708 830
708 992
712 776
712 930
714 944
716 777
716 937
717 727
718 739
719 722
721 921
722 828
724 975
727 986
728 735
728 879
729 794
731 934
733 998
734 795
734 834
735 830
736 968
739 803
744 856
746 830
751 927
752 811
753 880
757 922
758 841
760 899
760 934
760 967
760 989
761 919
764 860
765 888
765 905
768 859
769 886
772 858
773 851
774 943
774 993
775 794
775 928
778 925
778 933
779 822
779 989
781 871
785 908
786 846
786 947
786 953
787 831
789 884
790 866
793 937
794 883
794 887
796 884
796 947
797 815
798 964
799 944
799 982
800 985
804 897
804 973
806 809
806 905
807 978
810 906
812 878
812 933
815 886
823 890
824 965
827 893
828 977
830 862
832 946
833 841
837 945
842 994
847 891
847 979
847 988
848 903
848 967
851 889
857 908
859 917
859 951
862 932
862 977
862 987
863 903
868 926
875 945
877 911
878 966
883 920
886 908
893 951
894 937
896 976
897 946
902 954
909 994
915 963
935 984
941 990
945 995
966 967
972 990
988 998
0
10 999
