1000	1493	 1
0 16
0 617
1 297
1 628
1 717
2 68
2 502
2 529
2 568
3 242
3 939
4 580
4 806
4 815
5 388
5 553
5 635
6 126
7 696
7 697
8 30
8 98
8 338
9 271
9 543
9 824
9 871
10 105
10 550
10 776
11 804
12 107
12 373
12 399
12 950
13 190
13 271
13 356
13 715
14 141
14 210
14 603
14 786
15 330
16 544
16 665
16 740
17 92
17 176
17 205
17 583
18 284
18 573
19 410
20 278
20 735
21 228
21 531
21 758
21 885
22 730
22 733
22 874
23 140
23 169
23 191
24 461
24 481
24 484
24 578
24 823
25 305
25 742
26 608
26 698
26 802
26 947
27 721
28 246
28 571
29 188
31 108
31 554
31 803
31 855
31 956
32 63
33 248
33 381
34 395
34 800
34 819
35 366
36 67
36 241
36 301
36 375
36 876
36 890
37 63
37 297
37 452
37 798
38 290
38 821
38 981
39 683
40 782
40 819
41 127
41 257
41 269
41 308
41 649
42 337
42 388
43 45
43 70
43 75
43 477
43 721
43 766
44 873
44 963
45 397
45 579
45 613
45 932
46 517
46 536
46 616
46 895
46 932
46 940
46 989
47 441
48 78
48 751
48 796
49 628
50 812
51 207
51 646
52 243
52 393
52 399
52 570
52 921
53 155
53 572
53 589
53 666
53 839
54 264
54 676
54 935
55 339
55 584
55 977
55 981
56 740
57 244
58 297
58 490
59 74
59 350
59 771
59 978
60 151
60 877
60 885
61 139
61 144
61 539
61 684
62 117
62 134
62 253
62 285
62 653
62 818
63 109
63 217
63 335
63 868
64 379
64 399
64 948
65 366
65 562
65 935
66 579
67 400
68 99
68 392
68 522
69 283
69 966
70 71
70 125
70 596
71 591
72 222
72 558
72 952
73 249
73 797
74 109
74 220
74 498
75 497
76 119
77 150
77 281
77 572
77 581
77 649
77 828
77 849
79 198
79 420
80 101
80 130
80 400
80 486
80 517
80 619
80 783
80 805
80 840
80 895
80 984
81 659
81 793
81 911
82 491
82 837
83 371
83 562
84 333
84 409
84 826
85 89
85 431
85 652
85 656
85 984
86 296
87 265
87 420
88 709
89 209
90 255
90 520
90 928
91 113
91 475
91 601
91 729
92 356
93 220
93 277
93 640
94 286
94 378
94 641
95 363
95 744
96 166
96 492
96 716
96 751
96 855
97 400
97 544
98 340
98 439
98 856
98 946
99 509
99 741
99 750
100 126
100 485
100 600
100 719
100 727
101 796
101 860
102 129
102 610
103 109
103 837
104 812
105 251
106 139
106 252
106 386
106 418
106 552
107 677
108 150
108 846
108 901
109 132
109 807
110 146
110 203
110 268
110 797
110 953
111 348
111 363
111 610
112 549
112 662
113 776
114 493
114 501
114 666
114 830
115 217
115 316
115 369
115 776
116 365
116 772
117 755
117 796
117 999
118 308
118 926
119 302
119 455
120 287
120 727
120 999
121 147
121 394
121 494
121 698
121 911
122 449
122 702
122 722
123 274
123 985
124 208
124 419
124 926
125 204
125 294
125 887
126 159
126 670
126 929
127 507
128 165
128 904
129 203
129 279
129 376
129 451
130 314
130 430
130 592
130 749
130 835
131 171
131 536
131 723
132 372
133 212
133 588
133 850
134 480
134 641
135 235
136 252
136 436
136 531
136 606
136 872
137 767
138 223
139 248
139 398
139 502
140 725
140 904
141 153
141 852
142 300
142 962
143 369
143 512
143 712
144 567
145 606
146 771
146 847
146 857
147 576
148 460
148 519
148 875
148 925
149 469
149 710
149 920
150 279
150 425
150 476
150 659
150 867
152 367
152 385
152 418
152 638
153 711
153 986
154 159
154 440
154 983
155 348
155 375
156 985
157 574
157 632
158 791
158 891
159 281
159 717
160 929
161 586
161 639
161 834
162 623
162 685
163 244
163 386
163 593
163 771
164 188
164 355
164 830
166 451
166 619
167 257
167 748
168 937
168 940
169 173
169 908
170 327
170 724
170 913
171 418
171 969
172 235
172 371
172 538
173 274
174 546
174 668
174 691
174 695
175 241
175 583
175 749
176 582
176 946
177 275
177 664
177 782
177 787
178 510
178 525
178 625
178 664
178 819
179 479
179 700
179 939
180 464
180 958
181 460
182 648
182 683
182 708
183 507
184 379
185 795
185 859
186 337
186 472
186 785
187 464
187 605
187 811
188 286
188 317
188 677
188 685
189 501
190 299
190 879
191 445
191 791
192 462
192 470
192 737
193 307
193 725
194 676
194 809
194 847
195 554
195 848
196 265
196 593
196 648
196 922
197 260
197 428
197 509
198 597
198 641
199 837
199 855
200 615
200 709
200 728
201 276
201 567
201 691
201 696
201 721
202 911
203 683
204 296
204 595
204 708
204 984
206 485
206 743
207 227
207 279
207 433
207 507
208 537
209 404
209 476
209 712
209 775
210 420
211 226
211 295
211 549
211 563
211 889
211 926
212 367
212 601
212 699
212 945
213 421
213 785
213 791
214 697
215 482
215 653
216 781
216 985
218 492
218 499
219 281
219 359
219 369
219 569
219 674
219 877
220 629
220 840
221 287
221 383
222 444
222 446
222 583
223 553
223 576
224 680
224 741
225 542
227 350
227 413
227 642
228 290
228 380
228 458
229 241
229 355
229 541
229 869
230 437
230 494
230 632
231 364
231 448
231 939
232 256
232 400
232 758
233 543
233 865
234 299
234 870
235 292
235 478
235 576
236 298
236 509
237 358
237 838
238 393
238 614
238 772
239 478
239 982
240 300
240 470
240 506
241 490
241 723
241 783
242 312
242 634
242 792
243 303
243 377
243 918
243 992
244 379
244 629
244 811
244 881
245 747
246 439
246 595
247 712
248 341
249 662
249 751
249 865
250 953
252 267
252 320
252 418
252 759
253 303
253 432
254 710
254 762
255 679
255 986
256 523
257 917
258 517
259 460
259 690
260 515
260 597
260 909
261 604
262 688
262 901
262 950
263 304
263 518
264 467
264 651
264 913
264 975
265 810
265 862
265 987
266 637
267 497
267 801
267 967
268 698
269 822
269 829
270 848
271 502
271 531
271 618
271 964
271 997
272 591
273 898
274 348
274 742
275 620
275 770
275 969
275 988
276 285
277 435
277 539
277 908
278 535
278 785
279 440
279 467
280 400
280 469
280 958
282 304
282 454
282 481
283 513
283 703
283 721
285 326
285 414
285 916
286 558
287 419
287 447
287 685
288 388
289 332
289 734
290 381
290 564
291 637
292 546
292 678
293 832
294 498
294 661
294 967
295 514
295 526
296 388
297 606
297 819
298 319
298 379
298 552
298 898
299 680
299 879
300 339
300 786
300 802
301 351
301 392
301 611
301 643
301 690
301 777
302 375
302 403
302 563
302 899
302 990
303 476
303 629
303 635
304 763
305 840
306 470
306 625
306 836
307 625
307 803
308 321
308 658
309 716
309 720
310 672
310 935
311 769
313 691
314 441
314 586
314 811
315 504
317 772
317 875
318 343
319 448
319 470
319 595
322 434
322 505
322 580
323 381
324 866
324 885
325 417
325 438
325 744
325 896
327 870
328 580
329 509
329 973
330 486
330 671
330 697
331 891
332 408
333 647
334 644
334 666
334 673
335 752
335 769
336 499
337 349
338 415
338 633
339 646
339 792
339 867
341 390
342 777
343 854
343 872
344 635
344 868
345 414
345 422
345 731
346 802
346 925
347 491
347 995
349 379
349 391
349 598
349 620
349 751
349 799
350 413
350 679
351 410
351 715
352 610
353 414
353 629
353 673
354 426
354 741
354 794
355 362
355 447
355 722
356 488
357 415
357 832
357 905
359 409
359 517
359 591
359 679
359 717
360 845
360 876
361 820
361 910
362 956
362 970
363 550
363 921
364 629
364 639
364 740
365 756
366 500
366 638
366 920
367 474
367 979
368 606
368 979
369 683
370 551
370 699
370 885
371 484
371 599
372 611
372 697
373 829
374 558
376 609
376 820
379 558
379 702
379 983
380 489
380 535
380 661
380 737
380 745
381 403
381 557
381 791
381 916
382 551
382 965
383 615
383 834
384 499
384 634
385 623
386 624
386 748
386 840
387 662
387 989
388 696
388 773
389 568
389 739
389 891
390 764
390 817
391 585
392 764
392 793
394 933
394 955
395 816
395 949
396 466
397 568
397 903
398 613
399 556
399 724
399 878
400 410
400 713
400 854
400 993
401 436
401 547
402 719
402 731
403 630
404 476
404 540
405 533
405 577
405 982
406 629
407 673
410 634
411 435
412 538
413 636
413 839
413 879
414 643
416 716
416 769
417 663
418 610
419 595
420 435
420 915
421 600
421 750
421 916
422 440
422 584
422 841
422 936
423 445
423 943
424 468
425 682
427 913
428 527
428 623
428 773
428 877
429 992
430 530
433 625
433 821
434 530
436 767
436 858
437 571
438 567
438 706
438 804
439 923
439 931
440 465
440 469
441 584
441 838
442 452
442 941
443 872
444 630
446 471
446 920
447 722
449 907
450 519
450 728
451 700
451 962
452 565
453 662
454 868
455 554
455 975
456 543
456 825
457 570
457 906
458 490
458 669
458 865
459 655
460 805
461 580
461 976
462 630
463 576
463 632
465 739
465 775
466 689
467 650
467 788
468 721
468 815
469 669
469 718
469 756
470 787
470 815
470 942
472 606
472 633
472 764
473 721
473 912
474 733
475 558
479 811
479 898
481 852
482 583
482 770
482 858
483 921
484 541
485 518
485 526
486 885
487 829
487 855
490 787
490 861
491 644
492 780
492 994
493 571
493 765
494 504
494 970
495 564
496 750
496 780
496 856
497 676
497 985
497 989
499 650
500 701
500 873
502 514
503 663
503 860
504 725
504 827
505 577
505 703
507 647
507 790
507 808
507 889
508 669
508 874
508 903
509 708
511 787
511 831
512 844
513 878
513 928
514 543
514 634
515 977
516 720
516 749
518 856
519 912
521 585
523 639
524 840
526 952
527 861
528 531
528 727
528 745
529 550
529 748
530 697
530 767
531 640
532 671
533 680
533 718
534 563
534 568
534 887
536 693
537 763
538 975
539 763
540 695
540 818
541 891
541 960
542 757
542 868
543 567
544 630
545 917
548 714
548 779
548 876
549 635
549 678
549 732
550 940
551 692
551 861
552 556
552 601
553 597
554 776
554 962
555 931
556 875
559 789
559 794
559 827
560 652
560 775
561 708
561 710
562 915
564 864
564 882
565 808
565 944
566 913
569 726
571 919
573 805
573 868
573 927
573 958
574 692
574 769
574 844
575 587
575 622
575 661
576 614
576 881
576 984
578 851
578 984
580 628
580 784
581 737
582 760
583 688
584 741
584 824
585 651
586 962
586 974
588 598
588 645
588 741
589 635
590 956
591 637
591 914
592 892
592 912
593 718
593 733
593 850
593 859
594 647
594 981
595 602
595 615
595 759
598 999
599 707
599 903
601 884
602 759
602 951
603 632
603 952
604 714
605 685
605 700
605 753
605 967
606 860
607 826
608 664
608 833
610 621
610 654
612 765
613 828
613 923
615 636
615 734
616 906
617 731
618 672
618 701
619 954
621 647
621 790
621 990
622 702
622 746
623 889
624 852
625 705
625 767
626 737
626 863
627 659
627 845
628 689
628 763
628 885
628 888
629 724
629 848
629 867
630 710
630 980
631 681
631 984
632 803
632 929
633 725
635 922
635 990
636 779
637 843
637 991
638 733
639 676
640 834
644 983
645 952
647 813
648 922
649 885
650 658
650 865
650 895
650 973
651 807
651 961
651 994
652 859
652 901
655 711
655 806
655 958
657 751
660 777
661 693
661 999
663 764
664 675
667 681
668 678
668 876
670 722
670 798
670 966
671 729
672 853
672 880
674 826
675 741
676 818
676 974
677 963
678 686
679 863
679 951
681 880
682 719
683 889
683 963
684 735
684 812
685 693
685 938
686 922
687 706
687 708
687 877
688 772
689 714
690 717
690 963
690 969
692 724
694 713
694 934
697 842
698 773
700 731
702 862
704 723
704 754
705 744
706 796
708 897
709 718
710 996
711 732
711 743
711 877
713 983
714 769
714 795
715 801
717 913
719 835
719 983
720 923
725 936
726 919
726 967
728 966
732 979
735 901
735 967
736 905
737 812
738 784
738 953
740 888
743 957
745 754
746 859
746 869
747 881
747 889
748 888
748 930
750 959
753 765
753 778
754 966
755 762
756 827
759 845
759 955
759 990
760 983
761 918
761 979
762 937
763 943
764 924
765 807
768 803
768 944
769 989
770 776
770 938
771 787
771 940
774 814
774 817
776 845
777 814
778 941
783 813
783 856
783 948
784 973
787 812
787 821
789 816
789 869
790 943
791 816
791 990
793 870
793 951
793 995
798 976
801 988
801 998
802 938
804 881
804 890
804 928
806 904
807 850
807 887
808 944
813 818
814 902
815 934
816 849
816 873
817 892
818 836
818 951
820 869
820 871
829 889
831 886
831 890
833 899
835 872
838 905
841 857
841 985
848 900
853 938
862 911
862 973
869 927
879 905
879 966
880 945
882 972
883 963
886 928
893 992
894 964
895 933
901 975
902 916
903 926
904 924
910 938
911 964
911 974
914 984
916 954
917 966
918 998
926 994
927 971
930 982
945 968
955 986
965 995
0
10 999
