1000	1463	 1
0 108
0 298
0 539
0 815
0 868
1 127
2 394
2 688
3 473
4 61
4 225
4 536
4 579
4 751
5 51
5 248
5 562
5 681
6 152
6 382
6 599
6 815
6 859
6 940
7 235
7 866
8 330
8 363
8 615
8 659
8 889
9 214
9 467
9 895
10 417
10 509
10 536
10 668
10 671
11 254
11 260
11 620
12 549
12 922
13 151
13 258
13 296
13 420
13 762
14 327
14 408
14 586
14 633
15 245
15 276
16 464
16 832
16 945
17 69
17 871
18 268
18 286
18 299
18 324
18 807
19 281
19 845
19 958
20 139
20 870
21 47
21 89
21 132
21 592
21 707
21 727
21 839
22 154
22 711
23 36
23 84
23 168
23 248
23 312
23 654
23 958
23 971
24 217
24 274
24 506
25 980
26 441
26 655
27 370
27 887
28 163
28 247
28 714
28 921
28 954
29 146
29 725
29 834
30 307
30 340
30 342
31 331
31 531
32 149
32 814
32 933
33 341
33 999
34 518
34 585
34 984
35 488
35 789
36 75
36 603
36 701
37 904
38 46
38 537
38 648
39 45
39 158
39 189
39 832
40 646
41 177
41 680
42 58
42 123
42 374
42 737
43 280
43 305
43 977
44 522
44 573
44 699
45 848
48 96
48 200
48 338
48 389
48 625
48 862
49 456
49 753
50 437
50 552
50 936
51 140
51 286
51 430
51 622
51 796
51 984
52 98
52 442
53 67
53 110
53 272
53 778
54 135
54 519
54 542
54 748
55 180
55 484
55 612
55 648
55 748
56 283
56 476
56 510
56 525
57 66
57 236
57 545
57 554
58 115
58 565
59 335
60 194
60 729
60 853
61 517
61 882
62 577
62 698
62 842
62 959
63 352
63 620
64 959
65 336
65 601
66 295
66 684
67 888
68 234
68 236
69 128
69 504
69 729
69 761
70 77
70 402
70 718
71 292
71 508
72 561
72 860
72 942
73 102
73 275
73 842
74 83
74 624
74 689
75 122
75 519
75 827
76 134
76 962
77 749
77 775
78 232
79 537
79 855
80 369
81 139
81 336
81 392
81 646
81 787
81 839
81 840
81 937
82 142
82 552
82 832
83 190
83 210
83 365
83 544
83 700
83 703
83 864
84 753
84 810
85 172
85 349
86 331
86 515
87 99
87 429
87 598
88 377
88 702
89 501
90 203
90 305
90 752
90 779
91 424
91 450
91 453
91 503
91 637
91 684
91 753
92 277
92 682
92 857
93 216
93 920
93 953
94 417
94 514
95 541
95 702
95 898
96 382
97 230
97 293
97 425
97 863
98 282
98 335
99 631
100 264
100 815
101 992
102 119
102 452
102 518
102 562
102 615
102 957
103 684
103 964
104 453
104 763
104 927
105 497
105 676
106 353
106 404
107 238
107 997
108 170
108 429
108 788
108 969
109 681
110 833
111 923
111 973
112 280
112 586
112 830
112 862
112 921
113 559
113 754
113 873
113 961
114 401
114 627
115 286
115 913
116 494
116 931
117 378
117 773
118 372
118 554
118 761
119 530
119 809
120 216
120 300
120 786
121 646
122 989
123 497
123 551
123 673
123 852
123 969
124 158
124 614
124 897
125 422
125 639
126 444
126 698
127 290
128 678
128 969
129 269
130 161
130 267
130 366
130 460
130 635
130 795
131 505
131 932
132 336
132 401
132 561
132 770
133 276
133 498
133 965
134 230
134 262
134 672
134 728
134 743
134 980
135 946
136 425
136 500
136 583
136 640
136 855
136 879
137 191
137 214
138 181
138 308
138 445
139 653
141 229
141 422
141 941
142 365
142 603
143 183
143 325
143 347
144 219
144 338
144 522
145 297
145 302
145 408
145 591
145 850
146 346
146 540
147 383
147 746
148 397
148 558
148 574
148 942
148 945
149 572
149 975
150 536
150 984
151 375
151 511
151 623
151 850
152 635
152 821
153 559
153 840
153 858
154 462
154 783
154 929
155 201
156 217
156 618
157 340
157 620
158 614
159 207
159 794
160 660
160 865
161 239
161 461
162 323
162 420
163 665
163 984
163 989
164 747
164 935
165 425
165 590
165 913
166 554
166 814
167 457
167 614
168 258
168 858
169 873
169 892
169 906
170 537
170 726
170 827
170 930
171 673
171 829
171 830
172 187
172 261
172 347
172 404
172 644
173 619
173 775
174 213
174 902
175 818
175 934
176 869
176 976
177 619
177 771
178 726
178 850
179 704
180 317
180 662
180 785
180 807
181 351
181 684
181 695
182 410
182 647
182 852
183 247
183 355
184 770
185 513
185 674
186 315
187 847
188 197
188 260
188 337
190 820
190 890
191 275
191 942
192 582
193 483
193 503
194 288
194 776
195 754
196 675
198 319
198 676
199 511
199 708
199 711
199 961
200 585
200 998
201 236
201 662
202 373
203 578
203 594
204 473
204 542
205 410
205 994
206 486
206 950
207 387
208 336
209 395
209 540
209 948
211 479
211 496
211 666
211 845
211 942
211 969
212 249
212 478
212 542
213 655
213 914
213 962
214 699
215 688
215 965
216 333
216 339
217 495
217 708
217 768
218 295
219 292
219 440
219 673
220 640
220 798
220 952
221 579
221 906
221 917
221 949
222 378
222 841
223 451
223 573
224 450
224 909
225 297
225 573
225 622
225 811
225 937
226 803
226 938
227 619
228 636
228 867
229 461
229 692
231 335
231 428
231 519
231 656
231 688
232 856
232 985
233 552
233 671
233 814
234 425
234 911
236 335
236 683
236 768
236 856
236 998
237 517
237 525
238 343
238 527
238 724
238 901
239 811
240 327
240 876
241 319
241 441
241 691
242 424
243 354
243 791
244 829
244 959
245 291
245 720
246 351
246 732
246 804
247 903
248 261
248 289
249 518
249 833
249 866
250 547
250 763
250 780
251 364
251 450
251 624
251 941
252 302
252 559
252 847
252 919
253 514
253 614
254 732
254 962
255 560
255 713
255 716
255 874
256 928
257 301
257 368
257 471
257 621
257 777
258 468
259 354
259 380
259 658
259 700
260 452
261 759
262 284
262 639
262 939
262 955
263 390
263 533
263 774
263 849
263 907
264 440
264 614
265 387
265 686
265 704
265 819
266 400
266 445
266 535
267 702
268 309
268 422
269 705
269 766
270 284
270 350
270 363
270 811
270 866
271 553
271 587
272 370
272 757
273 614
273 843
273 995
274 599
275 813
276 817
276 866
277 447
277 639
277 833
278 728
278 844
279 710
279 744
280 603
281 531
282 391
282 448
283 359
283 915
283 972
284 420
284 746
285 840
286 419
287 653
287 812
288 400
288 496
288 805
289 794
289 814
289 933
290 694
291 475
293 934
294 725
295 381
295 822
296 455
296 886
298 861
298 868
299 407
299 608
300 674
302 600
303 527
304 318
304 448
305 709
306 421
306 942
307 892
308 563
308 591
308 674
309 774
309 913
310 735
311 328
312 603
313 462
313 472
313 633
314 600
314 620
314 869
315 724
315 838
316 857
317 431
317 657
318 472
318 851
319 812
320 349
320 353
321 495
321 506
321 784
321 855
322 770
322 954
323 489
323 557
324 934
325 917
325 926
326 449
326 814
327 819
327 889
328 379
328 676
328 889
329 538
329 765
330 446
330 800
331 677
331 829
332 685
332 949
333 932
334 823
337 464
337 510
339 507
339 572
339 943
340 686
341 375
341 428
341 688
342 475
342 651
343 744
344 791
345 441
345 894
345 896
345 956
346 366
346 889
348 499
348 970
349 632
349 751
349 771
350 449
350 508
350 720
350 799
352 998
355 412
355 477
355 511
356 770
356 779
357 736
357 812
358 996
359 360
359 921
360 494
361 462
361 924
362 464
362 621
365 397
365 683
366 662
366 863
367 811
367 818
368 417
368 916
369 813
370 704
370 926
370 935
371 484
371 807
372 478
372 522
372 566
372 605
372 636
373 603
373 734
374 504
374 623
375 932
376 659
376 834
376 914
377 694
377 722
378 527
378 990
379 563
379 570
379 718
381 437
381 566
382 733
383 670
383 746
383 831
384 418
384 781
384 837
385 834
386 678
387 693
387 986
388 818
388 917
389 862
389 896
390 858
391 454
391 774
391 828
392 949
393 853
394 428
394 791
394 954
394 993
395 915
396 676
396 692
396 925
397 669
398 445
398 651
398 690
399 601
400 583
400 752
400 759
400 835
400 941
401 414
401 467
401 996
402 461
402 489
402 976
403 585
403 600
403 841
405 617
405 637
405 982
406 786
407 699
407 702
408 691
409 509
409 852
411 657
411 718
412 846
413 718
414 422
415 534
415 791
415 844
416 592
416 681
416 803
416 852
418 528
418 583
418 899
419 427
419 812
419 813
419 898
420 673
420 701
420 869
421 942
422 948
423 677
423 768
423 865
423 951
423 975
424 534
424 824
424 850
425 439
425 942
426 491
426 776
426 972
427 434
427 741
427 862
428 747
429 499
429 638
429 824
429 839
430 715
432 606
433 715
434 855
435 952
436 634
436 831
436 931
438 492
439 764
440 571
440 645
440 683
440 872
440 896
440 970
440 991
441 494
441 897
442 879
443 916
444 770
444 955
446 590
446 740
446 802
447 744
448 716
449 582
450 947
451 493
452 628
452 808
454 773
454 807
454 901
455 462
455 881
456 606
457 549
457 680
457 772
458 707
458 797
459 636
461 474
463 473
463 605
463 957
464 838
465 773
465 816
465 949
466 511
467 708
467 722
468 558
468 619
469 601
469 653
470 707
470 721
471 526
471 643
471 927
473 758
474 810
475 739
475 856
476 713
477 617
477 853
477 886
478 498
478 813
478 837
479 905
480 525
481 918
482 738
482 883
483 516
483 682
484 540
484 775
485 590
485 779
485 930
486 857
486 919
486 982
487 738
487 835
488 690
488 824
488 903
489 712
489 723
490 785
491 524
492 789
493 736
493 988
494 682
494 975
495 540
496 905
497 807
498 505
499 663
500 922
501 568
501 950
501 976
502 879
504 719
504 867
505 642
505 753
506 605
507 687
508 708
509 739
510 769
510 957
512 532
512 612
512 664
513 525
513 634
513 790
513 920
513 953
515 594
515 660
517 779
517 921
518 637
518 735
519 672
520 599
521 941
522 717
522 740
523 543
523 953
525 728
526 886
528 878
528 937
529 566
531 555
532 804
532 866
532 960
535 610
535 771
538 997
540 559
540 620
541 968
542 756
542 887
543 609
543 693
545 574
545 586
545 964
546 648
546 803
547 969
548 605
548 806
548 994
549 645
549 774
550 623
550 765
550 990
553 640
553 890
554 745
555 666
555 967
556 675
556 964
556 995
557 563
557 564
558 868
558 922
560 816
560 954
562 598
562 601
562 770
562 966
563 787
565 705
565 866
565 882
566 646
566 719
567 588
567 874
568 822
568 935
569 584
569 808
570 697
575 668
576 795
577 826
578 614
579 938
580 900
581 940
582 592
582 721
582 900
585 642
585 778
585 904
586 772
586 809
586 889
586 910
586 980
587 761
588 845
588 995
589 886
590 957
592 814
593 860
593 901
593 902
595 646
595 715
595 759
595 985
596 608
596 755
597 752
597 865
598 858
598 978
600 717
601 985
602 704
602 781
602 848
604 842
606 900
607 650
608 998
610 670
610 986
611 985
613 705
613 948
616 650
617 627
617 692
619 912
621 849
623 999
625 817
626 704
626 907
627 696
628 661
629 858
630 634
632 994
638 987
639 715
639 851
640 815
641 761
641 804
642 811
644 842
645 778
646 811
647 728
648 924
649 693
649 904
650 824
650 884
651 794
652 655
652 714
653 908
653 975
654 672
654 687
655 954
657 730
658 766
659 879
660 725
660 917
661 700
661 715
661 737
661 777
662 928
664 683
664 717
666 770
667 808
667 960
668 907
668 975
669 798
669 800
671 937
673 827
673 889
675 836
676 845
678 826
678 964
679 720
680 826
680 965
681 753
681 942
682 698
683 960
684 696
684 773
684 872
685 724
686 844
686 847
687 873
688 760
688 766
689 838
691 738
691 954
692 789
693 750
695 887
695 911
696 749
697 927
698 793
699 718
699 731
701 979
702 870
704 792
704 878
706 892
708 854
708 865
708 915
709 902
711 932
712 794
712 943
712 954
713 825
713 838
722 791
723 745
723 946
724 776
725 874
725 973
729 952
730 938
733 739
734 933
734 988
735 765
736 863
739 753
742 757
744 854
748 774
749 845
755 761
757 899
757 913
762 840
762 959
764 938
767 791
767 877
769 850
769 934
774 858
775 982
776 956
781 785
781 857
782 860
786 979
791 978
791 992
795 951
795 969
796 976
797 826
797 968
798 949
801 862
801 941
808 884
810 885
812 929
813 877
815 884
815 960
821 977
823 841
823 922
825 859
827 892
829 913
829 970
832 975
842 873
842 947
843 972
844 883
846 968
850 899
852 946
863 966
864 913
865 880
865 886
867 932
873 928
875 893
875 929
879 967
883 951
886 888
886 952
888 922
890 897
890 963
891 996
894 981
901 946
905 916
908 983
912 949
913 918
914 954
936 943
937 974
940 966
943 959
944 964
945 996
947 966
978 993
978 994
0
10 999
