1000	1494	 1
0 257
1 99
1 240
1 843
1 954
2 354
2 419
2 589
3 30
3 356
3 451
3 750
4 345
4 387
4 826
5 124
5 148
5 638
5 749
6 142
6 476
6 841
6 897
7 435
7 797
8 57
8 282
8 685
8 751
9 37
9 61
9 183
9 244
9 415
9 524
9 806
10 396
10 529
11 147
11 189
11 200
11 317
11 609
12 697
12 700
12 859
12 954
13 205
13 231
13 381
13 411
13 747
14 128
14 495
14 644
14 999
15 39
15 97
15 195
15 338
16 772
16 786
17 436
18 542
18 865
19 104
19 421
20 307
20 815
21 57
21 410
21 710
21 778
22 91
22 151
22 463
23 503
23 509
23 536
24 906
24 959
25 215
25 463
26 319
26 502
26 635
26 769
26 896
27 173
27 174
27 334
27 938
28 82
28 153
28 207
28 382
28 388
29 707
30 422
31 778
31 972
32 94
32 538
32 613
33 464
33 939
33 998
34 59
34 538
34 694
35 446
35 542
35 806
36 389
36 486
36 793
38 60
38 171
38 603
38 975
39 268
39 646
39 828
40 172
40 213
40 352
40 505
40 550
41 405
41 611
42 192
42 231
42 404
42 873
43 830
43 924
44 99
44 353
45 468
45 753
45 803
46 138
46 378
46 403
46 523
46 637
47 464
47 651
47 812
48 103
49 129
49 174
49 404
49 758
50 381
50 595
50 683
51 61
51 261
51 271
51 327
51 683
51 718
51 946
52 150
52 300
53 210
53 480
53 525
54 168
54 380
55 565
56 110
57 64
57 209
57 278
57 796
58 365
59 284
59 308
59 613
60 248
60 512
61 417
61 505
62 107
62 230
62 466
62 536
62 554
62 627
62 773
62 795
62 914
63 460
63 729
63 770
64 80
64 677
64 920
65 397
65 565
65 773
65 789
65 866
66 302
66 341
66 888
66 987
67 124
68 109
68 376
69 391
69 820
69 930
70 107
70 428
70 861
70 949
71 409
71 531
71 892
72 337
73 621
73 670
74 112
75 218
75 828
76 904
77 368
77 626
77 777
78 121
79 236
79 798
80 246
80 671
81 564
82 435
83 241
84 301
85 88
85 345
85 639
86 336
86 613
87 536
88 158
89 771
89 781
90 745
90 818
90 956
91 586
91 661
91 811
92 231
92 611
92 804
92 884
93 193
93 445
93 532
93 695
94 606
94 796
95 426
95 855
96 109
96 114
96 158
96 187
96 880
98 798
99 256
99 434
100 113
101 202
101 249
101 659
101 669
102 271
103 391
104 537
104 727
104 851
105 357
105 759
105 882
106 219
106 455
107 779
108 234
108 339
108 444
110 133
110 331
110 340
110 527
110 586
111 368
111 523
111 544
112 143
112 598
113 320
114 628
115 235
115 795
116 255
116 421
116 893
117 252
117 537
117 614
118 119
118 200
119 432
120 387
120 760
121 528
121 882
121 998
122 772
122 882
123 182
124 304
124 756
124 909
125 444
125 709
125 840
126 283
126 579
126 802
126 972
127 629
128 560
128 818
128 963
129 217
129 837
130 679
130 808
130 921
131 242
131 517
131 566
131 686
132 211
132 599
133 315
133 367
134 228
134 477
134 902
135 424
135 450
135 809
136 137
136 599
136 736
137 383
137 714
137 725
137 838
138 191
139 205
139 862
139 882
140 388
140 798
141 146
141 750
142 187
142 932
143 994
144 700
145 161
145 970
145 984
146 285
146 394
147 557
148 285
148 540
148 741
149 326
149 352
149 451
150 213
150 918
151 254
151 775
151 858
152 220
152 295
152 379
152 600
152 687
153 469
154 771
154 794
154 957
155 698
155 761
155 912
156 213
156 274
156 408
157 189
157 272
158 201
158 369
158 394
159 795
160 292
160 917
162 189
162 557
162 899
163 281
163 313
163 349
163 412
163 437
163 620
163 661
164 521
164 542
165 668
166 358
166 441
166 777
167 604
167 681
168 270
168 294
168 610
169 291
169 334
169 802
170 366
170 527
170 756
170 792
171 208
171 269
171 311
171 626
171 970
172 544
173 269
174 736
174 946
175 595
175 953
176 215
176 924
176 954
177 964
178 313
178 676
178 952
179 514
179 793
180 830
181 216
181 283
181 357
181 991
182 450
182 464
182 508
183 245
183 764
184 392
184 694
185 402
186 293
187 838
187 847
188 280
188 992
189 194
189 257
189 498
189 877
190 343
190 348
190 717
190 797
191 293
191 387
192 298
192 916
193 607
193 676
193 680
194 870
195 293
195 413
195 746
196 337
196 484
196 488
197 205
197 826
198 277
198 422
198 428
198 512
198 688
199 281
199 334
199 399
199 629
199 976
200 492
202 454
202 575
202 914
203 847
204 227
204 260
204 450
204 687
204 847
205 233
205 251
205 457
205 519
205 633
205 710
206 223
206 258
208 573
209 408
209 739
209 905
210 248
210 445
210 910
211 461
211 486
211 503
211 663
212 405
212 454
212 920
213 291
214 305
214 439
214 581
214 650
215 429
216 482
216 768
217 363
217 534
217 645
217 813
218 223
218 302
218 943
219 555
219 615
220 563
220 937
220 946
220 961
221 522
222 654
222 697
223 355
223 550
223 612
223 837
224 500
224 520
224 937
225 257
225 517
225 541
226 441
226 545
229 625
229 720
230 435
230 444
230 498
230 512
230 618
230 765
230 782
231 329
231 729
232 362
232 529
232 887
233 320
233 562
233 637
235 452
235 670
235 730
236 392
236 626
236 684
237 297
237 757
238 546
238 639
239 347
239 357
240 743
240 871
241 416
241 825
242 264
242 479
242 506
242 673
242 823
242 954
243 343
243 592
243 685
244 256
244 308
244 576
244 716
244 765
245 372
245 953
245 967
246 601
246 932
247 833
247 897
248 522
248 716
249 609
249 872
250 929
251 266
251 301
251 413
252 743
253 385
254 945
255 708
257 596
257 690
257 709
257 776
257 834
258 644
259 402
259 798
260 280
260 564
261 513
261 594
262 339
263 498
263 791
264 908
264 936
265 666
266 949
267 704
267 872
268 556
268 663
269 585
269 654
269 786
271 734
271 924
272 803
272 850
273 574
273 704
275 648
275 734
276 387
276 754
276 781
277 560
277 572
277 574
277 630
277 660
277 727
278 470
278 494
278 507
278 583
278 602
278 672
279 435
279 607
279 837
280 335
280 474
281 853
282 531
282 966
283 575
283 849
283 922
284 509
284 805
285 955
286 750
286 940
287 472
287 963
288 382
288 616
289 306
289 701
289 887
290 468
290 540
290 770
290 836
291 770
292 323
292 335
293 336
293 525
294 497
294 827
296 486
296 526
297 624
298 529
299 313
299 330
300 947
301 459
303 471
303 719
304 883
305 684
305 852
306 892
307 511
307 839
307 858
307 944
307 958
308 972
309 698
309 890
309 976
310 487
310 575
310 767
310 999
311 423
311 607
312 601
312 649
313 675
314 418
315 329
315 643
315 863
316 493
317 927
318 319
318 440
318 467
319 567
320 360
320 726
320 735
320 759
320 831
320 880
321 971
322 465
322 681
322 894
323 503
324 368
324 447
324 579
324 594
324 668
324 981
325 585
326 399
326 538
326 860
326 965
327 559
327 708
328 332
328 361
328 559
328 662
329 817
329 848
329 923
330 675
331 930
331 998
332 359
332 904
332 947
333 338
333 426
333 485
333 523
333 585
333 682
334 404
334 541
334 705
334 706
335 525
336 951
337 760
337 848
338 791
338 949
339 371
339 464
340 503
340 610
340 625
341 579
342 402
342 631
343 631
343 757
343 808
343 896
344 752
345 702
346 646
348 458
348 658
348 675
348 859
349 431
349 859
350 706
350 771
351 610
351 980
352 708
353 412
353 590
353 958
355 464
356 482
356 680
357 981
358 535
358 829
358 860
359 370
360 633
360 643
361 468
361 919
362 489
363 405
363 624
364 413
365 464
366 436
367 559
368 463
368 846
369 646
369 732
370 545
370 657
370 755
371 400
371 510
371 833
371 889
371 972
372 494
373 722
374 474
374 509
374 841
375 559
375 804
376 699
376 778
377 406
377 670
377 965
378 527
378 964
379 621
380 636
381 391
381 435
381 894
381 987
382 704
382 740
384 789
384 989
385 388
385 401
385 440
386 762
386 812
387 891
387 993
388 844
389 699
389 970
390 736
391 434
391 751
393 446
393 747
394 775
394 895
395 669
396 696
396 862
397 421
397 483
398 465
399 466
399 579
400 533
401 459
401 601
403 571
404 694
405 737
407 702
407 993
408 558
408 569
408 749
408 813
409 415
409 975
410 874
410 903
411 509
411 585
411 819
411 922
413 457
413 685
413 784
413 851
414 772
415 541
416 828
416 948
417 452
417 523
418 545
418 846
419 426
419 634
419 676
419 743
419 982
420 469
421 493
421 841
422 592
422 749
422 836
424 847
425 488
427 534
427 546
427 738
427 768
427 780
427 804
428 706
428 803
429 461
430 880
430 923
430 962
431 437
431 921
432 478
433 863
435 459
435 474
435 501
435 595
435 887
436 499
436 537
436 969
437 559
437 939
437 974
438 618
438 631
439 579
439 737
439 976
440 949
442 995
443 563
444 525
444 742
445 690
445 926
446 798
448 555
449 483
449 598
451 612
451 839
451 863
452 898
453 602
453 895
455 641
455 795
456 789
456 991
459 627
461 815
461 984
462 595
465 746
466 666
467 698
467 983
468 497
468 596
469 484
469 722
469 883
469 957
470 691
471 947
472 535
472 551
473 496
473 535
473 798
474 665
475 696
476 596
477 630
478 728
478 786
478 848
479 488
480 785
480 954
481 780
481 782
481 838
482 592
484 861
485 605
485 633
485 991
486 737
488 682
489 520
489 751
490 718
490 828
491 757
491 784
492 843
492 987
493 524
495 808
495 899
496 832
498 826
498 957
499 649
500 668
500 802
501 554
502 709
502 789
502 855
503 649
503 792
503 912
503 939
504 798
504 814
507 778
508 767
508 911
509 821
510 512
510 582
511 662
511 752
512 732
513 711
513 815
514 556
514 641
515 615
516 525
516 648
516 752
517 540
518 741
518 779
518 962
519 553
519 995
520 582
520 584
520 608
520 860
521 550
521 729
522 642
522 748
523 836
525 672
525 820
526 621
526 805
528 839
530 604
530 828
530 972
531 868
533 763
535 723
535 738
535 831
536 549
536 641
536 783
536 991
537 639
538 619
538 752
538 887
539 640
539 847
540 661
540 760
540 986
541 600
542 960
543 648
543 781
543 783
545 807
547 813
547 940
548 584
548 725
550 763
552 640
553 699
553 864
554 611
554 968
555 707
555 765
556 774
559 741
560 985
561 593
563 691
565 651
566 935
567 769
567 931
568 986
569 730
570 751
570 960
570 972
571 694
571 960
572 581
572 703
573 757
573 976
575 879
575 994
577 826
577 900
578 632
578 987
579 678
580 658
580 692
581 791
581 990
582 704
583 630
586 907
587 714
587 903
587 936
588 704
589 836
590 727
591 661
591 816
592 731
592 739
593 618
593 630
593 754
594 868
595 827
595 897
596 993
597 602
597 835
598 846
598 887
600 627
601 986
602 650
603 988
604 870
605 896
607 720
607 874
608 630
608 896
611 927
611 967
612 796
613 910
613 937
614 719
614 801
615 767
616 655
616 854
617 828
618 662
618 722
618 758
618 904
619 950
620 880
621 940
622 695
623 665
624 664
625 670
625 901
625 910
627 674
628 799
630 857
632 864
634 810
634 901
635 708
635 912
636 680
636 951
637 836
639 938
641 905
642 787
642 886
644 828
645 970
647 689
648 925
649 738
649 754
651 804
652 815
652 934
653 739
653 939
654 725
654 842
656 702
658 979
660 903
662 882
662 954
663 937
664 781
665 698
666 673
666 742
667 811
667 888
668 696
668 862
671 752
671 845
672 846
673 674
673 800
674 745
674 840
676 930
677 848
679 693
679 917
680 723
680 824
681 764
683 766
683 804
685 806
687 853
687 998
688 975
689 901
691 987
693 759
694 914
695 886
695 917
695 949
697 739
697 855
697 974
699 975
700 741
702 988
703 987
704 712
704 760
704 859
705 742
706 946
707 946
708 987
710 721
710 973
713 752
714 900
715 762
715 905
715 996
717 744
719 736
720 955
720 962
721 956
723 800
723 957
724 745
724 901
724 961
726 775
726 969
727 878
729 891
729 933
730 911
732 975
733 799
734 764
736 834
736 864
742 850
744 957
744 960
746 905
752 997
755 935
758 836
760 964
761 944
761 958
762 777
763 813
766 788
766 835
768 933
768 973
769 971
769 977
771 858
772 782
772 866
774 849
776 826
777 966
778 867
779 825
780 881
780 932
781 819
781 978
785 822
785 838
786 894
789 958
789 975
790 950
791 895
791 969
793 822
793 841
794 990
795 859
797 854
797 929
798 934
799 957
803 906
804 890
807 829
808 855
808 945
810 925
810 980
811 991
812 824
812 890
812 944
814 998
816 885
816 923
816 942
817 926
818 859
818 934
818 991
821 902
823 905
823 937
825 926
826 834
829 832
829 929
830 849
830 941
833 893
833 985
834 908
835 928
837 935
840 913
845 867
846 857
852 891
855 989
856 957
860 899
864 979
867 918
869 928
869 941
870 958
875 946
876 879
876 994
881 924
881 978
885 983
889 928
899 950
903 915
911 986
914 930
915 979
920 943
921 985
923 968
931 933
931 935
939 970
954 969
955 965
958 995
960 996
0
10 999
