1000	1486	 1
0 104
0 429
0 455
1 164
1 601
1 698
1 772
1 828
2 45
2 87
2 667
2 827
3 531
4 684
4 943
5 113
5 358
5 425
5 542
6 262
6 374
6 565
6 707
6 874
6 935
7 20
7 125
7 237
7 305
7 764
7 912
8 912
8 941
9 23
9 346
9 533
9 685
10 78
10 178
10 216
10 995
11 111
11 254
11 414
12 229
12 252
12 590
12 792
12 882
13 453
13 730
13 937
14 107
14 549
14 772
14 907
15 41
15 271
15 281
15 382
16 137
16 454
16 612
16 792
16 834
17 254
17 269
17 315
17 985
18 410
19 193
19 984
20 251
20 278
20 440
20 646
21 66
21 710
22 273
22 368
22 763
23 44
23 631
23 873
23 914
24 267
24 398
24 408
25 61
26 844
26 915
27 73
27 137
27 325
27 849
28 410
28 765
29 168
29 622
30 46
30 417
30 447
30 631
30 697
30 707
30 855
31 211
31 336
31 430
31 869
32 161
32 453
32 798
32 959
33 777
34 145
34 147
34 492
34 499
35 235
36 205
36 432
36 743
37 268
37 309
37 418
37 756
38 354
38 543
38 928
39 316
39 701
39 733
39 788
40 829
40 938
42 951
43 735
43 999
44 281
44 328
44 374
44 455
44 646
46 67
46 89
46 112
46 294
46 352
47 618
47 626
48 231
48 323
48 355
48 387
49 154
49 690
50 159
50 322
50 723
51 509
51 654
51 664
51 997
52 563
52 824
53 226
54 171
54 280
54 344
54 403
54 796
54 806
55 102
55 122
55 125
55 512
55 599
55 726
56 156
57 304
57 562
58 120
58 524
58 634
58 858
59 878
60 334
60 834
60 921
60 928
61 603
61 891
61 893
62 426
62 652
63 378
63 486
63 626
63 870
64 375
64 527
65 808
66 165
66 476
66 589
67 279
67 307
67 423
67 445
68 617
69 136
69 570
69 689
70 482
70 507
70 575
70 691
71 756
71 810
72 701
72 821
72 870
72 966
73 308
73 387
73 732
74 83
74 185
74 226
75 214
75 269
75 741
76 172
76 615
76 751
77 425
77 443
77 493
77 565
78 332
78 656
79 213
79 352
79 978
80 441
81 500
82 83
82 814
84 109
84 324
85 321
85 497
85 638
85 853
86 978
87 639
87 784
88 499
88 849
88 867
88 881
89 625
90 893
90 937
91 721
91 782
91 797
92 115
92 149
92 331
92 941
93 575
93 854
93 953
94 125
95 181
95 413
95 474
95 763
95 845
95 923
95 934
96 596
97 332
97 485
97 614
97 662
98 139
98 403
98 407
98 458
98 491
98 698
99 386
99 388
99 467
99 571
100 301
101 340
101 864
101 884
102 617
103 150
104 336
104 444
105 377
105 544
105 607
105 882
106 469
106 718
106 843
107 445
107 917
108 280
108 525
109 168
109 175
109 362
109 752
110 642
110 755
110 842
111 293
111 425
111 527
111 620
111 739
111 864
111 985
112 182
112 889
113 590
113 742
114 522
114 678
114 752
115 140
116 302
116 408
117 409
117 673
118 682
118 720
119 269
120 345
120 771
121 190
121 350
122 180
122 327
122 837
123 712
123 886
124 302
124 893
124 905
124 918
125 414
125 888
126 455
126 646
127 220
127 669
127 770
128 961
129 447
130 172
130 426
131 502
131 573
132 291
132 331
132 481
132 733
132 817
132 914
133 288
133 561
133 594
133 773
134 869
135 431
135 857
136 519
136 532
136 728
136 904
136 975
137 479
137 654
138 361
138 805
139 140
139 317
139 868
139 881
140 568
140 774
141 165
141 200
141 366
142 235
142 490
143 521
143 550
143 804
144 201
144 234
144 249
144 772
144 948
145 175
145 769
146 822
147 263
147 923
148 626
148 816
150 693
151 165
152 566
152 614
153 214
153 455
153 577
154 270
155 462
156 701
157 311
157 359
157 430
157 496
157 952
158 812
160 529
160 807
161 497
161 631
161 664
161 948
162 172
162 356
163 915
164 478
165 616
165 631
165 718
166 609
166 772
166 780
167 401
167 775
168 176
168 263
168 595
168 656
168 961
169 246
169 482
169 887
169 988
170 529
170 700
171 240
172 387
172 623
172 944
173 274
173 970
173 973
174 294
174 326
174 369
175 354
175 569
175 696
177 285
177 313
177 522
177 926
177 959
179 502
180 223
180 232
180 233
180 275
180 537
181 421
181 622
181 971
182 602
183 290
183 396
184 189
184 222
185 930
186 295
186 466
186 538
187 304
188 401
190 261
190 568
190 854
191 259
191 314
191 777
192 199
192 399
192 428
192 655
192 785
193 509
193 580
193 849
194 892
194 923
195 784
195 849
196 233
196 526
196 738
197 614
198 900
199 520
200 687
200 739
201 710
201 951
201 998
202 463
202 581
203 275
203 455
203 961
204 253
204 318
205 955
206 519
206 539
207 559
207 643
207 741
207 777
208 693
208 823
208 994
209 225
209 832
209 886
210 311
210 436
210 629
210 943
211 973
212 964
213 312
213 675
213 774
214 404
214 565
214 576
215 322
215 331
215 512
215 950
216 381
216 482
216 532
217 254
217 789
217 936
218 396
218 482
218 795
219 677
220 711
221 457
221 562
222 423
222 699
222 775
222 972
223 818
224 558
224 972
225 505
225 626
225 742
225 743
226 299
226 462
226 786
227 510
227 837
228 501
229 412
229 735
230 385
230 401
230 403
231 446
231 910
231 916
232 893
232 977
234 248
234 484
234 638
235 358
235 577
236 480
236 599
237 795
237 955
238 330
238 368
238 372
238 447
238 602
238 960
239 358
239 740
240 380
240 519
240 778
240 860
241 448
241 532
241 725
241 776
242 268
242 313
242 540
242 673
243 670
243 803
244 360
245 617
245 733
245 750
245 980
246 557
246 803
247 817
248 893
248 981
249 380
249 754
250 506
250 645
250 648
251 289
251 573
252 282
252 513
253 752
254 585
255 957
256 848
257 993
258 398
258 665
258 893
258 932
259 590
259 674
259 706
260 554
260 959
261 954
262 473
262 532
262 913
263 415
263 550
264 469
264 928
265 333
265 348
265 385
265 677
265 721
265 733
265 737
266 308
267 648
268 519
269 696
270 923
270 980
270 989
271 471
272 358
272 456
272 712
273 392
273 632
273 638
273 772
273 844
274 511
275 321
276 281
276 378
276 400
276 975
277 416
277 453
277 576
277 773
280 456
280 536
281 561
281 999
282 588
283 577
283 605
284 593
284 838
284 920
285 810
286 448
286 502
286 533
286 641
286 688
286 815
286 960
287 288
287 504
287 730
288 498
289 660
290 309
290 668
291 924
291 990
292 478
292 850
293 682
294 936
296 544
296 548
296 593
296 743
297 693
298 612
298 850
298 958
299 927
300 546
300 757
301 475
301 928
302 337
303 373
303 439
304 574
304 822
304 839
304 889
305 574
305 988
306 517
306 752
307 695
308 671
308 809
309 550
309 603
309 848
309 864
310 590
310 724
310 731
311 566
311 779
311 938
312 978
313 439
313 650
314 706
314 996
315 876
315 982
316 882
317 554
317 762
318 374
318 709
318 944
319 778
320 650
321 359
321 629
322 365
322 608
322 793
323 963
323 987
324 377
324 596
324 704
324 907
324 943
325 355
325 748
325 979
326 344
326 531
326 703
326 939
326 982
327 640
327 792
328 577
329 416
329 669
330 641
331 360
331 454
331 647
331 648
331 684
331 870
335 374
335 415
335 426
335 772
336 548
336 654
337 608
338 820
338 997
339 591
339 985
340 390
340 427
340 719
340 782
340 867
341 351
341 372
341 786
342 895
342 905
343 440
343 867
344 360
344 484
344 607
344 612
344 850
345 371
345 774
346 564
346 604
346 637
346 656
347 829
348 840
349 913
350 704
350 727
351 441
353 961
354 631
354 650
354 826
355 486
355 613
355 617
356 791
357 413
357 800
358 407
358 813
358 894
359 506
359 633
361 367
361 988
362 593
363 602
363 891
364 366
365 778
366 692
366 822
366 917
367 711
367 816
368 475
368 525
368 715
369 982
370 435
371 438
372 384
372 851
372 907
373 879
374 620
374 726
374 820
374 958
375 466
376 443
376 850
378 565
378 570
379 522
379 675
380 642
381 819
382 521
382 527
383 724
383 976
385 680
385 943
386 670
387 534
387 960
389 424
389 903
390 632
391 756
393 549
393 644
393 705
393 854
394 535
394 803
395 415
395 853
396 694
396 752
396 956
397 705
398 444
398 462
398 910
399 449
401 510
401 700
401 710
401 741
401 932
402 607
404 992
405 772
405 934
406 549
406 617
407 610
407 800
408 805
409 594
409 951
410 675
411 890
412 903
413 594
413 939
414 530
414 641
414 903
415 875
416 596
417 598
419 537
419 936
420 445
420 745
421 612
422 627
424 852
425 451
425 883
426 482
427 519
427 721
428 586
430 646
431 812
432 841
432 910
433 596
434 437
434 479
434 829
435 715
435 850
435 997
436 449
436 501
437 859
437 872
438 488
438 627
438 910
439 470
439 511
439 921
439 949
441 962
441 969
442 508
442 520
442 531
444 696
444 768
445 667
445 786
446 847
447 530
447 818
447 821
448 709
448 729
449 467
449 703
450 647
451 619
451 730
451 864
451 909
452 677
452 748
452 906
454 563
454 963
455 510
455 649
455 669
455 738
456 526
456 781
457 697
457 746
458 836
458 844
459 804
460 697
461 764
462 784
463 674
463 724
463 899
464 525
464 631
465 585
468 659
468 912
469 806
469 919
470 592
472 930
473 501
473 630
473 782
474 496
474 500
475 608
475 774
475 891
477 850
478 896
479 669
479 768
480 566
480 675
480 784
481 542
481 551
481 768
482 489
482 542
482 699
482 987
483 489
483 635
484 506
484 805
485 572
486 927
487 774
487 930
488 525
488 579
488 681
488 746
489 990
490 590
490 922
492 536
492 667
494 635
495 751
495 826
496 575
497 993
498 722
498 979
499 943
500 554
501 577
501 937
502 593
502 608
502 731
503 819
503 866
503 900
504 869
505 949
506 886
508 697
508 940
508 953
511 692
511 814
513 528
513 635
513 784
513 801
513 827
513 919
514 616
514 905
515 846
515 917
516 597
516 657
517 984
518 770
519 588
519 771
519 919
520 939
521 591
521 728
521 730
521 734
521 838
521 840
521 932
522 553
522 716
523 744
523 878
524 608
524 946
526 932
527 585
528 711
528 917
529 574
530 825
531 617
531 631
531 666
531 939
532 641
534 585
534 792
534 942
535 849
536 611
537 770
538 683
539 924
540 624
540 834
540 908
541 715
543 762
543 814
545 661
545 679
545 825
545 878
545 915
546 908
547 985
548 555
548 660
548 783
549 795
549 835
550 713
551 664
552 920
553 586
553 822
553 880
554 803
556 576
556 991
557 610
558 677
559 881
560 921
562 578
563 767
563 831
563 934
564 847
564 902
566 599
566 784
567 915
570 938
571 847
571 965
572 821
572 919
573 771
578 642
578 780
578 892
579 624
580 732
581 843
582 796
583 740
583 995
584 977
587 755
587 898
588 644
589 824
589 937
592 751
593 600
594 852
596 750
596 861
597 674
598 633
599 600
600 959
602 954
603 912
604 755
604 838
604 989
604 990
605 831
605 855
605 964
606 636
607 783
607 957
608 735
609 765
609 843
610 636
611 803
613 808
614 753
615 790
616 847
617 971
618 747
618 801
618 863
619 766
621 774
621 861
622 740
622 883
623 686
623 969
624 634
625 670
626 976
627 836
628 748
628 779
629 833
629 854
630 662
632 694
633 955
633 996
634 705
634 836
635 721
635 794
638 843
639 744
642 672
642 920
643 859
645 719
646 654
646 841
646 924
650 981
651 904
652 682
652 791
653 928
656 931
656 973
657 772
658 697
660 883
661 668
661 687
661 819
661 906
662 864
663 786
664 745
664 912
664 973
665 735
666 718
666 733
666 761
669 839
671 695
672 732
673 841
673 948
674 926
674 985
675 724
676 678
676 989
678 775
680 738
681 829
682 835
684 961
686 704
686 905
686 945
687 942
688 702
688 829
692 933
694 970
695 740
695 766
697 848
699 754
699 756
703 926
704 873
708 710
709 778
710 806
710 914
710 949
711 938
712 945
713 890
714 812
714 922
714 989
715 856
716 734
716 859
717 800
719 909
720 751
720 793
720 842
722 757
724 878
724 884
725 928
725 951
726 794
726 929
728 899
728 986
729 738
735 870
736 775
737 919
737 942
738 943
744 809
745 984
749 887
754 795
754 833
757 920
758 764
758 910
759 864
760 960
762 801
763 804
763 823
764 826
765 898
767 981
768 908
769 787
769 945
773 931
774 937
775 830
776 972
777 883
780 783
783 933
786 858
787 863
787 867
788 814
790 964
791 906
794 997
796 806
797 977
799 946
800 802
800 875
800 938
808 968
809 832
810 829
811 982
820 891
822 863
822 932
826 903
828 851
828 994
830 870
832 895
840 868
841 965
843 858
843 875
846 917
852 967
856 962
862 949
863 949
864 867
864 892
865 968
866 942
867 947
868 905
869 964
871 981
873 879
877 959
880 990
881 946
885 891
888 902
889 931
890 983
892 995
894 969
895 917
895 969
897 907
897 925
900 937
901 937
902 903
904 943
906 981
909 953
911 921
920 939
922 939
932 989
938 974
940 954
944 954
963 993
0
10 999
