1000	1535	 1
0 135
0 697
1 436
1 754
2 120
2 383
2 392
2 545
2 711
2 928
3 36
3 213
3 970
4 15
4 549
4 780
5 203
5 653
5 989
6 21
6 163
6 379
6 642
6 753
7 79
7 87
7 185
7 743
7 956
8 419
8 506
8 581
8 669
9 56
9 70
9 85
9 796
10 87
10 132
10 407
10 735
11 721
11 971
12 663
13 337
13 689
13 795
14 472
15 301
15 428
15 546
15 629
15 672
15 681
15 833
15 920
16 203
16 258
16 744
16 877
17 43
17 164
17 789
18 32
18 808
18 934
19 89
19 512
19 722
20 116
21 209
21 402
22 322
23 117
23 457
23 617
24 439
24 622
24 959
25 433
25 665
25 835
25 851
26 688
26 928
27 217
27 756
27 784
27 861
28 641
28 725
29 151
29 403
30 991
31 510
31 518
32 107
32 923
33 276
33 283
33 424
33 581
34 124
34 620
35 226
35 739
35 923
35 932
36 89
37 388
37 518
37 606
37 729
38 62
38 780
38 824
39 356
39 608
39 618
40 80
40 147
41 107
41 223
42 121
42 428
42 779
42 898
42 943
42 967
42 975
43 298
43 462
43 743
43 934
43 958
44 458
45 168
45 822
45 841
46 517
46 591
46 864
46 985
47 218
47 432
47 933
48 182
48 316
48 615
48 624
48 649
48 887
49 410
49 657
50 96
50 728
50 846
50 982
51 272
51 392
51 933
52 191
52 308
52 312
52 638
52 694
52 919
53 236
53 406
53 626
54 392
54 966
55 653
55 862
56 485
56 693
57 124
57 452
58 503
58 602
59 104
59 222
59 556
60 283
60 879
61 420
61 751
61 901
62 593
63 100
64 73
64 365
64 424
65 296
65 650
65 899
66 206
66 227
66 473
66 543
66 735
67 422
68 553
68 585
69 493
69 796
69 858
70 105
71 96
71 846
72 248
72 451
72 602
72 798
72 872
73 153
73 215
73 298
73 314
73 507
73 613
73 806
74 209
74 309
74 325
74 405
74 510
74 918
75 235
75 290
75 717
75 727
75 883
75 939
76 657
76 699
77 703
77 945
78 259
78 575
78 733
79 170
80 103
80 303
81 254
81 351
81 606
81 840
82 132
82 349
82 538
82 803
82 875
83 929
83 994
84 564
84 843
84 954
85 273
86 371
86 778
86 997
87 118
87 317
87 600
88 100
88 461
88 554
89 245
89 277
89 543
89 605
90 595
90 910
91 156
91 487
91 730
92 284
92 350
92 481
93 230
93 253
93 289
94 376
94 562
94 609
94 656
95 246
95 283
95 292
95 432
95 992
96 165
97 522
97 815
98 311
98 312
98 708
99 357
99 537
100 876
101 118
101 342
101 762
102 387
102 755
103 247
103 972
104 254
104 785
105 545
106 220
106 684
108 497
109 117
109 746
109 796
109 880
110 157
110 262
110 379
110 707
111 207
111 550
111 594
112 115
112 465
113 211
114 193
114 241
114 326
114 634
115 170
115 209
115 988
116 539
116 666
116 888
117 184
118 421
118 534
118 799
118 916
119 449
119 534
120 191
121 438
121 467
121 478
121 645
121 766
121 945
122 366
122 372
122 802
122 818
122 981
123 228
123 858
124 577
124 691
125 491
125 578
125 630
125 728
126 187
126 284
126 322
126 926
126 974
127 890
128 203
128 345
128 845
129 305
129 483
129 671
129 840
130 281
130 759
131 164
131 607
131 660
131 661
131 899
132 154
132 216
132 503
132 568
132 829
133 240
133 332
133 540
134 166
134 276
134 414
135 153
135 375
136 222
137 212
137 296
137 916
138 627
138 675
139 396
139 479
139 663
139 772
139 854
140 347
141 409
141 808
142 310
142 470
142 635
142 643
143 185
143 340
143 525
143 797
144 503
144 692
145 402
145 792
145 973
146 868
146 881
147 259
147 636
148 305
148 775
149 154
149 251
149 382
149 582
149 992
150 700
150 852
150 869
151 343
151 529
152 200
152 628
152 680
152 790
153 197
153 401
153 551
154 220
155 584
155 840
156 404
156 536
157 955
158 741
159 167
159 204
159 847
159 952
160 823
160 991
161 660
161 998
162 787
162 801
163 646
163 835
164 201
164 232
164 297
164 389
165 478
166 196
166 356
166 895
167 322
168 758
168 918
168 999
169 271
169 522
169 546
170 374
170 981
171 613
172 469
172 572
173 372
173 640
174 198
174 345
174 528
174 611
174 938
175 235
175 713
176 640
177 327
177 848
177 906
178 187
178 246
178 608
179 419
179 651
179 978
180 220
180 225
180 474
181 495
182 298
182 353
182 784
182 934
183 240
183 963
183 970
184 725
185 328
185 477
185 556
185 776
186 438
186 725
187 243
187 531
188 875
189 287
189 600
189 691
189 849
190 585
190 663
191 249
192 206
192 685
194 517
195 254
196 221
196 312
196 553
196 856
197 447
197 529
197 695
198 334
198 466
198 759
198 871
198 977
199 230
200 956
200 958
201 412
201 846
202 779
202 895
203 701
203 776
204 548
204 723
204 729
205 450
205 626
205 783
207 209
207 323
207 390
207 441
207 823
208 533
208 611
208 824
209 340
209 367
209 381
209 469
209 515
209 866
210 338
210 957
211 377
211 566
211 981
212 314
212 408
213 355
213 995
214 635
214 737
215 453
216 364
216 524
216 563
217 563
217 683
217 741
218 482
218 643
219 220
219 333
219 744
220 275
220 892
220 967
221 223
221 775
221 931
222 530
223 435
223 583
223 622
223 891
224 361
224 376
224 680
225 437
225 595
225 677
225 790
225 811
225 901
225 921
226 794
227 230
227 505
228 268
228 317
229 287
229 676
230 495
230 949
231 594
231 617
231 643
231 971
232 570
233 599
233 655
233 702
234 459
234 760
235 403
235 516
236 564
236 883
237 422
237 444
237 635
237 747
238 611
238 654
238 729
239 286
239 768
239 807
240 894
240 924
241 451
241 500
241 719
241 841
241 917
242 262
242 509
242 525
242 582
242 637
243 932
244 360
244 365
244 538
244 749
245 426
245 768
245 804
246 997
247 360
247 399
248 647
248 787
248 835
249 332
249 483
249 638
249 712
250 375
250 526
250 556
251 943
252 329
252 628
253 497
254 695
254 825
255 556
255 615
256 378
256 395
256 603
256 851
257 793
257 811
258 600
259 312
259 689
260 642
260 648
260 881
261 600
261 998
262 383
263 421
263 439
263 859
263 932
264 453
265 269
265 439
265 536
265 568
266 295
266 322
267 356
267 418
267 681
269 461
269 794
270 382
270 617
270 647
270 878
270 885
271 480
271 626
273 934
274 670
274 980
274 993
275 292
275 746
276 575
276 933
277 608
277 648
277 662
277 887
278 324
278 413
278 793
278 968
279 429
279 530
280 343
280 610
281 994
282 436
282 570
282 618
282 810
283 724
283 996
284 373
284 782
285 367
285 742
287 574
288 591
288 687
288 950
289 681
289 835
290 455
290 950
291 434
291 926
292 475
292 617
293 819
293 856
294 488
294 503
294 558
295 403
296 520
296 787
296 928
297 521
298 373
298 421
298 758
298 928
299 397
300 627
300 945
301 392
301 724
302 319
302 779
303 876
303 916
304 596
304 720
304 865
304 967
305 717
305 807
306 831
306 865
307 610
307 933
308 538
309 547
309 560
310 312
310 389
310 906
311 317
311 404
311 537
311 640
311 644
311 652
311 756
311 881
312 523
312 727
312 817
313 766
313 943
315 994
316 634
316 680
316 710
316 863
316 927
316 931
317 445
317 553
317 578
317 605
317 714
317 719
317 949
318 671
318 901
319 923
319 956
320 608
320 679
321 469
321 525
321 761
321 879
322 492
322 738
322 824
323 589
323 871
324 993
325 498
327 623
327 872
327 909
328 631
328 842
328 868
328 922
328 942
329 720
329 773
329 783
330 497
330 657
330 930
331 409
331 651
331 873
332 354
332 886
334 873
335 438
336 397
336 750
336 847
336 912
336 983
337 444
338 406
339 648
340 596
340 849
340 940
340 974
341 671
341 746
342 862
343 476
343 713
344 753
344 851
344 995
345 471
346 604
346 718
346 727
346 985
347 365
347 735
348 953
350 667
351 585
351 601
351 659
352 760
353 557
353 758
354 791
355 440
355 919
356 452
356 462
356 728
357 485
357 496
358 900
359 949
360 743
361 798
361 995
362 403
362 532
363 615
363 904
365 622
366 909
368 391
369 458
369 525
370 422
370 428
370 584
371 401
371 654
371 875
372 487
372 545
372 592
372 866
373 667
373 743
373 833
374 528
375 466
375 685
376 394
376 436
376 679
377 409
377 776
378 840
380 436
380 520
380 645
380 715
380 728
381 404
381 712
382 390
382 483
383 505
383 893
383 945
384 417
384 620
385 515
385 576
385 860
385 899
386 398
386 515
387 546
387 556
388 430
388 604
389 442
389 668
391 571
392 589
392 768
392 877
393 503
393 801
394 528
394 704
394 708
395 778
395 789
396 641
396 750
398 431
398 839
398 894
399 422
399 737
399 781
400 559
400 947
401 796
403 664
403 855
404 843
406 502
406 817
407 427
407 640
407 666
408 717
409 713
409 830
409 906
409 937
410 518
410 656
411 609
411 784
411 788
411 978
412 911
413 820
413 862
413 968
414 415
415 492
415 574
415 595
415 835
415 932
416 692
416 964
417 590
417 987
418 514
420 509
422 650
423 702
423 734
423 750
423 798
425 617
425 627
425 776
425 941
426 748
426 795
426 817
427 765
427 815
427 930
428 909
429 504
429 855
431 860
432 523
434 485
434 950
434 957
435 655
436 481
436 707
436 736
436 945
437 906
437 916
438 550
438 921
440 855
441 791
441 865
442 443
442 636
444 768
445 826
446 461
446 817
447 624
447 815
448 695
448 725
449 763
449 904
449 942
450 603
451 587
451 615
451 821
451 832
452 511
454 685
454 929
456 614
456 677
456 928
458 632
459 583
459 905
459 946
460 592
462 506
462 630
463 555
463 566
464 477
464 928
465 610
465 689
466 492
467 890
468 539
470 633
470 913
472 859
472 876
473 499
473 545
473 749
474 774
474 801
475 524
475 932
475 948
476 833
477 605
478 877
479 997
480 543
481 517
482 511
482 706
482 743
482 806
483 611
483 870
484 747
484 856
484 938
486 861
488 548
489 911
490 719
491 529
492 742
493 639
494 587
496 601
496 658
496 794
497 867
497 920
497 951
498 726
498 816
498 990
499 512
499 700
501 551
501 709
503 516
503 763
504 831
504 909
506 544
506 575
508 574
511 656
513 697
513 883
513 992
514 903
514 944
515 783
516 686
516 740
516 902
516 913
516 974
517 717
517 937
518 633
519 661
519 765
519 782
520 642
520 839
521 752
521 839
522 995
523 643
523 918
525 800
527 820
527 887
528 782
530 545
531 661
531 670
532 662
532 907
533 549
534 919
535 707
535 735
537 746
537 852
540 852
541 865
541 958
542 750
542 812
542 960
543 662
543 845
545 600
546 762
546 829
547 622
547 763
548 722
548 799
549 551
549 914
551 760
552 612
552 936
553 554
554 738
554 858
554 969
555 963
556 653
557 887
558 680
558 897
559 572
559 689
559 821
559 925
560 971
561 830
562 682
562 924
563 571
564 983
565 729
565 845
566 663
567 695
567 790
568 828
569 758
569 771
570 776
571 935
572 612
572 751
573 639
574 970
575 766
575 821
577 824
579 821
580 793
581 655
582 793
582 938
582 998
583 773
583 811
584 624
584 771
585 800
585 903
586 663
586 820
587 774
588 669
588 867
589 603
590 880
591 988
593 765
593 769
593 804
593 826
593 923
594 690
594 817
595 829
595 968
596 929
597 733
597 881
597 888
598 932
600 617
600 892
600 962
601 679
602 762
602 967
603 951
603 965
604 776
605 625
606 786
607 752
607 809
607 960
608 853
609 788
609 790
611 721
613 784
614 936
616 694
616 876
616 929
619 648
619 895
620 674
620 685
620 687
620 792
621 781
621 984
622 831
623 876
623 906
625 684
626 633
626 889
627 869
629 630
630 824
631 976
632 720
633 726
635 746
635 868
636 859
637 679
639 978
641 969
642 720
643 933
646 827
646 905
647 802
648 824
648 847
649 680
650 985
651 803
653 947
655 688
655 939
658 996
659 731
659 771
660 708
661 963
661 974
662 844
663 780
663 837
665 693
665 756
666 700
666 735
668 831
668 938
670 696
670 870
672 865
673 690
675 725
675 860
675 884
676 892
678 691
682 709
683 694
684 875
685 698
685 715
686 859
687 811
687 889
692 830
695 770
697 912
698 813
698 934
699 874
700 757
700 819
702 982
703 717
704 957
705 833
706 815
709 894
710 847
711 849
712 859
714 806
716 815
717 801
723 791
723 938
724 745
727 900
728 766
730 754
731 787
732 825
732 836
734 878
734 922
734 971
735 964
740 802
740 984
745 827
746 782
746 809
746 850
746 903
747 801
747 935
749 812
749 898
750 791
750 799
751 819
752 897
753 887
755 862
756 902
761 932
762 835
764 765
765 881
766 977
767 828
769 973
772 776
773 966
775 915
777 877
778 963
779 997
780 821
780 985
781 798
782 948
787 887
787 981
788 941
789 857
789 976
789 993
793 876
794 805
794 907
799 944
805 858
806 940
807 958
811 827
812 939
812 943
814 943
824 888
825 982
830 954
830 975
834 856
834 938
836 839
836 976
838 851
838 893
838 934
841 869
844 849
845 852
845 856
850 952
853 997
857 915
861 914
862 910
862 989
863 870
864 866
865 892
869 955
872 920
874 958
878 915
879 920
882 883
883 961
886 958
887 888
896 943
900 980
901 964
902 955
903 910
907 986
908 968
912 984
915 979
928 978
930 988
931 946
939 960
950 978
953 969
955 991
961 972
966 979
985 996
0
10 999
