1000	1455	 1
0 421
0 469
0 812
1 600
1 646
2 351
3 368
3 418
4 615
4 831
4 925
5 134
5 442
5 469
5 622
5 703
6 203
6 339
6 418
7 288
8 593
8 597
9 184
9 228
9 425
9 739
10 51
10 547
10 749
10 810
11 99
12 305
12 596
13 16
13 296
13 697
13 950
14 104
14 215
14 413
14 551
14 592
14 975
15 117
15 475
15 662
15 920
16 631
16 914
16 946
17 243
17 966
18 178
18 723
18 990
18 993
19 717
19 958
20 308
20 311
20 647
21 467
22 54
22 912
23 588
23 651
23 991
24 131
25 731
25 950
26 229
26 732
27 288
27 575
27 656
28 790
29 806
30 681
30 765
30 955
31 334
31 757
31 983
32 662
32 807
32 929
32 962
33 446
33 798
34 407
34 514
34 701
34 803
34 847
34 938
35 669
36 443
36 465
36 926
37 49
37 583
37 687
38 522
39 199
39 393
39 920
40 433
40 888
41 701
41 859
42 100
42 764
42 973
43 290
43 383
43 524
44 482
44 600
45 404
45 993
46 641
47 175
47 259
47 529
47 994
48 818
49 98
49 777
50 726
50 825
51 127
51 255
51 506
51 596
51 806
52 293
52 565
53 470
54 835
54 848
55 80
55 618
55 966
56 135
56 384
56 936
57 244
58 109
58 432
58 523
58 887
59 430
59 461
59 584
59 680
59 915
60 112
60 129
60 473
61 161
61 222
61 301
61 311
61 423
61 869
61 907
62 246
62 794
63 188
63 302
63 454
64 262
64 747
64 945
65 109
65 524
65 559
66 476
66 542
67 99
67 368
68 303
69 520
70 177
70 252
70 613
71 531
72 829
72 982
73 765
74 381
75 125
75 582
76 274
76 422
76 647
76 796
77 297
77 560
77 749
77 800
77 979
78 777
78 938
78 991
79 696
79 791
79 853
79 946
80 967
80 996
81 221
81 228
81 554
81 922
81 996
82 100
82 373
82 661
82 702
83 304
83 501
84 197
84 314
85 989
86 230
86 313
86 503
86 730
87 110
87 312
87 692
87 706
87 708
88 169
88 304
88 652
89 225
89 377
89 827
90 759
91 195
91 783
92 792
92 879
92 971
93 223
93 342
93 554
94 167
94 939
95 137
95 250
95 310
95 350
95 449
95 523
96 421
96 890
96 961
96 985
97 99
97 246
97 282
97 366
97 432
97 644
97 772
97 802
98 202
98 448
98 675
98 712
98 851
99 155
100 644
101 119
101 353
102 157
102 550
102 942
103 642
103 926
103 985
104 730
105 486
105 638
105 895
106 677
106 800
106 883
107 229
107 331
107 974
108 109
108 583
109 488
110 146
110 434
110 633
110 651
110 788
111 117
111 527
111 876
112 627
113 226
113 773
113 905
114 884
115 228
115 683
115 867
115 975
116 298
117 151
117 839
117 953
118 799
118 946
119 994
120 800
121 275
121 501
121 611
121 624
122 477
122 740
122 981
123 229
123 230
123 356
123 924
124 248
125 155
125 189
125 376
125 412
125 828
125 861
125 894
126 135
126 335
126 585
126 645
126 870
127 138
127 874
128 565
128 921
129 229
129 812
130 552
130 718
131 212
132 411
132 540
132 577
132 750
133 468
133 885
135 260
135 273
136 284
137 273
138 310
138 378
138 482
138 914
139 337
139 976
140 750
141 610
141 623
141 661
141 912
142 238
142 375
142 430
142 686
143 787
143 816
144 248
144 390
144 432
145 188
145 479
145 512
145 698
146 606
146 903
147 198
147 437
147 848
148 879
149 672
149 797
150 521
150 637
150 642
150 992
151 574
151 794
152 304
152 787
152 928
153 257
153 395
154 648
154 707
154 721
154 769
154 840
155 582
155 714
156 572
157 654
157 708
157 895
157 937
158 359
158 561
158 689
158 898
159 969
160 890
161 518
161 781
162 424
162 575
162 620
163 220
163 414
164 272
164 360
164 385
165 211
165 545
166 825
167 510
168 336
168 752
168 949
169 962
170 389
170 425
170 572
170 623
171 232
171 511
172 208
172 307
172 454
172 497
172 625
172 907
172 944
173 230
173 795
174 660
174 909
175 234
175 568
176 748
176 914
177 233
178 200
178 234
178 245
178 403
178 778
179 451
179 471
179 679
179 752
180 222
180 318
180 757
181 235
181 412
181 552
182 274
182 756
183 629
183 789
184 256
184 609
185 230
185 464
185 474
185 866
185 880
185 947
186 581
186 885
187 540
188 348
189 580
190 635
191 327
191 394
191 791
191 815
191 835
192 648
192 703
192 780
193 256
193 532
194 638
194 735
194 860
194 930
194 971
195 321
195 421
195 568
196 297
196 376
197 208
197 917
198 247
198 361
199 719
199 723
199 830
200 341
200 481
200 735
200 896
200 922
201 260
201 914
202 209
202 504
202 663
203 225
203 364
203 862
203 959
204 469
204 523
205 371
205 675
205 865
206 614
207 576
208 705
209 753
210 538
210 583
210 596
210 602
211 279
211 494
211 758
212 299
212 615
212 693
212 701
212 706
213 392
214 421
214 544
215 347
215 672
216 305
216 607
217 263
217 322
217 347
217 686
218 351
218 734
218 747
219 397
220 258
221 518
221 696
221 782
222 638
222 775
222 808
223 358
223 501
223 780
224 541
226 270
226 294
226 306
226 570
226 728
226 921
227 413
227 648
227 774
227 780
228 626
228 656
228 903
228 985
229 376
229 759
229 901
230 612
231 507
231 623
231 908
232 425
233 354
233 597
234 524
234 545
234 976
235 492
235 521
236 494
236 512
237 396
237 614
237 728
237 845
238 484
239 854
239 871
239 962
240 284
241 298
241 884
242 788
242 890
243 266
243 271
243 589
243 658
243 718
244 774
244 986
245 726
246 721
246 767
247 535
249 909
250 258
251 446
251 528
251 734
251 803
251 991
252 380
252 577
253 624
253 643
253 653
254 550
254 657
256 325
256 503
256 508
257 328
257 443
257 703
257 935
258 286
258 522
259 260
259 393
260 284
260 368
261 396
261 703
262 400
263 932
264 502
264 559
265 428
265 430
265 439
265 617
265 742
265 893
266 535
266 776
266 872
266 984
267 896
268 355
268 568
268 733
268 736
268 763
269 349
269 502
269 540
269 666
269 849
270 484
272 684
274 578
275 285
276 361
276 580
276 930
277 620
277 755
277 770
278 437
279 334
279 673
280 705
281 635
281 733
281 980
283 531
284 727
284 823
285 314
285 455
285 464
285 492
285 729
286 330
286 635
286 845
286 942
287 419
287 864
287 969
288 363
288 413
288 515
288 816
289 885
290 572
291 570
291 618
291 957
292 926
293 368
294 310
295 299
295 326
297 734
298 910
298 992
299 896
300 986
301 324
301 472
303 418
303 608
303 927
304 886
304 931
305 332
305 632
306 517
306 579
306 873
306 911
307 486
308 436
308 652
309 550
309 935
310 545
310 576
311 645
313 426
314 412
314 556
314 578
315 354
315 720
316 866
317 409
317 565
318 960
319 689
319 693
320 591
320 699
320 843
321 529
321 621
322 421
322 760
322 938
323 332
323 429
323 507
323 606
324 666
324 820
325 629
326 330
326 800
327 555
327 970
328 396
328 528
329 379
329 458
330 958
331 519
331 584
331 715
331 775
332 418
333 597
333 913
333 955
334 436
334 999
335 414
335 684
335 793
335 819
335 951
336 661
337 642
337 994
338 361
338 532
338 653
338 710
338 869
339 572
339 764
340 887
341 578
343 424
344 622
344 665
344 854
345 717
345 863
346 367
347 733
348 477
348 633
348 636
348 973
349 817
349 858
350 805
351 571
352 569
352 784
353 484
355 449
355 854
356 583
356 784
356 846
356 886
357 668
357 776
358 703
358 808
359 454
359 856
360 586
360 612
360 788
361 559
361 587
361 703
361 723
361 737
362 546
362 744
362 929
364 493
364 670
364 795
364 834
365 385
365 440
365 445
365 530
365 819
365 888
365 889
366 554
366 857
366 881
367 776
367 851
368 449
368 763
368 815
369 905
369 908
370 888
371 490
371 734
371 835
372 687
374 379
374 388
374 982
375 782
376 578
377 943
379 602
380 557
381 603
381 656
382 515
383 952
384 515
385 907
385 909
386 884
386 968
387 630
387 693
388 536
388 604
388 777
388 923
389 983
390 462
390 702
390 803
391 833
391 971
392 800
392 932
393 399
394 453
395 429
395 696
396 763
397 459
397 465
397 608
398 734
398 808
399 588
399 852
399 883
400 406
400 821
401 793
401 899
401 903
402 832
402 976
403 912
404 502
404 656
404 676
405 510
406 661
407 575
407 837
408 601
408 835
408 876
409 486
409 543
410 878
410 907
411 550
411 675
413 910
414 767
414 999
415 416
415 931
416 824
416 857
416 948
417 534
417 827
419 583
419 727
420 600
420 917
421 627
421 713
423 746
423 957
423 998
424 620
424 738
426 565
426 853
426 896
427 563
427 889
428 468
428 710
428 908
429 459
429 494
429 675
430 473
430 562
430 855
431 457
431 607
431 826
431 904
432 509
432 624
432 874
433 817
433 995
435 527
435 973
437 513
437 606
438 776
438 790
439 462
439 878
440 516
440 763
440 819
441 793
441 891
442 541
442 665
444 528
445 769
445 815
445 956
446 634
446 884
447 664
447 925
448 926
449 672
449 728
449 840
449 847
449 975
450 610
450 766
451 703
451 840
452 482
452 553
452 737
452 778
454 492
454 702
454 823
455 513
456 615
456 694
457 790
458 751
460 523
460 769
460 946
462 486
463 494
463 627
463 936
463 955
463 970
465 924
466 593
466 919
467 575
467 858
468 496
468 662
469 510
469 912
470 557
470 668
470 955
471 722
471 904
474 646
475 577
477 742
478 537
478 778
479 618
479 702
479 703
479 726
480 989
481 557
481 580
481 715
482 964
483 604
483 839
484 584
484 614
484 639
484 935
485 830
486 880
487 825
487 950
488 800
489 554
489 811
491 674
492 641
492 855
493 509
493 541
493 836
494 958
495 534
495 842
496 632
498 657
499 955
499 959
500 626
500 924
500 944
503 779
504 703
504 972
505 953
506 860
507 821
508 711
508 950
508 990
510 894
511 962
512 714
513 580
513 863
514 709
515 531
515 786
516 725
517 789
517 914
517 965
517 967
518 887
519 661
520 657
520 831
522 523
523 669
523 989
524 676
524 734
524 745
525 563
525 633
525 858
526 781
527 543
527 593
527 769
527 790
533 775
533 827
534 817
535 811
535 954
536 619
536 644
537 544
537 568
538 552
538 698
539 590
539 643
540 782
540 885
541 611
541 795
542 854
543 799
543 897
546 630
546 867
547 607
548 858
548 926
548 966
549 565
550 582
550 825
551 620
553 927
553 941
556 918
557 735
558 621
560 724
561 611
562 768
563 654
563 699
564 595
564 624
565 715
566 664
566 997
567 753
568 997
569 930
571 632
573 673
574 933
575 619
575 984
576 614
576 699
576 863
578 939
581 665
581 720
581 968
582 590
582 945
584 979
586 629
586 639
586 652
587 942
589 640
590 667
591 624
591 887
592 812
592 847
593 797
594 930
596 739
598 609
598 939
599 869
600 687
601 762
605 737
606 631
607 690
608 875
610 826
610 954
612 986
614 735
614 771
616 906
616 921
617 748
617 963
618 701
620 974
621 697
623 736
628 788
630 962
631 987
635 660
635 984
636 792
636 809
637 657
639 642
642 761
643 977
644 716
644 719
644 994
645 985
648 900
649 983
650 652
650 907
652 660
653 965
655 731
655 782
658 988
659 676
660 898
664 818
665 723
666 850
666 889
667 776
668 748
668 835
669 829
669 833
671 772
672 813
672 988
673 828
674 898
676 911
676 923
677 730
677 918
678 847
678 869
678 934
679 709
680 794
681 796
682 805
683 731
683 916
685 919
687 848
688 964
689 902
689 979
689 982
691 732
692 864
695 774
699 747
700 743
700 806
700 952
700 999
702 970
704 733
704 772
706 733
707 806
707 999
709 983
711 723
713 772
716 743
716 857
717 825
717 952
720 985
723 770
723 842
724 870
724 882
725 776
725 971
726 799
726 960
728 745
731 987
734 891
735 842
736 935
738 804
739 953
740 743
740 960
741 823
741 901
744 791
744 967
746 917
747 802
748 755
749 838
750 928
751 774
751 844
751 954
753 983
754 953
756 785
756 872
756 890
757 774
759 825
760 866
760 983
761 858
762 906
763 949
765 864
766 791
766 868
766 871
771 886
772 791
774 823
778 846
784 862
785 788
785 822
787 800
789 964
790 858
791 903
791 940
792 823
797 979
801 900
804 840
805 873
806 830
808 934
809 883
810 892
812 935
813 938
814 912
815 952
816 831
817 905
817 975
818 981
819 908
825 873
827 995
830 900
839 848
840 997
841 963
844 932
844 940
852 871
855 934
856 943
861 877
861 993
869 934
871 913
871 959
874 978
876 986
877 929
879 956
883 918
898 962
899 995
901 949
906 992
914 972
920 927
920 976
923 987
926 946
932 975
937 986
942 970
942 989
944 946
947 963
949 955
949 977
956 986
0
10 999
