1000	1488	 1
0 10
0 196
0 272
0 296
0 482
0 580
1 275
1 559
2 166
3 808
3 882
4 188
4 387
4 804
4 958
5 87
5 364
5 729
6 213
6 361
6 674
6 714
6 905
7 460
8 24
8 169
8 608
9 367
9 423
9 630
10 54
10 739
10 796
10 821
11 600
11 796
11 838
11 976
12 544
13 810
14 547
14 778
15 568
16 186
16 475
16 730
17 128
17 686
18 503
18 823
18 848
19 122
19 313
20 61
20 254
20 318
20 389
21 47
21 82
21 101
21 172
21 794
21 885
22 126
22 877
22 889
22 951
23 111
23 135
23 320
23 826
24 508
24 721
25 561
25 707
25 750
25 763
26 479
26 531
26 594
27 556
27 582
27 614
28 380
28 971
29 117
29 356
29 765
30 695
30 914
30 980
31 607
31 718
31 788
32 130
32 399
32 491
32 534
32 765
33 530
34 163
34 586
35 125
35 696
35 713
36 474
36 554
36 565
37 400
37 899
38 421
38 469
38 823
39 147
39 950
39 957
40 192
40 286
40 500
41 176
41 502
41 856
41 864
41 895
42 264
42 443
43 173
43 197
43 288
43 596
44 183
44 245
44 738
44 772
45 78
45 745
46 230
46 643
46 873
47 122
47 547
47 654
47 803
48 184
48 198
48 369
48 434
48 581
48 676
49 254
49 952
50 422
50 468
50 622
51 185
51 749
51 793
51 831
52 148
52 206
52 372
53 544
53 832
53 876
54 410
54 697
54 772
54 918
55 556
56 383
57 404
58 212
58 561
59 330
59 928
60 500
60 530
60 624
61 355
61 577
61 964
62 878
63 129
63 451
63 610
64 321
64 741
65 147
65 209
65 439
66 135
66 211
66 544
66 650
67 214
67 782
68 81
68 243
68 350
69 308
69 436
69 595
70 207
70 347
70 420
70 830
70 982
71 456
71 516
71 843
72 175
72 549
73 397
74 243
74 947
75 609
75 856
76 332
76 438
76 560
77 337
77 716
77 752
77 996
78 409
78 551
78 869
79 130
79 248
79 718
80 231
80 349
80 392
80 556
80 803
80 879
81 427
81 782
82 218
82 299
82 469
82 537
82 655
83 384
83 490
83 503
83 553
83 870
84 374
85 113
85 232
86 97
86 285
86 633
87 244
87 529
88 187
88 271
88 301
88 488
88 939
89 564
90 671
91 161
91 206
91 256
91 444
91 894
92 142
92 397
92 419
92 546
92 658
93 495
93 919
94 298
94 465
95 186
95 731
96 146
96 180
96 631
97 909
98 553
98 887
99 281
99 324
99 552
100 287
100 488
100 887
102 166
102 919
103 272
103 966
104 368
104 568
104 682
104 985
105 152
106 579
106 856
107 117
107 594
107 766
108 633
109 162
109 731
110 615
110 923
111 486
111 827
111 850
112 165
112 385
112 692
112 843
114 751
115 162
115 940
116 383
116 389
116 833
117 364
118 405
118 802
118 997
119 322
119 489
119 878
119 968
120 969
121 370
121 481
121 498
122 418
122 958
123 530
123 599
124 383
124 454
124 468
124 493
124 595
124 687
125 395
125 531
125 672
126 525
127 420
127 711
127 805
127 881
128 153
128 915
129 494
129 742
130 472
130 816
130 908
131 354
131 601
131 678
131 937
131 999
132 389
132 447
132 583
132 626
133 311
133 427
133 829
134 993
135 220
135 482
136 248
136 465
137 275
137 883
138 625
138 633
138 645
138 875
139 197
139 363
140 225
140 359
141 486
142 502
142 795
142 842
143 443
143 519
143 772
144 797
144 841
145 223
145 382
147 307
147 468
148 598
148 999
149 215
150 179
150 945
151 404
151 644
151 724
152 272
152 640
152 732
153 280
153 626
153 757
153 808
154 683
155 347
155 404
156 465
157 402
157 966
157 988
158 537
159 307
160 503
160 626
160 837
161 399
161 829
161 859
162 258
162 518
162 655
163 261
163 654
163 710
163 990
164 181
164 322
164 345
164 866
165 989
165 997
166 731
167 304
168 552
168 989
169 193
169 820
169 950
169 967
170 402
170 437
171 377
172 241
172 275
173 184
173 606
174 497
175 265
175 318
176 238
176 323
176 796
176 851
176 852
177 788
178 327
178 739
179 252
179 353
179 866
180 378
181 351
181 356
182 502
183 676
183 836
183 903
184 886
185 854
187 365
187 700
188 277
188 495
188 629
189 942
190 717
190 808
191 522
192 211
192 621
192 877
193 351
193 999
194 799
194 913
194 954
195 210
195 558
195 669
196 871
196 875
197 511
198 312
199 976
200 980
201 346
201 807
202 250
202 739
202 862
203 299
203 984
204 277
204 600
204 727
204 887
205 689
205 948
206 436
206 487
207 292
208 684
208 960
209 486
209 499
210 400
210 705
210 864
211 372
211 765
212 335
212 345
212 361
212 427
212 504
212 708
212 761
212 781
213 413
213 540
213 627
213 656
214 644
215 531
215 712
215 789
216 872
217 464
217 975
218 564
219 433
220 268
220 470
220 478
220 490
221 620
222 501
222 576
222 640
222 649
222 765
224 722
224 904
224 921
225 917
226 292
226 307
226 371
226 699
226 757
227 331
227 941
228 446
228 477
229 419
229 590
229 696
230 460
230 634
232 776
233 279
233 418
233 925
233 984
234 688
234 829
235 762
236 292
237 339
237 488
237 617
238 640
238 705
239 303
239 777
239 892
239 924
240 895
241 613
241 798
241 970
242 373
244 567
244 805
245 936
246 282
246 432
246 732
246 806
246 912
246 932
247 786
247 923
248 297
248 323
248 433
248 931
249 292
249 567
251 499
251 774
252 505
253 378
253 730
253 768
255 394
255 414
255 582
256 312
256 761
256 769
257 597
258 902
259 581
259 605
260 424
260 848
261 463
261 958
262 701
263 393
263 610
264 452
264 918
264 962
265 544
265 588
265 669
266 590
266 667
266 750
267 433
267 435
268 583
268 726
268 763
269 293
269 637
269 737
269 951
270 487
270 729
270 980
271 308
271 530
271 812
272 485
272 616
272 639
272 850
273 624
273 768
273 878
274 635
274 684
274 910
275 639
276 338
276 493
276 741
276 875
277 554
277 872
278 747
278 853
278 938
279 660
279 667
279 687
279 880
280 330
280 666
281 954
282 445
282 537
283 477
283 806
283 987
284 632
285 751
286 440
286 505
286 717
287 900
289 374
289 407
289 799
290 295
290 897
290 965
291 511
291 515
291 683
291 951
291 970
292 330
292 339
293 613
293 766
293 956
294 389
294 789
294 966
295 449
295 525
297 926
298 451
298 701
298 850
298 929
299 818
300 528
300 582
300 735
302 312
302 333
302 411
302 607
303 356
303 471
303 866
304 350
304 506
305 708
305 766
305 858
306 403
306 498
306 640
307 406
308 568
309 512
309 533
309 557
309 559
309 705
309 775
310 577
310 860
311 367
311 382
312 332
313 370
313 373
314 492
315 392
316 522
316 620
316 697
317 485
317 543
317 756
317 810
318 887
319 375
319 424
319 552
320 527
320 773
321 453
321 760
323 390
323 448
323 809
323 845
324 561
325 458
325 953
326 632
326 692
326 749
327 328
327 717
327 762
328 343
329 673
330 449
330 457
330 877
331 844
331 910
332 610
333 805
334 362
334 370
335 636
335 776
335 883
336 484
337 379
337 444
337 455
337 603
337 683
337 818
337 931
338 397
338 982
339 493
339 583
339 686
340 989
341 487
341 537
342 668
342 877
342 932
343 932
344 652
345 552
345 763
345 977
346 357
346 572
346 703
347 424
347 506
347 661
347 807
348 475
348 641
348 751
348 818
348 836
348 978
350 375
350 555
351 488
352 534
352 816
353 406
353 442
353 548
353 884
354 402
354 934
355 399
355 745
355 879
356 907
356 911
356 991
357 388
357 497
357 695
358 492
358 510
358 891
359 746
360 624
363 711
363 899
364 545
365 651
366 676
366 697
367 457
367 587
368 801
368 997
369 402
369 476
369 819
370 604
370 716
371 515
371 718
371 990
372 378
372 433
373 681
374 411
374 489
374 864
376 615
376 975
377 497
377 669
378 591
378 704
378 743
379 435
379 510
379 553
379 940
380 420
381 873
381 954
382 397
382 645
382 776
383 855
384 422
384 738
385 410
385 571
385 677
385 750
385 813
385 875
386 667
387 484
387 694
387 967
387 977
388 412
388 500
388 875
389 473
389 524
391 780
391 849
392 850
392 871
393 548
393 875
393 937
393 949
396 439
397 613
398 905
398 933
398 974
399 683
400 593
400 943
401 585
401 619
402 454
403 632
403 994
404 617
405 657
405 909
406 577
407 591
407 664
408 432
408 507
410 483
410 631
411 782
411 910
412 638
412 962
413 694
413 986
414 581
414 895
415 659
415 698
416 492
416 749
416 763
416 879
417 752
418 585
418 975
420 611
422 606
422 635
423 464
423 535
423 884
423 961
425 469
425 790
425 976
426 453
426 768
426 777
427 572
427 584
428 859
429 536
429 922
430 518
430 686
430 773
431 442
431 713
432 662
433 602
434 536
434 723
436 805
437 650
439 608
441 617
442 555
443 466
444 474
444 842
445 854
445 885
446 556
446 898
447 594
448 992
449 604
450 618
450 773
451 746
451 813
452 663
453 994
454 725
455 721
456 893
457 602
457 659
458 686
458 943
458 990
459 527
459 575
459 820
459 875
459 947
461 534
461 670
462 856
463 788
464 737
464 866
465 547
467 694
467 765
469 510
470 789
470 853
470 979
475 558
476 890
478 513
478 874
479 555
479 614
479 808
480 841
480 847
482 763
485 548
485 588
485 599
487 566
487 822
487 893
489 530
489 916
490 579
490 719
490 861
492 499
492 555
492 923
493 508
493 653
493 665
493 666
493 903
495 523
495 599
495 642
495 897
495 983
495 989
496 665
496 682
496 781
496 821
497 641
497 768
497 983
498 727
499 556
499 972
500 715
501 925
503 537
503 620
503 897
503 898
504 737
505 938
505 953
506 623
506 810
506 841
507 945
508 767
508 782
508 997
509 911
510 845
510 981
510 995
512 616
512 677
512 816
512 823
513 600
513 672
513 737
514 743
514 744
514 848
514 918
514 944
514 999
515 863
516 907
517 738
517 743
518 903
518 942
519 552
520 986
521 691
521 750
523 662
524 839
526 570
526 583
526 891
526 983
528 712
529 789
530 739
532 568
532 680
532 789
533 856
535 605
535 954
536 927
536 938
537 710
537 927
538 974
538 986
539 845
539 871
539 906
539 948
540 619
540 702
540 731
541 646
542 610
544 590
544 741
544 923
544 975
545 920
546 814
546 873
546 983
549 576
550 620
550 678
551 554
551 951
552 584
552 883
553 668
554 828
555 948
556 760
557 673
559 700
560 714
560 806
561 762
562 639
563 988
564 614
564 769
565 637
565 640
566 594
566 786
566 963
567 575
567 971
569 651
569 698
570 816
571 600
571 751
573 942
574 735
574 746
575 642
575 675
575 836
577 657
578 637
578 792
578 943
579 709
580 831
581 943
582 857
583 717
583 759
583 904
585 799
586 706
586 820
587 690
587 756
587 977
589 744
589 755
589 845
589 846
590 838
591 666
592 886
592 932
593 782
594 993
596 695
596 703
596 791
597 656
599 617
600 671
601 700
601 721
603 697
603 749
605 980
606 969
609 688
609 906
609 919
611 984
612 801
612 812
614 655
614 753
615 739
615 878
616 797
617 632
620 896
620 973
621 625
621 803
621 918
622 745
624 915
626 916
627 945
628 804
628 916
630 809
631 834
634 657
634 750
635 656
636 912
637 710
637 738
638 950
640 650
640 676
641 745
641 812
641 835
642 851
642 992
643 703
643 782
643 942
643 961
644 867
645 997
646 818
646 863
647 702
647 831
648 838
649 783
650 743
651 963
652 857
655 656
655 960
655 996
656 866
659 771
660 809
661 778
662 731
663 728
663 816
665 998
667 849
667 888
668 716
668 887
668 898
671 693
671 815
674 693
674 754
674 950
675 838
675 977
676 755
678 756
678 986
679 897
679 938
680 841
682 966
683 993
684 764
684 867
685 733
686 998
687 807
689 864
690 750
691 728
691 794
693 736
694 827
694 964
695 764
695 776
696 835
696 936
697 815
697 959
698 763
698 837
699 752
699 767
701 876
702 833
703 768
704 706
704 779
705 771
707 767
707 901
710 903
710 950
711 888
715 830
715 886
716 783
719 770
720 997
721 968
722 955
723 733
723 762
723 916
724 737
726 876
727 946
727 983
728 732
729 908
730 828
731 813
732 909
734 773
734 934
735 783
736 768
736 770
736 850
738 784
739 743
740 750
745 832
746 953
747 984
748 945
755 935
756 968
758 942
758 991
763 858
765 986
767 897
768 889
769 789
769 807
769 974
774 933
774 934
775 822
775 875
777 991
779 945
780 921
781 830
782 942
783 991
785 789
787 793
787 927
789 907
790 834
790 940
793 916
795 832
800 995
803 819
803 937
803 995
805 841
805 863
811 881
816 957
816 985
817 972
821 984
824 826
825 826
828 939
840 909
841 952
842 947
844 939
846 903
848 924
853 868
853 942
855 963
865 941
874 880
876 896
876 981
878 880
884 902
886 952
892 895
896 973
903 909
909 945
909 949
912 977
913 977
913 996
920 957
921 969
923 998
925 977
925 983
927 929
930 940
938 996
943 999
949 973
954 955
956 961
964 988
965 969
0
10 999
