1000	1518	 1
0 228
0 321
0 354
0 425
0 906
0 982
1 502
1 847
2 123
2 304
2 321
3 755
4 481
4 549
4 562
4 914
5 255
5 374
5 621
5 925
6 341
6 422
6 705
7 230
7 524
7 941
8 121
9 89
9 184
9 446
9 771
9 777
9 863
10 564
10 819
10 900
11 458
11 957
12 229
12 663
12 687
12 721
12 853
13 186
13 272
13 434
13 441
13 760
13 772
14 135
14 238
14 367
14 766
15 457
15 672
15 709
16 208
16 269
16 313
16 390
16 577
16 648
16 661
16 666
16 891
17 737
18 108
18 186
18 244
18 250
18 404
18 613
19 155
19 306
20 94
20 138
20 983
21 176
21 279
22 195
22 247
22 606
23 435
23 568
24 379
25 113
26 451
26 793
26 900
27 38
27 227
27 368
27 529
27 835
27 861
28 403
29 182
29 257
29 399
30 210
30 264
30 312
30 780
31 253
31 361
31 502
32 44
32 81
32 153
32 497
32 952
33 55
33 75
33 107
33 114
33 695
33 935
34 90
34 103
34 146
34 309
34 360
34 548
34 567
35 636
36 338
37 598
38 287
39 499
39 816
40 475
40 633
40 772
40 801
40 893
41 268
41 998
42 399
42 516
42 612
42 828
43 131
43 298
43 353
43 552
44 73
44 650
45 512
45 967
46 647
46 957
47 378
47 566
47 612
48 563
48 627
48 948
49 173
49 868
50 260
50 298
50 466
50 553
50 614
50 939
51 218
51 265
51 281
51 444
52 202
52 398
52 525
52 980
52 999
53 230
53 703
54 404
54 646
54 850
54 886
55 505
55 669
56 330
56 351
56 597
56 697
57 621
57 708
57 891
58 63
58 654
59 804
60 317
60 351
60 660
60 784
61 203
61 320
62 88
62 553
62 724
63 929
64 679
65 428
65 664
66 177
66 713
67 560
67 886
67 961
68 603
68 776
68 856
68 936
69 111
69 178
69 435
70 641
70 840
71 584
71 882
72 557
72 738
72 844
73 292
73 328
73 671
74 85
74 601
75 543
75 647
75 961
76 260
76 275
76 423
76 446
76 487
76 714
76 773
77 119
77 718
77 745
78 744
79 240
79 316
79 677
80 95
80 632
80 685
81 237
81 530
81 539
81 747
81 852
82 581
83 220
83 367
83 559
84 302
84 316
85 990
86 160
86 313
86 572
86 982
87 98
87 457
88 307
88 443
89 175
89 417
89 677
89 726
90 765
91 218
91 319
91 341
92 166
93 172
93 305
93 340
93 915
94 486
94 699
94 715
94 956
95 413
95 416
95 505
95 608
96 183
96 184
96 251
96 283
96 712
97 229
97 611
98 227
98 398
99 231
100 353
101 239
101 876
102 138
102 758
103 161
103 266
103 361
103 370
103 575
103 644
104 724
104 885
105 577
105 639
105 839
106 143
106 598
107 331
107 362
107 599
107 602
107 990
108 880
109 290
109 784
109 828
109 883
109 906
110 137
110 773
111 261
111 372
111 510
111 858
111 992
112 147
112 201
113 283
113 412
113 485
113 840
114 303
114 675
114 958
115 231
115 750
115 988
116 133
116 199
116 522
116 669
116 674
117 225
117 473
117 785
118 339
118 795
119 450
119 556
120 742
120 772
120 997
121 338
121 509
122 482
122 657
123 197
123 470
124 673
125 265
125 274
125 355
125 438
126 130
126 177
126 279
126 411
126 496
126 662
126 789
127 299
127 722
128 284
128 319
129 367
129 781
131 384
131 897
132 198
132 705
133 367
133 726
133 860
134 355
134 550
134 917
134 985
135 406
135 846
136 238
136 363
136 501
136 544
136 741
136 977
137 601
137 698
138 619
138 626
139 343
140 758
141 248
141 899
141 975
142 461
142 967
143 284
144 272
144 297
144 555
145 175
145 186
145 244
145 416
145 916
146 210
146 233
146 366
146 587
147 435
147 459
147 630
148 178
148 269
148 559
148 744
148 810
149 830
150 578
150 857
151 314
151 325
151 406
152 610
152 665
153 553
154 216
154 663
155 193
155 284
155 508
155 775
155 856
156 169
156 328
156 765
156 943
157 785
158 205
158 616
158 728
158 880
159 672
161 236
162 266
162 344
162 587
162 597
162 936
163 500
163 718
163 948
164 255
164 491
164 857
165 270
165 344
166 213
166 315
166 557
166 807
167 357
167 376
167 716
168 170
168 592
168 775
168 777
169 267
169 487
169 663
169 956
170 586
170 968
171 418
171 741
172 616
172 618
173 331
173 375
173 804
174 208
174 253
174 359
174 475
174 655
174 821
175 391
175 401
175 569
175 668
176 279
177 319
177 471
177 486
177 489
177 602
177 624
177 747
177 946
178 197
179 530
179 606
179 708
180 284
180 649
180 691
180 991
181 280
182 659
182 720
182 869
183 528
184 638
185 474
185 805
186 742
187 410
188 583
189 696
190 722
190 996
191 521
191 611
192 370
192 424
192 921
193 837
193 842
194 272
194 767
194 940
195 417
195 639
196 438
196 907
197 633
197 658
197 736
197 975
198 366
198 683
198 907
199 450
199 554
199 927
200 352
200 461
200 490
200 993
201 322
201 382
201 422
201 745
202 358
202 919
203 228
203 632
203 731
203 784
203 792
203 886
204 318
204 339
205 748
205 841
205 908
206 339
206 707
206 934
207 948
208 570
208 580
208 901
209 544
209 881
210 422
210 678
210 874
210 985
211 537
211 589
211 698
211 713
211 866
212 938
213 775
213 920
214 301
214 922
214 963
215 799
215 979
216 323
216 631
216 770
217 700
217 766
217 817
217 844
217 906
219 916
221 233
222 507
222 624
223 781
224 226
224 923
225 581
225 937
226 256
226 600
226 716
227 379
227 394
228 463
228 508
228 803
231 235
231 360
231 407
231 520
231 720
232 341
232 428
232 627
232 692
232 766
233 375
233 453
233 660
234 293
235 853
236 261
236 305
237 261
237 377
237 709
237 893
238 401
239 516
241 931
242 449
242 515
242 685
242 963
243 386
243 520
243 675
243 792
243 903
243 982
244 538
244 629
244 933
245 566
246 294
246 308
246 437
246 906
247 421
247 574
248 498
248 814
249 341
249 799
250 479
250 653
251 321
251 368
251 434
251 455
252 289
252 398
252 568
253 268
253 472
253 516
253 655
253 758
253 917
254 280
254 523
254 916
255 326
255 726
255 944
256 368
256 563
256 704
256 797
256 899
257 702
258 436
258 809
259 635
260 609
261 423
261 513
261 896
262 470
262 572
262 943
262 979
263 466
263 967
264 407
264 848
266 685
267 270
267 559
268 401
268 827
269 296
269 714
269 799
271 544
271 794
271 977
272 375
272 640
272 737
272 834
273 365
273 519
273 641
273 670
273 934
274 832
274 874
276 545
276 967
277 547
277 576
277 944
278 315
278 462
279 290
279 771
280 759
280 765
280 827
281 332
281 503
282 989
283 623
283 782
284 331
285 558
285 577
285 725
286 324
286 566
288 309
288 558
288 624
289 790
290 614
291 407
292 335
292 988
293 316
294 890
295 796
295 960
295 978
296 679
297 651
298 888
299 338
299 374
299 396
299 830
300 375
300 470
300 592
300 815
302 328
302 490
302 562
302 937
303 337
303 666
304 385
304 788
305 474
305 954
305 959
306 609
307 424
307 619
308 725
308 995
309 797
310 319
311 581
312 595
313 393
313 476
313 679
313 773
314 362
314 498
314 739
315 750
316 547
316 615
316 687
316 769
317 371
317 605
318 444
318 657
318 961
320 964
321 585
321 591
322 681
322 846
322 879
322 998
323 440
324 728
324 904
326 525
327 810
327 880
328 551
328 560
328 573
329 359
329 842
329 905
330 534
330 698
330 991
331 457
331 733
331 827
331 937
331 974
332 773
332 841
332 966
333 807
333 991
334 443
334 618
335 428
335 552
335 661
335 800
336 372
336 445
337 825
337 875
338 622
339 437
340 768
340 904
340 931
341 933
342 356
342 984
343 373
343 783
344 735
344 941
345 387
345 529
346 667
346 883
347 923
348 461
348 835
348 867
348 894
349 405
349 840
349 955
350 436
350 464
350 570
350 936
351 454
351 850
352 422
352 876
353 818
354 678
355 843
356 531
357 919
359 739
359 753
362 593
362 847
362 982
364 419
366 721
366 755
366 993
367 479
367 862
367 929
367 962
368 376
369 487
369 810
369 823
371 453
371 710
371 997
372 514
373 448
373 688
374 700
374 769
374 808
375 846
375 878
375 969
376 509
376 808
378 816
379 428
379 865
379 915
379 932
380 421
380 514
380 593
380 970
381 851
381 856
381 865
382 438
383 410
383 689
385 482
385 639
385 795
386 961
387 718
387 729
387 939
388 598
388 619
388 658
389 483
389 735
390 582
391 543
392 416
392 626
393 410
394 431
394 567
395 477
396 438
396 731
397 568
398 570
398 878
399 618
400 992
402 581
402 784
402 994
403 415
403 618
403 690
406 418
406 658
406 675
406 792
406 905
407 752
408 620
408 762
409 875
409 911
410 451
410 490
410 625
410 907
411 457
411 541
411 896
412 548
412 620
413 455
413 924
414 766
414 880
415 824
416 766
417 596
418 585
418 868
419 784
419 796
419 949
420 634
421 719
421 778
422 538
424 678
426 488
426 520
427 508
427 554
427 661
428 779
428 944
429 873
430 511
430 515
430 565
430 882
432 962
433 696
434 663
434 691
435 507
437 635
437 834
438 688
438 909
439 784
439 988
440 750
440 928
442 536
442 882
443 744
443 933
445 484
445 622
447 499
447 643
447 728
447 788
448 695
448 928
449 455
449 474
451 654
452 925
453 545
454 500
454 530
455 541
456 848
457 468
457 747
458 646
460 550
460 879
461 577
461 904
462 795
462 891
463 801
464 739
464 819
465 647
467 552
467 802
467 998
468 478
468 549
468 669
469 577
469 911
470 519
470 650
470 815
470 877
473 544
473 648
473 723
474 503
474 914
475 509
477 901
478 524
478 604
480 677
481 753
482 519
482 563
483 845
483 950
486 821
487 770
489 522
492 921
493 808
494 753
494 888
495 651
496 551
498 534
499 926
499 942
500 989
502 856
502 951
503 600
503 636
504 866
504 945
505 941
506 832
507 973
508 736
509 516
509 544
510 756
510 768
511 802
513 725
513 939
513 964
514 529
516 633
517 917
518 526
518 567
518 585
518 870
519 657
520 886
520 897
520 974
521 696
522 640
522 870
523 621
523 710
523 798
524 888
525 686
525 912
525 953
526 751
527 551
529 546
529 636
531 583
531 615
532 571
532 689
532 807
532 945
533 539
533 556
533 688
534 699
534 742
534 809
535 648
538 731
540 891
541 958
542 571
543 749
543 869
543 873
544 594
544 706
545 949
546 982
547 684
547 923
548 608
549 589
549 988
550 654
550 893
551 669
552 645
552 797
553 597
554 657
554 961
555 737
555 903
556 657
560 593
561 581
561 836
561 912
561 944
562 718
562 853
562 908
563 707
563 895
565 867
566 673
566 938
567 655
568 707
568 725
568 762
569 843
572 648
572 777
574 829
574 893
575 754
577 859
578 849
579 766
580 875
580 896
581 783
581 799
582 965
583 767
583 852
584 897
587 778
587 804
588 680
588 789
590 752
591 768
592 676
592 687
592 737
592 748
594 904
596 733
597 935
598 789
599 660
601 895
601 951
605 614
605 644
606 922
606 975
607 840
609 786
611 734
611 851
611 962
612 640
612 785
612 910
613 807
614 994
615 754
616 921
616 960
616 981
617 909
619 773
620 767
620 950
622 676
623 677
624 636
625 710
627 749
628 702
628 747
630 673
630 953
631 860
632 634
632 740
633 935
634 889
634 907
635 970
636 763
636 957
637 904
638 879
638 979
639 893
640 822
640 863
641 960
642 943
643 761
643 809
643 847
643 883
647 712
648 652
649 670
649 730
649 754
649 789
650 711
651 797
651 859
653 975
655 857
656 766
656 892
657 722
657 947
657 948
659 787
659 930
661 847
663 856
663 864
664 881
664 972
664 995
665 791
666 682
667 871
668 927
669 803
670 807
671 928
671 941
673 887
673 911
673 951
674 845
674 865
676 694
676 991
677 820
678 732
679 871
680 777
683 706
683 727
685 816
686 929
686 945
689 814
689 846
690 816
690 832
691 707
691 727
691 733
693 716
693 787
694 760
694 835
694 872
695 742
695 838
696 797
696 833
696 884
697 787
697 856
697 899
698 702
699 901
700 729
700 896
701 845
702 831
702 860
702 973
703 951
703 990
704 721
704 727
705 757
705 883
708 968
709 999
710 902
714 984
716 961
717 729
717 826
719 784
720 779
721 955
724 756
724 866
724 936
726 773
728 776
731 834
732 844
734 806
737 740
738 764
738 947
742 813
743 789
743 944
743 949
744 805
744 859
746 757
746 990
748 982
749 871
751 972
752 754
752 979
753 920
755 758
755 845
760 906
761 823
761 876
761 879
761 937
763 799
764 814
765 889
766 841
768 813
768 866
768 914
769 976
770 968
774 841
774 941
774 997
775 969
777 916
778 927
782 875
785 923
786 987
788 937
788 948
791 907
793 811
794 922
797 957
798 826
801 909
807 824
808 929
810 834
812 997
818 827
819 902
821 986
822 968
828 913
828 944
832 904
833 871
836 982
838 875
838 909
839 896
842 849
842 928
844 947
848 968
849 987
850 929
853 932
854 879
854 965
854 989
855 994
859 971
861 997
869 978
870 883
870 937
871 903
877 939
879 968
884 977
887 981
890 902
892 959
893 972
898 958
908 968
913 980
915 946
918 966
923 997
924 982
928 931
930 987
934 985
939 987
959 979
966 994
981 995
0
10 999
