1000	1521	 1
0 492
0 783
0 794
0 978
1 235
1 692
1 766
1 905
1 934
2 421
2 584
3 298
3 558
4 563
4 596
5 254
5 320
5 574
5 734
5 977
6 282
6 623
6 920
7 109
7 110
7 132
7 185
7 629
8 135
8 361
8 857
8 885
8 935
9 612
9 823
10 339
10 505
10 929
11 114
11 548
11 725
11 831
12 350
12 736
13 24
13 185
13 937
14 80
14 139
14 631
15 502
15 558
15 784
16 245
16 691
17 123
17 319
17 606
18 141
18 205
18 891
19 179
19 371
19 565
19 999
20 71
20 154
20 570
21 392
21 418
21 721
22 323
22 768
23 656
23 746
23 818
23 908
24 376
25 249
25 275
25 624
25 859
26 299
26 612
27 188
27 239
27 642
27 831
28 409
29 261
29 379
29 395
29 443
29 655
29 888
30 595
31 383
31 389
31 426
31 745
31 775
32 370
32 498
32 520
32 689
33 598
33 800
34 386
34 467
34 530
34 675
34 811
34 833
35 99
35 107
35 672
35 799
36 439
36 736
37 163
37 297
37 423
37 525
37 763
37 915
38 163
38 869
39 863
40 209
40 342
40 389
40 513
40 977
41 131
41 313
41 548
41 726
41 825
41 984
42 211
43 162
43 188
43 515
44 390
44 653
44 927
45 239
45 336
45 464
45 525
46 134
46 368
46 478
46 686
47 544
47 611
48 597
48 858
49 200
49 265
49 471
49 838
50 395
51 54
51 181
51 730
52 576
52 621
53 315
53 358
54 506
54 862
55 387
55 986
56 419
56 451
56 504
56 713
56 813
56 850
56 862
57 424
57 627
58 127
58 429
58 974
59 117
59 174
60 214
60 951
61 101
61 369
61 462
61 696
61 851
61 917
62 69
62 833
63 766
63 983
64 248
64 619
65 80
65 539
66 182
66 189
66 495
66 719
67 309
67 876
68 155
68 566
68 688
69 614
69 657
69 711
69 839
69 888
69 902
70 250
70 324
71 375
71 618
72 313
73 178
74 549
74 915
74 941
75 661
75 877
75 995
76 229
76 506
77 290
78 431
78 503
79 527
79 610
79 821
79 912
80 162
80 422
80 450
80 931
81 377
81 499
81 770
82 150
82 520
83 635
83 927
84 175
84 565
85 286
85 401
85 721
85 854
85 885
86 289
86 329
86 412
87 593
87 698
87 965
88 139
88 317
89 747
89 904
90 235
90 435
90 475
91 501
91 982
92 478
92 560
93 468
93 530
93 644
93 832
94 128
94 845
95 818
96 195
96 716
97 506
97 618
98 437
98 481
98 878
99 258
99 414
99 589
99 811
99 888
100 888
100 899
101 440
101 979
102 287
102 506
102 570
102 839
103 231
103 607
104 106
104 193
104 272
104 318
104 596
105 146
105 214
105 583
106 174
107 721
108 404
109 283
109 518
109 638
109 707
109 812
110 688
110 956
111 503
111 779
112 409
112 600
112 779
113 345
113 724
113 877
113 907
114 464
114 847
115 374
115 425
115 448
115 638
116 412
117 224
117 436
117 802
117 993
118 711
118 745
118 872
119 216
119 328
119 367
119 532
119 850
120 474
121 144
121 283
121 436
121 480
121 696
121 699
122 209
122 287
122 444
123 518
123 767
124 460
124 999
125 289
125 399
126 348
126 588
127 246
127 360
127 594
127 707
127 947
129 176
129 496
129 630
130 318
130 643
130 806
131 212
131 686
132 617
132 782
132 882
133 296
133 301
133 826
133 985
134 627
134 810
134 817
134 853
135 383
135 537
135 965
136 143
136 384
136 722
136 846
136 851
136 983
137 667
138 288
138 349
138 803
139 211
139 876
139 968
140 214
140 610
140 638
140 700
141 267
142 414
143 298
143 747
144 621
144 661
144 895
144 952
145 725
145 946
146 334
147 508
147 796
147 839
147 857
147 968
148 194
148 312
148 720
149 206
149 252
149 564
149 800
150 409
150 751
151 410
151 627
152 385
152 410
152 624
153 734
153 975
154 228
154 699
154 764
155 531
155 659
156 160
156 715
157 251
157 421
157 676
158 344
158 733
159 652
159 798
160 455
160 532
160 629
160 760
161 566
162 691
162 694
162 827
163 337
163 663
163 813
163 838
164 359
164 441
164 619
165 389
165 785
166 419
166 653
166 920
166 937
167 461
167 616
168 702
168 857
169 382
169 403
169 603
170 580
170 641
171 970
172 627
172 755
173 306
173 675
175 414
175 759
175 984
176 416
177 307
177 665
177 852
177 959
178 448
178 754
179 278
179 618
179 828
180 425
180 587
180 990
181 440
181 722
182 417
182 837
182 872
182 998
183 680
183 935
184 265
184 324
184 379
184 409
184 802
185 316
185 578
186 361
186 439
187 371
187 621
189 452
189 478
190 308
190 635
190 807
190 912
190 959
191 256
191 794
192 987
193 275
193 326
193 582
194 197
194 286
194 360
194 856
195 739
195 860
196 545
196 609
196 785
198 333
199 693
200 227
201 428
201 641
201 670
201 700
201 744
201 835
202 443
202 836
203 381
203 737
203 740
203 748
203 875
204 874
205 526
205 674
206 217
206 392
206 899
207 230
207 580
208 481
209 350
209 679
209 729
210 574
210 670
211 836
212 432
212 518
212 774
213 774
214 306
214 334
214 853
215 335
215 510
215 630
215 748
215 835
215 997
216 625
216 711
216 842
217 291
218 380
218 389
218 740
219 333
219 497
219 794
220 466
220 993
221 364
221 903
221 926
222 411
222 891
223 226
223 741
225 348
226 352
226 753
227 310
227 506
227 628
227 736
229 407
230 251
230 263
230 482
230 965
231 589
231 834
232 930
232 976
233 533
233 918
233 928
234 531
234 587
235 270
236 256
236 451
236 571
237 511
237 919
238 783
239 700
239 930
240 406
240 811
241 414
241 647
241 906
242 465
242 550
242 985
243 587
243 607
243 954
244 723
245 347
245 376
245 791
246 340
246 424
246 835
246 896
247 598
247 647
248 557
248 925
248 934
249 304
249 766
249 878
249 996
250 496
250 654
251 332
251 632
251 703
252 374
252 542
252 552
252 646
252 691
253 411
253 874
254 436
254 476
255 851
256 682
256 898
257 310
257 518
257 889
258 592
258 616
259 871
259 943
259 971
260 415
260 484
261 459
261 792
262 448
262 760
263 275
263 681
263 756
263 815
264 821
264 948
265 437
265 680
265 716
265 849
266 289
266 589
266 774
267 315
267 574
267 630
268 624
269 370
269 685
269 843
269 864
270 771
271 813
272 972
273 492
273 969
274 411
276 293
276 423
276 467
276 636
277 361
277 626
278 964
279 837
279 882
280 357
280 551
280 917
280 988
281 533
281 714
282 365
282 923
284 824
285 382
285 596
285 605
286 384
286 615
286 803
286 971
287 317
287 908
288 457
288 472
289 362
289 413
290 620
290 622
290 649
290 780
290 785
291 470
291 544
291 765
291 955
291 971
292 298
293 315
293 391
293 934
294 534
294 902
295 347
295 685
295 797
296 669
297 487
297 667
297 737
297 905
298 482
298 770
299 671
300 812
300 857
302 615
302 776
302 865
303 956
304 682
304 877
305 314
305 585
306 329
308 546
308 854
308 940
308 980
309 396
309 460
309 822
309 874
309 909
310 481
311 513
311 893
312 601
312 857
313 901
313 982
314 490
314 556
315 940
317 626
317 927
319 796
319 840
320 750
320 971
321 479
321 965
322 399
322 566
322 706
322 891
322 927
323 482
323 490
323 587
324 541
324 655
324 769
325 606
326 484
326 553
326 703
327 420
327 450
327 524
327 525
327 927
329 405
329 529
329 770
330 858
330 903
331 725
331 792
331 942
332 640
332 706
332 894
332 912
333 472
333 679
333 690
335 907
338 817
338 970
338 991
339 946
341 473
341 628
341 932
342 559
342 773
343 361
343 584
344 564
344 807
344 892
344 899
346 373
346 509
348 387
348 708
349 350
349 581
350 638
350 684
351 401
351 873
351 902
352 864
352 960
352 992
353 595
353 790
354 738
354 814
355 433
356 690
356 758
357 598
357 609
358 531
359 525
359 620
359 712
359 987
360 742
360 834
361 536
361 601
361 814
362 568
362 596
362 798
362 864
363 544
363 637
365 449
366 465
366 755
366 787
367 982
368 514
368 598
369 458
370 674
370 680
370 871
371 722
371 950
372 519
372 784
373 405
373 687
373 733
374 472
374 760
375 474
375 573
375 661
376 968
377 521
377 885
377 895
378 940
378 985
379 653
379 880
380 623
380 726
381 475
381 720
381 743
382 547
382 695
384 857
384 942
385 669
386 446
387 504
387 588
388 417
388 733
388 893
388 905
388 920
389 607
389 721
390 608
390 990
393 397
393 613
393 969
394 793
394 816
394 858
395 548
395 628
395 819
395 960
397 939
397 946
397 949
398 602
398 691
399 651
399 960
400 538
400 797
400 900
400 930
400 979
401 600
402 703
402 720
403 687
404 443
405 533
405 669
406 654
406 809
406 857
406 919
406 957
407 551
408 460
408 958
409 541
409 570
410 479
410 503
410 583
410 645
410 778
411 933
412 827
412 846
413 791
414 507
414 511
414 709
414 805
415 757
416 940
417 603
417 749
418 766
418 824
419 842
421 564
421 718
422 458
424 433
424 621
424 669
425 881
426 925
427 545
427 742
427 774
428 840
429 447
429 476
430 443
430 523
430 634
430 682
431 528
432 701
432 854
433 484
433 940
434 485
434 532
436 536
436 742
437 738
437 824
437 952
438 632
438 857
439 595
440 534
440 890
441 909
442 993
443 566
444 485
444 528
444 781
445 599
446 537
446 715
446 903
446 936
447 973
448 456
448 543
448 594
449 930
450 761
450 972
451 485
451 638
451 704
453 854
453 875
453 900
454 936
456 947
457 553
457 569
457 633
457 961
458 469
459 900
459 987
460 925
462 829
463 543
463 567
464 573
464 581
464 680
464 798
464 850
465 999
466 884
467 604
467 978
468 785
468 805
469 763
469 934
469 941
469 961
470 961
471 858
472 959
474 563
474 618
474 629
474 963
474 984
476 573
477 918
477 946
478 938
479 886
480 514
480 579
481 556
481 648
481 872
482 669
483 867
483 961
484 661
484 831
485 500
485 588
485 858
486 831
487 604
487 875
488 746
488 975
489 698
490 986
491 949
493 547
494 537
494 992
495 826
496 810
496 953
497 688
497 975
499 528
499 881
499 917
500 592
500 832
503 626
503 790
503 867
506 783
507 636
508 862
509 521
509 550
509 802
509 979
511 627
511 670
512 545
514 969
515 523
515 986
516 570
516 882
517 880
518 529
519 645
519 762
519 839
520 822
521 635
521 702
522 592
524 930
524 986
525 776
526 771
527 646
527 825
529 859
529 892
529 933
529 972
530 646
530 985
531 546
531 767
532 680
532 998
534 735
534 801
534 830
535 701
536 769
538 847
539 606
539 683
539 727
539 808
539 967
540 616
540 618
540 639
540 670
540 994
541 623
541 931
543 878
543 883
544 815
544 922
545 607
545 631
545 849
545 912
547 987
548 596
549 855
549 879
550 628
550 633
550 695
550 789
551 844
552 852
552 992
553 666
553 668
554 706
554 762
554 968
555 734
555 752
557 930
558 848
559 695
560 841
561 796
562 999
563 978
566 606
566 809
567 735
568 866
569 855
569 920
569 937
571 665
572 658
572 866
572 953
574 665
574 784
574 911
575 767
575 879
577 990
578 749
578 908
578 910
581 917
582 621
582 695
582 939
583 851
583 914
584 724
584 795
585 670
586 749
587 656
589 600
590 637
591 772
591 811
593 856
594 725
594 963
595 899
595 917
596 639
597 768
599 985
600 692
600 696
601 868
603 627
603 988
604 717
605 986
608 820
609 630
612 650
613 629
614 761
614 795
614 956
615 714
616 660
616 929
616 936
617 832
617 901
619 624
620 621
620 799
620 961
621 770
622 859
623 754
623 858
623 938
624 891
624 925
625 812
626 650
627 837
630 865
632 850
632 908
634 953
637 911
639 715
642 786
642 802
643 700
643 784
646 750
647 764
649 963
650 802
651 730
651 871
652 798
653 786
654 673
657 660
658 703
658 906
661 870
662 724
662 755
662 814
663 714
664 767
665 981
667 888
668 787
669 914
670 698
670 904
672 984
674 683
674 744
674 759
675 865
677 878
678 921
679 962
680 736
680 990
681 956
681 992
682 841
684 807
686 948
687 898
690 923
690 926
690 942
691 943
693 697
693 868
693 923
693 934
694 723
694 873
694 902
696 758
696 888
697 862
700 705
702 710
703 987
708 764
709 822
709 852
709 949
710 837
712 948
712 983
712 992
716 935
718 726
718 774
718 775
718 842
724 863
724 881
728 748
728 838
729 861
730 773
730 914
731 762
732 860
736 848
738 765
738 805
738 967
739 945
741 930
746 910
747 966
751 818
751 998
752 816
752 980
755 929
756 852
758 935
758 993
759 768
759 794
761 957
762 804
765 839
765 953
766 829
766 862
767 891
767 986
769 781
769 838
772 858
774 918
777 796
777 996
778 916
781 872
782 981
786 949
788 842
788 984
789 970
791 944
792 986
793 865
796 902
799 802
799 816
800 986
804 883
804 965
805 962
806 910
809 879
812 891
813 824
813 896
813 937
814 975
819 860
822 967
825 841
831 876
833 997
835 924
836 868
838 913
840 943
840 986
844 926
845 869
848 877
853 877
854 897
855 990
859 944
865 895
870 892
872 926
880 904
881 889
881 900
884 907
887 895
887 959
891 933
899 916
902 970
904 966
906 908
907 963
913 961
918 960
921 948
921 957
924 941
928 982
930 945
932 956
962 966
966 989
980 993
991 999
0
10 999
