1000	1478	 1
0 412
0 612
0 635
0 723
0 783
1 98
1 886
2 402
2 596
3 460
3 643
3 828
3 909
3 926
4 93
4 200
4 333
4 467
4 600
5 367
6 476
6 681
6 707
7 293
7 717
7 833
8 878
9 10
9 356
9 396
9 658
9 787
9 944
10 220
10 656
11 610
12 214
13 153
13 373
13 844
14 313
14 614
14 786
15 163
15 515
16 106
16 732
16 872
17 742
17 922
18 319
18 574
18 645
18 897
19 312
19 629
19 925
20 534
20 666
20 701
20 839
20 862
20 967
21 457
21 522
21 746
22 564
22 605
22 810
22 826
23 570
23 936
23 986
24 121
24 143
25 126
25 139
25 605
26 868
26 920
26 931
26 934
27 639
27 715
28 174
28 262
28 887
29 176
29 772
30 405
30 418
30 473
30 599
30 958
31 125
31 220
32 410
32 700
33 107
33 231
33 954
34 418
34 814
35 101
35 408
35 497
36 496
36 546
36 741
36 775
36 831
37 165
37 171
37 543
38 39
38 99
38 489
38 784
38 936
39 128
39 490
39 744
40 171
40 374
40 549
41 609
41 613
41 773
41 953
42 578
43 454
43 865
44 56
44 448
44 526
45 557
45 655
45 827
45 960
46 151
46 459
46 510
46 526
46 539
47 495
47 557
47 578
47 636
48 51
48 228
48 765
48 864
49 496
49 532
49 771
50 333
50 706
50 751
51 170
51 709
51 827
51 878
52 67
52 263
53 236
54 256
54 274
54 404
54 802
55 504
55 774
55 862
55 964
56 242
56 626
57 73
57 220
57 354
57 521
57 867
57 989
58 604
59 370
59 933
59 968
60 458
60 612
60 666
60 784
61 527
61 544
62 337
62 880
62 966
63 77
63 226
64 108
65 124
65 172
65 350
65 501
66 142
66 224
67 80
67 780
67 972
68 159
68 285
68 602
68 696
69 569
70 123
70 393
70 426
70 470
70 674
70 874
70 965
71 332
71 892
72 350
73 160
73 509
73 641
73 651
74 220
74 388
74 468
74 681
75 177
75 215
75 671
75 882
76 258
76 582
76 731
76 929
77 79
77 237
77 628
78 330
79 491
80 347
80 434
80 485
80 590
81 240
81 269
82 687
83 121
83 721
83 923
83 942
84 236
84 435
85 89
85 986
85 997
86 512
86 923
87 241
87 338
87 582
87 861
88 678
89 539
89 573
89 811
89 979
90 589
90 649
91 209
91 356
91 738
92 331
92 498
92 580
92 585
92 893
93 936
94 104
94 786
95 120
95 350
96 353
96 423
96 657
96 938
97 130
97 568
97 934
97 995
98 266
98 857
99 233
99 355
99 441
100 351
100 394
101 710
102 536
102 561
103 179
103 543
103 651
104 188
104 291
104 405
105 177
105 226
105 287
105 800
106 185
106 260
106 440
106 484
106 845
108 200
108 392
108 682
108 816
108 819
108 839
109 211
109 213
109 540
109 681
110 605
111 380
111 620
111 649
111 871
111 921
112 264
113 311
113 582
113 647
114 466
114 699
114 709
114 841
115 275
115 577
115 686
115 876
115 940
116 540
116 606
117 259
117 774
117 878
118 158
118 433
118 551
118 661
119 198
119 848
120 896
121 617
122 605
122 669
122 731
123 417
123 911
124 195
124 994
125 816
125 970
126 747
127 522
127 647
128 609
128 864
129 414
129 550
130 327
130 535
130 948
131 650
131 748
132 175
132 428
132 762
132 779
133 444
133 825
133 901
134 460
134 725
134 887
135 278
136 307
136 618
137 416
137 462
137 784
138 282
138 661
138 693
139 233
139 303
139 436
140 424
140 482
140 783
140 922
140 931
141 261
141 729
141 829
141 836
142 173
142 585
142 978
143 783
144 686
144 957
145 188
145 668
146 905
147 389
147 704
148 423
148 460
148 967
149 174
149 306
149 571
150 184
150 430
151 242
151 598
152 236
152 349
152 575
152 759
153 228
153 794
154 182
154 770
155 223
155 385
155 798
156 237
157 411
157 696
158 414
159 211
159 517
159 826
160 263
160 980
161 172
161 427
161 819
161 825
162 221
162 294
163 286
163 515
163 823
163 945
164 310
164 963
165 324
165 535
166 266
166 581
166 935
167 821
167 854
168 194
168 310
168 362
168 739
169 271
169 444
169 687
170 481
171 220
171 949
171 958
172 256
172 698
172 990
173 256
173 529
173 897
174 262
174 419
174 822
175 333
175 497
175 715
176 585
176 987
177 958
178 268
178 898
179 769
180 588
180 704
180 882
181 314
181 629
181 879
183 261
183 449
183 807
183 969
184 907
185 213
185 400
185 483
185 849
186 191
186 228
186 283
186 536
186 654
187 712
187 848
187 928
188 861
188 941
188 947
189 345
189 392
190 380
190 934
191 476
192 307
192 337
192 863
192 919
193 340
194 251
194 318
195 689
195 910
196 447
196 452
196 595
196 713
196 937
197 877
198 676
199 887
200 545
200 809
200 837
201 963
202 246
202 247
202 372
203 398
203 419
204 926
205 744
205 826
206 366
206 728
207 263
207 797
207 954
208 954
209 216
209 885
210 332
210 386
210 519
210 538
211 341
211 722
211 728
212 536
212 825
213 398
213 500
214 221
214 226
214 358
214 631
214 819
215 860
216 824
217 376
217 597
217 919
218 628
218 667
218 806
218 836
219 608
219 800
220 594
220 813
221 301
221 345
221 388
221 786
222 960
222 985
223 587
224 940
225 474
225 511
227 354
227 772
227 927
228 570
228 838
229 833
230 353
230 485
230 665
230 981
231 343
231 787
232 937
233 579
233 992
234 822
235 387
235 773
236 781
236 827
237 727
237 765
238 331
238 487
238 572
238 987
239 387
239 430
239 777
240 696
240 757
241 539
241 599
241 652
241 694
242 455
243 408
243 882
244 476
244 567
244 615
244 751
244 836
245 337
246 392
247 656
247 725
248 795
248 803
248 809
248 933
249 989
250 271
250 593
250 911
251 537
252 412
252 599
252 865
252 874
252 904
252 910
253 735
253 876
254 846
255 449
255 569
255 829
257 315
257 478
257 926
258 489
258 800
259 272
259 438
259 813
261 586
262 270
262 318
262 691
263 855
264 287
264 543
264 638
265 268
265 282
265 835
266 376
266 484
266 604
266 652
267 294
267 486
267 628
267 837
268 663
269 345
269 769
270 604
270 688
270 696
270 933
272 445
272 777
273 841
274 293
274 685
275 299
275 367
275 581
275 771
275 820
276 398
276 567
276 645
276 685
277 603
277 752
278 576
278 640
278 819
279 698
279 940
280 865
281 384
281 403
281 954
282 630
282 764
283 296
283 911
284 975
285 406
286 398
287 288
287 401
287 737
288 294
289 375
289 466
289 637
290 623
290 774
291 340
291 680
292 473
292 831
293 442
293 658
294 331
295 374
295 759
296 802
297 442
297 670
297 999
298 504
298 858
298 920
299 329
299 739
299 852
299 990
300 436
300 459
300 490
300 889
301 555
301 677
301 845
301 987
302 492
302 525
302 684
303 778
304 986
305 621
305 683
306 600
306 616
306 828
307 358
307 984
307 995
308 335
308 358
308 642
308 963
309 362
309 768
309 841
310 574
310 611
311 502
312 459
312 719
313 755
313 908
315 636
315 804
315 808
316 692
317 659
317 749
317 798
317 891
318 427
318 474
319 932
319 960
319 974
320 827
321 586
322 643
323 880
324 556
324 788
325 439
325 524
325 549
325 695
326 428
327 719
327 750
328 926
329 570
330 363
331 965
332 340
332 893
333 614
333 836
334 433
334 477
334 575
334 903
334 952
335 769
336 461
336 818
337 662
337 692
337 734
338 489
338 505
339 349
339 564
339 974
340 860
341 392
341 584
341 861
342 539
342 983
343 564
343 718
343 784
344 858
345 547
346 556
346 761
347 570
348 748
348 850
349 657
349 708
350 943
350 967
351 987
352 978
353 438
354 549
354 692
355 390
355 462
355 464
355 809
355 966
356 414
356 575
356 764
356 919
357 573
358 520
359 444
359 546
360 931
360 971
361 716
361 973
362 884
363 480
363 997
364 465
364 543
365 481
365 784
366 456
366 749
367 435
367 975
368 856
368 884
368 959
369 488
369 915
370 712
370 984
371 883
372 493
373 818
373 882
375 725
376 456
377 489
378 771
379 497
379 721
379 906
380 496
380 501
380 881
381 570
382 869
383 796
384 622
384 672
384 862
384 869
385 445
385 502
385 598
385 748
386 401
386 513
386 566
387 389
387 463
387 530
389 492
389 535
389 808
390 502
391 619
391 846
391 864
392 830
393 726
394 519
395 442
395 611
395 759
396 859
397 692
397 868
398 635
398 861
399 448
399 681
400 674
400 798
401 571
403 447
403 618
403 712
403 855
404 755
404 833
405 622
405 801
405 854
406 552
406 702
407 647
407 968
408 493
408 928
409 745
409 836
410 424
410 793
413 808
414 519
414 573
414 668
414 889
415 545
415 883
416 667
416 925
417 447
417 934
418 450
418 696
418 902
419 812
420 465
420 748
420 783
420 897
420 945
421 461
422 538
423 766
424 502
424 560
424 582
425 455
426 705
428 736
428 803
429 598
429 988
430 670
431 561
431 671
432 658
432 679
432 687
432 911
433 553
433 585
433 979
435 585
435 822
436 461
437 549
439 789
439 900
440 604
440 647
440 896
441 450
441 475
441 563
442 450
442 683
443 713
443 728
443 842
443 874
443 886
443 921
445 750
445 858
446 448
446 454
446 692
446 918
448 901
449 593
449 757
449 830
449 918
449 942
451 811
451 834
452 609
453 463
454 582
454 924
455 561
455 736
455 844
456 769
457 585
457 604
457 780
458 802
459 882
460 471
462 465
463 558
463 860
464 598
464 982
465 502
466 498
466 986
467 640
467 915
467 983
468 778
468 830
469 696
470 634
471 744
472 518
472 546
472 601
474 767
477 937
478 517
478 525
478 832
478 932
479 540
479 632
479 746
480 729
481 592
481 732
481 902
482 702
484 693
484 843
485 778
487 655
487 716
487 760
487 943
488 688
489 618
490 800
491 739
491 763
491 998
492 613
492 869
494 594
494 644
497 515
498 841
499 764
499 853
499 907
500 510
500 868
500 890
501 569
502 910
503 996
505 614
505 709
506 711
507 874
507 926
508 571
508 738
509 941
509 961
510 737
511 648
512 845
512 927
513 935
514 575
516 650
516 841
517 701
518 574
518 606
520 646
520 838
522 525
522 972
523 915
524 693
524 983
525 537
525 608
525 706
526 535
526 876
526 965
527 653
528 727
528 847
528 934
530 624
530 723
531 804
531 817
531 875
532 797
533 594
533 870
535 972
537 788
537 864
537 906
538 768
539 711
539 909
539 964
540 576
540 977
541 760
541 803
542 575
543 567
543 696
544 691
544 727
545 660
546 736
548 990
550 869
550 972
554 981
556 592
556 600
558 659
558 894
558 910
559 809
562 599
562 981
563 914
565 666
569 686
570 743
571 628
572 618
573 648
574 921
574 955
576 770
577 762
577 785
578 737
578 862
579 643
582 779
583 938
585 746
585 754
585 914
586 918
588 600
588 803
589 607
589 639
589 693
591 796
591 965
593 950
593 958
594 602
596 739
596 784
597 790
597 854
597 915
598 713
601 790
601 998
602 779
602 981
603 778
604 640
605 708
605 858
605 938
605 962
608 788
610 867
610 971
611 869
612 736
612 894
613 972
615 895
616 695
617 707
617 970
618 664
619 723
619 922
622 830
622 840
622 857
623 663
623 670
625 922
626 716
626 792
627 909
628 894
628 987
629 724
631 903
633 734
633 765
633 956
635 810
636 930
637 699
637 735
640 699
643 958
644 686
645 736
645 938
646 658
647 756
647 949
648 913
649 679
649 740
651 828
652 975
653 838
654 695
657 762
657 973
658 860
658 993
665 822
667 921
668 816
668 950
669 684
669 838
670 885
671 937
673 897
674 690
675 806
676 873
678 707
678 777
678 796
678 897
682 915
684 759
686 970
687 860
688 732
688 823
689 981
690 821
691 702
691 775
691 922
691 945
694 746
694 897
696 970
697 814
698 753
698 802
699 802
701 717
701 927
702 799
703 731
703 942
704 960
705 869
706 794
706 872
710 730
711 806
712 798
712 993
712 994
713 931
714 845
715 996
716 798
716 852
716 993
717 864
720 861
722 761
724 855
724 903
727 895
729 758
729 878
729 984
730 818
730 894
733 968
734 805
739 959
740 741
744 787
745 786
745 856
750 812
750 888
751 849
751 881
752 844
754 810
754 863
756 770
756 887
757 837
758 833
763 866
763 966
765 881
767 837
770 995
771 989
773 782
773 902
775 787
775 831
775 907
776 930
782 794
783 826
787 991
791 830
791 898
791 942
792 888
793 840
794 903
794 959
795 834
797 939
804 976
805 890
807 826
807 886
809 849
811 851
812 922
814 893
815 858
816 922
820 828
820 884
820 899
822 882
823 955
824 860
826 904
831 996
837 846
838 892
841 951
842 849
846 880
848 906
848 989
850 944
851 854
853 916
854 947
858 947
858 986
868 933
869 944
875 948
877 935
878 918
880 905
885 912
888 926
896 941
897 994
901 903
902 970
906 907
912 957
917 928
923 960
928 971
929 960
932 942
934 976
942 966
946 952
947 996
953 958
0
10 999
