1000	1487	 1
0 747
0 899
1 111
1 495
1 896
2 83
2 176
2 207
3 87
3 449
3 582
3 702
3 767
4 133
5 542
5 643
6 303
6 717
6 984
7 193
8 90
8 168
8 246
8 686
8 739
8 775
8 950
9 19
9 788
10 286
10 476
11 598
11 664
12 500
12 846
13 926
14 372
14 403
14 450
14 523
14 525
15 197
15 331
15 345
15 972
16 582
17 82
17 182
17 517
17 721
17 777
18 51
18 129
18 879
19 505
19 517
19 741
20 54
20 129
20 177
20 333
20 941
21 24
21 256
22 38
22 166
22 221
23 417
24 492
25 151
25 268
25 382
25 574
25 852
25 993
26 241
26 644
27 118
27 370
27 635
27 927
28 811
29 261
30 249
30 360
31 88
31 346
31 530
31 599
31 725
32 107
32 321
33 213
34 173
34 259
34 403
34 618
34 757
34 781
35 250
35 624
35 993
36 585
36 764
36 900
37 258
37 636
37 744
37 934
38 265
38 338
38 349
39 85
39 108
39 180
39 617
39 676
39 891
39 958
40 446
40 631
41 238
41 508
41 772
41 975
42 220
42 360
42 664
43 784
44 61
44 184
44 607
45 140
45 149
45 734
45 735
45 933
46 677
47 152
48 279
48 499
49 388
49 988
50 373
50 491
50 536
50 713
51 247
52 226
52 514
52 748
53 629
53 888
54 832
55 347
55 778
55 922
56 73
56 340
56 804
56 999
57 71
57 134
57 211
58 770
58 999
59 398
59 545
59 582
60 428
61 301
61 397
62 198
63 277
63 286
63 597
63 832
63 843
64 741
64 931
65 515
65 736
65 795
66 293
66 475
66 551
66 920
67 237
67 293
67 952
67 957
68 98
68 501
68 891
69 100
69 268
69 297
69 763
70 328
71 656
71 785
71 970
72 336
72 781
72 932
73 219
73 300
73 769
73 929
74 78
74 236
74 264
74 342
75 930
75 945
75 967
76 82
76 577
76 678
76 953
77 327
77 363
77 428
77 616
77 682
77 981
77 996
78 730
79 218
79 491
79 515
79 748
80 740
80 935
80 970
81 117
81 349
81 905
82 737
83 331
83 416
83 584
83 810
83 825
83 858
84 350
84 719
84 806
85 390
85 463
85 712
85 724
85 863
85 878
85 925
85 964
86 566
88 556
88 658
88 683
89 193
89 361
89 866
89 963
90 176
90 210
90 412
90 708
90 965
91 595
92 327
93 127
93 255
94 621
94 935
95 728
96 329
96 513
96 638
97 255
97 603
97 665
97 683
98 301
98 322
98 587
98 663
98 710
98 907
99 696
100 338
100 414
100 680
100 714
100 727
101 801
101 809
101 988
102 535
102 635
103 202
103 855
104 477
104 720
104 877
105 126
105 137
105 465
105 696
106 153
106 891
107 133
107 273
107 939
108 163
108 176
108 303
108 945
108 947
109 262
109 543
109 741
110 797
111 178
111 183
111 332
111 729
112 410
113 432
113 439
113 695
114 264
114 391
114 653
115 352
115 457
115 714
115 806
115 942
116 155
116 304
117 446
118 289
118 596
119 391
119 400
120 829
121 665
122 175
122 647
122 925
123 144
124 223
124 393
124 416
125 493
125 620
125 670
126 229
126 864
128 785
128 986
129 217
129 222
129 433
129 790
130 644
130 967
130 993
131 134
131 394
131 450
132 222
133 854
133 973
134 223
134 900
135 480
136 710
137 596
138 500
138 581
138 898
139 348
139 475
139 584
141 436
141 660
142 229
142 420
142 777
143 843
144 178
144 417
144 849
145 149
145 530
145 673
145 776
145 832
145 910
146 194
146 351
146 381
146 563
146 984
147 711
147 756
147 857
148 364
148 847
148 962
149 431
149 444
149 513
150 330
150 515
151 660
151 942
152 175
152 640
153 577
153 606
153 701
154 259
155 199
155 526
155 718
156 213
156 378
156 909
157 215
157 440
157 836
157 993
158 446
158 690
158 739
158 768
159 433
159 457
160 181
160 753
160 884
161 653
161 755
162 367
162 812
163 845
164 304
164 336
164 412
164 492
164 518
165 404
165 426
165 476
166 453
166 486
166 807
167 260
167 700
168 185
168 360
168 413
168 479
169 184
170 224
170 464
170 944
171 701
172 604
172 741
173 912
174 293
174 676
175 437
175 614
175 684
176 198
176 238
176 968
177 456
177 567
177 999
178 276
178 541
178 760
179 234
179 394
179 435
179 875
180 782
181 385
181 629
181 803
182 704
183 292
183 706
184 237
184 467
185 735
185 874
186 675
186 969
187 390
187 815
188 338
188 780
188 816
189 385
189 548
189 740
190 263
190 378
190 658
190 750
191 314
192 257
192 483
192 576
193 360
193 717
193 939
195 721
196 581
196 749
198 682
198 751
199 214
199 385
199 402
199 448
199 543
199 720
200 272
200 371
200 559
200 663
200 707
200 990
201 374
201 415
201 470
201 720
202 281
202 287
202 401
202 728
202 748
203 765
204 296
204 405
204 959
205 692
205 972
206 239
206 496
206 578
206 683
206 764
207 384
207 465
207 555
207 887
208 893
209 950
210 293
211 441
211 641
212 518
212 649
213 955
214 421
214 461
214 663
215 241
215 814
216 831
217 425
218 394
219 730
219 866
220 828
220 935
221 973
222 300
222 336
223 359
223 547
223 558
224 977
225 392
225 642
226 978
227 260
227 267
228 346
228 457
228 566
228 626
228 798
228 824
229 279
229 422
229 904
230 455
230 748
231 639
231 859
232 441
232 511
233 254
233 346
233 821
234 454
234 812
234 845
235 284
235 538
236 312
236 554
236 792
237 333
237 336
237 408
237 433
237 656
237 948
238 940
238 977
239 974
240 253
240 272
240 350
240 918
241 362
241 537
241 666
241 697
241 726
242 280
242 525
242 892
243 347
243 816
244 759
244 803
244 844
244 883
245 585
245 965
246 439
246 699
246 841
247 376
247 474
247 712
248 849
249 452
249 743
249 827
250 589
250 748
251 387
251 414
252 827
253 336
253 498
253 541
254 631
254 823
256 264
256 313
256 974
257 310
258 426
258 466
258 556
259 520
260 465
260 556
260 968
261 354
261 411
261 734
262 761
263 443
263 489
263 588
263 923
264 827
265 307
265 335
266 451
266 491
266 831
267 289
267 328
267 540
267 817
267 966
268 329
268 742
268 764
268 776
269 565
269 771
269 880
269 986
270 346
271 680
272 587
273 420
273 868
274 744
274 790
275 549
275 715
275 741
276 730
276 797
277 338
277 565
278 371
278 982
279 392
279 476
279 583
279 914
279 989
280 462
280 695
280 830
282 324
282 753
283 460
283 913
285 288
285 827
285 878
286 611
287 364
289 925
289 989
290 471
290 588
290 844
291 487
291 645
292 347
292 520
292 745
294 511
295 320
295 521
295 708
298 683
299 311
299 337
301 652
301 871
302 357
302 500
302 625
303 485
304 873
305 454
306 865
306 928
308 358
309 385
310 411
310 671
311 345
311 946
312 789
312 892
313 413
313 560
313 677
314 438
314 629
314 787
314 892
315 637
315 858
316 490
316 777
317 337
317 348
317 541
317 890
317 974
318 497
318 778
319 757
320 773
321 498
321 822
322 367
322 607
322 899
322 956
323 506
323 975
324 753
325 625
325 914
326 418
326 601
326 655
327 356
327 741
327 795
328 800
328 825
329 446
329 900
330 433
330 540
331 412
331 872
331 938
332 480
332 761
333 360
333 831
333 900
334 375
334 461
334 742
334 874
334 878
336 769
337 834
337 999
338 417
338 487
339 798
340 767
340 848
341 865
342 427
342 809
342 852
342 917
343 537
343 761
343 830
344 575
345 804
346 528
346 617
346 979
349 840
349 962
350 732
350 903
351 840
353 469
354 422
354 685
355 624
356 653
358 464
358 594
358 936
360 465
360 659
361 455
361 946
362 559
362 928
363 553
363 587
363 720
364 595
365 384
365 676
365 776
366 626
367 983
368 493
368 564
368 682
368 899
369 436
369 546
369 891
370 476
371 721
371 920
372 534
373 690
373 793
373 871
374 587
374 753
376 534
376 857
376 902
377 487
378 676
379 959
380 610
381 665
381 790
382 569
382 675
382 800
382 992
383 881
383 976
383 993
384 404
384 494
384 680
385 851
386 482
387 612
387 755
388 780
389 817
390 752
390 891
390 932
391 504
392 565
392 924
392 981
393 606
394 640
394 871
395 510
395 601
395 652
396 455
396 817
396 909
397 694
397 858
399 606
399 658
399 741
400 461
400 681
400 818
401 404
401 577
401 869
402 600
403 713
403 981
404 405
404 801
405 581
405 601
405 783
406 644
406 813
407 983
408 646
409 540
410 531
410 842
411 426
411 557
411 990
412 756
412 813
413 631
414 472
415 516
415 532
416 629
418 678
419 525
420 468
420 694
420 706
420 990
421 494
421 579
422 561
423 432
423 551
423 954
423 960
424 914
425 626
425 831
425 963
426 593
428 564
429 674
429 904
430 708
430 813
431 432
431 772
431 964
432 528
432 653
434 976
435 474
435 912
436 597
436 876
436 877
436 942
437 667
437 992
439 756
439 935
439 936
440 624
441 854
442 508
442 597
443 847
444 822
445 906
445 907
445 981
447 738
447 766
447 935
449 913
449 950
451 632
452 748
452 906
453 646
454 736
454 757
456 543
458 564
458 837
459 738
460 656
461 529
462 518
463 649
463 973
464 465
464 474
464 621
464 792
465 838
466 523
466 549
467 549
467 731
467 791
468 595
468 655
468 661
468 839
468 862
469 483
469 684
469 853
470 910
471 719
472 914
473 567
476 494
476 723
477 596
477 864
477 927
477 981
478 586
478 687
478 748
478 770
478 937
479 490
479 619
479 667
480 739
480 968
481 561
481 602
481 805
482 713
483 612
483 709
483 779
483 979
484 790
485 788
486 739
486 769
487 524
488 645
488 690
489 534
489 635
489 675
489 925
490 612
490 641
490 656
490 810
491 838
493 572
493 668
494 686
494 778
495 993
496 509
496 588
496 620
496 773
497 503
497 757
499 659
499 709
499 797
501 822
502 620
502 629
503 563
503 948
504 570
504 786
504 807
504 872
505 677
505 778
505 797
506 762
506 870
506 973
507 680
507 985
508 839
509 547
509 754
509 792
511 560
511 700
511 739
512 553
512 782
513 790
516 788
518 591
518 777
519 863
520 940
522 801
524 541
526 913
527 686
528 592
528 925
529 564
529 669
530 648
531 923
532 613
532 656
532 735
533 680
533 867
535 696
536 815
537 779
537 814
538 539
538 748
538 865
539 945
540 606
541 744
542 554
543 590
543 812
544 721
544 737
544 952
545 977
546 626
546 637
546 790
546 905
547 671
547 919
548 732
549 782
550 896
552 580
552 870
552 895
554 937
554 995
556 957
558 863
561 863
561 980
562 918
564 855
565 718
565 942
566 674
567 634
567 722
568 956
569 629
569 755
569 880
570 573
571 893
571 971
572 746
573 682
573 830
574 707
575 840
576 808
576 951
578 901
579 628
579 732
579 743
579 940
580 589
581 698
581 722
581 740
581 802
581 932
582 761
583 916
584 976
585 757
586 658
586 754
587 713
587 902
589 842
589 931
591 694
591 947
592 830
594 687
594 814
594 826
595 745
595 942
596 741
598 967
599 846
600 667
602 763
602 986
603 623
604 612
604 948
604 964
605 700
605 735
605 874
606 740
606 742
607 634
608 801
609 666
609 903
610 736
611 799
612 984
613 881
614 917
615 646
615 728
615 773
615 997
616 639
618 657
619 724
621 906
622 868
622 926
622 960
625 685
626 998
627 786
628 752
630 845
631 698
632 661
632 818
633 846
633 931
634 635
634 844
635 705
635 913
638 725
640 883
640 982
641 736
643 752
643 784
643 903
644 820
644 951
644 953
645 648
646 708
646 732
647 736
647 886
647 950
649 676
650 884
651 792
652 836
654 767
657 806
658 696
660 994
661 819
661 954
662 876
663 688
663 813
664 696
665 849
666 792
666 869
667 735
667 869
667 937
669 873
670 913
671 733
672 734
672 965
673 862
674 828
675 722
675 771
675 882
678 886
679 882
679 913
681 854
684 914
684 924
686 845
688 758
689 953
690 980
691 785
692 703
692 942
693 828
699 877
701 980
703 824
710 776
710 780
713 728
715 721
715 991
716 969
718 750
719 967
722 747
722 936
723 847
724 963
724 997
726 866
726 976
730 767
730 934
731 738
731 838
731 918
732 757
733 837
737 758
737 901
738 946
738 983
741 850
741 908
741 975
742 932
743 865
744 925
745 915
747 847
749 835
760 796
760 861
761 809
765 850
765 868
767 978
769 788
769 951
772 885
773 797
774 953
775 976
776 820
786 952
787 924
788 814
788 857
788 969
789 893
790 933
793 860
794 964
795 900
796 842
799 938
801 863
801 868
802 871
802 971
803 968
804 984
805 894
809 897
811 932
812 828
815 838
816 985
818 909
820 943
825 895
827 865
829 848
832 845
832 872
833 973
834 962
834 987
835 847
837 903
840 961
840 977
842 921
846 856
846 926
848 949
849 970
861 969
864 965
869 959
876 997
879 884
880 922
882 987
884 944
889 939
892 906
892 928
895 956
897 981
898 915
901 967
904 967
907 934
908 933
911 981
914 965
914 972
915 950
919 963
925 931
930 962
933 973
941 995
945 949
946 987
950 974
957 959
0
10 999
