1000	1518	 1
0 269
0 633
0 685
1 53
1 190
1 564
1 733
1 840
1 997
2 845
3 272
3 386
3 539
4 150
4 203
4 647
4 818
5 444
5 929
6 27
6 169
6 267
6 271
6 442
6 907
7 416
7 436
7 679
8 9
8 376
8 507
8 520
8 748
9 238
9 356
9 674
10 362
10 442
10 563
11 324
11 423
11 883
11 993
12 244
12 806
12 833
13 37
13 158
13 611
13 623
13 944
14 865
14 931
15 137
15 410
15 797
16 486
16 619
17 806
17 926
17 970
18 252
18 334
18 358
18 478
18 847
19 205
19 272
19 480
19 646
19 707
19 826
19 889
19 966
20 289
20 615
21 47
21 374
21 402
22 32
22 708
22 871
23 382
23 393
24 999
25 38
26 412
27 193
27 271
27 487
27 801
27 984
28 652
28 777
28 785
29 723
30 357
30 508
30 804
31 184
31 231
31 314
31 490
31 656
31 849
32 313
32 315
32 827
32 984
33 981
33 983
34 283
34 288
35 422
35 918
35 990
36 304
36 863
37 153
37 273
37 350
37 813
38 219
39 148
40 176
40 432
40 732
41 188
41 199
41 611
41 714
42 43
42 366
42 960
43 481
43 828
44 124
44 425
44 632
44 638
44 980
45 661
45 812
46 443
46 969
47 302
47 310
47 444
47 467
47 646
48 87
48 223
48 236
48 849
49 476
50 163
50 251
50 430
51 462
51 996
52 572
52 835
53 405
53 558
53 631
54 104
54 338
54 717
54 756
54 987
55 301
55 529
55 996
56 608
56 820
56 938
57 431
57 469
57 585
57 986
58 155
58 860
58 946
59 393
59 918
60 168
60 450
60 604
60 993
61 62
61 170
61 910
61 948
62 152
62 183
62 263
62 764
63 182
63 476
63 558
63 852
64 975
65 282
65 394
65 572
66 385
66 392
67 138
67 235
67 308
67 709
67 749
68 325
68 811
68 938
69 86
69 293
69 927
70 145
70 384
70 434
70 469
70 481
71 329
71 854
72 594
72 734
72 757
73 262
73 427
74 465
75 606
75 635
76 256
76 482
76 596
76 955
77 214
77 807
77 812
78 235
78 285
78 383
78 748
79 143
79 144
79 318
79 554
80 279
80 305
81 90
81 510
82 135
82 670
83 337
83 570
83 599
83 771
84 121
84 380
84 382
85 407
85 748
85 952
86 186
86 680
86 693
86 926
86 961
88 357
88 647
88 955
89 708
89 779
90 97
90 201
91 363
92 125
92 663
93 497
93 705
94 265
94 398
94 643
95 470
95 550
95 663
96 237
96 384
96 540
96 586
96 789
97 123
97 901
97 927
98 587
98 652
98 857
99 447
100 729
100 914
101 259
101 622
101 693
102 531
103 161
103 193
103 235
103 604
104 419
104 529
104 789
104 823
105 162
106 280
106 476
106 628
106 912
107 955
108 231
108 887
109 851
110 441
110 505
110 532
110 563
110 679
111 274
111 382
111 845
111 966
112 142
113 333
114 216
114 727
114 957
115 243
115 300
115 783
116 298
116 544
116 822
116 827
116 958
117 205
117 227
117 545
117 736
117 739
117 751
118 145
118 851
119 182
119 183
119 681
119 687
120 493
121 238
121 348
121 378
121 852
122 471
122 645
122 779
122 853
123 440
125 130
125 245
125 467
125 610
125 746
125 830
126 140
126 414
126 503
126 666
126 970
127 540
128 660
128 663
128 682
129 217
129 629
130 305
131 628
132 902
133 387
133 506
134 259
134 311
134 569
134 895
135 430
136 141
136 755
137 268
138 799
139 350
139 526
140 362
140 390
140 568
140 797
141 444
141 887
141 960
142 252
142 641
143 626
144 152
144 816
144 994
145 395
145 526
145 662
145 789
146 227
146 580
146 760
146 776
147 498
147 990
148 517
148 605
148 817
148 834
148 890
149 156
149 321
149 346
149 361
149 370
149 589
150 442
150 903
151 232
151 401
151 420
152 702
153 171
153 453
154 281
154 322
154 403
154 814
155 185
155 847
156 181
156 348
156 819
157 182
157 220
157 361
157 565
157 897
158 755
158 757
159 572
160 296
161 189
161 317
161 958
162 328
162 557
162 651
162 940
163 607
164 256
164 331
164 738
165 190
165 534
165 541
166 345
166 625
167 398
167 793
167 933
167 971
168 181
168 437
168 565
168 850
168 985
169 358
169 369
169 597
169 750
170 848
170 849
171 793
172 185
172 930
173 236
173 345
173 805
174 463
174 661
174 905
175 701
175 752
175 932
176 291
176 453
176 800
176 942
177 296
177 438
178 244
178 455
179 319
179 968
180 310
180 520
181 618
182 701
182 749
183 225
184 617
185 517
185 695
186 307
186 421
186 693
186 742
187 607
188 731
188 749
189 397
189 432
189 517
189 696
190 719
191 281
191 577
192 223
192 479
193 372
193 378
194 276
194 463
194 930
194 948
195 440
195 626
195 660
196 531
196 844
197 206
197 666
198 843
199 305
199 373
199 583
199 881
199 984
200 896
201 554
201 803
201 931
202 759
203 228
203 513
204 326
204 979
205 324
205 780
205 841
205 884
206 555
206 607
207 874
208 284
209 343
209 949
210 703
210 768
211 221
211 349
211 612
211 661
212 398
212 426
212 875
213 329
213 521
213 906
214 595
214 613
214 677
215 538
216 450
216 971
217 252
217 493
218 714
219 252
219 613
219 824
220 651
221 528
221 728
222 273
222 981
224 479
224 632
225 377
225 672
225 940
225 966
226 264
226 278
226 394
226 450
228 282
228 536
228 911
229 414
229 507
229 908
230 848
230 997
231 702
231 957
232 705
232 862
233 288
233 309
233 794
233 985
234 396
234 609
235 957
236 378
236 509
236 698
239 794
240 484
240 560
240 697
240 753
241 313
241 360
241 634
242 826
242 933
243 283
243 293
243 320
243 332
243 598
244 567
244 862
244 887
245 385
245 515
245 870
246 727
246 846
246 930
247 480
248 557
248 913
248 920
249 335
250 630
250 632
251 318
252 476
252 594
252 781
252 911
253 641
253 979
254 283
254 537
254 878
255 424
256 386
256 459
257 362
257 649
258 296
258 485
258 786
258 837
258 841
258 945
259 416
259 568
260 582
260 739
260 800
261 596
261 702
262 503
262 605
263 426
263 994
264 280
264 661
264 986
266 321
266 793
266 863
266 910
267 279
267 385
267 968
268 775
269 277
269 488
269 595
269 909
269 932
269 978
270 596
271 818
271 835
272 382
272 618
272 679
272 810
272 924
273 341
273 406
275 791
275 795
276 623
277 361
277 523
277 590
277 672
277 848
278 334
279 657
279 923
279 954
280 407
281 547
281 829
281 873
282 489
282 614
282 799
283 570
283 601
283 907
283 934
284 668
284 686
284 807
285 335
285 445
286 663
287 512
287 523
287 694
287 746
288 395
288 713
289 917
290 440
290 807
292 452
292 676
293 372
293 548
294 523
294 693
294 788
295 337
295 503
295 569
295 804
295 942
297 467
297 502
297 523
297 688
298 729
299 564
299 799
300 377
300 612
300 613
300 704
301 872
302 519
302 697
302 999
303 932
304 467
304 688
305 521
305 608
306 370
306 403
306 477
306 627
306 910
307 611
307 665
307 926
309 685
309 737
309 764
310 386
312 709
312 885
313 678
314 459
314 741
314 845
316 393
316 635
317 389
317 449
317 705
317 973
318 480
319 582
319 908
320 358
320 548
320 552
321 886
322 342
322 824
323 648
324 570
325 842
326 814
326 857
327 696
327 896
328 404
329 433
329 762
330 338
330 395
330 414
333 340
334 632
335 392
336 409
336 649
338 643
338 722
338 933
339 453
340 419
340 436
341 623
341 827
341 993
342 518
342 652
342 662
342 871
343 347
343 458
344 822
345 455
346 776
347 519
347 905
347 952
347 975
349 469
349 550
349 787
351 646
351 918
352 638
353 545
353 647
353 918
354 550
354 569
354 641
355 731
356 867
356 960
357 736
357 970
358 507
359 406
359 595
359 627
360 922
361 745
363 388
363 430
363 485
363 880
364 612
364 774
365 391
365 822
366 438
367 609
368 663
368 808
368 943
370 759
370 979
371 374
371 483
371 620
371 836
372 589
372 616
372 650
373 584
374 963
375 760
375 892
376 575
376 972
377 562
377 851
379 417
379 516
379 522
380 430
380 434
381 476
382 835
382 978
384 478
384 498
385 388
385 450
385 466
385 614
385 689
385 963
386 772
387 573
387 718
387 794
388 546
389 667
389 978
390 548
390 800
391 683
391 853
392 728
392 782
393 477
393 753
394 508
394 808
395 495
395 768
396 849
397 398
398 399
398 729
399 466
399 715
400 448
401 637
401 679
401 680
401 758
402 485
402 760
404 409
404 752
404 858
405 561
405 765
405 956
406 780
406 847
407 704
408 648
408 716
408 785
408 951
409 755
409 788
409 980
410 660
410 719
410 938
410 953
411 915
411 982
412 517
413 823
413 838
414 416
415 577
415 744
417 757
417 951
418 448
421 443
421 594
421 687
422 628
422 678
424 427
424 536
424 752
425 490
426 740
427 835
428 513
428 662
428 902
428 905
429 546
429 612
429 688
429 812
430 534
430 599
430 684
430 710
430 839
431 533
431 661
431 875
431 906
432 439
432 651
432 775
433 486
434 896
435 625
435 979
437 649
438 592
438 795
438 803
438 854
438 902
438 984
439 483
441 664
442 993
445 567
446 447
446 473
446 569
446 712
446 719
446 876
448 501
448 507
449 531
449 723
449 987
451 817
451 820
451 912
451 945
452 607
454 492
454 563
455 605
455 624
456 853
457 526
457 692
458 554
458 804
459 898
460 488
460 508
461 709
461 738
461 812
461 946
462 683
462 821
462 887
463 714
463 926
463 928
464 795
464 836
465 872
467 501
467 557
467 586
467 611
467 922
468 907
469 898
472 626
472 862
474 477
475 543
476 539
476 880
477 604
477 907
478 790
479 488
479 502
482 666
483 526
484 582
484 752
484 971
485 761
486 693
487 741
487 855
489 923
490 790
491 525
491 689
492 840
492 842
493 549
494 527
494 818
496 598
498 999
499 526
499 776
500 542
500 632
500 727
500 847
500 861
501 673
501 959
502 868
504 941
504 998
505 876
506 586
506 620
507 583
507 645
507 666
508 951
510 600
510 642
510 671
510 954
511 769
511 952
512 584
513 919
514 718
514 767
514 880
516 700
517 698
517 833
517 969
518 876
519 605
519 713
520 537
520 612
520 773
521 701
521 856
521 935
522 624
522 662
522 808
522 973
524 543
524 663
524 899
524 916
525 757
526 841
529 552
529 617
529 897
529 932
529 991
530 599
531 532
531 669
532 576
532 702
532 931
533 894
534 540
534 797
535 575
536 560
537 812
538 791
539 639
539 925
540 903
541 640
541 924
542 771
542 802
544 754
544 847
545 873
547 939
547 957
548 571
548 660
550 612
550 983
551 566
551 741
553 611
553 740
554 757
554 934
554 995
555 558
555 945
556 754
559 748
559 873
561 771
562 628
562 840
562 889
563 944
564 763
564 990
566 945
567 751
571 708
572 682
572 863
572 925
573 821
573 905
574 981
574 999
575 765
575 844
575 869
575 994
576 684
577 684
577 857
577 858
577 973
577 997
578 664
578 742
578 871
579 845
580 610
580 844
580 860
581 885
581 934
582 609
584 887
586 603
586 699
587 739
588 850
589 846
589 956
590 878
591 963
592 597
592 864
593 676
594 907
594 953
595 705
596 655
596 954
597 841
599 989
600 828
601 796
601 919
602 745
602 826
603 899
604 953
605 813
605 894
607 629
608 997
609 861
609 879
610 889
614 979
616 982
618 939
619 808
619 887
621 631
621 855
621 998
622 638
623 922
625 818
625 850
627 890
627 909
629 888
630 647
631 728
632 734
632 781
633 672
633 965
634 652
634 741
634 901
635 674
635 755
636 738
637 638
637 904
637 955
639 987
640 707
642 690
642 961
644 838
646 712
646 808
647 977
648 730
648 802
648 908
649 720
649 852
651 852
652 778
652 830
653 657
654 719
656 888
658 863
659 864
659 981
659 988
660 784
662 951
664 808
665 768
666 855
667 758
668 851
670 952
671 901
673 936
674 725
674 869
674 917
674 925
675 808
675 831
676 762
676 964
677 922
678 902
679 829
680 815
681 975
681 999
685 966
686 843
686 884
689 879
689 936
689 980
690 929
691 858
691 996
692 800
693 745
693 829
695 808
696 979
697 757
697 818
698 839
699 832
700 770
700 791
701 840
702 921
704 893
705 798
705 973
706 772
706 871
709 859
709 964
710 899
710 913
711 780
712 895
717 936
718 801
720 864
721 850
722 840
723 880
723 891
723 970
724 829
724 838
726 747
726 802
726 938
730 895
731 884
733 755
733 820
733 980
735 992
739 750
739 861
742 775
743 895
747 955
749 808
755 866
761 828
762 956
763 788
763 962
764 876
764 962
766 834
766 862
768 987
770 852
772 847
772 993
774 796
775 978
776 987
778 943
781 994
785 890
786 845
787 884
787 938
787 953
789 812
790 830
790 989
792 938
793 846
793 874
794 868
796 809
796 835
801 918
803 964
804 974
805 915
806 967
807 859
811 902
813 930
813 989
814 917
814 970
816 877
822 999
825 934
825 969
826 897
829 965
831 872
831 961
833 888
837 861
839 950
840 861
840 976
841 942
842 861
843 855
847 875
858 869
858 900
867 928
869 908
870 930
874 978
876 893
879 921
880 911
882 987
890 999
892 948
894 946
894 995
896 929
896 979
896 992
900 952
903 919
904 930
906 912
909 984
914 937
941 979
947 958
960 980
964 990
993 999
0
10 999
