1000	1481	 1
0 32
0 45
0 54
1 473
1 500
1 813
2 53
2 435
2 737
2 952
3 55
3 123
3 235
3 478
3 533
3 948
4 360
4 788
5 147
5 268
5 546
5 902
5 986
6 311
6 605
6 674
7 421
7 461
7 656
7 839
7 844
7 845
7 893
8 286
8 491
8 744
9 987
10 323
10 455
10 483
10 645
10 685
11 42
11 575
11 870
11 882
12 384
12 430
12 916
13 415
13 607
13 820
14 660
14 780
14 887
15 932
16 326
16 361
16 388
16 635
16 927
17 852
18 302
18 692
18 979
19 34
19 103
19 876
19 908
20 737
20 771
21 616
21 625
21 734
21 839
22 344
22 371
23 38
23 721
24 149
24 233
24 545
25 178
25 179
25 439
25 618
25 740
25 821
26 427
26 864
27 412
27 862
27 878
28 751
28 789
29 579
29 832
30 281
31 533
31 872
32 849
33 279
33 566
33 634
33 732
33 875
34 600
34 640
34 683
34 894
34 899
34 908
35 678
35 845
36 102
36 828
37 247
37 451
37 545
37 595
37 835
38 192
38 357
38 684
38 854
39 618
40 375
41 319
41 463
41 534
41 575
41 619
41 962
42 177
42 939
43 130
43 414
43 500
43 696
43 916
44 244
44 301
44 828
44 915
45 81
45 501
46 179
46 536
46 595
47 48
47 509
48 140
48 439
48 585
48 651
49 392
49 396
50 719
50 740
50 869
50 984
51 199
51 388
52 334
52 554
52 754
53 95
53 269
53 975
54 706
54 762
54 983
54 999
55 141
55 226
56 855
57 154
57 725
58 358
58 574
58 580
58 903
59 435
59 802
60 531
61 102
61 263
61 380
61 592
61 621
62 242
62 712
62 888
63 106
63 212
63 347
63 442
63 696
64 895
65 309
65 500
65 608
66 579
66 593
66 710
66 968
67 165
67 710
68 971
69 150
69 276
69 569
70 397
70 460
70 670
70 976
71 92
71 97
72 463
72 511
73 341
73 865
73 950
74 185
74 389
74 546
74 966
75 481
75 495
76 562
76 944
77 102
77 981
78 287
78 671
78 785
78 805
79 179
79 469
79 711
79 748
79 899
80 457
80 919
82 312
83 94
83 230
84 377
84 460
85 131
85 378
85 658
85 714
85 793
85 938
86 613
86 877
87 135
87 169
87 910
88 335
88 517
88 553
89 313
89 982
90 937
91 476
92 100
92 714
92 767
92 980
93 211
93 267
93 599
93 810
94 370
94 397
94 690
95 227
95 539
95 663
96 374
96 521
96 816
97 192
97 245
97 799
97 842
98 833
99 195
99 931
100 794
101 968
102 156
102 668
102 694
102 722
103 403
103 528
103 858
104 623
104 626
104 765
105 753
106 879
107 465
108 379
108 568
108 966
109 555
109 597
110 444
110 620
110 859
110 899
110 994
111 242
111 427
111 460
111 616
111 658
111 971
112 518
112 543
113 236
113 314
113 455
113 768
113 905
114 176
114 688
115 182
116 425
116 766
116 806
117 618
117 943
118 510
118 786
119 288
119 540
119 576
119 801
120 793
121 833
122 446
122 602
122 958
123 509
123 605
123 998
124 471
124 666
124 781
125 133
125 147
125 155
125 224
125 344
125 507
125 573
125 804
126 209
126 857
126 928
127 935
127 949
128 567
128 856
129 175
129 564
129 777
129 867
130 362
130 426
130 824
132 476
132 532
132 644
133 290
133 934
134 188
134 603
134 971
135 614
136 245
136 394
136 876
137 609
138 515
139 318
139 699
139 725
140 651
140 860
141 172
142 352
142 865
142 947
142 949
143 879
144 847
145 283
145 498
146 785
146 819
147 398
147 639
147 682
148 895
149 790
150 170
150 540
151 529
152 273
152 354
152 507
153 451
153 885
153 901
154 180
156 460
156 590
156 599
156 659
157 776
157 992
158 436
159 343
159 480
160 749
161 284
161 380
161 691
162 223
162 888
163 533
164 757
165 175
166 258
166 276
167 215
167 364
168 240
168 836
169 366
169 967
170 441
170 459
171 266
171 899
172 537
172 566
172 650
172 980
173 311
173 559
174 765
174 890
175 292
175 358
175 422
175 536
175 920
176 798
176 825
176 938
177 337
178 258
178 284
178 475
178 654
178 707
178 762
179 719
179 776
180 382
180 520
180 837
181 195
181 515
181 632
182 853
182 999
183 965
184 308
184 767
184 795
184 854
185 221
185 506
185 527
185 627
185 695
185 721
185 879
186 450
186 610
186 615
186 639
187 270
187 356
187 625
187 779
188 367
188 460
188 849
189 192
189 545
189 959
190 272
190 495
190 959
191 214
191 400
191 478
191 907
192 895
193 800
193 841
193 909
194 296
194 359
194 443
194 470
194 991
195 213
195 246
195 905
196 205
196 329
196 617
197 361
197 529
197 673
198 378
198 846
198 990
199 542
200 344
200 354
200 758
201 942
201 979
202 249
202 928
203 290
203 591
203 667
204 657
204 980
205 916
206 448
206 638
206 901
207 542
207 628
208 448
208 512
208 598
209 229
209 333
209 386
210 672
210 702
211 278
211 588
211 722
212 639
212 750
212 998
213 223
213 327
213 849
214 273
214 308
215 742
215 767
215 924
216 658
216 681
217 289
217 578
217 795
218 577
218 688
219 560
219 606
219 645
220 787
221 364
221 538
221 905
222 282
222 579
223 250
223 308
223 987
224 276
224 515
225 240
225 428
225 919
226 600
226 806
227 254
227 477
228 477
228 586
229 302
229 387
229 672
229 747
230 357
230 383
230 606
230 780
230 936
231 671
232 504
232 546
232 650
232 843
233 960
234 981
235 598
236 265
237 518
237 976
238 266
238 991
239 480
239 771
239 772
240 455
240 923
241 310
242 601
242 727
242 953
243 716
243 862
244 853
245 694
245 793
245 914
246 257
246 322
246 661
247 433
247 446
247 531
248 932
248 961
249 347
250 665
250 725
251 429
251 555
252 492
252 541
252 740
252 964
253 598
253 736
254 482
254 596
255 307
255 506
256 666
256 703
257 405
257 506
258 796
258 836
259 783
260 426
260 557
261 397
261 404
261 522
261 926
262 729
263 291
263 438
264 868
264 978
265 756
266 546
266 561
266 589
267 420
268 374
268 614
268 837
269 648
269 739
269 923
270 534
270 820
270 931
271 753
272 984
273 434
273 474
273 816
273 940
274 943
274 957
275 670
275 707
275 789
275 804
275 980
275 990
276 826
277 311
277 478
277 981
278 353
278 875
279 354
280 407
280 553
280 599
281 322
281 635
281 838
282 518
282 604
283 537
283 778
283 784
283 793
284 937
285 585
285 958
286 556
286 903
287 761
288 704
289 348
290 559
290 836
291 491
292 529
292 707
293 675
293 891
294 604
295 435
296 369
296 388
296 419
296 954
296 967
297 317
297 426
297 702
298 573
298 598
299 510
299 725
300 860
301 432
301 630
302 332
302 364
303 307
303 745
303 757
304 364
304 484
304 658
305 437
306 608
306 763
306 795
307 435
307 573
308 596
308 855
308 879
309 600
309 724
309 772
309 788
309 801
310 670
311 453
311 891
312 866
312 910
313 387
313 715
313 839
314 468
314 746
314 910
314 962
315 609
316 399
316 549
318 701
318 903
319 932
319 948
320 372
320 564
321 366
323 385
323 863
324 532
324 662
324 893
325 417
326 437
327 841
327 871
327 888
328 539
328 579
328 705
328 793
329 486
329 589
330 890
331 686
331 715
331 768
332 425
332 462
332 908
333 557
334 970
335 745
336 603
336 629
336 650
336 960
337 522
337 768
337 855
338 356
338 415
338 863
339 639
339 803
340 544
340 620
342 430
342 499
342 845
343 464
343 739
344 350
344 423
344 683
345 414
345 505
346 692
346 873
347 591
347 758
348 993
349 740
350 518
350 628
350 760
351 446
351 545
351 848
352 640
353 388
353 510
353 621
353 790
353 904
355 395
355 592
356 448
356 685
357 395
358 640
358 865
359 737
359 992
360 831
362 755
363 382
363 422
363 479
364 410
364 476
364 521
365 485
365 639
366 762
366 931
367 548
367 848
368 926
369 635
371 529
371 880
372 544
372 609
372 739
373 375
373 704
374 563
374 890
375 588
375 761
375 796
375 852
376 526
376 547
376 712
376 829
376 912
377 844
378 446
378 894
379 390
379 728
380 382
380 405
380 750
380 943
381 465
381 715
381 921
381 967
382 833
383 463
383 943
384 505
384 537
385 399
385 949
386 706
387 414
387 427
387 467
387 729
387 811
389 397
389 401
391 993
392 414
392 891
393 497
393 575
395 608
395 869
395 949
396 479
396 563
398 651
398 727
400 820
401 897
401 927
402 938
403 475
403 493
404 452
404 705
404 743
406 640
406 665
407 588
408 464
408 725
408 888
409 440
409 480
409 537
410 738
411 651
412 419
412 608
413 530
413 670
413 892
415 921
416 525
416 964
417 712
417 872
418 753
418 789
418 955
419 880
420 881
421 512
421 965
422 432
422 854
423 701
424 468
425 769
425 877
426 594
428 684
428 735
428 917
428 989
429 440
429 961
430 490
430 868
430 918
431 493
432 555
435 643
435 758
436 653
436 797
438 856
438 877
439 545
441 895
443 973
444 951
445 643
445 697
445 870
446 488
446 673
446 744
447 456
447 913
448 741
448 788
448 860
448 954
449 496
450 517
450 519
451 505
451 995
452 571
452 639
452 834
452 919
453 577
454 841
454 910
455 645
455 738
456 531
456 736
456 756
456 890
457 726
457 735
457 761
457 855
458 732
458 967
458 992
460 490
460 928
462 499
462 995
463 672
465 556
465 749
466 890
466 961
467 774
467 906
467 951
468 586
470 841
471 613
471 875
472 680
473 499
473 986
474 770
475 768
476 886
477 625
478 847
480 555
480 658
481 580
481 623
482 832
483 737
483 829
484 679
485 671
486 617
486 661
486 733
486 852
487 515
488 961
489 568
489 632
489 890
491 993
492 865
492 896
493 697
493 708
493 884
493 893
493 945
494 762
495 631
495 660
496 990
497 781
497 857
498 540
499 612
499 714
499 833
500 969
501 535
501 628
502 941
503 711
503 948
503 983
504 597
504 623
504 896
504 907
505 867
506 731
506 848
508 777
508 955
509 764
510 743
510 773
511 560
513 565
513 930
514 659
516 574
516 781
516 995
517 590
520 986
521 558
522 550
522 566
522 770
522 793
523 713
523 726
523 790
523 929
524 717
525 846
525 919
526 649
526 887
529 595
531 610
532 673
533 536
533 881
533 940
534 659
535 656
535 674
535 976
536 775
537 680
538 652
538 748
538 805
539 629
540 599
541 661
543 660
543 873
544 998
545 817
546 995
547 566
547 830
550 771
550 965
551 571
551 576
551 670
551 825
552 562
552 897
552 922
553 826
553 973
555 602
555 756
555 925
555 928
558 707
560 667
560 812
561 860
562 640
562 733
563 734
563 867
564 764
564 814
567 794
569 715
570 867
571 647
572 676
572 779
573 706
573 879
574 726
574 771
575 947
576 647
578 793
578 866
578 964
578 975
581 662
581 815
582 637
582 735
583 952
584 885
586 616
586 874
587 675
588 893
588 935
589 838
592 697
595 672
595 918
597 689
597 943
600 710
603 898
603 993
604 747
605 834
605 941
608 612
609 897
610 833
611 723
611 742
612 644
612 701
612 845
612 848
613 670
614 635
614 660
614 866
614 947
614 971
614 991
616 917
618 709
619 925
621 808
622 759
623 802
623 894
624 762
627 752
628 961
629 664
629 818
631 781
632 677
632 744
632 755
633 772
633 840
633 942
634 817
634 846
634 877
635 850
636 640
636 696
636 747
637 724
637 879
639 755
641 893
642 679
643 915
643 985
644 702
646 869
646 965
646 972
647 997
648 718
648 957
649 653
649 700
649 929
649 945
650 828
653 774
653 970
655 714
655 742
655 815
656 853
657 978
659 941
660 789
660 875
660 926
661 911
663 965
663 994
664 827
664 857
665 883
666 800
669 717
670 833
670 893
670 955
671 701
672 942
673 718
675 797
677 782
677 828
679 714
680 761
680 787
680 918
681 939
684 920
686 813
687 696
689 752
692 760
693 921
694 832
696 940
698 844
700 838
702 912
703 705
704 874
704 975
706 850
706 903
706 981
707 900
708 809
708 894
709 802
711 797
712 940
716 811
717 718
717 919
720 738
720 823
721 763
721 806
723 848
725 783
726 901
727 872
729 735
729 880
730 753
730 877
736 817
736 860
738 796
740 821
741 924
741 926
743 914
743 980
745 813
746 896
746 984
747 823
751 837
754 803
754 879
756 769
758 927
759 888
759 997
763 793
766 869
773 893
773 912
773 913
774 900
778 784
779 798
780 792
781 934
782 803
782 875
782 891
783 932
789 936
791 905
792 934
794 871
798 967
799 901
806 944
807 984
817 826
818 919
819 957
819 968
819 979
820 989
822 937
824 849
824 928
830 862
836 911
836 924
841 896
842 892
843 893
847 883
851 891
855 991
856 996
860 988
860 999
861 920
861 924
863 919
863 942
864 937
865 904
871 937
871 950
882 963
884 948
886 922
889 918
889 974
891 929
892 963
895 973
898 993
900 936
905 920
906 907
909 934
922 980
925 941
930 947
931 946
933 935
939 982
945 998
956 995
959 972
970 978
972 977
995 997
0
10 999
