500	1490	 1
0 100
0 255
0 288
0 406
0 427
0 430
0 455
0 497
1 5
1 114
1 220
1 281
1 299
1 312
1 331
1 362
1 488
2 105
2 206
2 215
2 267
2 284
2 299
2 373
2 406
2 409
2 427
2 490
3 70
3 98
3 118
3 355
3 407
3 481
4 183
4 356
4 359
4 413
5 125
5 187
5 268
5 301
5 412
5 436
5 481
6 66
6 130
6 327
6 348
6 433
6 484
6 488
7 52
7 87
7 144
7 146
7 256
7 266
7 279
7 318
7 337
7 388
7 469
8 71
8 204
8 240
8 293
8 465
9 171
9 173
9 187
9 252
9 255
9 288
9 365
9 374
9 434
9 490
10 27
10 184
10 197
10 219
10 255
10 352
10 450
11 38
11 88
11 94
11 106
11 141
11 209
11 334
11 369
11 448
11 499
12 187
12 234
12 319
12 344
12 406
12 433
13 56
13 133
13 173
13 306
14 161
14 411
14 416
14 464
15 140
15 239
15 330
15 356
16 67
16 110
16 199
16 207
16 252
16 304
16 312
16 373
16 470
17 76
17 99
17 109
17 161
17 165
17 194
17 211
17 213
18 117
18 191
18 194
18 262
18 294
18 301
18 351
18 428
18 460
19 186
19 306
19 367
19 468
19 499
20 27
20 107
20 162
20 369
20 391
20 418
21 26
21 54
21 140
21 165
21 230
21 388
21 399
21 478
21 479
22 185
22 214
22 276
22 286
22 355
23 73
23 417
24 180
24 194
24 255
24 298
24 308
24 327
24 385
24 417
24 478
25 78
25 141
25 194
25 430
25 473
26 52
26 269
26 487
27 193
27 346
27 454
28 117
28 176
28 241
28 301
28 406
28 425
29 130
29 182
29 196
29 223
29 238
29 266
29 291
29 310
29 380
29 382
29 458
30 47
30 89
30 161
30 192
30 247
30 255
30 366
30 386
30 465
31 136
31 171
31 457
32 64
32 79
32 111
32 128
32 176
32 194
32 247
32 277
32 428
32 441
33 39
33 60
33 63
33 160
33 208
33 233
33 266
33 292
33 309
33 394
33 432
33 434
33 438
33 494
34 58
34 72
34 76
34 213
34 217
34 244
34 274
34 441
35 71
35 262
35 364
35 428
35 447
36 62
36 66
36 108
36 249
36 257
36 319
36 408
36 482
36 486
37 52
37 61
37 88
37 134
37 265
38 111
38 115
38 118
38 239
38 422
38 469
39 64
39 122
39 348
39 415
40 174
40 195
40 241
40 308
40 340
41 168
41 197
41 199
41 278
41 281
41 436
41 460
41 464
42 184
42 220
42 298
42 299
42 431
43 91
43 228
43 245
43 357
43 384
43 469
43 475
43 476
44 141
44 170
44 211
44 222
44 277
44 278
44 358
44 490
45 189
45 293
45 303
45 388
45 481
46 87
46 159
46 417
47 217
47 328
47 437
47 455
48 66
48 102
48 206
48 269
48 461
48 464
49 72
49 73
49 115
49 125
49 296
49 319
49 423
50 407
50 409
50 414
50 455
50 488
51 275
51 284
51 312
51 335
51 358
52 91
52 166
52 172
52 207
52 222
52 244
52 300
52 332
52 370
52 386
53 94
53 95
53 128
53 154
53 267
53 342
53 387
53 449
53 466
53 499
54 90
54 232
54 248
54 314
54 388
54 429
55 70
55 159
55 163
55 174
55 363
55 457
56 70
56 124
56 131
57 65
57 108
57 267
57 310
57 371
57 453
58 153
58 338
58 374
58 381
58 450
58 470
59 159
59 297
59 336
59 392
60 129
60 200
60 323
60 346
60 421
60 448
60 467
61 69
61 137
61 150
61 153
61 171
61 221
61 239
62 108
62 118
62 167
62 204
62 474
63 233
63 253
63 314
63 333
63 361
63 380
63 411
63 495
64 158
64 300
64 382
64 389
65 147
65 295
65 374
65 414
66 140
66 239
66 266
66 321
66 342
67 346
67 395
68 97
68 165
68 279
68 367
68 414
69 73
69 135
69 155
69 169
69 213
69 238
69 363
69 376
69 460
69 463
70 238
70 307
70 311
71 261
71 393
71 415
72 142
72 153
72 204
72 243
72 373
72 380
72 409
73 75
73 87
73 218
73 345
73 465
74 280
74 426
75 348
75 493
76 85
76 99
76 137
76 329
76 382
76 410
76 456
77 160
77 357
77 385
78 119
78 190
78 277
78 324
78 354
78 386
78 430
79 154
79 171
79 252
79 259
79 331
79 344
79 395
79 490
80 118
81 93
81 185
81 277
81 282
81 328
81 422
81 442
81 459
81 495
82 301
82 341
82 415
82 419
82 469
83 126
83 403
83 453
83 495
84 181
84 347
84 426
85 313
85 399
86 87
86 125
86 154
86 170
86 252
86 308
86 322
86 363
86 385
87 406
87 410
87 434
87 448
88 104
88 105
88 147
88 237
88 316
88 387
88 432
89 108
89 112
89 192
89 352
89 353
90 118
90 204
90 311
90 388
91 114
91 127
91 254
91 273
91 277
91 344
91 378
91 426
92 141
92 316
92 321
92 415
92 435
92 460
93 256
93 262
93 342
93 373
93 462
93 471
94 95
94 131
94 346
95 115
95 127
95 131
95 424
95 438
96 161
96 208
96 236
96 266
96 320
96 380
97 170
97 291
97 379
97 393
98 150
98 348
98 471
99 199
99 287
100 273
100 416
100 450
101 215
101 292
101 310
101 457
101 475
101 492
101 499
102 282
102 320
102 486
103 156
103 178
103 216
103 234
103 302
103 431
104 131
104 196
104 247
104 376
104 379
104 380
104 398
104 399
105 267
105 315
105 440
105 441
106 146
106 155
106 174
106 180
106 475
107 219
107 441
108 155
108 203
108 358
108 470
109 213
109 401
109 450
110 350
110 367
110 449
111 148
111 256
111 335
111 336
112 189
112 294
112 297
112 344
112 368
113 162
113 233
113 410
113 421
113 449
114 129
114 169
114 197
114 206
114 278
114 461
115 138
115 360
115 388
116 301
116 377
116 423
117 203
117 257
117 488
118 163
118 282
118 312
118 347
119 242
119 339
119 405
120 210
120 242
120 495
121 145
121 307
121 324
121 403
121 448
121 484
122 145
122 247
122 266
122 369
122 475
123 318
123 408
123 489
124 354
124 355
124 422
124 450
125 191
125 296
125 418
126 151
126 234
126 236
126 272
126 349
126 485
126 497
127 264
127 494
128 377
129 281
129 332
129 372
129 391
130 150
130 173
130 182
131 340
131 377
132 345
132 361
132 397
132 451
133 173
133 191
133 229
133 323
133 369
133 393
133 436
133 459
134 403
134 411
135 193
135 280
135 425
135 432
136 153
136 349
137 253
137 269
137 434
138 143
138 157
138 174
138 219
138 249
138 304
138 353
139 283
139 498
140 355
140 426
140 454
141 297
141 309
141 346
141 351
141 378
141 388
141 405
141 412
142 279
142 364
142 408
143 168
143 235
143 328
143 374
143 414
143 442
144 356
144 378
145 187
145 193
145 194
145 234
145 273
145 387
145 411
146 200
146 229
146 241
146 361
146 363
146 439
146 440
147 213
147 345
147 449
148 372
148 380
148 474
149 267
149 395
150 302
150 345
150 398
150 417
150 429
150 455
150 497
151 195
151 230
151 316
151 376
151 386
152 162
152 249
152 267
152 284
152 309
153 159
153 333
153 382
154 292
154 428
154 460
155 179
155 310
155 337
155 421
156 173
156 290
156 377
156 410
156 454
157 278
157 433
158 314
158 332
158 413
158 415
158 429
159 210
160 165
160 205
160 236
160 247
160 347
160 418
160 472
160 497
161 179
161 221
161 274
162 384
162 388
162 462
162 474
163 190
163 244
163 498
164 201
164 314
165 175
165 185
165 363
166 177
166 182
166 240
166 482
167 249
167 418
167 428
167 455
167 492
168 325
168 346
168 462
169 252
169 343
169 409
170 211
170 245
170 373
170 408
170 454
171 182
171 218
171 272
171 297
172 191
172 289
172 353
172 441
173 349
173 450
174 181
174 185
174 201
174 273
174 307
174 343
174 350
174 397
174 446
175 176
175 284
175 355
175 395
175 403
175 435
175 449
176 317
176 320
177 216
177 255
177 379
177 444
177 498
178 206
178 393
179 346
179 423
179 482
180 323
180 330
180 434
181 211
181 335
181 373
181 431
181 482
181 497
182 191
182 255
182 297
182 343
182 367
182 384
182 452
182 457
182 462
183 392
183 421
183 429
183 433
184 286
184 290
184 292
184 299
184 475
184 498
185 202
185 227
185 324
186 437
187 348
187 491
188 197
188 234
188 254
188 311
188 350
188 456
189 307
189 339
189 399
189 445
190 247
190 321
190 406
191 209
191 231
191 293
192 232
192 264
192 467
193 226
193 339
193 486
194 353
194 445
194 461
194 469
195 299
195 403
195 486
196 257
196 424
197 244
197 329
197 334
198 222
198 314
198 319
198 351
198 364
199 224
199 357
199 375
199 469
200 263
200 315
201 442
201 461
202 216
202 321
203 267
203 369
203 419
203 424
203 455
204 215
204 445
204 486
204 487
204 494
205 258
205 405
205 449
205 491
206 279
206 292
206 446
206 488
207 284
207 347
208 360
208 390
209 377
209 446
210 227
211 406
211 420
212 274
212 294
212 398
212 493
213 234
213 326
213 362
213 390
214 263
214 320
214 328
214 394
214 426
214 443
215 458
216 219
216 298
216 316
217 260
217 346
217 392
217 417
217 492
218 221
218 351
218 438
219 223
219 398
220 248
220 267
220 317
220 400
220 410
220 491
220 494
221 243
221 422
222 433
222 452
223 237
223 251
223 259
223 296
224 298
224 308
225 356
225 419
225 475
226 311
226 390
226 422
226 425
227 327
227 383
227 384
228 244
228 329
228 374
229 235
229 246
229 247
229 414
230 327
230 451
231 278
231 299
231 441
231 473
232 293
232 320
232 494
232 496
233 300
233 354
234 245
234 276
234 434
234 452
235 390
235 479
236 321
236 353
236 451
237 253
237 334
237 377
237 473
238 297
238 365
239 301
239 328
239 335
239 443
241 249
241 257
241 384
242 280
242 356
242 494
243 329
243 423
244 301
244 329
244 341
244 418
244 493
245 456
245 487
247 323
247 389
248 312
248 315
248 342
248 358
248 462
250 423
250 435
251 278
251 301
251 474
252 345
252 410
252 461
253 391
253 418
253 424
253 471
253 475
254 383
255 280
255 293
255 340
255 370
256 312
256 400
257 261
257 423
258 262
258 287
258 300
258 310
258 483
259 320
259 336
259 412
259 492
260 350
261 285
261 342
261 408
261 423
262 324
263 336
263 341
263 386
265 417
265 421
265 456
265 481
266 287
266 312
267 289
267 311
267 455
267 460
268 442
268 454
269 307
269 334
269 459
270 302
270 388
270 401
271 296
271 311
271 433
271 434
272 360
272 473
274 323
274 371
274 393
274 491
275 358
275 381
275 428
276 289
276 333
276 444
276 489
277 289
277 462
277 487
278 280
278 326
278 406
278 497
280 340
280 350
280 446
280 481
281 362
282 285
282 387
283 483
284 391
284 477
284 485
285 360
285 475
286 297
286 319
286 424
288 362
288 366
289 304
289 425
289 448
290 305
290 434
290 448
291 352
291 440
291 457
293 467
293 469
294 324
294 429
294 499
295 327
295 393
295 482
295 497
296 371
297 306
298 406
299 336
300 339
300 352
301 402
301 440
302 367
302 462
302 496
303 363
303 392
304 329
304 339
304 466
305 389
305 415
305 434
305 460
306 399
306 463
307 354
307 491
308 366
308 403
308 420
308 494
309 371
309 431
310 345
310 443
310 485
311 379
311 382
311 443
312 383
312 392
312 418
312 461
313 365
314 396
315 454
316 388
316 449
317 497
318 496
319 351
319 479
319 496
320 354
321 398
321 424
322 339
323 364
323 376
324 355
324 419
325 341
325 395
326 334
326 396
326 439
326 479
327 336
328 372
328 484
329 372
329 374
329 442
329 467
330 336
330 340
330 378
331 349
331 474
333 425
335 407
335 413
335 459
335 478
336 338
337 345
337 388
338 360
338 368
338 408
338 415
339 404
340 499
341 354
342 373
342 415
342 465
343 345
343 433
343 441
344 437
344 438
347 393
347 408
347 435
347 454
348 410
350 398
351 401
352 354
352 393
353 383
354 464
356 367
356 450
356 459
357 375
359 448
359 471
359 496
360 381
360 446
362 389
362 465
362 498
364 457
365 405
365 443
366 368
366 494
367 410
369 489
371 402
371 416
372 388
372 455
374 395
374 443
375 386
375 466
377 388
377 394
377 397
379 428
379 467
380 410
380 426
380 480
381 396
385 447
385 494
386 492
387 408
388 404
388 439
389 475
390 409
390 416
390 419
391 497
394 430
395 407
395 493
396 467
397 497
398 461
399 402
399 427
399 494
402 407
402 452
403 408
403 440
403 459
404 477
404 486
406 420
406 445
407 470
409 485
410 475
411 473
411 474
412 484
412 499
413 423
413 450
415 483
417 451
419 432
420 462
421 446
421 471
421 473
422 436
423 454
423 480
424 477
425 426
425 446
427 474
428 481
429 486
430 484
430 487
431 436
431 437
432 468
438 460
439 494
440 471
441 449
441 487
441 489
442 448
443 459
445 480
446 466
447 458
447 472
450 490
456 497
460 464
461 471
461 491
462 470
463 473
467 497
471 477
474 495
0
9 499
