500	1441	 1
0 101
0 105
0 139
0 172
0 194
0 233
0 252
0 276
0 351
0 477
1 327
1 341
1 367
1 373
2 262
2 447
3 80
3 102
3 197
3 198
3 201
3 214
3 308
3 392
3 415
3 447
4 58
4 112
4 229
4 262
4 360
4 422
5 152
5 256
5 329
5 339
5 341
5 411
6 15
6 25
6 67
6 142
6 212
7 63
7 111
7 140
7 210
7 218
7 221
7 289
7 408
7 448
8 216
8 246
8 273
9 52
9 123
9 179
9 332
9 393
10 141
10 191
10 236
10 323
10 348
10 401
10 473
10 494
11 104
11 410
11 452
11 477
12 21
12 122
12 141
12 152
12 230
12 369
13 36
13 148
13 178
13 205
13 295
13 374
13 437
13 460
13 474
14 97
14 185
14 322
15 70
15 224
15 229
15 241
15 276
15 323
15 382
15 436
16 22
16 220
16 393
17 30
17 82
17 89
17 113
17 120
17 141
17 234
17 331
17 394
17 456
18 48
18 81
18 368
19 154
19 245
20 125
20 291
20 444
20 489
21 36
21 157
21 289
21 297
21 386
22 134
22 143
22 215
22 225
22 296
22 340
22 406
23 252
23 324
24 105
24 315
24 465
24 468
25 26
25 165
26 429
27 31
27 131
27 151
27 160
27 199
27 329
27 344
27 355
27 371
28 114
28 260
28 309
28 375
28 401
28 442
28 465
29 30
29 41
29 63
29 155
29 191
29 322
29 342
30 145
30 312
30 334
30 447
31 250
31 268
31 312
31 338
31 448
32 113
32 129
32 130
32 177
32 190
32 193
32 270
32 472
32 488
33 201
33 207
33 314
33 328
34 91
34 407
34 423
34 433
35 75
35 164
35 198
35 309
35 442
35 444
35 485
36 128
36 163
36 200
36 236
36 337
36 413
36 432
36 458
37 78
37 250
37 313
37 349
37 412
37 454
37 479
38 118
38 301
38 389
39 210
39 256
39 287
39 314
39 341
39 401
39 418
39 429
40 67
40 260
40 432
41 49
41 68
41 75
41 84
41 104
41 263
41 400
41 431
42 66
42 239
42 360
42 395
43 70
43 181
43 312
43 346
43 401
43 436
43 478
44 84
44 310
44 316
44 372
44 403
44 469
45 46
45 120
45 121
45 225
45 334
45 366
45 464
45 473
46 60
46 103
46 111
46 253
46 361
47 106
47 314
47 442
48 196
48 199
48 334
48 350
48 400
49 88
49 185
49 257
49 366
49 415
49 457
50 60
50 92
50 110
50 123
50 169
50 489
51 64
51 112
51 219
51 238
51 294
51 338
51 380
52 128
52 132
52 142
52 361
52 432
52 484
53 67
53 102
53 159
53 217
53 248
53 383
53 447
53 475
54 288
54 293
54 399
54 439
54 469
55 79
55 151
55 199
55 268
55 319
55 419
56 191
56 289
57 112
57 135
57 355
57 370
57 436
57 471
57 482
58 136
58 253
58 395
58 408
58 452
58 463
59 198
59 204
59 250
59 276
59 381
59 464
60 78
60 205
60 249
60 296
60 427
61 390
62 151
62 386
62 392
63 140
64 270
64 367
64 406
64 488
65 159
65 198
65 428
65 429
65 495
66 138
66 184
66 223
66 466
67 177
67 183
67 475
67 498
68 81
68 154
68 211
68 332
68 464
69 347
69 350
70 113
70 160
70 232
70 233
70 282
70 486
71 173
71 286
71 337
71 381
71 468
71 484
72 122
72 174
72 359
73 101
73 169
73 177
73 248
73 382
74 87
74 211
74 356
74 420
74 467
75 163
75 308
75 330
75 476
76 318
76 349
76 411
76 430
76 457
77 150
77 307
77 335
77 442
78 150
78 227
78 262
79 100
79 285
79 353
80 126
80 320
80 328
80 364
81 148
81 165
81 483
82 98
82 125
82 187
82 238
82 384
83 352
83 389
83 409
83 488
83 498
84 94
84 238
84 278
84 410
84 473
85 117
85 193
85 240
85 252
85 407
86 123
86 163
86 240
86 300
86 358
86 365
87 230
87 259
87 288
87 444
88 97
88 321
88 345
88 395
88 473
89 236
89 288
89 332
89 475
90 325
90 436
90 455
90 462
91 303
91 361
92 157
92 161
92 278
92 408
92 440
93 102
93 117
93 170
94 152
94 176
94 255
94 455
94 467
95 202
95 469
96 178
96 246
96 319
96 329
97 119
97 310
97 357
98 107
98 134
98 215
98 289
98 292
98 377
99 131
99 224
99 486
100 170
100 285
100 317
100 363
100 425
101 255
101 331
101 396
102 146
102 156
102 177
102 293
103 163
104 196
104 223
104 298
105 254
105 320
105 371
106 299
106 463
107 187
107 253
107 272
107 409
107 470
108 462
109 386
109 483
110 233
110 347
110 413
110 443
110 490
111 287
111 321
111 416
112 330
113 234
113 317
113 417
113 441
114 139
114 244
115 326
115 328
115 456
116 144
116 173
116 392
116 412
116 482
116 488
117 127
117 200
117 267
117 374
117 378
118 293
118 303
118 327
118 388
119 135
119 138
119 266
119 335
120 134
120 137
120 184
120 186
120 210
120 272
120 415
120 468
121 202
121 264
121 267
121 386
121 402
121 413
121 423
121 479
122 146
122 225
122 299
122 330
122 360
122 374
123 250
123 270
123 305
123 353
123 376
123 397
123 409
123 442
123 475
124 202
124 297
124 336
124 490
125 365
125 448
126 156
126 176
126 410
126 412
127 288
127 326
127 338
128 280
128 400
128 467
129 258
129 284
129 389
129 395
129 460
130 339
130 352
130 354
130 355
130 386
130 401
130 403
130 465
131 332
132 224
132 231
132 257
132 418
133 366
133 370
133 432
133 438
133 499
134 431
135 303
135 343
135 402
135 446
136 247
136 308
136 406
136 457
136 489
137 138
137 142
137 188
137 194
137 274
137 368
137 488
138 162
138 257
138 290
138 364
138 365
138 489
139 334
139 397
139 415
139 435
140 399
141 198
141 368
141 373
141 408
141 410
141 435
141 467
141 469
142 169
142 190
142 355
142 391
143 301
143 324
143 481
143 489
144 147
144 152
144 222
144 252
144 342
144 411
144 458
145 183
145 279
145 380
146 156
146 197
146 371
147 157
147 255
148 196
148 350
148 495
149 211
149 303
149 310
149 435
149 486
149 489
150 155
150 163
150 199
150 202
150 418
150 439
151 173
151 241
151 377
151 443
152 198
152 206
152 213
152 242
152 285
152 358
153 229
153 393
154 163
154 251
154 300
154 402
154 482
154 485
155 336
155 478
155 494
155 495
156 192
156 228
156 484
157 352
157 425
157 480
157 486
158 276
158 395
159 196
159 385
160 173
160 365
161 166
162 167
162 363
162 388
163 281
163 305
163 366
163 388
163 447
163 461
164 197
164 238
164 381
164 408
164 495
165 222
165 248
165 265
166 195
166 207
166 279
166 327
166 360
166 394
167 241
167 322
167 349
167 357
167 367
167 402
167 408
167 418
167 455
168 192
168 219
168 299
168 355
168 390
169 231
169 232
169 277
169 306
169 378
169 401
169 439
169 486
170 248
170 348
170 362
170 382
170 441
171 227
171 239
171 461
172 304
172 402
172 405
172 497
173 204
173 258
173 282
173 294
173 328
173 360
173 390
173 449
174 208
174 295
174 297
174 307
174 328
174 358
174 496
175 195
175 282
175 300
175 329
176 218
176 242
176 346
176 411
176 464
177 203
177 212
177 228
177 242
177 372
178 196
178 425
178 480
178 492
179 209
179 304
179 306
179 381
179 401
179 458
180 187
180 262
180 274
180 283
180 337
180 359
180 360
180 385
180 399
180 449
180 469
180 492
181 224
181 237
181 269
181 304
181 306
181 313
181 339
181 416
182 340
182 425
183 356
183 450
184 461
184 492
185 288
185 465
186 346
186 394
186 439
186 472
187 240
187 270
187 272
187 307
187 366
187 459
188 205
188 264
188 350
188 367
188 399
188 459
189 375
189 388
189 455
189 480
190 435
191 228
191 296
191 435
191 493
192 264
192 306
193 446
194 227
194 378
195 238
195 289
195 307
195 404
195 468
196 232
196 275
197 250
197 267
197 467
197 475
198 228
198 249
198 270
198 303
198 371
199 263
199 281
199 301
199 420
199 490
200 288
200 322
200 330
200 446
201 212
201 290
201 298
201 367
201 412
201 416
202 205
202 237
203 221
203 282
203 353
203 365
203 476
204 247
204 260
204 287
204 406
205 251
205 326
205 498
206 265
206 299
206 380
206 434
207 260
207 297
207 349
207 431
207 437
207 470
208 222
208 228
208 238
208 306
208 355
208 361
208 427
208 470
209 407
210 254
210 441
210 461
210 493
211 221
211 237
211 286
211 356
211 466
212 321
212 383
212 408
212 486
213 310
213 317
213 356
213 420
214 248
215 331
215 338
215 363
215 385
215 494
216 264
217 465
217 468
217 474
217 476
219 280
219 330
219 341
219 343
219 438
220 421
220 468
221 224
221 264
221 290
221 317
221 322
221 409
221 450
222 300
222 445
223 229
223 241
223 374
224 246
224 324
224 334
224 366
224 451
225 438
226 304
226 367
226 423
226 439
227 314
227 332
227 445
227 474
227 479
228 400
228 496
229 315
229 352
230 258
230 495
231 304
231 344
231 440
231 465
232 316
232 423
232 468
233 255
233 327
233 445
234 343
234 368
234 371
234 399
234 428
234 457
235 458
235 471
237 460
238 250
238 313
238 315
238 342
238 428
238 478
239 295
239 380
239 386
240 265
240 438
241 302
241 319
241 378
241 475
242 250
242 393
242 401
242 409
243 301
243 338
243 400
244 254
244 259
244 332
244 338
244 351
245 261
245 312
246 414
247 279
247 292
247 473
248 326
248 396
248 481
250 314
250 433
250 489
251 348
251 370
251 374
252 302
252 381
252 403
253 308
254 355
254 453
255 340
255 411
255 442
256 319
256 400
256 419
256 449
256 486
257 275
257 318
257 446
258 365
258 433
259 283
259 339
259 395
259 438
259 446
260 268
260 325
261 363
261 499
262 334
262 419
262 458
263 269
264 294
264 330
264 414
264 450
264 486
265 497
266 334
266 461
267 330
267 436
267 441
268 382
268 392
268 460
269 385
269 387
269 408
269 430
269 445
269 471
270 388
270 398
271 314
272 336
272 387
273 296
273 323
273 397
273 438
274 352
274 492
275 298
275 353
276 288
277 480
277 495
278 357
278 374
278 417
279 322
279 461
279 464
279 496
280 422
282 332
283 396
283 427
283 490
284 355
284 379
284 461
285 297
285 307
285 308
285 381
285 480
286 295
286 377
286 389
286 440
286 484
287 303
287 309
287 369
287 371
288 399
289 387
289 406
290 427
291 418
291 479
292 400
292 479
293 453
294 466
295 486
297 365
298 339
298 432
299 389
299 407
300 308
300 324
300 346
300 439
301 424
301 462
302 425
303 330
303 368
303 421
304 440
304 457
304 463
304 483
305 339
305 422
305 439
305 471
306 340
306 364
308 358
308 411
309 338
309 347
310 349
310 400
311 349
311 363
311 406
311 429
312 359
312 418
313 421
313 457
314 408
314 439
315 325
315 346
316 391
317 432
318 367
318 375
320 353
321 326
321 449
322 342
322 411
323 374
324 362
324 465
325 366
325 389
326 410
326 433
326 478
327 435
328 347
328 475
328 479
328 485
329 367
329 433
329 455
330 358
330 437
330 494
331 387
331 388
331 443
332 372
332 464
333 424
333 444
333 447
333 474
333 499
334 373
334 405
335 336
335 389
335 460
335 476
336 346
336 376
336 380
337 365
337 449
338 400
338 484
339 414
340 365
340 375
340 402
340 451
341 353
341 476
342 396
343 370
343 397
345 387
345 400
346 438
346 469
347 496
348 417
348 448
348 464
350 360
350 384
350 386
351 477
352 393
352 420
352 456
353 437
354 486
356 359
356 417
356 425
356 496
357 403
358 385
358 492
359 429
359 439
359 459
360 412
360 424
360 492
361 444
363 382
363 426
363 437
363 463
363 466
364 411
365 442
365 481
366 378
366 398
366 405
366 437
367 391
367 408
367 472
369 398
370 372
370 418
370 494
371 408
372 446
373 402
374 433
374 462
376 423
376 438
377 447
377 493
378 454
378 495
379 449
379 450
380 384
380 441
381 454
381 484
382 458
383 422
383 445
383 484
386 499
387 466
388 482
390 441
393 414
393 482
394 480
395 401
395 480
395 484
395 499
397 434
397 485
400 417
400 432
401 450
402 485
404 418
404 484
404 496
405 462
407 449
407 483
411 417
411 491
413 443
414 459
414 472
414 485
418 452
418 483
418 489
418 495
420 463
420 492
428 447
428 491
431 494
432 451
433 475
434 464
434 471
434 478
435 461
437 449
437 454
439 446
439 455
442 487
443 449
444 445
444 456
446 462
449 475
450 451
450 464
454 482
454 488
457 484
458 478
458 491
462 495
463 478
463 488
467 493
470 489
486 499
0
9 499
