500	1502	 1
0 5
0 15
0 344
1 127
1 145
1 154
1 308
1 417
1 424
2 66
2 136
2 268
2 301
2 394
2 395
2 398
2 488
3 60
3 213
3 397
3 439
4 51
4 108
4 155
4 203
4 288
4 320
4 370
4 385
4 398
5 86
5 101
5 111
5 152
5 194
5 293
5 424
5 432
5 465
6 32
6 142
6 292
6 417
7 51
7 69
7 207
7 304
7 337
7 392
7 396
7 469
8 72
8 73
8 176
8 277
8 368
8 470
8 486
8 496
9 87
9 218
9 294
9 452
10 95
10 157
10 185
10 263
11 99
11 145
11 333
11 465
11 494
12 18
12 50
12 97
12 202
12 390
12 428
12 459
12 497
13 166
13 181
13 197
13 329
13 362
13 438
13 445
14 75
14 163
14 219
14 410
14 451
14 465
15 322
15 324
15 364
16 48
16 138
16 182
16 183
16 208
16 271
16 443
16 497
17 265
17 279
17 349
17 431
18 162
18 206
18 285
19 170
19 201
19 230
19 315
19 334
20 144
20 149
20 417
20 462
21 54
21 129
21 144
21 246
21 256
21 266
21 273
21 300
21 425
21 431
21 461
22 84
22 242
22 258
22 262
22 264
22 287
22 311
22 377
23 91
23 472
24 56
24 104
24 354
24 389
25 68
25 386
25 438
25 486
26 43
26 141
26 164
26 214
26 263
26 357
26 412
26 432
26 449
26 456
27 160
27 208
27 222
27 458
27 490
28 379
28 403
28 423
28 427
28 435
29 100
29 141
29 208
29 293
29 418
29 483
30 108
30 120
30 249
30 440
30 447
30 465
31 222
31 372
31 398
31 466
31 468
32 163
32 165
32 178
32 315
32 323
33 49
33 69
33 93
33 128
33 153
33 310
33 312
33 378
33 386
34 72
34 169
34 273
34 290
34 336
34 341
34 451
34 460
34 466
34 483
35 132
35 296
35 311
35 410
35 432
36 162
36 242
36 468
37 209
37 348
37 382
38 311
38 333
39 83
39 121
39 135
39 173
39 179
39 183
39 246
39 421
39 433
40 107
40 157
40 180
40 231
40 360
40 425
40 481
41 56
41 194
41 254
41 267
41 302
41 331
41 397
41 416
42 341
42 455
43 103
43 104
43 113
43 158
43 222
43 250
43 335
43 383
43 422
43 492
44 90
44 162
44 250
44 264
44 491
45 125
45 251
45 274
45 313
46 122
46 193
46 272
46 314
46 334
46 351
46 420
47 77
47 78
47 221
47 398
48 78
48 194
48 381
48 400
48 415
49 59
49 98
49 103
49 145
49 387
49 395
50 54
51 135
51 147
51 211
51 305
51 348
51 422
51 440
52 138
52 157
52 164
52 213
52 250
52 386
52 495
53 54
53 77
53 108
53 168
53 203
53 275
53 349
53 350
53 353
54 161
54 222
54 359
54 443
54 498
55 222
55 283
55 315
56 96
56 191
56 227
56 287
56 394
56 430
57 223
57 275
57 284
58 147
58 191
58 225
59 146
59 201
59 210
59 280
59 289
59 354
59 414
60 68
60 121
60 176
60 317
60 358
60 432
61 63
61 161
61 223
61 241
61 255
61 277
61 363
62 216
62 301
62 449
62 477
63 255
63 260
63 276
63 283
64 70
64 203
64 242
64 267
64 315
64 491
65 100
65 183
65 221
65 345
65 400
65 476
66 278
66 443
67 186
67 192
67 225
67 389
68 215
68 316
68 365
68 403
68 463
69 124
69 170
69 172
69 186
70 178
70 195
70 203
70 252
70 296
70 308
70 465
71 150
71 155
71 218
71 275
71 283
71 299
71 309
72 464
73 293
73 294
73 380
74 145
74 192
74 193
74 343
74 426
74 493
75 82
75 240
75 245
75 368
75 391
75 428
76 91
76 347
76 415
77 137
77 166
77 241
77 253
77 481
78 180
78 189
78 245
78 264
78 268
78 379
78 443
79 128
79 232
80 107
80 174
80 253
80 286
81 172
81 311
81 382
81 487
82 94
82 132
82 222
82 244
82 266
82 269
82 274
82 359
83 146
83 218
83 381
83 466
83 484
83 499
84 240
84 248
84 295
84 359
84 372
84 414
84 452
85 172
85 299
85 324
85 477
86 117
86 200
86 225
86 284
86 408
86 498
87 389
87 390
87 490
88 214
88 345
88 366
88 393
88 424
89 100
89 480
90 276
90 486
91 104
91 205
91 236
91 459
92 172
92 270
92 275
92 301
92 366
92 468
93 118
93 172
93 347
93 375
94 115
94 118
94 169
94 195
94 286
95 132
95 168
95 169
95 245
95 477
96 168
96 182
96 354
96 370
96 463
97 137
97 351
98 342
98 345
98 428
98 486
99 106
99 243
99 244
99 254
99 323
99 481
100 122
100 286
101 105
101 142
101 318
101 322
101 326
101 489
102 147
102 415
103 202
103 426
104 161
104 330
104 385
105 135
105 209
105 213
105 241
105 268
105 353
105 470
106 166
106 436
106 473
107 141
107 163
107 366
107 382
107 405
107 438
108 127
108 231
108 398
109 118
109 173
109 305
109 327
109 371
109 391
110 154
110 155
110 301
110 428
110 453
111 204
111 293
111 306
111 434
112 380
113 122
113 148
113 157
113 296
113 475
114 115
114 279
114 303
114 359
115 146
115 212
115 315
115 338
115 373
115 466
116 121
116 129
116 198
117 125
117 232
117 295
117 310
117 337
118 126
118 149
118 179
118 355
118 462
118 467
119 376
119 377
119 397
119 435
120 189
120 399
120 424
121 230
121 237
121 326
121 387
122 145
122 219
122 273
122 291
122 294
122 329
122 456
123 237
123 256
123 320
123 453
124 220
124 262
124 272
124 297
124 301
124 377
124 467
125 133
125 140
125 146
125 263
125 279
125 325
125 355
125 459
126 172
126 194
126 371
126 417
127 129
127 394
128 185
128 187
128 251
128 414
128 461
128 468
129 133
129 319
129 494
130 135
130 388
130 497
131 242
131 402
131 451
131 472
132 222
132 249
133 316
133 472
133 485
134 137
134 187
134 197
134 206
134 227
134 350
135 163
135 271
135 322
135 343
135 395
136 161
136 211
136 359
136 433
137 182
137 360
137 396
137 440
138 244
138 295
138 300
138 302
138 304
139 152
139 190
139 236
139 468
140 146
140 161
140 165
140 185
140 234
140 382
140 415
140 423
141 149
141 179
141 272
141 297
141 325
141 332
141 402
141 403
141 473
142 221
142 223
142 234
142 324
142 338
142 345
143 169
143 233
143 370
143 372
143 458
144 285
144 324
144 365
144 427
144 460
144 493
145 159
145 305
146 194
147 150
147 191
147 312
147 374
147 391
148 230
148 251
148 476
149 188
149 203
149 261
149 324
149 351
149 489
150 391
150 446
151 221
151 256
151 434
151 482
152 362
152 376
152 408
153 238
153 253
153 411
154 213
154 302
154 362
155 213
156 167
156 176
156 293
156 313
156 318
156 395
157 230
157 286
157 334
157 377
157 412
157 437
158 280
158 309
158 380
158 396
159 202
159 239
159 269
159 328
159 433
159 437
160 213
160 229
160 381
160 420
160 428
161 197
161 294
161 403
161 471
162 258
162 266
162 268
162 439
163 214
163 272
163 308
164 269
164 293
164 336
164 358
164 453
164 464
164 493
165 266
166 195
166 325
166 358
166 448
167 209
167 376
167 405
167 461
168 291
168 318
168 406
168 413
168 457
168 479
169 220
169 226
169 230
169 275
169 319
170 357
170 434
170 478
171 187
171 267
171 373
172 271
172 284
172 354
172 438
173 237
173 249
173 357
173 413
173 456
174 427
175 184
175 185
175 191
175 485
175 499
176 266
176 315
176 335
176 412
177 233
177 283
177 316
177 359
177 419
177 426
178 319
178 419
178 484
179 240
179 271
179 284
179 302
179 436
179 438
179 440
179 444
180 198
180 203
180 209
180 248
180 269
180 450
180 455
180 468
181 481
181 489
182 255
182 311
182 353
182 471
183 248
184 254
184 397
184 400
184 419
185 202
185 203
185 310
185 324
185 349
185 394
186 442
187 200
187 357
188 250
188 301
188 448
189 247
189 254
189 414
189 458
189 468
189 481
190 222
191 427
192 339
192 355
192 360
192 432
192 442
193 205
193 218
193 283
193 345
193 416
193 457
193 471
194 299
194 357
194 456
194 481
195 295
196 279
196 305
196 334
196 388
196 441
196 480
196 482
196 484
197 219
197 241
197 350
197 401
197 471
198 408
198 472
199 225
199 374
199 460
199 497
200 378
201 333
201 336
201 358
201 403
202 249
203 207
203 299
203 322
203 457
204 206
204 277
205 258
205 275
205 331
205 431
205 447
205 448
205 484
205 494
205 497
206 375
206 473
207 342
207 361
207 383
207 385
207 397
207 483
208 212
208 429
208 472
208 498
209 262
209 269
209 442
210 369
210 370
210 386
210 455
210 484
211 256
211 468
212 327
212 365
212 447
212 449
212 483
213 218
213 231
213 346
213 389
213 392
213 429
213 468
213 470
214 233
214 246
214 275
214 289
215 328
216 259
216 271
216 274
216 276
217 380
217 397
217 477
218 327
218 428
218 490
219 228
219 298
219 370
220 238
220 291
220 296
220 489
221 273
221 298
221 373
222 304
222 374
222 431
222 477
222 499
224 371
225 240
225 267
225 273
225 472
226 263
226 290
226 372
226 440
226 464
226 488
228 239
228 416
228 419
228 420
229 266
229 336
229 393
230 276
230 428
231 239
231 313
232 281
232 297
232 344
232 464
232 466
233 410
233 422
234 303
234 418
235 241
235 308
235 326
235 342
235 396
235 424
235 425
235 475
236 344
236 429
236 438
237 332
237 366
237 373
237 458
238 322
238 351
238 377
239 262
239 323
239 400
239 453
239 480
240 267
240 270
240 289
240 409
240 452
240 494
241 293
241 370
242 348
243 306
243 333
243 367
243 472
244 326
244 331
244 455
245 280
245 342
245 374
245 375
245 379
245 389
245 469
245 471
246 423
246 436
247 269
247 380
247 493
248 262
248 312
248 461
249 289
249 344
249 459
249 466
250 271
250 281
250 387
250 481
250 497
251 383
252 434
252 438
253 364
253 372
253 402
253 413
254 340
254 358
255 401
256 327
256 371
256 455
257 291
257 340
257 479
258 269
258 409
258 410
259 281
259 408
259 498
260 356
261 373
261 486
262 318
262 391
262 497
263 274
263 301
264 269
264 355
265 327
265 377
265 389
265 461
266 302
266 471
267 301
267 423
267 496
268 434
268 458
269 362
269 397
269 457
270 301
270 386
270 422
270 455
270 456
271 450
271 457
272 385
272 407
273 334
273 398
273 419
274 354
274 382
274 396
274 404
274 467
274 475
275 383
275 457
277 370
277 378
278 293
278 324
278 359
278 363
278 382
278 455
279 296
279 351
280 431
280 443
281 328
281 467
282 386
282 462
283 292
283 323
284 308
284 370
284 405
285 312
285 389
285 394
285 480
286 397
287 356
287 432
287 440
287 488
288 406
288 451
288 476
289 376
289 490
290 307
290 483
292 339
292 423
292 448
292 457
293 469
293 475
295 299
295 378
295 468
295 477
296 432
296 458
297 346
297 351
298 303
298 361
298 387
298 446
299 371
299 422
299 423
299 469
300 369
300 497
301 312
301 313
301 316
301 354
301 406
301 444
301 484
302 363
303 314
303 330
303 440
304 336
304 363
305 333
305 345
305 361
305 397
305 452
306 428
306 494
307 494
308 327
308 423
309 399
310 362
310 423
310 494
311 343
311 396
311 397
311 406
311 473
312 390
312 429
313 358
313 381
313 452
313 467
314 441
315 370
315 457
317 381
317 451
317 486
317 491
318 402
319 335
319 358
319 407
319 434
320 400
320 401
320 447
320 450
320 454
321 353
321 386
321 397
321 436
322 343
322 344
322 427
322 472
324 364
324 460
324 464
326 344
326 420
326 469
327 375
329 355
329 400
329 488
329 492
330 362
330 376
330 450
331 338
331 346
331 481
332 437
332 477
334 469
334 478
335 341
335 376
335 402
335 420
335 463
336 391
337 477
337 480
338 359
338 418
338 443
338 490
339 370
339 387
339 422
341 364
342 405
342 412
342 430
343 454
344 461
345 384
345 425
346 373
346 402
346 405
346 440
346 472
347 462
348 474
349 403
349 489
349 495
352 378
352 450
352 499
353 392
355 384
355 406
355 445
356 397
356 493
357 437
357 459
358 384
358 385
358 397
359 490
360 397
360 478
361 404
361 412
361 428
362 376
362 491
364 468
365 422
365 477
367 380
367 482
367 493
368 400
368 407
368 441
368 460
368 475
371 499
372 416
373 432
373 433
374 462
374 484
375 415
376 411
376 450
377 385
377 406
377 409
378 496
379 475
382 406
382 485
382 499
384 452
387 402
387 422
387 423
387 475
389 428
389 481
390 395
390 460
391 392
392 453
392 460
393 499
394 451
394 459
394 467
397 399
397 415
398 467
400 446
400 452
401 481
401 485
401 493
404 495
405 415
408 444
408 474
408 499
409 415
409 462
409 477
411 450
412 454
412 473
413 457
415 433
415 474
416 449
416 485
416 499
417 418
417 452
418 434
421 457
421 480
421 488
423 446
424 434
425 428
427 438
428 430
428 491
429 454
429 474
429 493
431 432
433 485
434 481
435 485
437 458
438 469
440 482
443 463
446 490
448 468
450 469
450 476
452 464
453 480
460 470
463 465
465 492
467 475
467 488
472 473
473 495
474 476
478 498
0
9 499
