500	1539	 1
0 37
0 41
0 59
0 196
0 280
0 456
1 17
1 20
1 84
1 289
1 344
1 421
2 152
2 156
2 262
2 304
2 332
2 402
2 416
2 418
2 449
2 483
3 38
3 63
3 245
3 291
4 252
4 280
4 331
4 341
4 466
5 129
5 151
5 178
5 234
5 356
5 358
5 412
5 423
6 148
6 323
6 392
6 447
6 462
6 472
7 39
7 256
7 274
7 347
7 353
7 393
7 442
8 15
8 42
8 152
8 494
8 496
9 36
9 60
9 101
9 247
9 267
9 276
10 15
10 75
10 80
10 138
10 155
10 218
10 264
10 333
10 381
11 107
11 165
11 216
11 248
11 279
11 304
12 42
12 77
12 212
12 297
12 309
12 314
12 391
13 83
13 163
13 216
13 228
13 305
13 388
14 124
14 150
14 172
14 221
14 261
14 354
14 403
14 434
14 442
15 50
15 84
15 203
15 227
15 232
15 260
15 485
16 95
16 208
16 248
16 297
16 360
16 442
16 467
16 478
17 102
17 103
17 334
17 435
18 123
18 153
18 196
18 201
18 349
19 194
19 360
19 382
19 470
20 44
20 239
20 418
20 468
20 491
21 97
21 197
21 221
21 292
21 301
21 310
21 342
21 386
21 439
22 39
22 82
22 141
22 204
22 242
22 268
22 311
23 24
23 51
23 83
23 122
23 204
23 254
23 363
23 395
24 221
24 230
24 317
24 408
24 436
25 110
25 122
25 154
25 295
25 369
25 417
25 489
26 52
26 86
26 127
26 158
26 164
26 304
26 356
26 413
26 475
27 99
27 396
28 86
28 92
28 144
28 178
28 192
28 196
28 270
28 300
28 330
28 353
29 100
29 103
29 190
29 313
29 330
29 359
29 400
30 48
30 61
30 268
30 269
30 386
30 388
31 259
31 287
31 289
31 301
31 412
32 285
32 315
32 357
32 375
32 430
32 455
33 60
33 93
33 282
33 357
33 451
33 469
34 42
34 120
34 138
34 352
34 390
34 394
34 410
34 473
35 253
35 423
36 153
36 182
36 228
36 239
36 430
36 487
37 95
37 141
37 249
37 369
38 91
38 174
38 175
38 316
38 413
38 478
38 479
39 61
39 354
39 363
39 425
40 46
40 47
40 220
40 276
40 424
40 450
40 468
41 80
41 234
41 323
41 492
42 60
42 108
42 152
42 233
42 250
42 270
42 364
43 145
43 217
43 280
43 311
43 312
43 331
43 342
43 375
43 469
44 102
44 318
44 333
44 499
45 94
45 169
45 245
45 253
45 257
45 322
45 365
45 370
45 415
45 435
45 462
46 172
46 207
46 215
46 284
46 288
46 422
46 437
46 445
46 459
47 127
47 240
47 417
47 431
47 486
47 499
48 198
48 204
48 277
48 384
48 467
49 53
49 122
49 316
49 457
50 94
50 135
50 211
50 266
50 380
50 410
50 499
51 91
51 120
51 215
51 306
51 461
52 59
52 138
52 197
52 219
52 251
52 345
52 478
52 499
53 56
53 66
53 220
53 274
53 473
54 92
54 113
54 177
54 321
54 404
55 108
55 194
55 268
55 344
55 358
56 112
56 191
56 364
56 377
56 454
57 74
57 173
57 288
57 322
57 371
58 247
58 415
58 446
58 459
58 462
59 101
59 219
59 221
59 293
59 388
59 469
60 92
60 182
60 259
60 389
61 261
61 317
61 387
62 315
62 320
62 376
62 384
62 421
63 110
63 172
63 218
63 299
63 459
63 489
64 148
64 186
64 190
64 282
64 314
64 431
64 450
64 488
65 76
65 94
65 192
65 209
65 435
66 219
66 269
66 282
66 400
66 413
66 444
66 447
66 452
66 461
67 85
67 168
67 339
67 427
67 452
68 124
68 138
68 249
68 259
69 135
69 290
69 411
70 156
70 159
70 229
70 286
70 293
70 497
71 113
71 132
71 148
71 149
71 169
71 461
72 200
72 286
72 291
72 317
72 395
72 399
73 115
73 119
73 148
73 174
73 257
73 326
73 468
74 155
74 316
74 402
74 438
74 477
75 87
75 221
75 352
75 406
75 447
75 467
76 87
76 98
76 136
76 210
76 234
76 326
76 380
77 118
77 151
77 251
77 468
78 81
78 115
79 229
79 269
79 358
79 403
80 211
80 248
80 353
80 475
81 180
81 302
81 338
81 471
82 92
82 142
82 211
82 242
82 279
82 342
82 351
82 360
82 435
82 450
82 488
83 168
83 247
83 257
83 284
83 406
83 428
84 167
84 286
84 335
84 359
84 487
85 179
85 201
85 208
85 256
85 328
85 334
86 197
86 237
86 348
87 169
87 400
87 463
88 117
88 206
88 245
88 276
88 387
89 151
89 294
90 163
90 252
90 328
90 350
90 410
90 420
91 245
91 275
91 427
92 112
92 151
92 178
92 311
92 352
92 485
93 190
93 218
93 236
93 271
93 334
93 400
94 254
94 298
94 421
94 465
94 469
95 128
95 247
95 418
95 435
95 446
95 491
96 211
96 256
96 281
96 282
96 370
97 216
97 403
97 448
97 469
98 136
98 177
98 355
98 485
98 499
99 149
99 278
99 301
99 343
99 397
99 400
100 343
100 348
100 381
100 428
101 171
101 201
101 294
102 248
102 296
102 383
103 313
103 401
103 414
104 229
104 358
104 419
104 429
104 494
105 196
105 241
105 266
106 339
106 368
107 213
108 198
108 237
108 266
108 315
108 489
109 200
109 333
109 370
110 296
110 455
110 476
110 491
111 497
111 499
112 242
112 311
112 326
112 413
113 209
113 387
113 474
114 147
114 155
114 388
114 476
115 274
115 275
115 288
115 391
115 470
115 479
116 125
116 308
116 321
116 362
116 380
116 473
117 133
117 245
117 274
117 428
117 438
117 499
118 127
118 373
118 488
119 230
119 237
119 323
119 362
120 231
120 237
120 418
121 132
121 172
121 232
121 376
121 457
121 462
121 481
122 164
122 227
122 318
122 395
123 149
123 180
123 370
124 231
124 416
124 435
124 446
125 201
125 270
125 415
126 215
126 332
126 484
127 239
127 246
127 271
127 287
127 302
127 420
127 441
127 460
128 265
128 282
128 368
128 452
129 173
129 300
129 323
129 341
129 423
129 430
129 447
130 159
130 206
130 209
130 320
130 409
130 491
131 249
131 408
132 214
132 230
132 288
132 392
133 191
133 294
133 465
134 139
134 237
134 300
134 472
135 196
135 236
135 290
135 465
135 490
136 243
136 275
136 405
136 455
136 460
137 148
137 149
137 209
137 363
137 475
138 229
138 333
139 148
139 167
139 256
139 271
139 399
139 428
140 161
140 210
140 404
140 412
140 457
141 160
141 250
141 394
142 200
142 222
142 378
142 495
143 180
143 311
143 336
143 353
143 474
144 263
144 283
144 287
144 406
144 418
144 495
145 290
145 341
145 423
145 467
146 350
146 387
146 474
147 158
147 265
147 427
147 465
148 293
148 307
148 347
149 167
149 404
150 223
150 228
150 358
150 489
150 493
151 198
151 314
151 360
151 399
151 479
152 168
152 186
152 262
152 398
152 454
153 188
153 267
154 238
154 265
154 421
155 212
155 250
155 347
155 400
155 409
155 481
156 184
156 192
156 305
156 496
157 241
157 302
157 319
157 321
157 389
157 455
157 462
157 493
158 207
158 290
158 315
158 394
159 243
159 431
160 174
160 297
160 417
161 171
161 179
161 380
161 488
162 256
162 293
162 381
162 401
162 429
163 220
163 272
163 460
164 359
164 402
164 463
165 254
165 302
165 342
165 415
165 419
166 169
166 199
166 209
166 293
166 315
166 428
167 204
167 229
167 241
167 340
167 452
169 334
170 244
170 436
170 463
170 490
171 400
171 407
171 439
171 485
172 222
172 326
172 445
172 459
173 265
174 306
174 309
174 357
174 374
174 378
174 416
174 472
175 218
175 264
175 308
176 363
176 459
177 179
177 199
177 213
177 296
177 298
177 382
177 495
178 208
178 241
178 291
178 299
178 331
178 341
178 418
179 199
179 377
179 480
181 263
181 493
182 418
182 443
183 269
183 297
183 378
183 407
183 414
183 420
184 208
184 390
184 446
185 285
185 358
185 374
185 453
186 306
186 443
186 472
187 220
187 231
187 257
187 258
187 279
188 204
188 326
188 386
188 391
189 243
189 247
189 339
189 343
189 344
189 356
190 297
190 365
190 433
191 225
191 234
192 245
192 425
193 304
193 329
193 333
193 408
193 451
193 495
194 310
195 247
195 254
195 364
195 447
195 454
195 465
196 222
196 234
196 368
196 443
197 210
197 333
197 409
197 462
198 215
198 379
198 410
198 471
199 204
199 230
199 349
199 359
199 368
199 395
200 288
200 499
201 209
201 368
201 462
202 231
202 476
203 248
203 252
203 288
203 324
203 370
204 261
204 321
204 483
205 266
205 331
205 403
205 479
206 279
206 307
206 349
206 361
206 416
206 497
207 321
207 413
207 426
208 249
208 274
209 248
209 261
209 279
209 355
209 358
210 343
210 365
211 250
211 444
211 459
211 461
212 224
212 227
212 398
212 425
212 485
213 301
213 426
214 262
214 297
214 367
214 390
214 464
214 486
215 355
215 395
216 332
216 366
216 396
216 407
216 487
217 420
217 424
218 235
218 255
218 270
218 293
218 296
218 316
218 469
219 264
219 316
219 354
219 396
219 438
219 461
220 299
220 404
220 422
221 239
221 270
221 293
221 344
221 345
222 261
222 307
222 331
223 272
223 330
223 391
223 399
223 456
224 346
224 384
224 431
225 306
225 332
225 366
225 408
225 494
226 284
227 463
228 235
228 441
228 475
229 231
229 284
229 449
229 494
230 339
230 382
230 434
230 444
231 247
231 251
231 273
231 338
231 339
231 412
231 430
232 235
232 273
232 490
233 393
233 410
234 348
234 363
235 263
235 387
235 397
235 404
235 406
236 255
236 305
236 322
236 329
236 399
236 401
236 419
237 315
237 397
237 452
238 267
238 297
238 357
238 364
238 423
238 471
239 320
239 414
240 243
240 375
240 397
240 416
240 417
240 485
241 496
242 266
242 330
242 357
242 471
242 480
242 498
243 354
244 413
244 458
245 301
245 323
245 371
245 373
245 389
246 316
247 262
247 336
248 339
249 315
249 327
249 440
249 487
251 289
251 290
251 320
251 325
251 336
251 377
251 441
252 300
252 312
252 362
252 380
252 406
252 410
252 424
252 434
253 290
253 415
254 259
254 332
254 379
255 271
255 282
256 296
256 484
257 359
257 381
257 384
257 398
257 414
257 441
257 458
258 267
258 382
258 426
260 281
260 285
260 302
260 372
260 418
260 426
260 451
260 483
261 268
262 349
263 310
263 463
263 486
264 347
264 491
265 310
265 354
266 332
266 451
267 277
267 316
267 382
268 333
268 382
268 392
269 387
272 323
272 378
273 310
273 330
273 351
273 369
273 406
273 423
274 285
274 310
274 356
274 357
274 412
275 310
276 302
276 337
277 323
277 388
278 321
278 359
278 398
278 463
279 312
280 469
281 353
281 355
283 355
283 372
283 437
284 360
285 367
285 393
286 307
286 335
286 347
286 400
287 492
288 454
289 473
289 486
289 496
290 364
290 435
291 469
292 336
292 444
292 486
293 308
293 369
294 351
294 360
294 409
294 478
295 318
295 327
295 354
295 402
295 418
296 309
296 359
296 431
297 361
297 366
297 415
298 336
299 303
299 357
299 422
299 447
300 387
300 389
300 397
300 400
300 478
301 306
301 365
302 436
303 311
303 319
303 327
303 431
304 334
305 363
305 404
306 337
306 431
306 451
306 470
307 321
307 401
307 470
308 334
308 371
308 474
309 386
309 412
309 423
309 428
309 465
310 364
310 383
310 427
311 315
311 355
311 363
314 335
315 369
315 382
315 447
315 483
316 419
317 330
317 450
317 468
318 326
318 380
318 453
318 496
319 367
320 358
320 458
320 484
321 418
321 440
321 482
322 371
322 396
322 457
322 464
322 466
322 495
323 353
323 356
324 369
324 400
325 333
325 373
326 379
326 471
329 410
330 342
330 430
330 436
330 475
331 391
331 417
332 359
332 474
333 398
334 418
335 357
335 369
335 433
335 434
335 487
337 355
337 437
337 474
338 492
339 437
340 368
340 414
340 479
340 490
341 344
341 427
341 496
342 459
342 460
342 472
343 387
344 366
345 439
345 484
347 468
347 478
348 369
348 407
348 443
348 470
349 405
349 427
349 471
351 371
351 432
351 454
352 368
352 443
355 391
355 430
356 429
356 439
356 488
359 385
359 399
359 410
360 398
360 418
361 366
361 391
362 369
362 397
362 417
363 465
364 405
364 471
366 409
366 425
367 415
367 424
367 467
367 469
368 460
369 389
369 405
369 480
370 376
370 392
370 437
370 448
370 480
371 372
371 456
371 487
372 412
372 435
373 392
373 440
374 429
376 386
377 429
377 464
378 457
379 389
380 425
380 428
380 444
381 413
381 494
383 423
383 467
383 484
385 405
385 424
386 412
387 448
388 460
391 443
393 449
393 465
393 466
393 489
393 493
394 419
397 452
398 437
399 405
399 414
399 436
400 405
400 416
400 420
400 498
402 460
403 415
403 456
403 464
403 476
404 433
404 498
405 414
405 423
406 437
406 470
407 418
408 467
409 439
409 442
409 484
410 413
410 480
411 446
411 474
411 488
412 472
412 486
412 489
415 450
416 426
416 499
417 459
417 499
418 489
422 481
423 445
426 454
428 451
431 480
432 434
432 452
433 437
434 446
435 468
436 492
437 489
439 445
439 466
441 442
443 495
444 499
445 448
445 471
448 490
450 467
453 469
453 470
458 492
463 483
463 497
468 488
468 494
472 483
475 481
482 498
493 497
494 498
0
9 499
