500	1471	 1
0 22
0 213
0 356
0 370
1 92
1 330
1 397
2 119
2 125
2 164
2 290
2 302
2 367
2 415
2 487
3 188
3 279
3 391
3 398
3 412
3 489
4 41
4 45
4 55
4 188
4 191
4 258
4 279
4 378
5 16
5 64
5 204
5 207
5 223
5 270
5 296
5 322
5 422
5 464
6 60
6 82
6 154
6 192
6 224
6 339
7 91
7 133
7 224
7 230
7 267
8 51
8 75
8 118
8 211
8 225
8 305
8 359
8 445
8 491
9 82
9 193
9 241
9 281
9 284
9 351
10 101
10 249
10 264
10 322
10 362
11 36
11 232
11 270
11 286
11 306
11 454
12 16
12 18
12 199
12 230
12 405
13 65
13 76
13 147
13 413
13 450
14 82
14 115
14 211
14 295
14 315
14 447
15 75
15 142
15 144
15 165
15 183
15 206
15 255
15 363
16 125
16 127
16 153
16 251
16 255
16 338
16 398
17 141
17 219
17 258
17 413
17 434
17 492
18 58
18 68
19 28
19 140
19 205
19 348
20 32
20 111
20 251
20 288
20 293
20 300
20 314
20 339
20 349
20 378
20 497
21 56
21 87
21 136
21 154
21 171
21 254
21 450
22 87
22 129
22 382
22 456
22 481
23 25
23 32
23 63
23 70
23 81
23 147
23 181
23 242
24 67
24 174
24 194
24 328
24 497
25 153
25 261
25 292
26 43
26 91
26 221
26 316
26 339
26 462
27 79
27 97
27 176
27 219
27 240
27 348
28 149
28 154
28 241
28 267
28 476
29 45
29 63
29 234
29 237
29 448
30 49
30 218
30 235
30 258
30 381
31 75
31 95
31 103
31 105
31 326
31 418
31 448
31 495
32 64
32 159
32 176
32 451
32 480
33 93
33 194
33 358
33 363
33 400
33 405
34 134
34 135
34 142
34 186
34 390
34 427
35 238
35 323
35 339
35 377
35 393
36 239
36 311
36 341
36 412
37 84
37 86
37 328
37 363
37 424
37 430
37 490
37 498
38 335
38 384
39 378
39 381
40 58
40 188
40 269
40 327
40 478
41 164
41 223
42 63
42 169
42 212
43 86
43 94
43 238
43 290
43 321
43 342
43 493
44 149
44 207
44 292
44 339
44 477
45 184
45 233
45 340
45 348
45 491
46 178
46 214
46 292
46 330
46 388
46 460
47 255
47 308
47 340
48 81
48 106
48 133
48 185
48 204
48 287
48 354
48 432
48 450
48 466
48 495
49 92
49 296
49 303
49 316
49 445
49 489
49 494
50 135
50 170
50 172
50 253
50 258
50 302
50 342
51 333
51 455
51 495
52 202
52 266
52 285
52 305
52 311
53 113
53 167
53 245
53 305
54 125
54 133
54 160
54 276
54 318
55 137
55 156
55 311
55 396
55 408
55 413
56 357
56 405
57 59
57 64
57 104
57 141
57 226
57 279
57 286
57 344
57 401
57 441
58 93
58 137
58 169
58 227
58 278
58 394
58 397
59 121
59 172
59 194
59 212
59 442
60 86
60 114
60 122
60 247
60 260
60 287
60 373
60 429
61 87
61 188
61 211
62 84
62 99
62 156
62 158
62 210
62 224
62 282
62 324
62 424
62 469
63 149
63 155
63 199
63 314
64 72
64 136
64 203
65 235
65 263
65 303
65 368
65 422
66 271
66 313
66 428
67 131
67 152
67 216
67 232
67 314
67 393
68 84
68 165
68 238
68 261
68 429
68 452
69 146
69 181
69 235
69 251
69 326
69 364
69 380
69 457
69 486
69 489
70 118
70 185
70 191
70 236
70 319
70 345
70 363
70 466
71 90
71 122
71 151
71 258
71 289
71 493
72 116
72 141
72 360
72 361
72 448
72 488
73 191
73 237
73 307
73 317
74 108
74 140
74 197
74 284
74 323
74 433
74 460
74 483
75 172
75 173
75 299
75 338
75 403
75 452
76 79
76 277
76 298
76 431
77 118
77 124
77 131
77 417
77 463
77 479
77 499
78 108
78 111
78 125
78 171
78 266
78 417
79 120
79 131
79 278
79 303
79 478
79 479
80 115
80 195
80 413
81 111
81 119
81 124
81 170
81 360
81 429
81 498
82 103
82 187
82 209
82 343
83 218
83 433
83 488
84 201
84 293
85 108
85 212
85 215
86 120
86 122
86 124
86 153
86 211
86 233
86 248
86 332
86 379
87 166
87 190
87 212
87 257
87 337
87 443
88 216
88 426
89 147
89 187
90 264
90 356
90 449
90 454
90 473
91 213
92 94
92 100
92 260
93 291
93 314
93 354
93 435
93 438
93 453
93 465
94 125
94 306
94 377
94 383
94 409
94 423
94 476
94 495
94 499
95 210
95 342
96 111
96 179
96 194
96 323
96 341
97 365
98 112
98 210
98 269
98 298
98 410
98 442
98 448
98 459
99 130
99 270
99 307
99 327
99 445
99 447
99 476
100 146
100 218
100 220
100 462
100 498
101 284
101 378
101 437
101 459
102 189
102 227
102 276
102 300
102 308
102 355
103 200
103 223
103 327
104 273
104 330
104 356
105 162
105 392
105 471
106 278
106 330
106 339
106 357
107 117
107 149
107 166
107 199
107 235
107 267
107 456
108 309
108 457
108 499
109 179
109 219
109 244
109 264
109 374
109 488
110 229
110 284
110 448
110 473
111 460
112 160
112 224
112 286
112 382
112 404
112 461
112 472
113 126
113 233
113 281
113 357
113 378
113 406
113 417
113 467
114 121
114 191
114 338
115 125
115 310
116 167
116 274
116 343
116 447
117 132
117 152
117 262
117 322
117 452
117 475
117 499
118 207
118 237
118 314
118 390
118 423
119 136
119 275
119 317
119 433
119 458
119 474
119 498
120 292
120 400
120 401
120 463
121 123
121 244
121 387
121 400
121 411
121 451
122 287
122 335
123 242
123 400
123 412
123 434
124 151
124 272
124 331
124 383
124 468
125 245
125 297
125 354
125 378
125 389
125 445
125 468
126 276
126 314
126 332
126 398
127 138
127 183
127 285
127 353
127 369
128 178
128 349
129 139
129 276
130 313
130 424
130 448
130 496
131 142
131 145
131 290
131 291
131 347
131 378
131 406
131 458
131 480
132 201
132 203
132 277
132 333
132 344
132 483
133 273
133 357
134 231
134 270
135 139
135 242
135 399
135 452
135 470
136 213
136 283
136 297
136 299
136 385
137 408
137 470
138 159
138 194
138 280
138 355
138 356
138 369
138 372
138 373
138 412
138 441
139 357
139 396
140 177
140 188
140 288
140 353
140 399
141 189
141 378
142 143
142 162
142 390
143 201
143 329
144 227
144 270
144 311
144 427
145 185
145 238
146 179
146 216
146 436
146 489
147 167
147 283
147 288
147 346
147 382
147 437
147 490
148 236
148 380
148 427
149 267
149 348
149 368
150 172
150 210
150 298
151 274
151 322
151 383
151 401
151 456
152 228
152 330
152 338
152 411
152 422
153 215
153 260
153 490
154 210
154 373
154 427
155 203
155 205
155 324
155 356
156 196
156 237
156 317
156 426
157 188
157 270
157 447
158 242
158 276
158 416
158 457
158 488
159 264
159 273
159 355
159 420
160 175
160 225
160 283
161 216
162 177
162 206
162 257
162 277
162 362
163 199
163 241
163 301
163 303
163 357
163 420
163 437
164 345
165 189
165 220
165 327
165 347
165 396
165 447
165 450
165 453
166 174
166 189
166 206
166 228
166 417
167 283
167 302
167 309
167 331
167 418
167 446
167 458
168 259
169 253
169 256
169 331
170 417
171 179
171 296
171 343
171 361
171 432
173 271
173 295
173 419
173 424
174 263
174 330
174 350
174 499
175 215
175 265
176 341
176 457
177 186
177 242
177 277
177 329
178 392
178 438
179 183
179 269
179 422
180 256
180 337
180 453
180 459
180 471
181 315
181 323
181 392
181 430
181 473
182 204
182 248
182 426
182 490
183 189
183 410
184 186
184 187
184 261
184 335
184 474
184 476
184 483
185 186
185 337
185 338
185 400
185 470
186 210
186 327
186 360
186 453
187 233
187 312
187 473
187 485
188 191
188 199
188 230
188 258
188 306
188 334
188 359
189 232
189 294
189 314
190 234
190 250
190 297
190 316
190 416
191 217
191 221
191 270
191 375
192 257
192 312
193 214
193 215
193 242
193 265
193 361
193 465
194 373
194 430
195 234
195 353
195 407
196 340
196 406
196 407
196 453
196 487
197 301
198 401
199 244
200 247
200 314
200 491
201 249
201 352
201 386
201 426
201 466
202 480
203 231
203 303
203 404
203 424
203 465
204 267
204 335
204 393
205 227
205 258
205 398
206 351
206 400
206 404
206 441
207 359
207 405
207 422
207 497
208 265
208 289
208 321
208 332
208 488
208 497
209 374
209 383
209 447
210 351
211 322
211 342
212 310
212 327
212 342
212 403
212 462
213 258
213 489
214 478
215 306
215 436
216 249
216 257
216 354
216 406
216 470
216 496
217 261
217 416
217 418
217 492
218 248
218 331
218 391
219 347
219 413
219 418
220 335
220 338
220 428
221 237
221 278
221 340
221 467
222 253
222 384
222 478
223 342
223 393
223 407
223 445
224 319
224 386
224 457
225 328
225 346
225 479
226 283
226 310
226 342
226 376
226 395
227 261
227 378
227 467
227 470
227 491
228 393
228 479
228 487
228 496
229 237
229 476
230 253
230 497
231 233
231 298
231 310
231 443
231 499
232 368
232 436
232 463
232 482
232 495
233 314
233 350
233 353
233 395
234 254
234 295
234 346
235 246
235 374
235 414
235 489
235 494
236 344
236 423
237 386
238 324
238 342
238 417
239 259
239 309
239 384
240 287
240 486
241 249
241 255
242 314
242 466
242 473
243 268
243 310
243 363
244 302
244 387
245 354
245 407
245 437
246 283
246 319
246 416
246 493
247 259
247 341
247 375
248 418
249 265
249 330
249 400
249 410
249 484
250 377
250 390
250 417
250 422
251 484
252 346
252 366
252 458
252 460
252 473
252 491
253 459
253 493
254 325
255 258
255 312
255 334
256 430
256 444
257 262
258 306
258 321
258 382
258 446
259 298
259 300
259 317
259 426
259 462
259 495
260 375
260 406
260 497
262 336
262 341
262 342
262 397
263 374
264 287
264 357
265 398
266 274
266 424
267 369
267 445
268 400
268 486
268 498
270 276
270 374
271 276
271 295
271 442
272 349
272 411
272 425
272 475
273 318
273 404
273 419
274 298
274 418
274 436
275 293
275 342
275 363
275 373
275 403
275 492
276 299
276 381
277 301
277 413
278 341
279 334
279 362
279 365
279 373
279 450
280 401
280 432
281 329
281 430
281 464
282 353
282 362
282 386
282 405
282 462
283 284
283 308
283 372
284 292
284 427
285 349
286 378
287 342
288 332
288 371
288 397
289 495
290 370
290 374
290 416
291 387
292 368
293 346
293 347
294 298
294 357
294 466
295 431
295 445
295 460
296 359
296 401
296 416
297 438
297 477
298 314
298 335
298 394
298 449
298 464
298 495
299 322
299 396
299 481
300 319
300 408
301 464
301 473
302 365
302 442
303 372
303 390
303 444
303 485
303 489
304 341
304 368
304 408
304 420
304 441
305 308
305 311
306 309
306 410
306 450
306 475
307 355
307 421
307 425
307 466
307 475
308 325
308 395
309 330
310 317
310 346
310 375
310 440
310 454
311 354
311 371
311 397
311 413
312 316
312 428
312 483
313 402
314 326
314 333
314 350
315 470
316 320
316 438
316 449
317 387
318 329
318 350
318 380
318 484
319 422
320 321
320 333
320 343
320 421
320 479
321 325
321 347
321 470
322 376
322 378
322 446
322 474
323 342
323 474
323 478
324 333
324 405
324 421
324 482
326 360
326 424
326 439
327 436
328 366
328 386
328 397
329 335
329 337
329 340
329 369
329 418
330 357
330 459
331 466
332 406
332 409
333 410
334 445
334 497
335 378
335 409
335 419
335 438
335 458
335 480
336 384
336 423
336 462
338 450
340 387
340 415
344 383
344 387
344 414
344 419
344 478
345 359
345 377
346 365
347 354
348 395
349 474
350 354
350 358
350 372
351 432
351 481
351 496
353 496
353 499
354 380
355 386
358 429
359 392
359 413
360 417
360 420
360 432
361 394
361 442
361 452
362 369
363 467
363 481
363 496
364 372
364 394
365 449
365 484
366 433
366 489
367 382
367 392
367 425
368 482
368 491
369 407
369 466
369 492
370 395
370 418
371 393
372 377
373 411
373 471
373 489
373 496
374 414
374 470
375 381
375 432
376 440
377 466
377 496
379 389
379 455
381 396
381 462
381 490
382 434
382 466
384 497
385 420
385 496
386 412
386 446
388 487
390 443
392 470
393 401
396 460
398 425
401 490
403 494
405 409
405 455
406 441
408 463
408 479
408 487
409 431
409 460
410 464
411 439
414 464
414 468
415 453
418 459
420 457
424 498
427 491
427 494
428 488
429 447
430 473
434 472
435 478
436 494
437 473
437 498
444 461
447 474
449 491
450 454
451 473
452 456
452 490
453 457
454 492
456 478
460 474
461 483
467 483
469 475
471 480
472 480
476 496
482 487
485 492
0
9 499
