500	1447	 1
0 7
0 86
0 337
0 407
0 489
0 494
1 68
1 76
1 125
1 272
1 348
1 479
2 44
2 251
2 362
3 140
3 199
3 373
3 479
4 56
4 59
4 180
4 188
4 256
4 297
4 364
4 409
5 27
5 56
5 65
5 126
5 193
5 492
6 226
6 266
6 305
6 338
6 379
6 412
6 436
6 462
7 11
7 95
7 156
7 158
7 390
7 412
7 492
8 82
8 104
8 106
8 197
8 296
8 309
8 459
8 461
8 467
9 43
9 71
9 89
9 102
9 195
9 201
9 416
9 498
10 229
10 304
10 342
11 58
11 307
11 310
11 348
11 368
11 478
12 64
12 125
12 440
13 47
13 228
13 263
13 338
13 390
13 414
14 56
14 122
14 250
14 259
14 438
14 445
15 156
15 315
16 156
16 180
16 412
17 25
17 76
17 96
17 224
17 228
17 255
17 282
17 480
18 83
18 126
18 237
18 280
18 330
18 364
18 408
18 415
18 457
19 27
19 245
19 262
19 297
19 336
19 476
19 487
20 38
20 81
20 343
20 378
20 387
21 286
21 495
22 122
22 206
22 279
23 195
23 224
23 423
24 164
24 247
24 281
24 306
24 431
25 52
25 58
25 201
25 378
25 487
26 62
26 89
26 295
26 410
27 101
27 233
27 238
27 423
28 63
28 98
28 113
28 171
28 360
29 36
29 110
29 377
29 475
30 114
30 122
30 211
30 249
30 380
31 145
31 175
31 178
31 408
32 69
32 118
32 163
32 484
33 109
33 142
33 266
33 288
33 331
33 431
34 73
34 127
34 181
34 205
34 257
34 265
34 315
34 383
34 400
35 79
35 152
35 158
35 393
35 419
36 46
36 56
36 85
36 96
36 197
36 223
36 225
36 333
36 369
36 386
36 418
36 444
36 473
37 104
37 116
37 119
37 121
37 160
37 240
37 270
37 280
37 369
37 443
38 154
38 209
38 251
38 341
38 342
38 368
38 387
38 446
38 479
38 484
39 126
39 193
39 199
39 323
39 328
39 351
39 381
39 457
40 201
40 432
41 177
41 241
41 262
41 287
41 424
41 485
42 95
43 96
43 149
43 200
43 230
43 232
43 362
43 369
43 448
44 221
44 276
45 62
45 92
45 258
45 442
46 47
46 100
46 217
46 225
46 234
46 251
46 268
46 313
46 453
46 468
47 94
47 278
47 338
47 381
47 493
48 165
48 366
49 96
49 120
49 237
49 410
50 54
50 93
50 137
50 174
50 196
50 203
50 228
50 433
51 142
51 145
51 218
51 252
51 274
51 426
51 442
52 117
52 312
52 465
53 73
53 156
53 291
53 428
54 210
54 219
54 231
54 308
54 420
54 450
55 153
55 227
55 346
55 412
55 442
56 207
56 269
56 276
56 320
56 373
57 72
57 84
57 110
57 212
57 286
57 311
57 423
58 172
58 321
58 341
58 381
58 386
59 355
60 87
60 261
60 267
60 358
61 109
61 178
61 214
61 325
61 426
62 64
62 99
62 276
62 294
62 329
62 431
63 80
63 330
63 351
63 477
64 182
64 474
64 496
65 96
65 173
65 291
65 487
66 122
66 290
66 408
66 417
67 120
67 146
67 213
68 215
68 236
68 327
68 332
68 437
69 140
69 385
69 438
69 495
70 125
70 393
70 498
71 127
71 166
71 178
71 230
71 276
71 318
71 372
71 453
72 131
72 151
72 190
72 196
72 212
72 434
72 463
73 256
73 274
73 292
73 420
74 103
74 104
74 128
74 249
74 358
74 378
74 399
75 170
75 183
75 246
75 339
75 404
75 452
76 167
76 174
76 370
76 391
77 90
77 92
77 209
77 222
77 384
77 390
77 410
77 423
77 440
78 192
78 226
78 312
78 420
78 453
79 168
79 299
79 418
79 469
80 135
80 189
80 251
80 484
81 108
82 354
83 117
83 121
83 160
83 189
83 288
83 309
83 352
83 407
84 107
84 152
84 250
84 313
84 319
84 387
85 98
85 146
85 181
85 267
85 405
86 160
86 247
86 361
86 375
86 395
86 429
86 470
87 162
87 181
87 183
87 304
87 344
87 394
88 255
88 354
88 375
88 394
89 258
89 373
90 114
90 175
90 377
90 408
90 432
90 439
90 448
91 128
91 139
91 150
91 182
91 188
91 430
92 243
92 327
92 417
92 420
93 122
93 305
93 491
94 170
94 193
94 260
94 346
94 384
95 207
96 257
96 259
96 319
97 172
97 237
97 304
97 380
97 433
97 438
97 449
98 153
98 416
99 142
99 181
99 290
99 322
99 334
99 371
99 485
100 129
100 263
100 313
100 343
100 372
100 489
101 109
101 157
101 210
101 310
101 368
101 395
101 494
102 189
102 237
102 349
102 370
102 404
102 438
103 198
103 241
103 262
103 414
103 486
104 217
104 228
104 327
104 408
105 128
105 274
105 435
106 291
106 452
107 176
107 432
107 477
108 141
108 144
108 160
108 341
109 235
109 374
109 497
110 111
110 149
110 307
110 318
110 347
110 348
110 365
110 431
111 123
111 140
111 156
111 273
111 474
112 322
112 348
113 174
113 355
113 380
113 404
113 469
114 188
114 319
114 418
114 447
115 242
115 292
115 299
115 406
115 464
115 487
116 169
116 268
116 473
117 179
117 249
117 257
117 361
118 169
118 321
118 475
119 206
119 215
119 254
119 499
120 245
120 255
120 346
120 464
121 166
121 219
121 296
121 348
121 349
121 473
122 146
122 222
122 226
122 374
122 402
123 180
123 283
123 351
124 181
124 221
124 241
124 426
125 199
125 267
125 299
125 333
126 140
126 234
126 357
126 371
127 139
127 200
127 211
127 230
127 260
127 344
127 360
127 424
127 428
128 176
128 250
128 302
128 428
129 154
129 164
129 265
129 316
129 341
129 369
129 420
129 424
129 434
129 479
130 182
130 290
130 365
130 368
130 399
130 413
130 465
131 165
131 261
131 347
131 427
132 192
132 225
132 268
132 311
133 134
133 263
133 281
133 329
133 343
133 358
133 359
133 384
133 399
133 466
134 346
134 357
135 278
135 298
135 310
136 148
136 213
136 218
136 260
136 328
136 340
136 409
136 433
136 457
137 222
137 316
137 367
137 439
138 300
138 313
138 333
138 428
138 452
139 182
139 233
139 276
139 309
139 340
139 344
140 227
140 261
140 432
140 471
141 165
141 182
141 438
142 184
142 335
142 451
143 327
143 439
144 288
145 166
145 284
145 383
145 410
146 375
147 229
147 237
147 252
147 362
147 391
147 399
147 471
148 174
148 397
149 237
149 309
149 494
150 368
150 460
151 155
151 224
151 352
151 377
151 462
152 173
152 356
152 473
153 175
153 232
153 255
153 275
153 295
153 297
153 421
154 449
154 477
155 162
155 192
155 212
155 247
155 268
155 338
155 394
155 427
155 481
156 161
156 189
156 277
156 311
156 373
158 469
159 220
159 476
160 287
160 301
160 422
161 195
161 414
161 436
162 249
162 389
162 490
163 183
163 262
164 246
164 276
164 308
164 334
164 372
164 414
164 419
164 453
165 199
165 356
165 362
165 368
165 403
165 493
166 275
166 339
166 364
166 428
167 197
167 245
167 490
167 493
168 204
168 243
168 469
169 312
169 467
169 470
169 482
170 278
170 335
170 392
171 255
171 431
171 442
171 481
171 489
172 265
172 457
173 180
173 193
173 247
173 317
174 256
174 276
174 375
174 442
174 459
175 310
175 348
175 354
175 420
175 442
175 489
176 191
176 214
176 466
177 188
177 222
177 236
178 242
178 244
178 250
179 203
179 219
179 266
179 312
179 320
179 454
179 474
180 367
181 283
181 323
181 334
181 448
181 497
182 213
182 257
182 323
182 400
182 409
183 245
183 444
183 478
183 491
184 315
185 190
185 239
185 242
185 347
185 467
185 478
186 317
186 330
186 369
186 427
187 223
187 259
187 375
187 392
188 342
188 386
188 430
188 494
189 255
189 359
189 469
190 226
190 270
190 421
191 298
191 397
191 450
192 218
192 334
192 453
192 482
193 217
193 447
194 287
194 431
194 485
194 487
195 315
196 232
196 407
197 242
197 479
198 219
198 474
199 222
199 227
199 309
199 341
199 368
200 319
200 366
200 470
201 221
201 306
201 371
201 499
202 368
202 417
202 498
203 205
203 217
203 219
203 225
203 374
203 436
203 493
204 446
204 449
204 468
204 483
205 221
205 330
205 423
206 287
207 264
207 272
207 286
207 440
208 264
208 344
208 353
208 448
208 483
209 263
209 287
209 430
210 335
210 366
210 432
210 492
211 287
211 384
212 237
212 388
212 462
213 221
213 295
213 478
214 238
214 273
214 306
214 328
215 222
215 313
215 350
215 366
215 482
216 455
216 496
216 497
217 305
217 357
217 384
218 224
218 310
219 479
220 244
220 392
220 425
221 370
222 362
222 434
223 366
223 367
223 444
224 284
224 396
224 443
224 476
225 378
225 435
225 437
225 447
226 237
226 307
226 333
226 443
227 295
227 311
227 316
227 447
228 316
228 446
229 236
229 254
229 334
229 382
229 389
230 268
230 332
231 305
231 344
231 430
231 472
232 273
232 376
232 428
232 477
233 244
233 250
233 251
233 292
233 320
233 480
233 498
234 411
234 427
235 249
236 348
236 350
236 451
237 244
237 337
239 431
239 458
240 370
240 379
240 403
240 433
241 244
241 298
241 364
242 336
242 367
243 248
243 308
243 341
244 255
244 271
244 315
245 284
245 379
246 286
246 349
247 295
247 336
247 377
247 406
248 461
248 486
249 346
249 383
249 445
250 331
250 494
251 367
251 388
251 397
251 440
251 441
251 452
252 334
253 287
253 398
253 495
253 497
254 259
254 276
254 384
254 412
254 466
255 318
255 375
256 321
257 279
257 368
257 416
258 347
258 393
259 339
259 351
259 354
259 416
260 290
260 299
260 370
261 263
261 458
262 263
262 426
262 452
263 277
263 410
263 444
264 388
264 423
264 487
265 462
265 492
266 437
267 281
268 305
268 317
268 414
269 444
270 282
270 362
270 376
270 415
270 429
270 443
271 381
271 453
273 342
273 346
273 375
273 426
274 496
275 355
275 426
277 340
277 391
277 458
278 334
278 493
279 342
279 410
279 438
280 338
280 354
280 485
281 449
281 483
282 325
282 346
282 373
282 485
283 315
283 318
283 354
284 407
284 408
284 422
284 457
284 491
285 440
286 328
286 337
286 339
286 447
286 463
287 352
287 432
287 439
287 491
288 312
288 484
289 305
289 321
289 346
289 453
290 320
290 374
290 392
291 419
291 497
292 442
293 360
293 392
293 406
293 469
293 478
293 479
294 312
294 328
294 376
295 342
295 354
297 400
297 478
297 483
298 381
298 428
298 460
298 496
300 343
300 406
301 387
301 458
302 347
302 439
303 322
303 482
304 436
304 488
305 419
305 474
306 380
306 480
307 413
307 416
307 476
308 402
308 433
311 324
311 445
311 458
312 372
313 382
314 316
314 368
314 471
315 356
315 499
316 334
316 354
316 363
316 404
317 424
318 344
318 384
318 407
318 428
318 458
318 459
319 417
319 470
319 478
320 402
320 475
321 382
321 468
321 471
321 473
322 342
322 347
322 466
323 376
323 489
324 361
324 383
324 411
324 442
325 341
325 372
325 430
325 464
326 383
326 448
326 472
327 380
327 412
328 364
328 482
329 396
329 405
329 445
330 372
330 430
330 495
331 414
332 340
332 440
332 478
333 386
334 493
335 417
335 432
335 443
335 452
335 490
336 354
336 440
337 485
337 496
338 404
338 422
339 414
340 381
340 446
340 479
342 416
342 443
343 430
343 493
344 347
344 369
344 409
345 356
345 409
346 386
346 397
346 422
346 484
347 378
348 448
349 428
349 438
350 363
351 387
353 380
353 429
354 449
354 472
354 494
355 396
355 401
356 495
357 445
358 489
360 388
360 448
360 477
361 489
363 419
363 442
364 415
364 488
365 453
365 492
366 384
366 393
366 396
366 458
367 453
367 457
368 457
370 387
370 468
371 376
371 447
371 498
372 455
373 384
373 407
375 410
376 379
377 464
378 460
378 486
378 487
380 398
380 438
381 415
382 410
382 423
382 451
382 465
384 491
385 495
386 498
387 431
387 464
387 478
388 397
389 404
390 455
391 395
391 404
391 478
393 413
393 498
394 470
395 449
396 441
396 486
397 462
397 491
398 400
399 479
400 461
401 449
401 459
402 487
403 425
404 494
406 432
410 457
411 454
411 460
413 448
413 478
417 469
419 424
419 427
419 458
422 466
423 488
423 489
424 450
424 483
425 453
427 437
427 488
427 492
428 491
430 462
432 448
433 459
435 483
435 491
440 468
444 465
445 468
446 472
446 495
447 496
450 491
451 460
455 492
456 481
456 496
456 497
458 475
459 473
459 486
463 479
464 488
467 486
467 496
479 485
484 485
484 497
486 488
495 496
0
9 499
