500	1468	 1
0 58
0 147
0 388
1 121
1 125
1 345
1 436
1 443
1 473
2 38
2 95
2 96
2 174
2 216
3 160
3 219
3 221
3 353
3 384
3 434
4 193
4 447
5 75
5 92
5 197
5 252
5 461
6 28
6 44
6 116
6 194
6 332
6 411
6 426
7 43
7 118
7 146
7 197
7 214
7 375
7 385
7 475
8 27
8 68
8 123
8 162
8 236
8 399
8 417
9 181
9 225
9 248
9 423
9 434
9 451
9 473
10 103
10 202
10 353
10 494
11 15
11 108
11 237
12 111
12 141
12 178
12 210
12 260
12 297
12 339
12 354
12 385
13 31
13 179
13 284
14 238
14 489
14 492
15 75
15 162
15 208
15 258
15 282
15 307
15 407
15 443
16 34
16 81
16 123
16 152
16 207
17 25
17 71
17 82
17 152
17 233
17 241
17 263
18 27
18 39
18 83
18 139
18 194
18 201
19 22
19 105
19 261
19 337
20 29
20 158
20 311
21 68
21 110
21 144
21 246
22 96
22 105
22 106
22 212
22 232
22 298
22 348
22 437
23 88
23 127
23 217
23 282
23 379
24 68
24 81
24 249
24 323
24 401
24 435
24 488
25 175
25 256
25 448
26 285
26 408
26 416
26 432
27 70
27 248
27 365
27 383
27 453
27 455
28 46
28 66
28 184
28 301
28 379
29 84
29 122
29 133
30 400
30 446
30 467
30 472
31 66
31 137
31 164
31 309
31 310
31 399
31 489
32 58
32 152
32 214
32 216
32 283
32 314
32 382
32 477
32 486
33 158
33 178
33 226
33 421
34 52
34 101
34 156
34 380
34 386
34 397
35 81
35 209
35 324
35 390
35 455
36 310
36 356
36 384
37 73
37 90
37 207
37 331
37 403
37 404
37 440
38 182
38 184
38 310
38 465
39 272
39 385
39 423
40 100
40 226
40 304
40 400
40 411
41 283
41 318
42 174
42 234
42 306
42 461
43 49
43 157
43 213
43 269
43 319
43 372
43 374
43 458
43 476
44 60
44 73
44 85
44 157
44 160
44 190
44 440
44 467
45 145
45 182
45 190
45 289
45 457
45 463
46 84
46 122
46 236
46 336
47 108
47 327
47 350
47 411
47 490
48 78
49 77
49 359
49 475
49 476
50 142
50 217
50 316
50 322
50 331
50 362
50 385
50 436
51 79
51 80
51 284
51 302
51 415
52 71
52 220
52 327
52 477
53 145
53 262
53 310
53 312
53 323
53 471
53 488
54 113
54 258
54 430
54 432
55 153
55 185
55 335
55 349
55 411
56 93
56 179
56 270
56 371
56 441
57 99
57 223
57 336
57 362
57 446
57 487
58 121
58 130
58 174
58 197
59 134
59 202
59 250
59 288
59 408
59 485
60 177
60 331
60 339
61 132
61 148
61 269
61 294
61 315
62 76
62 193
62 246
62 292
62 449
63 244
63 297
63 356
63 365
63 376
63 453
63 464
64 75
64 167
64 179
64 187
64 291
64 334
64 339
64 377
64 378
64 451
64 492
65 77
65 263
65 264
65 460
65 484
66 73
66 138
67 153
67 228
67 321
67 339
67 362
67 372
67 478
67 484
68 250
68 253
68 271
68 288
69 86
69 289
70 149
70 211
70 221
70 290
70 305
70 330
70 391
71 173
71 324
71 376
71 439
72 103
72 122
72 207
72 244
72 315
72 330
72 374
72 385
73 132
73 429
73 496
74 83
74 173
74 188
74 261
74 431
74 433
75 175
75 221
75 259
75 477
76 116
76 169
76 190
76 211
76 214
76 251
76 407
77 100
77 150
77 242
77 323
77 326
77 380
78 325
78 344
78 348
78 372
78 388
78 398
78 478
78 498
79 222
80 111
81 82
81 107
81 187
81 191
81 296
81 319
81 332
81 386
81 480
82 390
83 138
83 442
83 463
84 99
84 145
84 283
84 303
84 357
84 438
84 473
85 132
85 167
86 121
86 129
86 182
86 214
86 358
86 413
87 114
87 186
87 285
87 301
87 318
87 329
87 370
87 439
88 93
88 184
88 292
88 494
89 148
89 169
89 414
89 420
89 484
90 106
90 172
90 350
90 364
90 484
91 166
91 217
91 363
92 319
93 176
93 226
93 231
93 332
93 363
93 451
93 481
94 102
94 174
94 186
94 188
94 204
94 257
95 172
95 182
95 212
95 401
95 487
96 104
96 220
96 276
96 321
96 346
96 386
96 436
97 156
97 229
97 391
97 449
98 283
98 315
98 372
99 125
99 144
99 180
99 239
99 492
100 113
100 268
100 270
100 271
100 292
100 297
100 368
100 394
100 487
101 211
101 384
101 399
101 411
102 125
102 291
102 293
102 374
102 430
102 446
102 458
102 474
102 477
103 105
103 296
104 402
104 434
104 459
104 460
105 120
105 124
105 207
105 220
105 324
106 263
106 270
106 464
107 139
107 175
107 229
107 416
108 188
108 252
108 341
108 448
108 485
109 308
109 319
109 430
110 225
110 243
110 415
110 461
110 466
110 481
111 120
111 162
111 192
111 303
111 319
112 249
112 270
112 436
112 444
112 464
113 132
113 201
114 126
114 261
114 269
114 386
114 469
115 349
115 382
115 437
116 330
116 369
116 414
117 310
117 364
117 387
117 474
118 158
118 189
118 204
118 220
118 485
119 188
119 261
119 348
119 435
119 451
119 470
119 489
120 136
120 341
120 348
121 173
121 297
121 357
121 449
122 277
122 426
122 442
123 303
123 309
123 458
124 205
124 252
124 358
124 432
124 459
124 464
125 355
126 164
126 202
126 240
126 271
126 452
127 237
127 258
127 264
127 320
127 364
127 404
127 446
127 448
128 129
128 178
128 308
128 323
128 412
128 484
128 498
129 149
129 224
129 379
129 381
129 426
130 412
131 138
131 269
131 303
131 310
132 239
132 257
133 139
133 181
133 188
133 293
133 299
133 360
134 238
134 406
134 422
135 415
135 487
136 144
136 149
136 171
136 271
136 272
136 297
136 350
136 387
137 200
137 213
137 264
137 357
137 418
138 267
138 395
138 426
138 485
138 489
138 496
139 148
139 150
139 235
139 319
139 366
139 398
139 407
139 462
139 470
139 494
140 145
140 146
140 218
140 240
140 293
140 366
140 471
140 472
140 479
141 204
141 340
141 365
142 268
142 284
142 346
142 408
143 310
143 342
143 368
143 474
144 285
144 463
145 159
145 222
145 260
145 302
145 343
145 344
145 364
145 386
146 156
146 210
146 427
147 156
147 330
147 366
147 468
148 197
148 263
148 303
148 382
149 415
149 469
150 251
150 323
150 459
151 178
151 179
151 278
151 386
151 427
153 347
154 271
154 277
154 416
154 428
155 178
155 217
155 256
155 328
155 429
156 193
156 236
156 276
156 301
156 336
156 374
157 293
157 334
157 340
158 259
158 475
159 194
159 251
159 297
159 392
159 421
159 460
159 467
160 268
160 373
160 386
160 406
160 438
160 483
161 220
161 221
161 237
161 277
161 288
161 294
161 379
161 446
162 270
162 376
162 400
162 438
163 170
163 321
163 323
163 362
163 484
164 167
164 250
164 282
164 332
164 351
164 458
165 184
165 241
165 314
165 339
166 226
166 326
166 370
166 390
166 397
167 169
167 419
168 183
168 406
168 497
169 313
169 395
169 410
169 432
169 450
170 224
170 267
170 307
170 334
170 349
170 434
170 481
171 236
171 262
171 300
171 335
173 213
173 276
173 424
174 432
175 309
175 351
176 237
177 182
177 217
177 377
177 381
177 464
178 287
178 339
178 360
178 465
179 185
179 240
179 302
179 418
179 486
179 487
180 192
180 295
180 299
180 318
181 465
182 195
182 196
182 411
182 499
183 300
184 244
184 313
184 359
184 361
184 469
185 365
185 406
185 424
185 434
186 240
186 297
186 342
186 362
186 417
186 479
187 356
188 241
188 289
188 312
188 351
188 397
188 490
189 272
190 241
190 246
190 268
190 278
190 421
191 234
191 343
191 353
191 382
191 419
191 469
193 256
193 462
193 474
194 306
194 446
194 447
195 304
195 367
195 368
195 489
196 220
196 233
196 238
196 339
196 407
197 238
197 250
197 316
197 339
197 397
197 477
198 363
198 380
198 398
198 402
198 476
198 497
199 221
199 376
199 417
200 291
200 296
200 337
200 366
200 394
201 204
201 307
201 405
201 406
202 329
203 225
203 253
203 325
203 360
203 381
203 385
203 412
203 417
204 394
205 370
206 472
207 218
207 362
208 229
208 238
208 263
208 319
208 331
208 412
209 256
209 411
209 443
209 493
210 265
210 386
210 387
210 486
211 399
211 436
211 465
212 247
212 293
212 294
212 296
212 324
212 349
212 364
212 424
213 217
213 234
213 445
213 487
214 319
214 351
214 366
214 390
214 425
214 463
215 275
215 316
215 365
215 448
215 485
216 218
216 259
216 290
217 355
217 361
217 367
217 422
217 485
218 228
218 277
218 363
218 404
218 431
218 485
218 489
219 266
219 327
219 409
220 259
220 404
220 420
220 476
221 446
221 460
222 237
222 404
222 406
223 279
223 294
223 337
223 340
223 361
223 440
223 456
224 270
224 334
225 300
225 330
225 338
225 353
225 377
225 399
225 491
226 308
226 331
226 377
226 457
227 353
227 354
228 324
229 471
229 484
229 498
230 292
230 439
231 232
231 389
231 449
232 233
232 452
232 493
233 252
234 237
234 342
234 454
234 491
235 397
236 251
236 330
236 412
236 414
236 420
237 268
237 291
237 468
238 362
238 369
238 429
238 438
239 272
239 300
239 304
240 257
240 280
240 329
240 403
241 261
241 277
241 340
241 423
242 266
242 485
243 284
243 303
243 372
243 448
244 256
244 357
244 380
244 418
244 422
245 272
245 274
245 397
246 277
246 285
246 319
247 253
247 366
247 372
247 471
248 338
248 342
249 299
249 401
250 255
250 372
250 384
250 406
250 461
251 257
251 329
251 450
252 374
253 272
253 287
253 397
253 455
253 496
253 499
254 288
254 289
254 401
254 422
254 434
254 499
255 317
255 328
255 368
255 374
256 280
256 383
256 398
256 480
256 497
257 293
257 451
258 263
258 481
259 296
259 401
259 491
260 278
260 343
260 441
261 288
262 282
262 442
262 496
263 333
263 354
264 337
264 363
264 400
265 353
265 379
265 384
266 273
266 299
267 373
268 282
268 314
268 343
269 303
269 423
270 489
271 471
272 317
272 327
272 385
273 368
273 423
273 436
274 359
274 423
275 481
276 492
277 301
277 370
277 404
277 409
278 320
278 336
278 467
279 350
279 375
279 461
280 317
280 478
281 308
282 371
282 484
283 428
284 286
284 375
285 311
285 381
285 486
286 371
286 463
286 467
287 297
287 304
287 348
289 384
289 445
290 339
290 404
290 410
290 473
291 389
291 391
291 431
292 311
293 295
293 376
293 385
295 329
295 429
296 451
296 466
296 495
297 362
297 434
297 489
298 308
298 452
298 453
298 472
299 378
299 463
301 313
302 494
303 384
303 421
303 431
304 440
304 498
305 383
305 461
306 413
306 428
307 325
307 354
307 478
308 376
308 460
309 328
309 392
309 495
310 337
310 396
310 412
310 473
310 485
311 352
311 357
311 489
312 315
312 344
312 371
312 424
312 493
313 346
314 381
314 419
314 435
315 346
315 365
315 408
315 470
316 368
316 483
316 498
317 320
317 465
317 495
318 354
318 497
319 367
319 419
319 440
319 451
320 488
321 324
321 481
321 485
322 326
323 451
323 474
323 492
324 414
324 437
325 388
325 390
326 330
326 415
326 484
327 404
327 409
327 439
329 471
331 445
333 361
333 368
333 382
333 411
333 421
333 434
334 428
334 451
334 487
334 490
335 435
335 447
336 432
336 462
336 495
337 350
337 383
337 403
338 343
338 358
338 371
338 408
338 497
339 341
340 459
341 398
341 482
342 391
342 458
342 493
343 355
343 380
343 435
344 447
345 353
345 480
346 481
346 491
347 363
347 386
347 396
347 472
348 450
349 477
349 487
349 498
350 385
350 396
350 465
351 352
351 440
352 370
352 389
352 430
353 376
354 364
354 377
354 397
354 456
354 466
355 386
355 423
356 390
358 363
358 495
361 363
361 410
361 444
361 480
361 492
362 374
362 414
363 440
363 476
364 421
365 489
366 396
367 394
369 380
370 488
373 486
373 495
375 453
376 421
376 464
376 482
377 431
377 460
378 413
379 458
380 477
380 479
385 388
385 427
385 462
385 478
385 495
387 495
389 432
389 491
393 398
393 449
394 471
395 406
395 411
395 416
395 490
396 461
397 417
398 467
399 446
402 426
402 436
402 488
405 426
406 497
407 415
407 438
408 454
410 472
413 429
413 495
415 436
415 467
417 464
417 485
421 443
422 453
423 425
424 460
424 497
425 427
425 430
425 434
425 437
425 488
427 498
433 480
436 442
436 484
437 446
437 480
438 481
439 475
441 470
442 455
442 471
445 451
446 499
448 485
449 492
450 479
451 462
452 464
452 478
454 480
462 464
462 482
463 494
464 471
464 481
468 490
468 497
478 496
482 491
0
9 499
