500	1452	 1
0 76
0 161
0 162
0 239
0 306
0 327
0 434
1 100
1 111
1 150
1 248
1 295
1 433
1 434
1 463
2 80
2 141
3 106
3 201
3 365
3 445
4 20
4 44
4 160
4 180
4 295
4 333
4 459
5 77
5 260
5 282
5 316
6 89
6 318
6 461
7 18
7 119
7 224
7 321
7 324
7 405
8 294
8 471
9 129
9 256
9 263
9 276
9 330
9 419
10 217
10 261
10 330
10 337
10 364
10 378
10 416
10 466
10 483
11 101
11 136
11 229
11 261
11 280
11 423
11 442
11 447
12 36
12 40
12 111
12 219
12 390
12 443
13 137
13 157
13 334
13 375
13 430
13 452
14 58
14 97
14 191
14 456
15 81
15 214
15 281
15 361
15 386
15 496
16 71
16 186
16 288
16 326
16 328
16 418
17 66
17 201
17 269
18 159
18 221
18 398
18 494
19 44
19 224
19 276
19 371
19 479
20 39
20 117
20 194
20 204
20 282
20 391
20 445
20 476
21 24
21 56
21 69
21 98
21 235
21 421
21 475
22 162
22 203
22 213
22 266
22 332
22 340
23 53
23 82
23 105
23 122
23 238
23 325
23 405
23 408
24 25
24 106
24 126
24 138
24 182
24 214
24 321
24 324
24 326
25 94
25 116
25 144
25 173
26 85
26 207
26 213
26 434
26 497
27 57
27 266
27 329
27 389
27 475
27 498
28 221
28 331
28 493
29 67
29 80
29 109
29 184
29 238
29 263
29 276
29 293
29 314
29 334
29 370
30 39
30 77
30 184
31 70
31 77
31 147
31 191
31 202
31 322
31 394
31 479
32 403
32 427
32 438
33 44
33 114
33 281
34 289
34 457
35 70
35 224
36 80
36 102
36 106
36 144
36 222
36 246
36 391
36 457
37 136
37 210
37 324
38 63
38 151
38 179
38 223
38 224
38 380
38 447
38 481
38 490
39 80
39 117
39 179
39 335
39 345
39 461
40 286
40 302
40 381
40 432
41 145
41 192
41 313
41 391
41 396
42 189
42 192
42 264
42 455
42 498
43 77
43 147
43 190
43 191
43 398
43 419
43 436
44 58
44 71
44 83
44 122
44 135
44 141
44 173
44 357
45 364
45 396
45 412
45 413
45 462
45 486
46 105
46 370
46 464
47 124
47 155
47 230
47 304
47 387
47 425
48 262
48 298
48 417
49 75
49 79
49 162
49 171
49 212
49 272
49 371
50 69
50 79
50 144
50 148
50 155
50 197
50 342
50 417
50 451
51 193
51 315
51 369
51 377
52 349
52 362
52 475
52 492
53 119
53 151
53 159
53 254
53 310
53 350
53 352
53 377
53 441
54 65
54 311
54 353
54 492
55 65
55 154
56 159
56 230
56 399
56 410
56 429
57 152
57 183
57 363
57 487
58 250
58 295
58 383
58 413
59 164
59 175
59 287
59 307
59 341
59 350
59 412
59 470
59 490
60 256
60 384
61 68
61 146
61 211
61 226
61 265
61 322
61 441
61 482
62 100
62 129
62 357
62 362
62 381
62 492
63 165
63 184
63 189
63 263
63 284
63 372
63 382
64 98
64 273
64 360
64 426
65 115
65 197
65 205
65 215
65 246
65 317
66 73
66 118
66 264
66 425
66 458
66 463
66 499
67 158
67 286
67 289
67 347
67 377
67 378
68 119
68 122
68 206
68 238
68 246
68 291
68 325
68 355
68 450
68 460
68 465
68 480
69 90
69 103
69 128
69 152
69 276
69 296
69 383
69 388
70 77
70 163
70 303
70 304
70 317
70 343
70 441
70 445
71 78
71 396
72 170
72 260
72 325
72 403
73 205
73 321
73 408
74 92
74 111
74 168
74 185
74 239
74 265
74 324
74 409
74 416
74 497
75 111
75 132
75 156
75 212
75 324
75 340
75 379
75 382
76 98
76 178
76 421
76 424
77 101
77 161
77 242
78 154
78 305
78 372
78 395
78 422
79 117
79 124
79 266
79 286
79 304
79 312
79 408
79 420
79 430
79 434
80 101
80 184
80 413
81 227
81 239
81 255
81 298
82 170
82 176
82 266
82 401
82 469
83 119
83 232
83 293
83 332
83 410
83 424
84 93
84 102
84 112
84 414
85 142
85 143
85 275
85 308
85 438
85 462
86 229
86 250
86 381
87 322
87 336
87 454
88 111
88 192
88 260
88 304
88 411
88 412
88 413
89 130
89 348
90 142
90 247
90 283
90 314
90 473
91 287
91 326
91 406
91 461
92 398
92 473
93 144
93 202
93 221
93 250
93 284
93 429
94 141
94 346
94 476
95 107
95 393
96 186
96 234
96 362
97 195
97 229
97 285
97 334
97 337
97 358
97 434
98 169
98 221
98 233
98 306
99 198
99 294
99 456
100 191
100 244
100 261
100 343
100 414
101 156
101 290
101 422
102 165
102 176
102 196
103 189
103 380
103 410
103 418
104 152
104 259
104 374
104 380
104 387
105 371
105 466
106 109
106 331
106 385
106 388
107 181
107 304
107 347
108 393
108 459
109 245
109 367
109 469
110 123
110 162
110 263
110 267
110 305
111 124
111 150
111 349
112 443
112 468
113 254
113 493
114 279
114 346
114 450
115 209
115 217
115 234
115 300
115 305
115 354
116 118
116 123
116 141
116 171
116 286
116 358
116 453
117 138
117 162
117 226
117 442
117 456
117 478
118 132
118 183
118 206
118 223
118 264
118 382
118 431
118 469
119 130
119 140
119 274
119 360
119 392
119 402
120 159
120 164
120 228
120 238
120 302
120 470
120 495
121 211
121 221
121 240
121 281
121 378
122 218
122 278
122 328
122 362
122 363
123 168
123 248
123 488
124 314
124 440
125 157
125 231
125 316
125 464
126 179
126 192
126 281
126 363
126 474
127 177
127 211
127 398
127 498
128 148
128 382
129 178
129 205
129 418
129 472
130 185
130 220
130 270
130 276
130 295
130 311
130 336
130 454
130 478
131 139
131 194
131 241
131 293
131 326
132 439
132 478
132 493
133 237
133 339
133 392
133 468
133 482
134 244
134 298
134 355
134 391
134 423
134 436
135 272
136 138
136 141
136 201
136 254
136 356
136 420
137 188
137 397
137 439
138 145
138 158
138 206
138 274
138 353
138 368
138 476
139 163
139 204
139 236
139 405
139 446
140 188
140 199
140 297
140 441
141 207
141 247
141 317
142 277
142 314
143 191
143 322
144 460
145 207
145 224
145 283
145 303
145 419
145 436
145 442
146 204
146 243
146 267
147 174
147 251
147 380
147 392
147 445
147 452
148 266
148 278
148 313
148 335
148 384
148 416
148 434
149 199
149 292
150 196
150 398
150 399
151 173
151 291
151 308
151 316
151 350
151 461
152 177
152 186
152 335
152 465
153 207
153 394
153 401
154 155
154 389
154 478
156 162
156 488
157 348
158 240
158 404
158 410
158 431
158 452
159 170
159 182
159 286
160 251
160 344
161 296
161 359
161 404
161 474
162 301
162 348
163 226
163 252
163 374
163 438
164 285
164 440
164 487
165 177
165 386
166 202
166 464
167 168
167 185
167 209
167 222
167 267
168 265
168 302
169 308
169 408
169 474
170 246
170 375
170 393
171 256
171 323
171 375
171 393
171 415
171 421
171 448
172 303
172 305
172 434
172 461
172 475
172 476
173 360
173 378
174 219
174 397
175 183
175 184
175 213
175 269
175 457
176 283
176 424
176 457
176 490
177 257
178 441
178 444
178 494
180 261
180 269
180 275
180 332
180 426
180 455
181 221
181 237
181 326
181 327
181 332
181 351
181 459
182 264
182 298
182 307
182 333
183 234
183 272
183 292
183 315
184 211
184 215
184 223
184 280
184 487
185 199
185 216
185 395
185 477
186 252
186 442
187 233
187 238
187 279
187 323
187 347
188 238
188 253
188 454
188 488
189 244
189 340
189 430
190 372
190 476
190 496
191 213
191 248
191 249
191 285
191 289
191 324
191 343
191 431
191 465
191 490
192 363
192 404
192 470
193 215
193 229
193 444
193 480
194 246
194 369
195 305
195 363
196 263
196 347
196 378
196 433
196 441
197 322
198 228
198 350
198 399
198 455
199 472
199 486
200 260
200 343
201 203
201 204
202 274
202 344
202 371
202 387
202 394
203 260
203 362
204 286
204 359
204 376
205 339
205 349
205 376
206 383
207 254
207 393
207 453
207 467
208 233
208 251
208 307
208 342
208 365
209 294
209 332
209 341
210 240
210 278
210 296
210 301
210 311
210 372
210 387
210 458
210 474
211 212
211 267
211 370
211 406
212 354
212 469
213 238
213 368
213 411
213 452
213 479
213 496
214 328
214 348
214 356
214 374
214 400
214 411
215 307
215 366
216 372
216 376
217 440
217 443
218 414
219 283
219 295
219 320
219 381
219 417
219 422
219 489
220 222
220 408
220 423
220 475
220 487
221 283
221 313
221 336
222 296
222 317
222 421
223 246
223 264
223 310
223 335
223 447
224 416
224 457
224 461
224 478
225 417
225 495
226 315
226 359
226 389
226 413
227 263
227 466
228 316
228 443
229 231
229 293
229 350
229 352
230 297
230 325
230 438
231 314
231 337
231 367
231 389
231 427
231 492
232 284
232 414
232 416
233 384
233 426
233 461
233 488
234 355
234 389
234 404
234 434
235 318
235 350
235 431
236 329
236 372
236 436
237 273
237 317
237 344
238 410
238 422
238 449
239 247
239 307
239 369
239 393
239 485
240 258
240 336
241 251
241 451
241 472
242 271
242 401
242 428
243 319
243 342
244 334
244 352
244 481
245 498
246 325
246 417
246 454
247 433
247 444
247 490
248 271
248 318
248 391
249 298
249 376
249 411
249 445
250 287
251 401
253 284
254 266
254 459
255 291
255 405
255 449
256 430
256 437
257 329
257 351
257 361
257 373
257 466
257 477
258 336
258 419
259 307
259 481
260 391
261 278
261 302
261 400
261 431
262 276
262 281
262 345
262 358
263 460
264 308
264 313
264 404
265 340
265 385
265 448
266 300
266 355
266 462
267 283
267 333
267 349
267 413
267 451
268 286
268 325
268 365
268 422
269 366
269 372
269 449
269 461
269 483
270 397
270 486
271 348
271 389
271 405
272 306
272 453
273 361
273 476
273 477
274 359
274 424
274 482
275 430
276 355
276 364
276 432
277 332
277 396
277 459
277 484
278 291
278 331
278 393
279 326
279 478
280 493
281 336
281 376
281 416
282 322
282 359
282 434
283 294
283 415
283 486
284 458
285 421
285 432
285 493
286 296
286 389
286 402
286 446
286 491
286 496
287 339
287 346
288 471
289 342
290 327
291 299
291 316
291 426
291 456
291 476
293 366
293 387
293 451
293 497
294 341
294 439
295 305
295 495
296 303
296 312
296 331
296 363
296 478
297 321
297 331
297 436
297 469
298 412
298 477
299 378
300 499
301 318
301 388
302 366
302 398
302 489
302 491
304 371
304 396
304 411
305 349
305 477
306 353
306 356
306 453
306 457
307 316
307 341
307 495
308 442
309 311
309 362
309 375
309 405
309 484
310 354
310 448
311 491
312 320
312 395
312 408
312 497
313 432
314 346
314 444
314 499
315 356
315 359
315 373
316 404
316 430
316 441
316 451
316 466
318 393
318 413
318 417
318 477
319 474
320 372
321 350
321 351
321 395
321 489
322 409
322 481
323 368
323 370
323 400
324 379
324 411
324 441
324 462
324 480
325 487
326 456
328 425
328 432
328 444
329 384
330 407
330 473
331 471
333 376
333 422
334 354
334 495
335 357
335 381
335 473
336 370
337 387
337 485
338 396
338 411
338 456
339 387
339 434
340 349
340 404
340 445
340 477
341 416
341 430
342 433
342 439
343 445
344 392
344 433
346 423
346 426
346 469
347 413
347 439
348 359
348 374
349 415
350 498
351 373
351 433
353 377
353 460
353 469
354 446
354 478
355 383
357 415
357 431
358 411
360 445
360 457
361 499
362 374
362 380
362 397
362 424
362 427
363 425
363 427
363 472
364 388
365 473
366 386
366 398
366 423
367 447
368 403
369 458
369 468
371 423
371 441
371 442
371 464
372 460
372 476
373 495
375 478
376 444
376 457
376 485
378 403
379 491
380 450
382 440
382 472
384 479
385 406
386 407
386 479
387 459
387 481
388 450
388 467
390 433
390 469
391 395
391 456
392 398
392 429
392 465
393 461
394 430
394 434
396 454
398 467
399 422
400 472
400 489
401 406
402 441
403 469
406 425
406 448
406 450
406 483
407 430
407 494
409 420
409 464
410 433
411 476
411 487
412 453
412 494
415 465
417 477
418 428
419 435
419 472
419 489
420 495
421 489
422 443
426 427
426 448
427 468
428 432
428 474
429 496
430 440
431 448
431 478
431 479
432 450
432 475
433 464
434 480
434 492
434 493
435 468
435 480
435 484
436 445
436 459
437 480
437 485
439 458
447 448
447 474
448 465
449 496
451 457
456 463
456 491
466 479
467 479
467 499
471 489
481 489
0
9 499
