500	1511	 1
0 147
0 252
0 274
0 282
0 287
0 409
1 65
1 192
1 308
1 371
2 4
2 25
2 43
2 83
2 89
2 103
2 266
2 323
2 357
2 412
2 413
2 423
2 437
2 463
3 8
3 197
3 239
3 424
4 181
4 297
4 341
4 357
5 130
5 210
5 291
5 417
6 37
6 118
6 181
6 411
6 427
7 20
7 220
7 300
7 327
7 387
7 495
8 9
8 376
8 386
8 390
8 432
8 436
9 49
9 90
9 168
9 211
9 290
9 310
9 400
9 404
9 467
10 55
10 56
10 167
10 268
10 284
10 439
11 81
11 87
11 320
11 487
12 20
12 44
12 369
12 429
13 355
13 368
14 294
14 295
14 347
14 472
15 163
15 206
15 238
15 264
15 272
15 322
16 195
16 224
16 296
16 304
16 311
16 408
16 435
16 451
16 452
17 40
17 116
17 119
17 136
17 195
17 222
17 230
17 286
17 308
17 405
17 490
18 175
18 183
18 427
18 439
18 449
19 158
19 189
19 312
19 491
20 110
20 210
20 234
20 253
20 283
20 305
20 373
21 85
21 189
21 252
21 392
22 388
22 474
22 479
23 106
23 200
23 222
23 478
24 90
24 290
24 380
25 151
25 158
25 435
25 467
26 46
26 213
26 283
26 296
26 379
26 447
27 167
27 204
27 267
27 304
28 52
28 89
28 303
28 451
29 45
29 142
29 147
29 259
29 330
30 365
30 442
31 81
31 138
31 172
31 211
31 325
31 345
32 75
32 91
32 108
32 244
32 355
32 370
32 453
33 145
33 202
33 205
33 371
34 60
34 68
34 137
34 218
34 224
35 47
35 86
35 131
35 233
35 234
35 260
35 454
36 94
36 188
36 309
36 318
36 328
36 491
37 42
37 147
37 390
37 393
37 418
38 54
38 92
38 104
38 153
38 236
38 340
38 386
38 401
38 432
38 459
39 71
39 230
39 338
39 348
39 431
40 60
40 224
40 271
40 289
40 307
40 313
40 493
41 193
41 203
41 213
41 242
41 326
41 362
41 478
41 485
42 73
42 155
42 214
42 271
42 298
42 328
43 58
43 256
43 266
43 276
43 316
43 325
43 369
43 494
44 81
44 138
44 212
44 238
44 357
45 132
45 348
45 439
45 450
45 494
45 497
46 325
46 328
46 347
46 443
47 60
47 117
47 292
47 347
47 430
48 86
48 90
48 106
48 107
48 155
48 201
48 286
48 338
49 72
50 55
50 135
50 195
50 199
50 230
50 243
50 394
50 445
50 446
51 161
51 169
51 298
51 333
51 435
51 490
52 54
52 304
52 335
52 391
52 444
52 494
53 137
53 140
53 333
53 361
53 406
53 440
53 480
53 483
53 486
54 336
54 353
54 398
54 425
55 88
55 120
55 131
55 239
55 320
55 337
56 177
56 196
56 211
56 247
56 329
56 465
56 473
57 152
57 191
57 219
57 335
57 383
57 432
58 118
58 152
58 197
58 232
58 289
58 403
59 61
59 69
59 85
59 128
59 136
59 149
59 208
59 261
59 350
59 419
59 433
59 471
60 114
60 262
60 272
60 352
60 487
61 78
61 393
61 442
61 443
61 490
62 325
63 106
63 281
63 322
63 384
63 426
64 104
64 368
64 490
65 134
65 207
65 239
65 244
65 346
65 363
66 144
66 157
66 172
66 440
66 451
66 455
67 73
67 249
67 315
67 437
68 88
68 189
68 338
68 358
68 377
68 382
68 409
69 122
69 246
69 330
69 472
70 114
70 231
70 265
70 268
70 323
70 385
71 165
71 196
71 391
72 234
72 286
72 312
72 337
72 406
73 177
73 179
73 226
73 250
73 268
73 367
73 406
74 305
74 317
74 424
74 426
74 464
75 112
75 232
75 234
75 439
75 470
76 158
76 213
76 348
76 400
76 419
77 224
77 258
77 323
77 462
78 103
78 215
78 303
78 363
78 384
78 419
78 456
79 99
79 286
79 406
79 442
80 227
80 261
80 429
80 494
81 119
81 140
81 175
81 263
81 424
82 229
82 395
82 412
83 125
83 176
83 251
83 422
83 430
83 491
84 180
85 152
85 218
85 256
85 317
85 329
86 160
86 194
86 216
86 218
86 259
86 267
86 460
87 113
87 187
87 215
87 269
87 395
87 398
87 421
87 491
88 167
88 282
88 298
88 320
88 367
89 112
89 119
89 158
89 276
89 290
90 382
90 406
90 442
90 464
91 294
91 297
91 402
91 448
92 110
92 270
92 326
92 441
93 208
93 388
93 399
93 443
94 135
94 290
94 333
94 350
94 403
95 108
95 164
95 257
95 371
96 102
96 145
96 151
96 183
96 226
96 445
96 463
97 117
97 255
97 380
98 195
98 345
98 469
99 192
99 219
99 377
99 381
99 476
100 123
100 194
100 222
100 475
101 198
101 216
101 221
101 377
101 445
102 133
102 170
102 217
103 113
103 125
103 139
103 300
103 393
104 154
104 317
105 160
105 186
105 270
106 254
106 282
106 310
106 352
107 214
107 224
107 298
107 378
107 432
108 133
108 182
108 186
108 240
108 249
108 254
108 322
108 349
108 419
109 142
109 183
109 246
109 395
109 424
109 455
109 492
110 223
110 370
110 401
110 484
111 168
111 338
111 346
112 118
112 224
112 305
112 350
112 386
113 299
113 447
113 468
114 197
114 294
114 349
114 407
114 426
115 187
115 337
115 460
116 146
116 240
116 266
116 292
117 192
117 270
117 378
117 400
117 405
117 443
117 454
118 124
118 213
118 246
118 267
118 380
118 441
118 461
119 174
119 192
119 260
119 424
120 146
120 477
120 487
120 492
121 250
121 314
121 397
122 152
122 220
122 257
122 460
123 290
123 327
123 346
124 233
124 334
124 383
124 477
124 489
125 134
125 294
125 357
125 461
126 198
126 216
126 279
126 379
127 154
127 295
128 326
128 457
129 203
129 214
129 410
129 476
130 150
130 170
130 212
130 263
130 449
131 178
131 281
131 339
131 342
131 343
132 164
132 209
132 479
133 141
133 204
133 235
133 256
134 146
134 305
134 397
134 486
135 407
135 421
135 422
135 471
135 483
136 465
136 481
136 497
137 314
137 380
137 451
137 459
137 487
138 237
138 263
138 301
138 374
138 456
138 467
139 214
139 368
139 389
139 446
139 458
140 152
140 235
140 438
140 480
141 220
141 224
141 243
141 353
141 433
142 143
142 273
143 332
143 355
144 370
145 280
145 326
145 400
145 448
146 235
146 240
146 294
146 330
146 448
146 497
147 210
147 363
147 373
147 384
148 176
148 212
149 187
149 193
149 195
149 245
149 323
150 163
150 215
150 234
150 329
151 175
151 252
151 296
152 252
152 288
152 372
152 376
152 452
153 171
153 306
153 332
153 471
154 196
154 211
154 251
154 252
154 282
154 330
154 360
154 375
155 200
155 351
155 433
156 194
156 218
156 363
156 450
156 481
157 174
157 203
157 216
157 367
157 372
157 384
157 390
157 475
157 482
158 167
158 196
158 372
158 413
158 447
159 161
159 177
159 181
159 313
159 345
159 351
159 399
159 424
159 454
160 391
160 434
161 393
161 445
162 187
162 192
162 239
162 290
162 291
162 424
163 167
163 230
163 260
163 280
163 340
163 363
163 388
164 263
164 278
164 311
164 361
164 420
165 169
165 289
165 290
165 333
165 374
165 395
166 205
166 239
167 185
167 417
167 430
167 461
168 214
168 335
168 342
168 366
168 482
169 436
169 444
169 458
170 240
171 261
171 379
171 388
171 440
172 196
172 252
172 253
172 340
173 196
173 243
173 382
173 393
174 289
174 451
174 479
175 289
175 346
175 455
175 467
175 488
176 235
176 280
176 327
177 227
177 265
177 331
177 378
177 381
177 469
178 267
178 293
178 380
178 422
178 432
178 467
179 185
179 192
179 244
179 415
180 192
180 235
180 241
180 261
180 472
181 391
182 257
182 276
182 288
183 235
183 292
183 322
183 345
183 467
183 472
184 343
185 226
185 348
185 400
185 432
186 239
186 301
186 330
186 338
186 344
187 192
187 237
187 352
187 375
187 473
188 352
188 378
189 205
189 402
189 497
190 426
191 295
191 371
191 395
191 409
191 447
192 297
192 450
192 472
193 264
193 303
193 341
193 389
193 420
193 428
193 450
194 200
194 359
194 463
195 206
195 277
195 407
196 221
196 244
196 343
196 408
197 249
197 267
197 367
197 420
197 459
197 480
198 224
198 288
198 370
198 408
198 422
199 203
199 216
199 361
200 322
200 329
200 425
200 484
200 488
200 489
201 205
201 341
201 344
201 388
201 395
201 493
202 231
202 279
202 286
202 316
202 326
202 390
203 219
203 286
203 398
204 218
204 326
204 405
204 432
205 381
205 462
205 487
206 218
206 282
206 387
206 400
207 247
207 393
207 414
208 360
208 374
208 422
209 372
209 376
210 281
210 335
211 321
211 346
211 394
211 460
212 234
212 240
212 314
213 241
213 323
213 393
213 468
214 233
214 475
214 497
215 230
215 237
215 340
215 346
215 391
215 449
216 369
216 431
217 265
217 271
217 357
217 430
218 308
218 373
219 297
219 396
219 463
220 349
220 426
220 476
221 263
222 260
222 267
222 271
222 358
222 376
223 225
223 261
223 383
224 373
225 232
225 295
225 326
226 274
226 284
226 321
226 363
227 389
227 428
227 433
228 232
228 326
228 453
229 234
229 277
229 336
229 406
230 297
230 351
230 409
230 413
230 453
230 463
231 297
231 355
231 375
231 442
231 458
232 405
233 240
233 248
233 405
233 493
234 442
234 473
235 333
236 238
236 385
236 435
236 479
237 309
237 317
237 331
237 378
237 494
238 284
238 318
238 322
238 398
239 264
239 351
239 384
239 403
239 448
239 456
239 458
240 386
240 412
240 459
241 243
241 319
241 356
241 357
241 428
242 354
242 388
242 491
243 286
243 347
244 280
244 395
245 281
245 309
245 357
245 485
246 379
246 381
246 388
246 419
246 475
247 283
247 366
247 404
248 325
248 330
248 342
248 463
249 295
249 332
249 360
250 268
250 428
250 441
252 447
253 281
253 436
253 476
254 266
254 461
254 474
254 484
255 286
255 318
255 355
255 429
256 335
257 313
257 346
257 350
257 442
257 469
258 294
258 398
258 404
258 405
258 457
258 470
259 275
259 296
259 304
259 315
260 399
260 403
260 430
261 279
261 320
261 394
261 421
261 428
261 475
261 476
262 321
262 422
262 484
263 266
264 425
264 426
265 275
265 332
265 337
266 314
266 355
266 396
266 432
267 442
268 345
268 368
268 481
269 357
269 389
269 458
269 480
270 333
270 372
270 417
270 422
270 430
271 327
271 336
271 391
272 489
273 347
273 403
274 354
274 432
275 295
275 301
275 323
275 458
277 307
277 319
277 369
277 386
278 382
278 442
278 464
278 469
279 345
279 363
279 404
279 462
279 475
280 307
280 364
280 385
280 471
280 474
281 314
282 318
282 440
283 300
284 389
284 449
285 301
285 360
285 409
286 362
286 391
286 398
286 407
286 449
287 329
287 402
287 438
287 474
288 316
288 470
288 471
290 391
291 360
291 482
292 342
292 380
293 329
294 399
295 301
295 447
295 483
296 399
296 459
297 354
297 456
297 496
298 380
298 462
299 323
299 366
300 324
300 473
301 442
302 309
302 366
302 485
303 364
303 421
303 436
304 316
305 403
305 480
305 495
306 309
306 329
306 367
306 394
307 356
308 392
308 410
309 324
309 330
309 371
309 378
309 390
309 431
309 439
310 360
310 419
311 326
311 330
312 373
312 381
312 409
313 382
313 424
313 453
313 461
313 465
314 381
314 440
315 328
315 360
315 424
316 344
317 361
317 390
317 410
318 364
318 383
318 442
319 422
319 438
320 379
321 364
321 394
321 483
322 331
322 353
323 385
323 454
325 424
325 453
325 487
326 346
326 385
327 386
328 449
329 410
329 486
331 381
333 335
333 414
334 385
334 395
334 407
334 433
335 445
336 451
336 488
337 448
339 396
340 455
340 463
340 465
341 357
341 365
342 344
343 359
344 386
344 399
344 442
344 484
345 389
346 378
346 425
347 435
349 463
349 473
352 383
352 437
352 456
353 393
354 418
354 488
355 493
357 413
357 493
359 403
359 427
360 416
361 394
361 407
362 419
362 479
363 410
363 440
363 471
363 486
364 367
364 384
364 453
364 494
365 393
366 445
368 377
368 397
368 402
368 453
368 455
368 460
369 479
369 496
371 395
371 469
371 471
373 451
373 494
374 406
374 476
375 390
377 394
377 468
378 489
379 441
379 444
380 446
380 495
381 424
381 443
381 450
381 460
382 445
383 401
384 498
385 431
385 468
386 388
387 499
389 422
389 436
390 391
392 441
392 449
394 496
396 440
397 421
397 472
397 490
398 399
398 448
398 462
398 499
399 440
399 466
400 437
400 451
400 467
400 472
402 414
402 434
403 440
403 499
405 412
405 427
405 496
406 458
407 438
409 457
409 459
411 448
413 455
417 454
418 453
418 466
419 450
419 486
420 462
421 473
421 489
422 443
423 444
424 430
424 497
426 476
427 452
428 438
429 472
433 451
434 466
436 443
436 463
436 498
438 474
439 442
440 482
440 495
441 458
441 490
443 493
444 456
446 463
446 489
447 464
447 473
447 484
450 490
450 499
451 458
451 493
456 489
456 490
456 498
458 484
461 477
462 463
462 490
463 465
466 474
474 485
474 490
475 477
488 496
0
9 499
