500	1495	 1
0 36
0 177
0 227
0 272
0 327
0 372
0 385
0 386
1 23
1 142
1 193
1 325
1 341
1 366
1 379
1 383
1 480
1 483
2 82
2 96
2 141
2 143
2 185
2 303
2 318
2 445
2 448
2 492
3 80
3 98
3 208
3 321
3 361
4 88
4 136
4 172
4 221
4 236
4 337
4 421
5 17
5 235
5 287
5 424
6 15
6 52
6 128
6 201
6 324
6 327
6 364
7 77
7 117
7 143
7 195
7 394
7 479
8 182
8 235
8 284
8 314
8 393
8 420
8 429
8 484
8 489
8 491
9 96
9 239
9 316
9 364
10 125
10 184
10 234
10 253
10 361
10 497
11 48
11 97
11 376
11 422
12 16
12 23
12 78
12 93
12 96
12 225
12 241
12 281
12 299
12 333
12 385
13 90
13 91
13 151
13 200
13 214
13 237
13 415
14 110
14 121
14 169
14 237
14 242
14 274
14 322
14 366
14 387
15 126
15 392
15 401
16 20
16 80
16 422
16 426
16 439
17 63
17 228
17 308
17 357
17 494
18 84
18 120
18 226
18 234
18 413
18 434
18 479
19 27
19 200
19 254
19 362
19 432
20 62
20 120
20 135
20 165
20 240
20 250
20 378
20 386
21 24
21 181
21 188
21 313
21 361
21 395
21 476
22 37
22 39
22 41
22 116
22 118
22 323
22 494
23 114
23 148
23 168
23 187
23 204
23 323
23 327
23 378
24 41
24 165
24 176
24 237
24 243
24 305
24 330
24 393
24 413
24 472
25 74
25 140
25 216
25 305
25 413
25 443
26 68
26 99
26 276
26 327
26 371
26 487
27 33
27 43
27 166
27 380
27 402
27 436
27 494
28 111
28 148
28 154
28 169
28 334
28 349
28 363
28 385
28 398
29 92
29 355
29 361
29 475
30 33
30 189
30 204
30 263
30 360
30 367
31 152
31 267
31 414
31 421
32 146
32 213
32 275
32 365
32 372
32 446
33 104
33 180
33 221
33 327
34 184
34 292
34 329
34 469
34 478
35 318
35 396
36 48
36 99
36 123
36 209
36 350
36 389
37 80
37 302
37 376
37 438
37 447
38 59
38 296
38 302
38 306
38 402
38 464
39 403
39 443
39 493
40 86
40 109
40 132
40 253
41 75
41 135
41 169
41 351
41 387
41 465
42 159
42 189
42 207
42 462
42 472
43 52
43 76
43 113
43 134
43 162
44 89
44 132
44 195
45 79
45 122
45 186
45 244
46 92
46 196
46 271
46 450
46 499
47 93
47 108
47 131
47 322
47 361
47 376
47 438
48 234
48 261
48 295
48 379
48 460
49 89
49 242
49 256
49 314
49 467
50 153
50 182
50 192
50 272
50 294
50 335
50 375
50 395
50 404
50 435
50 492
51 114
51 132
51 155
51 160
51 217
51 220
51 310
52 130
52 229
52 389
52 477
53 98
53 131
53 255
53 364
53 450
54 106
54 108
54 312
54 318
54 397
55 203
55 242
55 260
56 71
56 145
56 185
56 330
56 437
57 87
57 156
57 225
57 403
57 413
58 81
58 143
58 216
58 254
58 276
58 354
58 389
59 386
59 413
59 427
59 476
60 72
60 161
60 359
60 419
60 451
61 74
61 133
61 317
61 334
61 441
61 462
62 106
62 108
62 346
62 408
62 428
63 138
63 147
63 254
63 320
63 331
63 389
63 468
64 77
64 180
64 254
64 469
64 483
65 111
65 116
65 196
65 198
65 301
65 409
66 287
66 300
66 335
66 385
67 127
67 135
67 148
67 337
67 419
68 70
68 306
68 324
68 331
68 355
68 443
68 480
69 216
69 379
69 385
69 413
69 497
70 79
70 182
70 215
70 342
70 375
71 82
71 242
71 273
71 299
71 336
71 356
71 384
71 450
72 102
72 200
72 256
72 298
72 492
73 242
73 262
73 271
73 391
73 405
73 409
73 498
73 499
74 145
75 176
75 236
75 483
76 175
76 204
76 220
76 410
76 460
77 87
77 130
77 174
77 229
77 233
77 251
78 123
78 429
78 433
79 188
79 222
80 135
80 243
80 264
80 270
80 312
80 375
80 499
81 446
81 492
82 83
82 149
82 372
82 411
82 466
83 130
83 150
83 168
83 363
83 443
84 132
84 170
84 413
85 226
85 431
86 89
86 156
86 176
86 180
86 285
86 308
86 338
86 371
86 493
87 138
87 191
88 251
88 336
88 357
88 407
89 210
89 296
90 335
90 496
91 190
91 225
91 402
92 213
92 260
92 380
93 104
93 132
93 185
93 259
93 271
93 275
93 301
93 363
94 131
94 147
94 159
94 196
95 99
95 120
95 212
95 235
95 285
95 302
95 345
95 382
95 397
96 135
96 158
96 187
96 208
96 447
97 135
97 312
97 356
97 371
97 414
98 118
98 414
98 422
98 445
98 489
99 150
99 206
99 435
99 437
99 452
99 469
100 108
100 340
100 384
100 397
100 439
101 114
101 274
101 396
101 414
101 439
102 154
102 496
103 154
103 265
103 356
103 366
103 461
103 487
104 149
104 156
104 203
104 208
104 358
104 485
105 339
105 352
105 490
106 107
106 183
106 191
106 379
107 159
107 283
107 293
107 337
107 403
107 432
107 499
108 123
108 291
109 219
109 329
109 362
109 363
109 380
110 175
110 331
110 406
110 457
111 166
111 296
111 433
112 153
112 159
112 227
112 235
112 264
112 269
113 182
113 185
113 204
113 254
113 326
113 450
113 483
114 127
114 183
114 207
114 240
114 260
114 292
114 410
114 437
115 211
115 277
115 318
115 493
116 286
116 310
116 374
117 208
117 262
117 331
118 413
118 417
118 431
118 450
118 466
119 155
119 472
120 197
120 226
120 302
120 375
120 393
120 409
120 425
120 486
121 139
121 149
121 318
121 389
121 391
121 402
121 467
122 154
122 323
122 396
123 154
123 224
123 324
123 428
124 180
124 349
124 385
124 466
125 244
125 374
125 446
125 448
126 267
126 290
126 335
126 381
127 322
127 404
127 471
128 129
128 290
128 388
128 391
128 396
128 413
128 453
129 202
129 362
130 198
130 222
130 236
130 264
131 248
131 347
131 499
132 154
132 165
132 171
132 202
132 287
132 403
133 177
133 294
133 380
133 392
133 411
134 224
134 399
134 444
135 297
135 322
135 387
135 443
135 482
136 155
136 349
137 173
137 186
137 253
137 258
137 444
137 486
138 215
138 387
138 496
139 164
139 300
139 495
140 357
140 392
140 466
140 467
140 480
141 147
141 217
141 219
141 292
141 323
142 230
142 356
142 426
142 427
142 469
142 470
143 151
143 204
143 242
143 365
143 444
144 171
144 226
144 243
144 263
145 324
145 372
145 377
145 397
145 429
146 224
146 280
146 338
146 348
146 393
147 162
147 185
147 319
147 320
147 404
148 153
148 178
148 297
148 311
148 349
148 376
148 380
149 190
149 278
149 292
149 442
149 450
150 259
150 480
150 482
150 485
151 490
152 197
152 315
152 405
152 446
152 475
153 155
153 223
153 242
153 267
153 304
154 226
154 306
154 314
154 315
154 414
154 468
155 200
155 255
155 398
155 461
156 379
156 441
156 471
157 226
157 242
157 467
158 170
158 283
158 293
158 493
159 265
159 276
159 282
159 422
159 468
160 200
160 261
160 442
161 299
161 434
162 283
162 299
162 405
162 445
162 490
163 298
163 345
163 423
163 453
163 455
164 303
164 332
164 370
164 384
164 441
164 455
165 267
165 428
165 474
165 477
165 488
166 198
166 381
166 435
166 445
167 192
168 224
168 232
169 178
169 227
169 234
169 283
169 369
169 465
170 293
170 309
170 418
171 484
171 496
172 227
172 286
172 320
172 395
172 466
172 488
173 195
173 359
173 480
173 487
174 205
174 260
174 261
174 464
175 208
175 260
175 294
176 283
176 301
176 363
177 251
177 357
178 344
178 373
178 463
179 227
179 248
179 253
179 349
179 426
180 372
181 185
181 290
181 409
181 420
181 442
182 398
183 189
183 220
183 312
183 445
184 204
184 290
184 308
184 312
184 381
184 435
184 449
184 458
184 495
185 466
186 229
186 299
186 362
189 194
189 272
189 393
189 404
189 419
190 422
190 457
191 286
191 418
191 482
191 494
192 390
192 434
193 220
193 369
193 395
194 217
194 266
194 318
194 392
194 463
194 468
195 212
195 216
195 480
196 347
196 369
197 198
197 376
197 440
197 441
198 241
198 369
198 474
198 479
199 416
200 231
200 389
200 410
200 450
200 490
200 498
201 218
201 262
201 275
201 370
201 381
201 387
201 407
201 422
202 240
202 309
202 347
202 378
203 234
203 325
203 351
203 476
203 499
204 220
204 250
204 318
204 349
204 438
204 445
204 492
205 320
206 278
206 453
206 464
207 319
207 491
208 443
209 231
209 266
209 293
209 347
209 357
209 418
209 426
209 442
209 447
210 239
210 265
210 346
210 350
211 234
211 272
211 369
211 482
212 235
212 254
212 398
213 221
213 265
213 468
214 289
214 364
215 259
215 326
215 417
216 243
216 390
216 453
216 468
217 242
217 347
217 377
218 270
218 391
218 496
219 317
219 406
219 482
220 272
220 472
222 278
222 334
222 465
222 479
223 365
223 391
224 331
226 330
226 390
226 492
227 287
227 404
228 287
228 337
228 430
228 485
229 289
229 370
229 454
229 462
230 278
230 402
231 273
231 276
231 327
231 363
232 258
232 283
232 294
232 309
232 311
232 317
232 453
232 472
233 263
233 279
233 281
233 347
233 416
233 464
234 260
234 272
234 284
234 329
234 330
234 382
234 405
234 430
234 473
235 273
235 318
236 321
236 329
236 348
237 341
237 400
238 252
238 444
238 452
239 470
240 246
240 331
240 392
241 260
241 339
241 360
241 365
241 395
242 347
242 442
243 252
243 277
244 309
244 344
244 356
244 429
244 431
245 250
245 339
246 413
246 417
247 292
247 326
247 328
247 411
247 421
247 433
248 299
248 358
248 363
249 268
249 312
249 343
249 345
249 366
249 439
250 262
250 288
252 255
252 259
252 289
252 336
252 357
252 365
252 380
252 384
253 288
253 348
253 366
253 397
254 284
254 393
254 494
255 410
256 355
256 474
257 367
257 420
257 440
258 380
259 414
259 456
260 294
260 418
260 469
260 477
260 496
261 272
261 349
261 375
261 486
262 271
262 346
262 401
263 283
263 335
263 369
263 498
264 323
264 351
264 362
264 463
264 479
264 481
265 293
265 331
265 441
265 454
265 484
266 441
266 470
267 462
268 286
268 352
268 393
269 273
269 302
269 307
269 320
269 340
269 341
269 456
269 494
270 418
271 485
272 318
273 279
273 302
273 377
273 391
274 384
274 478
275 436
275 467
276 321
277 313
277 445
277 461
278 326
278 462
279 431
279 466
280 346
281 479
282 436
283 288
284 324
284 353
284 403
284 490
285 322
285 393
286 360
286 377
286 416
286 431
286 480
287 408
288 347
288 377
288 481
289 315
289 356
289 371
290 362
291 310
291 359
291 406
291 460
293 312
293 383
294 299
294 352
294 358
294 416
294 429
294 467
295 318
295 334
295 454
296 349
296 475
297 418
298 491
299 313
299 318
299 411
300 389
300 410
300 415
300 490
301 456
302 319
302 353
303 325
303 433
304 375
304 448
304 482
304 491
305 353
305 425
305 459
305 498
306 389
306 397
306 411
306 422
306 441
307 334
307 356
307 389
308 353
308 410
308 492
308 494
310 317
310 489
311 461
311 464
311 473
312 399
313 481
314 402
314 432
314 485
315 388
316 340
316 384
316 392
316 417
316 440
318 352
318 376
318 428
318 437
319 471
320 340
320 466
321 372
322 329
322 355
323 494
324 334
324 450
324 469
325 365
325 366
325 401
325 473
325 477
325 498
326 454
327 348
327 381
327 400
327 402
327 411
328 334
329 348
329 420
329 446
329 486
330 383
330 423
331 396
331 440
331 477
332 407
332 418
332 486
333 429
333 444
334 382
334 402
335 349
335 387
335 477
335 496
336 351
336 487
337 374
338 345
338 394
339 395
339 419
339 436
339 471
340 384
340 397
340 446
341 361
341 404
342 351
342 378
343 372
343 486
344 360
344 381
344 401
344 448
344 472
346 396
346 478
347 384
348 394
348 467
349 439
349 465
351 434
352 355
352 402
352 406
353 372
353 408
353 438
353 487
354 425
354 459
356 450
356 466
357 388
357 447
357 482
358 408
358 411
359 439
360 361
360 381
360 431
360 476
360 486
361 444
362 364
362 430
362 492
363 389
365 412
365 456
366 460
367 396
367 430
368 393
368 401
369 421
370 492
372 422
374 440
375 377
376 455
376 480
381 406
381 444
382 445
382 453
382 454
382 475
383 401
384 392
385 445
388 461
389 480
390 451
390 472
393 481
393 486
394 460
395 462
397 469
398 476
400 409
400 485
401 494
402 439
402 462
402 468
403 472
404 469
408 434
409 453
411 494
412 474
412 481
413 414
415 472
416 438
416 493
417 440
418 487
418 499
421 426
421 463
422 480
423 477
424 446
427 428
427 446
428 451
428 498
429 444
429 453
433 451
435 470
436 498
438 452
441 480
443 476
444 445
444 464
447 486
449 458
450 470
452 457
453 497
454 459
455 460
458 470
459 478
471 477
476 477
478 484
480 483
481 493
486 495
0
9 499
