500	1480	 1
0 121
0 122
0 192
0 351
0 446
1 33
1 236
1 246
1 281
1 307
1 346
1 478
2 129
2 162
2 194
3 78
3 111
3 133
3 168
3 233
3 358
3 385
4 108
4 137
4 175
4 364
4 421
5 54
5 69
5 210
5 259
5 269
5 294
5 343
5 401
5 433
5 498
6 26
6 28
6 120
6 143
6 290
6 335
7 68
7 154
7 163
7 230
7 371
7 475
8 178
8 212
8 243
8 277
8 319
8 378
8 440
9 158
9 349
9 352
9 377
9 477
10 201
10 219
10 364
11 59
11 70
11 82
11 102
12 53
12 118
12 455
12 464
12 485
13 68
13 126
13 154
13 170
13 218
13 302
13 357
13 416
13 462
14 24
14 46
14 262
14 339
14 347
14 365
14 397
15 82
15 131
16 148
16 245
17 46
17 300
17 317
17 325
17 445
17 454
17 477
18 132
18 183
18 197
18 224
18 303
19 42
19 57
19 143
19 145
19 159
19 182
19 215
19 218
19 234
19 242
19 309
19 327
19 355
19 491
20 91
20 104
20 115
20 276
20 380
20 463
21 117
21 193
22 200
22 225
22 231
22 416
22 466
22 484
23 48
23 68
23 202
23 215
23 247
23 290
23 308
23 373
23 416
23 490
24 80
24 145
24 421
24 446
24 477
25 27
25 62
25 74
25 189
25 248
25 268
25 285
25 303
25 394
25 409
25 434
25 442
26 168
26 212
26 220
26 287
26 349
26 352
26 394
26 468
27 209
27 233
27 379
27 443
27 486
28 49
28 168
28 200
28 203
28 436
29 138
29 176
29 270
29 274
30 149
30 170
30 275
30 327
30 389
30 426
31 253
31 306
31 409
31 449
32 46
32 70
32 95
32 110
32 184
32 193
32 228
32 295
32 343
32 350
32 375
32 396
33 34
33 95
33 322
33 427
34 53
34 177
34 446
35 67
35 199
35 399
35 402
35 409
36 37
36 145
36 156
36 204
36 232
36 367
36 447
37 89
37 196
37 201
37 324
37 488
38 76
38 93
38 164
38 289
38 306
38 429
38 449
39 154
39 234
39 283
39 405
39 460
39 496
40 67
40 158
40 266
40 408
40 496
41 222
41 288
41 330
41 361
42 78
42 139
42 218
42 263
42 287
42 418
42 421
42 499
43 139
43 208
43 223
43 255
43 272
43 316
43 358
43 439
43 493
44 152
44 162
44 247
44 340
44 468
45 48
45 114
45 346
45 406
46 286
46 416
46 431
47 282
47 307
47 371
47 416
47 441
48 121
48 231
48 234
48 321
48 352
48 382
48 386
48 419
49 87
49 99
49 107
50 386
50 387
50 448
50 481
51 87
51 122
51 129
51 143
51 219
51 321
51 325
51 334
52 152
52 165
52 182
52 197
52 241
52 412
52 416
53 348
54 141
54 194
54 204
54 214
54 331
54 364
54 410
54 457
55 160
55 183
55 248
55 340
55 368
55 406
56 141
56 144
56 199
56 418
56 496
57 311
57 439
57 489
58 89
58 125
58 179
58 325
58 332
58 333
58 352
58 371
59 183
59 465
60 131
60 282
60 334
60 342
60 456
61 181
61 193
61 215
61 330
61 431
62 114
62 132
62 281
62 402
62 479
62 499
63 280
63 285
64 137
64 195
64 238
64 275
64 289
64 396
65 79
65 115
65 184
65 188
65 228
65 285
65 356
65 426
66 166
66 197
66 233
66 261
66 390
66 392
66 457
67 130
67 179
67 265
68 91
68 116
68 161
68 247
68 389
68 411
68 496
69 200
69 277
69 360
69 374
69 467
69 479
70 120
70 268
70 273
70 341
70 370
70 489
71 96
71 177
71 255
71 275
72 111
72 140
72 168
72 239
73 124
73 127
73 199
73 250
73 319
73 321
73 345
73 416
73 481
74 111
74 112
74 317
74 362
75 180
75 330
75 343
75 345
75 394
75 420
76 253
76 288
76 291
76 416
77 202
77 457
78 199
78 222
79 119
79 132
79 339
79 365
80 88
80 168
80 359
80 431
80 438
80 497
81 237
81 278
81 283
81 317
81 369
81 374
82 100
82 120
82 210
82 221
82 280
82 287
82 432
82 438
82 486
83 302
83 315
84 249
84 286
84 387
85 329
85 381
85 418
85 492
86 105
86 350
86 411
86 447
86 451
86 467
87 267
87 279
87 302
88 99
88 226
88 379
89 92
89 486
90 159
90 179
90 377
90 396
90 463
91 111
91 337
91 407
92 185
92 230
92 258
92 423
93 295
93 335
93 343
93 344
94 216
94 224
94 232
94 316
94 377
94 381
94 391
95 158
95 202
95 369
96 165
96 251
96 291
96 307
97 151
97 196
97 249
97 306
97 484
98 185
98 229
98 300
99 111
99 140
99 237
99 247
99 271
99 386
99 407
100 101
100 138
100 280
100 323
101 119
101 236
101 271
101 361
101 396
101 402
101 472
102 144
102 422
103 177
103 189
103 382
103 423
103 474
104 181
104 220
104 235
104 253
104 360
105 115
105 302
105 339
105 406
106 139
106 189
106 321
106 355
106 395
106 426
106 436
107 289
107 353
108 168
108 328
108 464
108 472
109 205
109 212
109 252
109 284
109 328
110 168
110 209
110 301
110 306
110 443
111 384
112 205
112 301
112 335
112 432
113 195
113 238
113 270
113 309
113 467
114 334
114 365
114 389
115 231
115 307
115 397
116 304
116 461
117 238
117 376
117 458
118 154
118 429
118 462
118 487
118 488
119 132
119 149
119 192
119 323
119 449
120 134
120 140
120 463
121 228
121 241
121 412
122 212
122 242
122 332
122 485
123 142
123 148
123 190
123 456
123 496
124 154
124 346
124 377
124 400
124 474
125 126
125 187
125 264
125 309
126 327
126 332
126 351
127 180
127 221
127 293
127 321
127 496
128 163
128 334
128 447
129 260
130 194
130 217
130 281
130 440
130 497
131 136
131 230
131 391
131 475
132 154
132 211
132 364
132 379
132 470
133 204
133 228
133 260
133 324
133 498
134 234
134 256
134 306
134 307
134 308
134 368
134 427
135 200
135 277
135 281
135 293
135 325
135 344
135 351
135 395
135 399
135 435
135 453
136 253
137 223
137 244
137 302
137 384
137 391
138 177
138 271
138 388
139 179
139 202
139 265
139 307
139 324
139 342
140 159
140 320
140 395
141 257
141 279
142 246
142 265
142 266
142 358
142 486
142 493
143 147
143 160
143 168
143 240
143 408
144 213
144 441
144 473
144 478
145 194
145 221
145 222
145 334
145 358
145 382
145 480
146 166
146 177
146 191
146 412
147 173
147 259
147 294
147 393
147 496
148 165
148 213
148 225
148 388
149 441
149 491
150 257
150 393
150 483
151 279
151 329
152 270
152 367
152 403
153 447
154 209
154 262
154 279
154 340
154 358
154 367
154 452
154 465
155 160
155 165
155 329
155 418
155 437
156 167
156 180
156 221
156 280
156 358
156 413
156 422
156 482
157 166
157 232
157 344
157 367
157 445
158 163
158 172
158 187
158 231
158 245
158 329
158 418
159 173
159 211
159 495
160 190
160 224
160 249
160 301
160 422
160 438
161 280
161 324
161 343
162 246
163 227
163 304
163 364
163 368
163 395
163 425
163 458
164 227
164 463
164 474
165 208
165 240
165 293
165 333
165 406
165 442
166 203
166 231
166 265
166 375
166 459
167 448
167 450
167 481
168 246
168 257
168 435
169 230
169 362
170 269
170 326
170 427
171 264
171 485
172 232
172 297
172 475
173 236
173 332
173 365
173 388
173 416
173 463
174 343
174 435
175 220
175 241
175 342
175 437
175 470
175 476
176 328
176 393
176 442
176 457
177 182
177 220
177 246
177 362
177 428
177 461
178 204
178 247
178 258
178 280
178 324
178 438
178 448
178 456
179 322
179 348
179 401
180 292
180 408
180 413
181 267
181 367
181 462
182 405
183 218
183 240
183 250
183 340
183 408
183 421
184 202
184 241
184 252
184 398
184 477
185 202
185 222
185 299
185 378
185 493
186 212
186 261
186 294
186 298
186 363
186 383
186 471
187 209
187 232
187 242
187 322
188 217
188 233
188 275
188 352
188 421
188 426
188 451
188 487
189 211
189 249
189 256
189 269
189 328
189 394
189 411
190 194
190 206
190 273
190 284
190 333
190 429
191 197
191 341
192 214
192 298
192 478
192 485
193 256
193 329
194 268
194 353
194 484
195 398
195 412
195 452
196 245
196 250
196 303
197 209
197 252
197 343
197 355
197 490
198 202
198 284
198 354
198 387
198 482
199 315
199 352
199 372
199 414
200 205
200 229
200 475
201 265
201 419
201 431
201 456
201 473
202 300
202 320
202 350
202 425
203 235
203 292
203 491
203 499
204 287
205 344
206 470
206 493
207 324
208 268
208 301
208 321
208 322
208 483
209 347
209 374
209 469
210 212
210 215
210 221
210 298
210 444
210 476
210 493
210 499
211 312
211 343
211 348
211 463
211 492
212 291
212 447
212 469
213 257
213 322
213 499
214 222
214 305
214 370
214 377
214 424
215 226
215 236
215 388
215 400
215 460
215 473
216 299
216 317
216 327
216 467
217 304
217 358
217 405
217 496
218 242
218 338
218 419
219 287
219 317
219 472
220 240
220 349
220 392
220 451
220 468
221 338
221 443
222 261
222 450
223 266
223 322
223 408
224 300
225 226
225 296
225 313
225 497
226 258
226 317
226 328
226 347
226 350
227 474
228 239
228 347
228 373
229 248
229 274
229 335
229 368
229 399
230 274
230 332
230 499
231 426
231 431
232 254
232 322
233 294
233 365
233 409
233 490
234 339
234 346
234 347
234 406
234 426
236 238
236 368
236 450
237 238
237 268
237 468
238 265
238 442
239 302
239 359
239 420
239 456
239 466
239 498
240 262
240 473
242 254
242 287
242 321
243 303
243 388
243 402
243 452
243 469
244 284
244 476
245 312
246 355
246 394
247 270
247 275
247 441
247 490
248 283
248 285
248 483
249 275
249 295
249 367
249 462
250 321
250 356
250 436
250 444
251 281
251 291
252 283
252 430
252 482
253 292
253 296
253 305
253 319
253 362
253 390
254 255
255 287
255 311
255 366
255 473
256 346
256 351
256 460
256 474
257 291
257 322
257 342
257 457
258 336
258 386
258 415
258 428
259 271
259 357
260 291
261 378
261 411
263 316
263 409
265 351
266 389
266 436
267 363
267 392
267 409
268 269
268 272
268 296
268 308
268 325
268 355
269 331
269 345
270 293
270 392
270 452
270 457
271 314
271 328
271 442
272 291
272 353
272 474
273 399
273 415
274 283
274 304
274 409
275 417
275 486
276 316
276 406
277 447
278 285
278 323
278 473
279 348
279 366
279 491
280 324
280 334
280 404
281 331
281 419
282 322
283 428
284 335
284 496
285 314
285 318
285 392
285 418
285 421
285 422
285 499
286 382
287 317
287 396
287 478
288 298
288 345
288 411
288 415
288 438
289 330
290 400
290 405
290 490
291 329
291 380
291 390
291 420
291 459
291 490
292 304
292 424
292 456
293 331
293 396
294 415
294 481
295 298
295 333
295 442
295 469
295 470
296 332
296 383
297 311
297 312
297 328
297 344
297 477
298 398
298 423
298 432
298 493
299 425
300 305
300 412
300 439
301 371
301 450
301 487
302 355
302 395
303 322
305 418
306 440
308 332
308 337
308 376
308 382
309 487
309 488
310 441
311 326
311 346
311 382
311 384
312 392
312 411
312 488
313 385
313 400
313 466
313 489
315 347
315 357
315 387
316 414
318 456
320 412
320 485
321 423
321 453
323 359
324 327
324 331
324 358
324 371
324 381
325 388
326 407
326 408
327 382
327 474
328 329
329 403
329 452
330 368
330 378
330 382
332 402
332 412
333 406
334 387
334 390
334 400
334 404
335 337
335 367
335 369
335 379
335 429
335 439
336 421
336 486
338 388
338 416
339 354
339 479
340 398
340 402
340 490
341 374
343 383
343 460
345 450
346 350
346 360
346 399
346 437
347 373
347 382
347 407
347 411
347 477
347 494
348 401
349 481
350 378
350 434
350 479
351 353
351 441
352 373
352 411
352 493
353 436
353 437
353 473
354 482
355 427
355 497
356 358
356 481
358 363
359 360
359 369
359 390
359 393
359 458
362 446
362 481
364 463
364 466
365 452
365 496
366 392
366 435
367 402
367 425
368 421
368 471
369 388
369 416
369 492
370 449
373 388
373 416
373 493
374 379
374 467
375 444
375 484
376 397
377 378
377 414
377 427
378 393
378 459
379 492
380 433
380 478
382 434
382 445
383 439
384 453
385 405
385 436
385 462
385 463
385 491
386 395
387 396
387 425
388 389
390 441
390 445
390 455
391 464
392 407
392 465
396 485
396 493
398 464
399 454
399 468
401 414
401 474
402 409
403 474
404 408
404 432
404 445
404 495
405 446
407 433
408 448
408 496
409 457
412 466
412 482
414 498
415 431
416 488
418 424
420 445
421 482
424 494
425 491
426 491
428 453
430 433
430 448
431 452
432 468
432 479
433 441
434 458
434 465
437 498
438 444
440 442
440 466
442 487
444 472
448 457
449 468
451 484
454 475
461 462
462 477
464 476
466 497
470 472
478 489
479 491
496 497
0
9 499
