500	1504	 1
0 92
0 219
0 221
0 345
0 489
1 70
1 149
1 212
1 274
1 307
1 392
2 17
2 40
2 380
2 406
2 442
3 166
3 276
3 284
3 314
3 353
3 367
3 383
3 444
3 481
4 197
4 209
4 364
5 38
5 147
5 155
5 270
5 272
5 281
5 290
5 393
5 438
5 498
6 30
6 114
6 189
6 468
7 154
7 159
7 276
7 289
7 318
7 397
7 405
7 450
8 81
8 131
8 184
8 197
8 323
8 346
8 439
9 79
9 144
9 332
9 356
9 439
10 78
10 86
10 222
10 248
10 318
10 330
10 343
10 390
10 432
10 444
11 42
11 110
11 400
11 465
12 84
12 100
12 114
13 23
13 37
13 77
13 131
13 187
13 480
14 93
14 240
14 264
14 317
14 467
15 241
15 251
15 294
15 475
16 30
16 46
16 62
16 125
16 195
16 232
16 238
16 266
16 456
16 462
17 23
17 41
17 214
17 218
17 261
17 371
18 132
18 257
18 401
18 487
19 31
19 165
19 271
19 306
19 344
19 353
19 371
19 398
19 406
20 131
20 142
20 306
20 331
20 389
20 484
21 46
21 135
21 458
21 482
22 56
22 137
22 274
22 306
22 383
22 388
22 498
23 370
23 432
23 482
24 43
24 168
24 261
24 476
25 32
25 314
25 341
26 118
26 244
26 387
26 397
27 47
27 52
27 73
27 94
27 185
27 214
27 365
27 415
27 493
28 62
28 106
28 148
28 254
28 330
28 376
28 464
29 73
29 147
29 283
30 95
30 118
30 264
30 359
30 408
30 473
31 110
31 154
31 296
31 331
31 442
32 110
32 217
32 428
32 445
33 150
33 337
33 346
33 388
33 466
33 497
34 130
34 183
35 75
35 99
35 190
35 284
35 400
36 81
36 194
36 441
36 480
37 146
37 165
37 267
37 340
37 342
37 394
37 436
37 469
37 481
38 62
38 98
38 139
38 190
38 324
38 367
38 375
38 478
38 495
39 50
39 110
39 181
39 211
39 258
39 392
39 439
40 199
40 238
40 386
41 71
41 112
41 281
42 131
42 187
42 299
42 346
42 477
43 50
43 59
43 80
43 109
43 153
43 160
43 295
43 328
43 409
43 416
43 433
44 52
44 59
44 158
44 314
44 423
45 357
45 409
45 448
46 86
46 159
46 262
46 357
46 368
47 130
47 234
47 237
47 329
47 406
47 451
48 158
48 183
48 191
48 332
48 389
48 412
48 479
48 482
49 143
49 156
49 280
49 328
49 369
50 275
50 326
51 131
51 217
51 258
51 339
51 382
52 64
52 114
52 171
52 329
52 381
52 396
52 478
53 142
53 177
53 257
53 278
53 426
53 453
53 473
54 94
54 163
54 230
54 247
54 499
55 60
55 240
55 256
55 302
55 393
55 438
56 305
56 336
56 396
56 438
56 452
57 86
57 168
57 194
57 266
57 335
57 378
57 381
57 394
57 448
58 239
58 252
58 386
58 491
59 111
59 132
59 220
59 278
59 428
59 475
60 77
60 207
60 377
60 408
60 436
60 489
60 491
61 115
61 131
61 140
61 318
61 390
62 165
62 326
62 448
63 102
63 119
63 174
63 266
63 453
64 205
64 306
64 344
64 385
65 106
65 134
65 210
66 97
66 260
66 262
66 374
66 436
67 93
67 292
67 299
67 312
67 316
67 338
67 376
67 441
67 467
68 196
68 245
68 368
68 407
68 429
68 460
68 468
69 147
69 208
69 400
69 409
69 466
70 107
70 116
70 173
70 280
70 292
70 296
70 326
70 482
71 81
71 109
71 225
71 255
71 303
71 319
71 374
71 391
72 90
72 417
72 428
73 162
73 179
73 318
73 356
73 440
74 127
74 329
74 347
74 350
75 195
75 198
75 253
76 111
76 171
76 246
76 324
76 443
76 491
77 134
77 347
77 377
77 435
78 99
78 156
78 418
78 453
79 99
79 360
79 369
79 489
80 218
80 234
80 287
81 97
81 192
81 231
81 258
81 298
81 334
81 344
81 362
81 378
81 417
81 437
82 200
82 220
82 245
82 368
83 113
83 222
83 236
83 371
83 397
83 410
84 107
84 174
84 213
85 97
85 180
85 193
85 347
85 400
85 429
85 459
86 100
86 187
86 378
86 397
86 487
87 93
87 203
87 273
87 337
87 362
87 461
87 465
88 270
88 359
88 397
88 420
88 444
89 129
89 165
89 199
89 244
89 256
89 383
89 498
90 257
91 136
91 152
91 211
91 259
91 431
91 445
91 462
92 117
92 365
92 456
93 117
93 123
93 145
93 283
93 324
93 331
93 340
93 392
93 448
94 240
94 268
94 418
94 451
95 157
95 225
95 287
95 306
95 317
95 354
95 390
95 425
95 444
95 450
96 321
96 367
96 401
96 446
97 250
97 324
97 329
97 397
97 440
97 448
98 193
98 231
98 473
98 479
98 495
99 131
99 158
99 165
99 198
99 219
99 369
99 452
100 103
100 141
100 179
100 290
100 342
100 372
101 285
101 333
101 369
101 459
102 182
102 318
102 392
102 450
102 490
103 229
103 487
103 493
104 356
104 358
104 365
104 437
104 477
105 109
105 286
105 345
105 354
105 402
105 426
106 149
106 226
106 292
106 399
106 423
106 478
107 282
107 394
108 211
108 221
108 253
108 278
108 348
108 461
109 186
109 249
109 326
110 113
110 177
110 231
110 279
110 328
110 343
110 349
110 354
110 367
110 415
111 137
111 369
111 477
112 161
112 231
112 382
112 387
113 195
113 458
113 499
114 133
114 274
114 362
114 378
114 410
115 175
115 226
115 256
115 401
116 140
116 170
116 171
116 232
117 125
117 299
117 318
117 338
117 373
117 390
117 413
118 223
118 240
118 272
118 353
118 431
118 468
119 182
119 299
119 340
119 394
119 478
120 251
120 255
120 464
121 266
121 447
122 348
122 352
122 485
122 488
123 219
124 229
124 239
124 301
124 361
124 429
124 479
125 268
125 285
125 332
125 457
126 168
126 199
126 218
126 380
126 471
127 169
127 227
127 292
127 301
127 441
127 445
128 141
128 161
128 202
128 278
128 348
128 423
129 302
129 303
129 416
130 184
130 235
130 278
130 291
130 377
130 472
131 374
132 266
132 306
133 275
133 393
133 455
134 177
134 362
134 383
134 472
135 239
135 257
135 276
135 283
135 404
135 471
135 498
136 227
136 291
136 302
136 310
136 383
136 415
136 416
136 430
136 467
137 157
137 167
137 211
137 339
137 343
137 353
137 382
137 397
137 399
137 486
138 200
138 265
138 371
138 424
138 468
139 227
139 312
139 337
139 394
139 402
140 269
140 359
140 434
141 171
141 237
141 449
141 498
142 164
142 349
142 434
142 445
142 450
142 457
143 314
143 319
143 385
144 151
144 218
144 458
145 331
145 351
145 471
145 495
146 215
146 346
146 474
147 169
147 214
147 218
147 247
147 284
147 322
147 451
148 186
148 237
148 338
148 375
148 416
148 460
148 463
149 233
149 291
149 399
149 454
150 217
150 223
150 311
150 356
151 168
151 183
151 341
151 350
151 381
151 384
151 420
151 421
152 177
152 186
152 269
152 333
152 351
152 357
152 438
153 165
153 219
153 226
153 331
153 494
153 496
154 171
154 418
154 477
155 186
155 207
155 300
155 347
155 448
155 477
156 224
156 269
156 285
156 287
156 334
156 348
156 362
156 383
156 457
157 162
157 217
157 253
157 267
157 283
157 341
158 160
158 207
158 239
158 244
158 249
158 370
158 409
158 422
158 464
159 246
159 419
159 490
160 191
160 194
160 396
160 429
160 434
161 177
161 216
161 301
161 323
161 426
162 164
162 240
162 265
162 369
162 401
162 436
162 462
163 189
163 297
163 487
164 180
164 303
165 205
165 280
165 439
165 451
166 171
166 189
166 258
166 271
166 386
166 481
167 177
167 269
168 203
168 315
168 446
169 225
169 239
169 271
169 476
170 277
170 293
171 211
171 214
171 279
171 280
171 376
171 438
172 178
172 182
172 343
172 408
173 202
173 347
173 443
174 233
174 452
175 360
175 393
176 251
176 333
176 357
176 464
177 308
177 371
177 437
178 281
178 334
178 375
178 445
179 188
179 195
179 280
179 325
180 181
180 226
180 385
180 387
180 390
180 433
181 303
181 375
181 386
182 352
183 367
184 348
184 383
185 225
185 420
186 299
186 377
186 446
186 457
187 224
188 190
188 247
189 279
189 363
189 464
190 332
190 497
191 265
191 374
191 396
191 441
192 404
192 414
192 417
192 429
192 470
193 242
193 247
193 273
193 368
194 241
194 323
194 482
195 214
195 358
195 391
195 403
195 457
195 471
196 198
196 238
196 284
197 350
197 351
197 355
198 375
198 408
198 449
199 302
199 396
200 229
200 275
200 463
201 216
201 303
201 447
202 275
202 408
202 476
203 263
203 310
203 368
203 419
203 496
204 228
204 410
205 264
205 295
205 396
205 437
205 440
206 351
206 362
207 245
207 372
207 476
208 291
209 266
209 316
209 400
209 401
210 226
210 308
210 372
210 378
210 420
211 260
211 309
211 389
211 412
211 416
211 427
211 435
212 265
212 495
212 496
213 275
213 284
213 332
213 476
214 324
214 343
214 478
215 373
215 437
216 267
216 325
216 352
216 366
216 393
216 401
216 469
216 477
216 497
217 253
217 298
217 391
218 343
218 390
218 417
218 487
218 489
219 283
219 312
220 284
220 377
220 378
220 416
221 297
221 402
221 447
221 457
221 461
222 289
222 344
222 419
222 456
223 243
224 342
225 325
225 373
225 398
225 437
226 229
226 308
226 320
227 287
227 336
228 247
228 277
228 406
228 407
229 288
229 372
229 460
230 274
230 348
230 454
231 300
231 311
231 322
231 473
232 241
232 309
232 461
232 499
233 324
233 378
233 432
234 247
234 374
235 454
235 459
235 464
236 306
236 407
236 478
237 444
237 457
238 260
238 396
238 425
238 492
239 444
240 298
240 303
240 363
240 375
240 382
240 386
240 486
241 355
241 427
241 445
242 296
242 390
242 416
242 419
243 406
243 408
243 477
244 479
245 274
245 321
245 423
246 280
246 297
246 438
246 444
247 292
248 258
248 342
248 367
248 442
249 296
249 369
250 353
250 357
250 390
250 402
250 403
250 479
250 481
251 333
251 454
252 271
252 362
252 373
252 383
252 433
252 446
253 439
253 449
253 497
254 439
255 478
256 363
256 378
256 432
257 309
257 357
258 334
258 398
259 369
259 477
260 288
261 282
261 400
261 431
261 461
261 484
261 485
262 278
262 326
262 382
262 385
263 381
263 411
263 455
263 488
265 288
265 454
266 308
266 383
266 440
266 486
267 335
267 349
267 376
267 406
267 490
267 494
268 444
269 336
269 377
269 462
269 472
269 474
270 309
270 417
270 485
271 358
271 372
271 389
272 340
272 490
273 421
276 279
276 298
276 388
277 278
277 355
277 450
277 475
277 489
278 297
278 304
278 409
279 301
279 356
279 418
279 455
280 340
280 499
281 303
281 343
281 463
282 309
282 340
282 434
282 470
283 316
283 353
283 380
283 422
283 460
284 301
285 331
285 367
285 369
285 406
285 424
285 481
286 300
286 414
287 290
287 364
287 461
288 337
288 389
289 355
289 411
290 444
291 355
291 359
291 366
291 379
291 380
291 403
292 298
292 385
292 447
292 480
293 296
293 405
293 442
293 452
294 344
294 368
294 395
294 461
294 490
295 350
295 406
297 349
297 440
297 444
298 329
298 362
298 421
298 443
298 496
299 362
299 382
299 480
299 484
301 404
301 484
303 341
303 363
303 392
303 453
303 454
305 360
305 438
306 333
306 406
307 376
307 412
308 316
308 495
309 345
309 375
309 461
311 326
311 339
312 338
312 347
312 370
313 477
313 490
314 486
314 488
316 371
316 435
317 402
318 430
318 468
319 383
319 467
319 479
320 335
320 357
321 349
321 374
322 430
323 333
323 421
323 493
324 333
324 416
324 471
325 407
325 498
326 341
326 355
327 339
328 336
328 435
329 331
329 358
329 431
329 483
329 486
330 391
331 362
331 378
331 386
331 396
331 440
332 417
332 436
333 358
334 347
334 393
334 397
334 459
334 491
334 492
336 498
337 449
338 389
338 427
339 368
339 488
340 361
340 401
340 484
341 361
341 396
341 431
342 407
343 417
344 450
344 471
345 379
346 371
347 486
348 356
348 418
348 468
349 370
350 383
350 426
354 420
355 493
356 364
357 421
359 456
360 431
360 459
361 388
361 428
362 499
363 445
363 452
364 463
365 475
366 374
366 399
366 408
366 487
366 498
367 463
369 493
369 495
370 383
370 408
373 381
373 407
373 422
374 466
375 380
375 398
375 435
376 420
378 452
380 486
381 391
381 400
381 493
382 467
383 419
383 491
384 387
385 460
385 480
386 491
387 442
388 403
389 440
389 447
389 485
391 418
391 467
392 478
396 458
400 471
401 449
403 436
403 466
403 472
405 406
405 425
405 440
405 444
406 429
406 448
410 427
410 485
411 463
412 433
413 486
414 439
414 467
414 469
415 441
415 461
415 475
416 423
418 421
419 432
420 499
421 492
422 459
423 494
423 498
430 469
432 495
433 495
434 454
434 468
436 462
438 462
438 474
439 450
442 493
445 476
451 480
452 464
455 472
456 482
462 491
462 497
463 493
472 480
478 484
485 488
488 496
0
9 499
