500	1471	 1
0 71
0 246
0 279
0 281
0 331
0 366
0 433
0 434
0 470
0 476
0 494
1 236
1 280
1 335
1 356
1 377
1 471
2 115
2 128
2 158
2 164
2 239
2 309
2 317
2 340
3 70
3 314
3 442
4 116
4 232
4 250
4 259
5 16
5 115
5 311
5 320
5 435
5 485
6 92
6 191
6 340
6 345
6 481
6 486
7 210
7 305
7 430
8 31
8 147
8 353
9 111
9 289
9 341
10 111
10 192
10 255
10 326
10 443
10 445
11 31
11 102
11 263
11 314
11 357
12 25
12 42
12 111
12 170
12 199
12 368
12 402
12 475
13 89
13 173
13 264
13 428
13 465
14 29
14 82
14 96
14 201
14 255
14 288
14 296
14 330
14 383
14 450
14 458
15 31
15 56
15 83
15 474
16 88
16 171
16 191
16 268
16 392
16 415
17 202
17 216
17 274
17 424
17 485
18 87
18 89
18 319
18 451
19 26
19 39
19 41
19 127
19 174
19 317
19 374
19 399
19 402
20 196
21 63
21 82
21 155
21 254
21 296
21 372
21 382
21 446
22 133
22 235
22 261
22 303
22 339
22 408
23 115
23 118
23 144
23 220
23 296
23 323
23 363
23 412
24 279
24 338
24 395
25 174
25 231
25 400
25 462
26 75
26 249
26 269
26 446
26 456
26 462
26 491
27 332
27 343
27 466
27 479
28 274
28 284
28 297
28 463
29 74
29 94
29 335
30 256
30 306
30 355
30 426
30 497
30 499
31 68
31 72
31 230
31 254
31 360
32 58
32 125
32 240
32 274
32 294
32 363
32 405
33 34
33 216
33 395
33 470
33 490
34 150
34 232
34 271
34 426
35 69
35 152
35 192
35 228
36 112
36 138
36 242
36 296
36 376
36 445
36 463
37 104
37 123
37 202
37 390
37 392
37 398
37 447
37 452
37 455
38 211
38 325
38 370
38 424
39 99
39 141
39 252
39 297
39 456
40 160
40 183
40 385
40 420
41 105
41 228
41 246
41 317
42 125
42 150
42 211
42 230
42 424
43 149
43 210
43 239
43 284
43 392
43 460
43 475
44 109
44 161
44 191
44 343
44 344
44 371
44 429
44 459
45 108
45 165
45 211
45 269
45 350
45 464
45 487
46 74
46 113
46 136
47 101
47 276
47 380
47 409
47 410
47 446
47 490
48 169
48 212
48 299
48 475
49 375
49 402
49 408
49 446
50 164
50 227
50 406
50 457
51 353
51 378
51 389
51 429
52 91
52 220
52 261
52 315
52 374
52 421
53 103
53 203
53 381
54 162
54 451
54 491
54 495
55 250
55 303
55 332
55 413
55 444
55 463
56 74
56 214
56 217
56 323
56 342
56 344
56 468
57 76
57 150
57 174
57 198
57 344
58 258
58 260
58 268
58 441
58 457
58 486
59 92
59 113
59 126
59 293
59 398
60 265
60 321
60 365
60 393
61 67
61 84
61 147
61 425
62 69
62 186
62 397
62 450
63 290
63 324
64 177
64 436
64 477
64 483
65 87
65 113
65 115
65 136
65 257
65 260
66 252
67 211
67 309
67 375
67 418
67 464
68 159
68 193
68 213
68 263
68 288
68 327
68 375
68 469
68 486
69 156
69 269
69 355
69 382
70 88
70 122
70 301
70 344
70 370
70 378
70 419
70 431
70 451
71 474
71 489
71 491
72 174
72 239
72 268
72 281
73 199
73 271
73 296
73 433
74 139
74 147
74 314
74 371
75 126
75 156
75 289
75 324
75 372
75 394
75 494
76 77
76 109
76 232
76 486
77 199
77 236
77 245
78 86
78 93
78 170
78 251
78 280
78 365
78 396
78 408
78 413
78 455
79 81
79 244
79 261
79 271
79 318
79 340
79 371
79 386
79 421
80 206
80 223
80 275
80 284
80 295
80 330
80 387
80 412
81 149
81 169
81 227
81 308
81 361
81 368
81 438
82 87
82 214
82 226
82 317
82 339
82 465
83 161
83 163
83 270
83 334
83 444
84 162
84 368
84 450
85 108
85 283
85 305
85 318
85 433
85 482
86 105
86 127
86 309
86 318
86 356
86 382
86 493
87 216
87 229
87 234
87 341
88 295
88 312
88 489
89 388
89 410
90 131
90 136
90 138
90 276
90 288
90 336
90 375
90 398
91 96
91 155
91 179
91 221
91 332
91 342
91 429
91 463
92 136
92 196
92 322
92 421
93 328
93 382
93 389
93 403
94 148
94 164
94 296
94 337
94 357
94 372
94 423
94 450
95 241
95 297
95 360
95 442
95 452
95 494
96 189
96 257
96 258
96 265
96 329
96 352
96 435
96 480
97 203
97 348
97 349
97 388
97 439
98 103
98 150
98 228
98 360
98 417
98 472
99 115
99 265
99 467
100 251
100 279
100 459
100 477
101 172
101 179
101 213
101 314
101 364
101 367
101 409
101 421
102 133
102 188
102 422
103 122
103 148
103 407
103 435
103 470
104 212
104 223
104 290
104 319
104 373
104 476
105 139
105 367
105 449
105 485
106 210
106 337
107 162
107 297
107 434
107 481
108 180
108 206
108 207
108 387
109 115
109 219
109 267
109 289
109 417
110 182
110 251
110 333
110 475
110 483
111 138
111 161
111 176
111 202
111 300
111 337
112 217
112 249
112 368
113 143
113 167
113 403
113 418
114 239
114 280
114 291
114 315
114 443
115 121
115 214
115 223
115 287
115 301
115 325
115 353
115 372
115 392
115 411
116 194
116 292
116 306
116 363
116 397
117 119
117 173
117 187
117 326
117 379
117 479
118 154
118 158
118 211
118 222
119 316
119 327
119 366
120 131
120 302
120 359
121 287
121 315
121 338
121 420
121 487
122 338
122 383
123 340
123 352
123 459
124 166
124 225
124 497
125 294
125 331
125 419
126 252
126 400
127 128
127 144
127 257
127 384
128 432
129 177
129 237
129 264
129 417
129 496
130 248
130 293
130 347
130 482
131 219
131 267
131 352
131 498
132 181
132 192
132 326
132 382
132 497
133 257
133 262
133 356
134 141
134 246
134 336
135 272
135 333
135 384
135 460
136 187
136 205
136 240
136 248
136 271
136 457
137 224
137 284
137 330
137 359
137 447
138 432
139 243
139 297
139 424
139 432
139 448
139 486
140 212
140 220
140 413
141 161
141 299
141 346
141 473
141 474
142 154
142 234
142 257
142 261
142 346
142 450
143 170
143 176
143 249
143 421
143 491
144 214
144 265
144 347
144 389
145 152
145 167
145 246
146 351
146 459
147 286
147 320
147 358
147 398
148 166
148 219
148 288
148 317
148 363
148 390
148 393
148 453
148 460
149 156
149 169
149 197
149 205
149 408
149 411
150 160
150 217
150 288
150 295
150 298
150 358
150 360
150 400
150 472
151 249
151 388
152 239
152 342
152 361
152 490
153 181
153 226
153 321
153 335
153 421
153 435
153 447
153 472
154 173
154 348
154 402
154 498
155 171
155 242
156 175
156 354
156 404
156 406
156 483
157 177
157 206
157 310
157 429
158 330
158 351
158 359
158 473
159 172
159 213
159 219
159 315
159 482
160 264
160 298
160 332
160 370
161 193
161 236
161 304
161 390
161 437
162 286
162 453
163 227
163 334
163 370
164 257
164 305
164 321
164 452
164 498
165 174
165 222
165 238
166 213
166 222
166 273
166 283
166 299
166 420
166 436
167 207
167 347
167 437
168 195
168 237
168 326
168 406
168 409
169 229
169 230
169 317
169 340
170 285
170 299
170 347
170 427
170 445
170 470
171 420
171 450
172 241
172 369
172 430
173 198
173 226
173 250
173 325
173 431
174 265
174 373
174 406
174 410
174 452
174 488
174 495
175 190
175 304
175 318
175 350
176 234
176 355
176 420
177 282
177 307
177 446
178 187
178 303
178 305
179 233
179 255
179 296
179 423
179 464
180 197
180 456
180 480
180 493
181 192
181 450
181 479
182 193
182 317
182 358
182 371
183 275
183 353
183 375
183 378
183 395
183 435
183 455
183 470
184 252
184 282
184 348
184 466
185 231
185 316
185 378
185 478
185 484
186 351
187 277
187 323
187 379
188 433
188 443
188 469
189 196
189 469
190 417
190 482
191 231
191 411
191 423
191 480
191 483
191 486
192 306
192 452
193 220
193 285
194 199
194 229
194 380
194 490
195 312
195 368
195 369
195 411
195 425
196 210
196 225
196 402
196 455
196 487
196 490
197 386
197 390
198 250
198 361
198 391
198 410
199 288
199 381
200 201
200 249
200 255
200 360
200 449
201 224
201 267
201 301
202 256
202 380
203 253
203 287
203 303
203 310
203 315
203 378
203 392
203 412
203 478
203 487
204 309
204 324
204 399
204 476
205 304
205 358
206 349
206 389
207 380
207 390
208 452
209 283
209 301
209 350
210 235
210 303
210 488
211 217
211 244
211 247
211 278
211 290
211 409
211 414
211 423
211 497
212 302
212 446
212 457
212 476
213 216
213 249
213 270
213 404
213 459
213 470
214 314
214 371
214 448
215 226
215 312
215 337
216 224
216 322
216 330
216 365
216 415
217 238
218 230
218 265
218 270
218 289
219 229
219 360
219 373
219 385
219 411
219 425
220 263
220 423
221 360
221 375
221 376
221 418
221 424
221 434
221 458
222 246
222 301
223 264
223 323
223 347
223 398
223 405
223 463
224 254
224 261
224 264
224 278
225 294
225 332
225 433
225 467
226 356
226 452
227 416
227 452
228 256
228 284
229 273
229 321
229 330
229 440
229 492
230 319
230 403
230 461
231 482
232 337
232 443
233 240
233 294
233 378
233 408
233 411
233 426
234 389
234 394
234 406
234 441
234 489
235 356
235 431
236 288
236 454
237 310
237 314
237 331
237 427
237 429
238 266
239 356
239 489
240 306
241 342
242 491
243 304
243 364
244 258
244 335
245 256
245 287
245 483
246 456
247 306
247 373
247 382
248 263
248 362
248 387
248 448
248 469
248 489
248 495
249 257
249 262
249 269
249 308
250 282
250 439
250 446
251 291
251 442
252 407
252 437
252 488
253 325
253 346
254 340
254 346
254 443
255 294
256 274
257 280
257 314
257 338
257 448
259 398
259 453
260 272
260 282
260 324
260 499
261 296
261 379
261 483
262 428
262 494
263 303
263 330
263 377
263 420
263 485
264 365
264 424
264 455
265 356
265 491
266 333
266 459
267 310
267 314
267 372
267 406
268 442
268 469
268 493
269 286
269 442
270 438
271 327
273 323
273 409
273 441
274 305
274 413
274 440
274 471
274 476
274 499
275 461
276 357
276 415
276 427
276 435
277 283
277 359
278 369
278 443
278 453
279 316
279 353
281 311
281 322
281 396
281 462
283 287
283 356
283 391
283 438
283 499
284 317
284 397
284 425
284 433
284 466
285 297
285 360
285 382
285 457
286 452
286 485
287 469
288 290
289 481
290 293
290 324
290 376
290 396
290 444
291 377
291 434
291 459
291 473
292 313
292 356
292 392
293 429
293 482
294 302
294 309
294 412
295 387
295 398
295 408
295 464
295 473
295 477
296 399
297 309
297 342
297 363
297 369
298 385
298 416
298 460
299 467
299 496
300 310
301 312
301 338
301 459
302 305
302 453
303 343
303 451
303 459
304 370
304 410
304 431
304 463
305 372
305 479
306 315
306 343
306 381
306 405
307 350
307 477
308 338
308 375
309 343
309 371
309 376
309 383
310 396
311 341
311 371
311 412
311 420
311 447
313 403
314 414
314 416
315 379
317 427
317 438
317 475
318 341
318 363
319 411
320 341
320 352
320 462
322 337
323 398
323 474
324 449
324 496
325 331
325 473
326 359
326 420
327 332
327 488
328 490
329 473
330 367
330 441
331 381
331 396
331 493
332 341
332 365
333 340
333 457
333 497
334 442
334 456
336 357
336 398
336 420
337 407
337 462
338 391
340 345
340 355
340 491
341 462
341 472
341 490
342 359
342 446
342 449
342 475
342 493
343 413
343 490
344 413
344 443
345 461
345 464
347 462
348 357
348 379
348 442
349 382
349 446
351 393
351 404
354 473
354 482
355 419
355 422
355 449
355 478
355 481
356 404
356 471
357 374
358 448
360 399
362 420
365 427
365 452
365 453
366 406
366 425
366 473
366 488
368 382
368 416
369 373
370 378
370 493
371 450
372 407
374 387
374 402
374 404
375 378
375 422
375 457
376 412
376 476
377 454
378 422
380 461
381 422
381 473
382 496
383 416
383 482
383 485
384 477
385 402
385 437
385 470
386 410
387 478
388 478
389 427
390 494
391 455
392 395
392 412
392 432
392 461
393 396
394 458
395 401
395 486
396 401
397 420
398 422
399 446
400 426
400 472
400 487
403 475
404 418
404 431
404 445
406 474
406 482
411 427
411 448
411 477
413 422
414 422
414 481
416 436
417 425
417 441
423 424
424 453
424 455
424 456
425 469
425 493
427 429
427 438
429 450
429 458
431 449
431 458
432 468
433 469
434 465
435 484
435 492
437 450
437 471
438 466
439 453
442 462
450 489
452 466
456 468
457 465
459 462
461 463
462 479
468 481
471 495
472 486
476 478
476 486
477 488
483 487
489 497
0
9 499
