500	1417	 1
0 244
0 291
0 312
0 326
0 380
1 128
1 256
1 392
1 480
2 90
2 92
3 284
3 300
3 316
3 332
4 74
4 93
4 232
4 304
4 317
4 406
4 414
5 26
5 209
5 355
5 417
5 498
6 142
6 174
6 187
6 196
6 197
6 250
7 200
7 263
7 433
8 15
8 55
8 264
8 332
8 394
8 495
9 29
9 36
9 121
9 145
9 211
9 270
9 309
9 444
10 94
10 207
10 388
11 17
11 93
11 175
11 205
11 320
12 46
12 67
12 83
12 244
12 299
12 327
12 343
13 63
13 276
13 331
13 333
13 357
14 45
14 52
14 81
14 88
14 193
14 272
14 298
15 31
16 49
16 121
16 263
16 457
17 44
17 62
17 163
17 345
17 355
18 72
18 82
18 153
18 273
18 328
18 368
18 440
19 58
19 146
19 184
19 320
19 421
19 473
19 492
20 70
20 235
20 306
20 330
20 376
21 55
21 127
21 282
21 430
21 443
21 498
22 204
22 241
22 391
23 61
23 217
23 255
23 321
23 351
23 420
24 175
24 260
24 289
24 390
24 469
25 127
25 397
25 407
25 488
26 121
26 244
26 352
26 498
27 37
27 56
27 205
27 210
27 266
27 379
27 418
27 419
28 31
28 98
28 130
28 137
28 328
28 383
29 215
29 314
29 346
30 119
30 267
30 353
30 371
31 254
31 272
31 325
31 340
31 424
31 467
31 483
32 47
32 141
32 215
32 337
32 388
33 58
33 308
33 314
33 369
33 459
34 59
34 165
34 200
34 258
34 359
34 496
35 98
35 445
35 455
35 477
36 203
37 128
37 146
37 152
37 242
37 243
37 293
37 294
37 422
38 305
38 338
38 349
38 404
38 491
39 107
39 129
39 159
39 307
39 351
39 353
39 355
39 383
40 68
40 94
40 150
40 175
41 67
41 92
41 124
41 155
41 217
42 59
42 171
42 184
42 355
43 323
44 85
44 98
44 268
44 359
44 363
44 409
44 416
44 492
45 114
45 172
45 176
45 178
45 184
45 408
45 432
46 50
46 67
46 231
46 266
46 339
46 359
46 428
46 492
47 54
47 124
47 312
47 328
47 401
47 466
48 80
48 81
48 140
48 203
48 278
48 288
48 370
48 394
48 429
49 62
49 65
49 386
49 397
50 126
50 231
50 331
50 341
50 347
51 209
51 222
51 232
51 288
51 389
51 390
51 472
52 69
52 105
52 194
52 349
52 419
52 472
53 233
53 267
53 268
53 292
53 342
53 423
54 194
54 254
54 376
54 455
54 459
54 471
55 128
55 170
55 270
55 357
55 441
55 476
55 490
56 158
56 332
56 403
56 456
57 110
57 263
57 414
57 431
57 470
57 490
58 164
58 451
59 133
59 240
59 275
60 415
60 477
61 182
61 267
61 472
62 387
62 391
62 488
63 81
63 126
63 189
63 267
63 306
63 386
63 444
63 458
64 153
64 166
64 179
64 387
65 93
65 263
65 277
65 296
65 415
65 439
66 187
66 314
66 364
67 207
67 209
67 237
67 455
67 482
68 70
68 170
68 171
68 257
68 381
68 425
69 152
69 155
69 221
69 246
69 362
69 450
69 478
70 96
70 117
70 125
70 129
70 160
70 227
70 310
70 412
70 447
71 178
71 181
71 306
71 324
71 332
71 410
72 172
72 317
72 320
72 337
72 377
72 480
73 78
73 124
73 323
73 369
73 479
73 481
74 116
74 136
74 170
74 284
74 338
74 344
74 400
75 158
75 170
75 205
75 482
76 108
76 265
76 271
76 281
76 289
76 319
76 428
76 464
77 124
77 174
77 265
78 87
78 126
78 167
78 348
78 392
78 413
79 93
79 347
79 352
79 408
79 413
79 447
80 213
80 237
80 350
80 370
80 414
80 438
81 167
81 365
81 434
81 452
81 477
82 113
82 155
82 463
82 481
83 238
83 355
83 358
84 130
84 269
84 274
85 185
85 363
85 370
85 390
86 91
86 149
86 233
86 238
86 364
86 452
87 310
88 301
88 377
88 460
89 120
89 225
89 275
89 288
89 294
89 295
89 310
89 335
90 282
90 295
90 335
90 419
91 151
91 237
91 253
91 255
91 267
91 340
91 485
92 186
92 195
92 313
92 379
93 247
93 281
93 307
93 371
94 151
94 228
94 405
94 474
95 342
95 374
95 396
96 316
96 388
97 101
97 187
97 252
97 288
97 464
97 485
98 313
98 385
99 121
99 138
99 245
99 265
99 311
99 473
100 149
100 202
100 379
101 121
101 173
101 386
102 140
102 472
102 479
103 106
103 119
103 163
103 177
103 209
103 264
103 282
103 329
103 344
103 392
104 126
104 206
104 350
104 390
104 435
104 455
105 389
106 125
106 148
106 198
106 200
106 208
106 373
106 382
107 236
107 243
107 258
107 270
107 275
107 394
107 451
108 148
108 184
108 230
108 255
108 454
109 123
109 207
109 328
109 376
109 380
110 181
110 186
110 194
110 292
110 341
110 382
110 422
110 484
111 125
111 128
111 162
111 244
111 388
111 401
111 488
112 220
112 249
112 283
112 387
113 149
113 193
113 289
113 347
113 407
113 447
114 152
114 186
114 243
114 252
114 295
114 342
114 448
115 166
115 351
115 369
115 425
115 490
116 167
116 321
116 343
116 352
116 440
117 225
117 300
117 362
117 371
118 156
118 178
118 243
118 285
118 356
118 403
118 429
118 431
119 140
119 280
119 342
119 463
119 497
120 154
120 158
120 256
120 315
121 218
121 222
121 261
121 285
121 441
122 158
122 161
122 192
122 325
122 341
122 385
122 460
123 137
123 300
124 140
124 238
124 244
124 332
125 128
125 129
125 182
125 224
125 288
125 313
125 385
126 234
126 351
126 375
127 189
127 462
127 475
127 491
128 174
128 327
128 354
128 377
129 206
129 454
130 150
130 307
130 336
130 387
131 190
131 251
131 291
131 316
131 490
132 153
132 209
132 215
132 272
132 285
132 339
132 390
133 178
133 221
134 219
134 244
134 305
134 383
134 458
135 147
135 183
135 351
135 462
136 170
136 234
136 311
136 370
136 439
137 161
137 208
137 210
137 257
137 268
138 338
138 347
139 168
139 204
139 265
139 293
139 318
139 373
139 377
139 382
139 486
140 154
140 384
140 410
140 438
141 217
141 268
141 316
141 340
141 445
141 481
141 483
142 476
143 233
143 272
143 294
143 366
143 410
143 483
144 368
144 452
144 478
144 482
145 182
146 289
147 157
147 196
147 208
148 208
148 235
148 237
148 337
148 361
149 237
149 254
149 400
150 210
151 186
151 267
151 301
151 333
151 350
151 473
151 484
152 397
152 402
153 265
153 286
153 310
153 409
154 299
154 355
155 243
155 343
155 465
156 467
157 164
157 386
158 239
158 429
159 168
159 188
159 221
159 235
159 268
159 281
159 473
160 189
160 194
160 264
160 404
160 492
161 272
161 302
161 303
161 430
162 177
162 339
162 361
162 389
163 193
163 341
163 440
164 175
164 239
164 276
164 467
165 184
165 219
165 315
165 375
165 384
165 405
166 170
166 174
166 198
166 220
166 291
166 462
167 178
167 237
167 305
168 204
168 256
168 398
168 409
168 481
168 488
169 201
169 293
169 328
169 496
170 235
170 252
170 333
170 466
170 488
171 188
171 195
171 268
171 318
171 333
171 414
172 278
172 347
172 364
172 367
172 381
172 461
173 190
173 206
173 299
173 373
173 423
173 473
174 262
174 281
174 324
174 493
175 252
175 330
175 344
175 358
175 372
175 378
175 388
175 440
175 453
176 189
176 310
176 334
176 377
176 401
178 420
178 443
179 430
180 433
180 458
181 363
181 369
181 375
181 485
182 218
182 352
182 399
182 418
183 189
183 212
183 311
183 335
183 336
183 363
183 410
183 471
184 187
184 199
184 332
184 336
184 352
184 408
184 479
185 333
185 346
185 392
186 200
186 241
186 336
186 495
187 330
187 474
188 334
188 336
188 384
188 397
188 399
188 463
189 265
189 387
189 452
189 455
191 205
191 252
191 281
191 415
192 346
192 368
192 465
193 238
194 203
194 351
194 374
194 405
194 427
194 448
195 220
195 226
195 234
195 333
195 399
195 408
195 412
196 284
196 384
197 252
197 318
198 268
198 436
198 490
199 346
199 370
199 421
200 204
200 457
201 348
201 372
202 322
202 456
203 350
203 394
204 261
204 278
204 312
204 324
204 372
204 439
204 482
204 494
205 398
205 465
205 488
206 427
206 439
207 216
208 409
208 429
208 493
209 231
210 347
210 462
211 327
211 335
211 345
212 369
212 432
212 478
213 281
213 362
213 387
214 234
214 261
214 286
215 278
215 337
215 410
216 226
216 282
216 427
216 437
216 451
216 476
216 487
217 250
218 397
218 467
219 311
219 377
220 245
220 246
220 333
220 437
221 366
222 245
222 273
222 312
223 284
223 356
224 228
224 400
224 406
224 407
224 457
225 277
226 482
227 491
228 430
229 323
229 416
230 259
230 273
231 277
231 393
232 241
232 250
232 386
232 396
232 462
233 482
233 493
234 294
234 307
234 387
234 412
234 488
235 327
235 336
236 299
236 330
236 385
236 418
236 448
237 291
237 392
237 421
238 252
238 255
238 277
238 306
238 340
238 395
239 463
240 269
240 341
240 488
241 264
242 323
242 332
242 474
243 282
243 350
243 475
245 317
245 321
246 277
246 302
246 341
246 351
246 386
246 414
246 420
246 442
247 395
248 253
248 302
248 315
249 319
249 478
249 494
249 498
250 301
250 379
250 449
251 476
252 453
253 256
253 295
253 418
253 481
253 489
254 282
255 327
255 391
255 428
256 363
256 371
257 282
257 323
257 460
258 280
258 293
258 410
258 436
259 298
260 360
260 411
260 476
261 299
261 320
262 282
262 364
262 400
263 309
264 351
264 412
265 349
265 352
265 366
265 399
266 375
267 328
267 352
267 393
268 318
268 327
268 379
269 301
269 342
270 404
270 463
270 486
270 491
271 292
271 402
271 432
272 315
272 383
272 466
273 277
273 299
273 322
273 394
273 490
274 276
274 319
274 358
274 366
274 370
274 420
274 456
275 297
275 313
275 331
275 353
276 290
276 292
276 385
276 485
277 395
277 414
278 346
278 393
278 487
279 290
279 454
279 463
280 318
280 476
281 355
281 396
282 283
282 466
284 363
284 424
286 379
286 468
287 324
287 393
287 416
288 453
289 383
290 324
290 377
290 472
290 476
290 496
291 405
292 358
292 395
292 414
295 408
296 331
296 384
296 400
296 402
296 415
296 444
297 363
297 366
297 393
298 335
298 442
298 476
298 484
299 427
299 476
300 356
300 361
300 406
300 499
301 345
301 470
302 352
303 363
303 372
303 394
303 450
304 417
304 457
305 310
305 343
305 420
305 482
306 325
306 332
306 374
308 387
309 321
311 470
311 489
312 458
313 411
314 443
315 318
315 382
317 402
318 320
318 370
318 463
319 433
320 461
321 349
321 414
321 467
322 366
322 420
322 499
323 390
323 421
324 332
324 429
324 449
325 331
325 358
325 407
326 337
326 383
327 342
327 343
330 459
331 427
332 389
332 393
332 407
332 495
334 434
334 444
334 450
335 477
336 496
338 370
340 351
340 411
342 481
342 484
343 359
343 376
343 472
343 487
344 351
344 371
344 458
345 375
345 423
345 480
346 454
347 406
347 478
348 406
349 394
349 396
349 438
349 490
349 497
350 406
350 438
350 462
351 434
351 470
352 377
352 458
354 422
354 428
355 449
355 463
356 367
357 375
357 436
360 371
360 384
360 385
361 421
361 463
362 366
362 413
362 483
363 392
363 446
364 478
365 373
365 449
366 390
366 468
367 423
367 450
367 485
368 450
369 415
369 430
369 439
369 460
369 499
370 377
370 481
372 434
373 432
373 463
373 467
376 412
377 443
378 427
378 483
379 431
379 438
380 397
380 434
380 465
380 473
381 426
381 448
383 394
383 395
383 429
384 402
385 387
387 422
387 478
388 418
388 453
388 465
389 435
389 469
393 405
393 495
394 401
395 405
395 436
396 463
397 499
398 487
399 454
403 455
405 429
405 465
406 430
406 433
409 458
409 470
411 424
411 479
412 468
416 480
418 430
418 435
418 438
418 455
419 469
421 464
422 489
423 489
424 438
424 490
425 468
428 454
430 461
432 441
432 497
437 447
439 465
439 489
440 468
441 461
441 494
442 486
443 480
444 477
445 454
448 475
449 490
455 486
458 463
458 490
460 469
460 494
461 465
462 490
464 491
467 478
470 476
471 487
473 477
474 496
475 487
483 498
490 497
492 494
0
9 499
