500	1500	 1
0 228
0 373
0 374
0 411
0 432
0 495
1 175
1 406
2 16
2 106
2 205
2 333
2 358
2 413
2 429
3 45
3 96
3 172
3 194
3 215
3 469
4 66
4 212
4 298
4 374
4 376
4 418
5 125
5 278
5 285
5 338
5 423
5 499
6 95
6 258
6 260
6 272
6 457
7 9
7 43
7 365
7 477
8 38
8 91
8 174
8 241
8 261
8 399
8 455
8 496
9 180
9 217
9 228
10 111
10 331
10 432
10 449
10 456
10 464
11 34
11 71
11 290
11 350
11 405
11 417
11 444
11 496
12 240
12 251
12 300
12 301
12 350
12 488
13 95
13 257
13 282
13 412
14 39
14 44
14 48
14 137
14 311
14 373
14 420
14 475
15 252
15 275
15 379
15 390
15 477
16 77
16 85
16 142
16 336
16 354
16 443
17 184
17 221
17 337
17 375
17 379
17 439
18 22
18 175
18 313
18 364
18 485
18 487
19 83
19 125
19 138
19 206
19 243
19 332
19 399
19 406
19 489
20 156
20 293
20 314
20 451
20 462
21 61
21 97
21 151
21 358
21 360
21 361
21 385
21 406
22 259
22 391
23 153
23 165
23 456
23 463
23 497
24 49
24 56
24 121
24 126
24 189
24 207
24 377
24 493
25 136
25 231
25 237
25 460
25 479
26 44
26 243
26 367
26 369
26 406
26 412
27 31
27 85
27 168
27 203
27 271
27 319
27 454
28 197
28 231
28 238
28 249
28 361
28 404
28 470
29 76
29 78
29 110
29 123
29 157
29 327
29 394
30 334
30 338
30 353
30 416
30 460
30 492
30 498
31 433
32 209
32 299
32 346
33 47
33 56
33 183
33 235
33 308
33 395
34 123
34 148
34 241
34 255
34 362
34 391
34 393
34 455
35 82
35 249
35 375
35 452
36 89
36 116
36 228
36 244
36 335
36 458
37 241
37 301
37 316
37 480
38 58
38 148
38 435
38 497
39 110
39 137
39 147
39 152
39 176
39 290
39 453
40 57
40 74
40 80
40 97
40 293
40 348
40 353
40 375
40 388
41 105
41 180
41 191
41 217
41 483
42 109
42 182
42 281
42 301
42 343
42 350
42 372
43 65
43 308
43 355
43 403
43 477
44 127
44 272
44 373
44 440
45 122
45 265
45 282
45 461
46 171
46 272
46 285
46 319
46 357
46 472
47 131
47 134
47 213
47 300
47 350
48 75
48 104
48 170
48 206
48 280
48 451
48 483
49 210
49 242
49 318
49 455
50 115
50 166
50 226
50 289
50 389
50 450
50 491
51 89
51 210
51 324
51 336
51 478
52 153
52 200
53 151
53 155
53 161
53 213
53 329
53 432
54 128
54 208
54 226
54 279
55 183
55 239
55 252
55 335
55 357
55 391
56 67
56 91
56 145
56 251
56 259
56 407
56 432
56 435
56 478
57 308
58 229
58 319
58 498
59 381
59 432
60 99
60 101
60 127
60 134
60 254
60 262
60 339
60 390
60 457
60 490
61 111
61 173
61 179
61 345
61 349
61 351
61 445
61 497
62 71
62 155
62 219
62 261
62 368
62 422
62 490
63 228
63 294
63 448
63 464
64 117
64 175
64 189
64 224
64 251
64 363
64 378
64 389
64 496
65 206
65 230
66 225
66 411
66 440
66 476
67 126
67 306
67 352
67 403
67 443
67 458
68 81
68 90
68 281
68 325
68 467
68 482
68 498
69 252
69 299
69 474
70 151
70 275
70 354
70 444
70 485
71 147
71 206
71 321
72 116
72 213
72 308
72 342
72 396
72 449
72 474
73 249
73 328
73 428
73 443
73 467
74 182
74 202
74 284
74 332
74 335
74 359
74 374
75 148
75 374
75 398
75 449
75 468
76 165
76 177
76 349
77 177
77 193
77 359
77 441
77 460
78 93
78 102
78 175
78 301
78 336
79 195
79 336
79 377
79 406
80 171
80 193
80 265
80 453
81 90
81 166
81 234
81 272
81 275
81 310
81 374
81 429
81 474
82 133
82 226
82 245
82 275
82 387
82 398
83 178
83 278
83 290
83 334
84 205
84 431
84 464
84 490
85 121
85 147
85 162
85 261
85 313
85 388
86 89
86 226
86 230
86 236
86 260
86 426
86 493
87 133
87 154
87 184
87 263
87 334
87 441
87 466
87 468
88 212
88 265
88 398
88 450
88 457
89 130
89 295
89 351
89 411
90 193
90 299
90 308
90 491
91 306
91 492
92 99
92 120
92 242
92 356
92 362
92 435
92 442
92 467
93 104
93 119
93 170
93 296
93 376
93 425
94 167
94 248
94 325
94 349
95 230
95 385
95 387
95 473
96 160
96 163
96 173
96 207
96 304
96 309
96 366
96 391
96 401
97 116
97 323
97 431
97 449
97 497
97 499
98 145
98 157
98 165
98 242
99 106
99 147
99 272
99 345
99 426
100 236
100 249
100 277
100 368
100 483
101 246
101 476
102 244
102 301
102 326
102 341
102 477
103 127
103 323
103 384
103 392
103 455
104 141
104 242
104 272
104 300
104 321
104 484
106 175
106 195
106 316
107 243
108 203
108 331
108 381
108 482
109 152
109 209
109 292
109 354
110 113
110 278
110 364
110 396
110 496
111 117
111 194
111 199
111 201
111 234
111 470
112 294
112 309
112 338
112 423
113 283
113 300
113 356
113 375
113 385
114 117
114 218
114 238
114 294
114 301
114 330
114 370
114 379
114 431
114 479
115 254
115 357
115 447
115 498
116 217
117 185
117 271
117 302
117 366
117 428
117 468
118 169
118 219
118 458
118 495
119 171
119 174
119 285
119 293
119 406
119 420
119 474
119 485
120 195
120 232
120 267
120 272
120 293
120 316
120 450
121 269
121 276
121 340
121 349
121 359
121 386
121 476
122 188
122 233
122 279
122 282
123 146
123 180
123 282
123 301
123 345
124 193
124 206
124 438
124 475
125 248
125 281
125 409
125 437
126 247
126 320
126 323
126 442
126 457
126 475
126 495
127 235
127 327
127 351
127 488
128 352
128 358
128 360
128 389
129 222
129 348
129 405
130 174
130 184
130 259
130 355
130 364
131 230
131 281
131 293
131 394
132 145
132 201
132 265
132 430
133 146
133 336
133 379
133 479
134 137
134 164
134 172
134 183
134 317
134 372
134 376
134 440
135 196
135 273
135 332
135 389
135 392
136 186
136 317
136 330
136 385
136 449
137 151
137 281
138 256
138 380
139 210
139 331
139 351
139 425
139 486
140 205
140 282
140 353
140 406
140 443
140 450
140 458
141 164
141 255
141 451
142 160
142 279
142 304
142 368
142 391
142 476
143 145
143 150
143 197
143 345
143 376
143 484
144 404
145 155
145 170
145 264
145 271
145 304
145 328
145 365
145 374
145 397
145 447
146 161
146 163
146 298
146 306
146 352
146 493
147 189
147 409
147 445
148 191
148 333
148 417
148 462
149 229
149 308
149 347
149 370
149 436
150 244
150 345
150 417
150 482
151 209
151 312
151 396
151 484
151 491
152 250
152 267
153 220
153 302
153 470
154 283
154 387
154 444
154 472
155 212
155 278
155 340
155 363
156 213
156 304
156 484
157 230
158 159
158 307
158 320
158 389
158 415
158 444
159 204
159 270
160 201
160 266
161 391
161 454
162 199
162 313
162 405
163 229
163 265
163 337
163 458
164 261
164 280
164 294
164 344
164 380
165 367
165 377
165 390
165 394
165 434
166 265
166 290
166 348
166 393
167 224
167 327
167 370
167 397
167 406
168 181
168 222
168 295
169 178
169 284
169 292
169 360
169 382
169 394
169 448
170 254
171 190
171 197
171 234
171 309
171 464
172 195
172 258
172 413
172 492
173 232
173 295
173 308
175 419
175 442
176 345
176 382
176 406
177 280
177 282
178 235
178 467
178 490
179 244
179 270
179 292
180 203
180 229
180 262
180 314
180 486
181 307
181 309
181 427
181 493
182 195
182 498
183 192
183 422
183 450
184 197
184 326
184 446
184 474
185 275
185 353
185 406
185 428
186 208
186 263
186 355
186 360
186 388
186 444
187 230
187 304
187 387
187 434
188 213
188 299
188 339
188 357
188 430
188 431
188 498
189 198
189 245
189 268
189 283
189 384
189 412
189 463
189 470
189 476
190 262
190 279
190 291
190 346
190 443
191 201
191 222
191 262
191 352
191 412
192 225
192 266
192 386
193 287
193 407
194 238
195 490
196 255
196 414
196 418
196 472
197 200
197 209
197 283
197 494
197 496
198 257
198 299
198 320
199 242
199 269
199 274
199 388
199 403
199 418
199 491
199 493
200 407
200 443
200 491
201 289
201 302
201 335
201 429
201 453
201 494
202 261
202 290
202 297
202 336
202 354
202 391
203 472
204 215
204 216
204 268
204 285
204 332
204 389
205 238
205 373
205 444
205 461
205 470
206 245
206 374
207 303
207 365
207 384
208 336
208 339
208 385
208 390
209 240
209 274
209 318
209 334
209 349
210 214
210 377
210 442
211 288
211 378
211 465
212 244
212 249
212 418
213 256
213 264
213 362
214 376
214 379
214 452
214 453
214 494
215 230
215 417
216 269
216 349
216 351
216 380
216 390
217 469
218 247
218 418
218 481
218 483
219 239
219 264
219 336
219 343
219 488
220 423
220 445
220 482
221 359
221 446
221 475
221 487
222 225
223 279
224 278
224 282
224 349
224 374
225 295
225 370
226 243
226 250
226 276
226 288
226 340
226 464
227 247
227 329
227 334
227 401
227 418
228 307
228 402
228 478
229 440
230 304
231 389
232 288
232 323
232 364
232 408
232 416
232 420
233 308
234 337
235 315
235 316
235 348
235 478
236 345
236 351
236 413
237 468
238 341
238 423
238 462
239 315
240 252
240 285
240 358
240 425
241 262
241 456
242 284
242 309
242 376
242 461
243 288
243 350
243 351
243 400
244 279
244 329
244 334
244 358
245 349
245 407
245 415
245 491
246 283
246 331
246 482
247 314
247 432
247 470
248 406
248 476
250 292
250 413
251 256
251 268
251 410
252 431
253 363
253 480
254 464
255 273
255 276
255 342
255 387
255 496
256 345
256 452
257 271
257 428
258 339
259 297
259 442
259 450
259 476
260 435
260 478
260 499
261 301
261 375
261 424
261 461
262 272
262 298
262 474
263 326
263 402
263 453
264 316
264 350
265 279
265 283
265 317
265 331
265 385
266 297
266 346
266 368
267 297
267 311
267 465
268 304
268 395
269 307
269 410
270 396
270 412
270 426
271 351
271 422
271 457
272 416
272 428
272 491
273 306
273 357
273 454
273 457
274 286
274 445
275 339
275 418
276 368
276 398
277 337
277 471
277 479
278 310
278 440
279 358
279 458
280 303
280 470
280 484
281 304
281 459
281 490
282 337
283 497
284 310
284 371
284 404
284 475
285 413
285 443
285 459
286 319
286 400
287 347
287 409
287 439
288 345
290 299
290 324
290 444
291 335
291 417
291 484
292 312
292 346
292 441
292 474
293 320
293 334
293 351
293 357
293 363
293 411
293 418
293 491
295 330
295 458
296 318
296 445
296 446
297 313
297 358
297 380
297 427
297 496
298 302
298 419
298 466
299 398
300 388
300 460
300 462
300 494
301 338
301 462
302 350
303 311
303 373
304 463
305 356
305 454
305 470
306 353
306 419
307 310
307 422
307 492
308 312
310 335
310 343
310 376
310 390
311 316
311 342
311 344
311 393
311 449
312 316
312 374
313 326
313 349
313 353
313 437
314 415
315 475
315 494
316 371
317 377
317 468
317 474
317 497
318 373
318 377
318 457
319 418
319 499
321 377
321 382
321 426
321 440
321 478
322 352
322 379
322 393
323 326
323 378
324 349
325 365
325 492
326 367
326 384
327 398
327 440
328 342
328 363
329 374
329 436
330 332
330 413
330 489
331 335
331 406
332 334
332 446
333 498
334 340
335 360
336 424
336 498
337 455
337 481
339 352
339 402
340 343
340 486
341 453
341 470
341 475
342 495
343 380
343 411
343 470
343 477
344 464
345 374
345 381
345 397
345 429
346 499
347 447
347 484
347 487
347 488
347 497
348 369
348 443
349 365
350 431
350 470
351 353
351 375
352 398
352 491
353 422
354 373
354 427
354 444
354 477
356 447
356 473
357 429
358 369
358 460
359 393
361 389
361 391
361 419
361 420
361 462
361 476
362 440
363 407
364 408
364 442
365 378
365 411
367 490
369 400
370 419
370 464
371 454
372 396
373 396
374 487
374 493
375 497
376 418
376 451
377 391
379 456
379 498
381 447
381 452
381 460
383 451
383 474
383 479
384 447
384 458
385 491
386 399
386 405
387 461
387 462
387 474
387 480
387 494
389 474
390 413
391 410
391 491
393 433
394 421
395 489
396 429
396 456
398 426
398 441
399 439
399 449
399 493
400 436
401 404
401 406
401 476
401 496
402 414
403 494
404 457
404 486
406 416
407 432
409 465
409 469
410 427
411 429
411 470
412 415
412 498
413 478
414 456
414 487
415 428
415 464
416 442
416 468
416 492
417 439
418 480
419 439
419 486
420 434
420 451
421 425
422 436
422 456
422 479
425 444
426 436
426 451
427 438
427 476
431 478
432 435
432 492
436 438
436 492
438 464
439 493
441 487
442 484
443 464
443 472
443 480
448 491
451 484
453 454
453 464
456 466
462 480
463 484
468 476
469 486
473 477
478 489
486 492
491 496
0
9 499
