500	1489	 1
0 121
0 383
0 430
0 448
1 29
1 332
2 16
2 43
2 100
3 24
3 241
3 268
3 298
3 306
3 455
4 31
4 149
4 170
4 204
4 234
4 267
4 327
5 41
5 92
5 251
5 367
5 420
6 271
6 314
7 75
7 89
7 317
7 431
7 490
7 494
8 19
8 23
8 79
8 131
8 153
8 324
8 457
8 495
9 18
9 166
9 167
9 324
9 332
9 363
9 373
9 390
9 419
9 426
10 61
10 74
10 115
10 138
10 195
10 209
10 408
10 437
11 60
11 70
11 89
11 314
11 316
11 434
11 489
12 98
12 364
13 37
13 53
13 130
13 188
13 326
13 428
13 453
14 113
14 121
14 410
14 480
15 50
15 297
15 337
16 272
16 289
16 290
17 31
17 89
17 244
18 47
18 130
18 147
19 93
19 185
19 298
19 351
19 363
20 30
20 293
20 297
20 356
20 376
21 149
21 373
21 375
21 407
21 421
22 67
22 161
22 191
22 203
22 238
23 38
23 45
23 207
23 257
23 348
23 398
23 454
24 40
24 189
25 80
25 139
25 186
25 223
25 349
25 374
25 391
26 165
26 178
26 200
26 251
26 427
26 476
27 263
27 264
27 358
27 473
27 478
27 484
28 76
28 154
28 410
29 203
29 210
29 301
29 308
29 318
29 333
29 399
29 419
29 492
30 55
30 102
30 178
30 229
30 262
30 277
30 390
30 456
31 74
31 472
32 49
32 199
32 247
32 304
32 335
32 402
32 433
33 73
33 154
33 291
33 332
34 150
34 155
34 333
34 420
35 134
35 135
35 164
35 183
35 413
35 426
35 498
36 38
36 56
36 173
36 180
36 261
36 273
36 355
36 463
36 495
37 131
37 158
37 186
37 438
38 61
38 128
39 41
39 196
39 330
39 360
39 413
39 420
40 51
40 52
40 68
40 104
40 197
40 275
40 409
40 476
40 481
41 79
41 90
41 182
41 209
41 310
41 326
41 337
41 454
42 66
42 147
42 148
42 156
42 423
43 114
43 185
43 291
43 333
44 192
44 301
45 79
45 120
45 449
46 68
46 142
46 211
46 234
46 286
46 298
46 310
46 432
46 436
47 96
47 98
47 278
47 299
47 393
48 73
48 194
48 306
48 328
49 202
49 276
49 483
49 487
50 130
50 225
50 275
50 325
50 346
50 400
51 223
51 240
51 262
51 292
51 338
51 343
51 395
52 138
52 160
52 178
52 220
52 262
52 482
52 494
53 80
53 210
53 328
53 457
54 63
54 105
54 227
54 299
54 305
54 327
54 407
54 498
55 89
55 214
56 131
56 145
56 192
57 64
57 113
57 152
57 274
57 391
57 409
57 424
57 485
58 228
58 331
58 334
58 389
59 153
59 232
60 70
60 473
61 183
61 240
61 318
61 338
62 74
62 435
62 482
63 98
63 327
63 331
63 389
63 401
64 235
64 256
64 261
64 279
64 353
64 403
64 413
64 477
64 494
65 76
65 126
65 138
65 157
65 185
65 281
65 303
65 461
65 489
66 239
66 246
67 171
67 333
67 358
67 398
67 459
68 235
68 327
69 193
69 206
69 214
69 249
69 255
69 396
70 76
70 288
70 318
70 385
70 438
70 479
71 174
71 321
71 476
72 164
72 238
72 335
72 466
72 468
74 92
74 128
74 133
74 179
74 236
74 394
74 465
75 129
75 141
75 313
75 324
75 354
75 391
75 417
75 486
76 84
76 111
76 149
76 185
76 208
76 244
76 260
76 307
76 442
77 126
77 167
77 353
77 434
77 462
78 171
78 188
78 315
78 415
78 418
79 198
79 274
79 362
79 436
79 461
79 476
80 133
80 134
80 340
80 343
80 353
80 421
81 110
81 145
81 154
81 190
81 285
81 368
81 383
81 422
81 458
82 85
82 89
82 127
82 158
82 212
82 266
82 302
82 354
82 402
83 131
83 138
83 238
83 287
83 334
83 411
84 101
84 167
84 297
84 372
85 98
85 216
85 284
85 343
86 100
86 237
86 278
86 384
86 458
86 461
87 176
87 232
87 294
87 315
87 357
87 468
88 343
88 401
88 430
88 443
88 472
89 105
89 112
89 144
89 185
89 290
89 308
89 404
90 260
90 438
91 137
91 147
91 151
91 198
91 335
92 375
92 411
92 452
93 175
93 332
93 365
94 121
94 159
94 329
94 452
95 96
95 257
95 308
96 253
96 306
96 324
96 338
97 371
97 438
97 449
97 463
98 150
98 244
98 259
99 119
99 124
99 173
99 187
99 207
99 223
99 422
100 125
100 401
101 165
101 183
101 322
101 395
101 452
102 151
102 245
102 287
102 354
102 495
103 110
103 161
103 277
103 468
104 177
105 176
105 198
105 234
105 304
105 364
106 121
106 180
106 196
106 199
106 269
106 290
106 420
106 452
107 175
108 261
108 309
109 216
109 255
109 261
109 361
109 380
110 202
110 347
110 446
110 448
110 465
111 130
111 187
111 235
111 346
111 352
112 122
112 151
112 215
112 227
112 378
113 128
113 244
113 285
113 291
114 229
114 301
114 321
114 376
115 122
115 256
115 368
115 417
115 462
116 157
116 249
116 315
116 423
116 481
117 169
117 179
117 213
117 247
117 462
118 270
118 356
118 391
118 398
118 475
119 120
119 143
119 155
119 183
119 214
119 241
120 182
120 226
120 228
120 229
120 273
120 331
120 356
120 401
121 167
121 219
121 273
121 336
121 419
121 467
122 328
122 338
122 360
122 471
123 182
123 271
123 294
123 327
123 448
124 194
124 242
124 337
124 352
124 407
124 457
124 462
124 463
124 474
125 205
125 314
125 378
125 390
126 161
126 242
126 300
126 362
126 367
126 426
126 468
127 390
127 391
128 201
128 316
128 336
129 288
129 411
130 184
130 268
130 467
131 143
131 146
131 194
131 216
131 225
131 255
131 424
131 456
132 145
132 216
132 251
132 385
132 403
132 478
133 229
133 261
133 280
134 186
134 482
135 290
135 306
135 415
136 234
136 418
136 445
137 202
137 311
137 398
137 410
137 413
138 159
138 171
138 260
138 297
138 347
138 470
138 479
139 219
139 418
139 442
140 230
140 355
140 392
140 425
140 435
141 213
141 222
141 403
141 467
141 483
142 222
143 347
143 432
144 157
144 346
144 433
144 445
145 385
146 219
146 279
146 286
146 323
146 358
146 402
146 411
146 448
146 450
146 470
146 487
147 232
147 354
147 419
149 160
149 196
149 248
149 304
149 352
149 377
150 294
150 367
150 369
151 218
151 366
151 452
151 490
152 180
152 293
152 339
152 415
152 440
152 469
152 485
152 498
153 173
153 213
153 217
153 429
153 447
153 496
154 198
154 307
154 337
154 391
155 221
155 298
155 324
155 418
156 242
156 300
156 449
157 203
157 253
157 350
157 461
157 494
158 201
158 279
158 464
159 225
159 313
159 358
159 378
159 431
159 443
159 470
159 476
160 209
160 331
160 454
160 475
161 300
161 437
162 219
162 255
162 412
163 202
163 346
163 378
163 394
164 185
164 202
164 236
164 274
164 312
164 391
164 489
164 491
165 296
166 174
166 231
166 256
166 335
167 201
167 306
167 307
167 372
168 181
168 254
168 401
168 450
169 172
169 301
169 319
169 327
170 180
170 230
170 231
170 242
170 365
170 387
171 199
171 271
171 308
171 360
172 192
172 432
172 452
173 187
173 268
173 287
174 258
174 323
174 366
174 410
174 434
175 323
176 253
176 331
176 365
176 421
176 465
177 277
177 379
177 408
177 411
178 197
178 280
178 466
178 478
180 279
180 285
180 320
180 498
180 499
181 195
181 300
181 315
181 439
182 372
183 194
183 219
183 284
183 356
183 382
183 493
184 374
184 386
184 410
185 256
185 261
185 353
185 376
185 409
185 437
185 448
186 216
186 220
186 396
186 477
186 483
187 219
187 251
187 327
187 347
187 411
187 418
187 448
188 191
188 296
188 300
188 316
188 341
188 435
189 215
189 261
190 289
190 296
190 375
190 376
190 437
190 439
190 464
190 481
191 226
191 290
191 306
191 410
192 274
192 425
192 429
192 498
193 415
193 488
194 277
194 284
194 354
194 364
194 433
195 204
195 291
195 412
195 450
196 217
196 263
196 352
197 280
197 319
197 367
197 404
197 478
198 315
198 394
198 429
199 259
199 370
199 411
200 320
200 326
200 327
200 375
200 454
200 473
200 480
201 253
202 248
202 315
202 331
203 236
203 276
203 383
203 401
204 285
204 352
204 445
204 484
205 309
205 384
205 388
206 210
206 276
206 389
207 311
207 330
207 350
207 380
207 395
207 439
207 495
208 335
209 257
209 427
210 229
210 330
210 437
210 458
211 339
211 353
211 466
212 241
212 283
212 438
212 455
213 257
213 331
214 236
214 256
214 280
214 338
214 372
214 460
215 375
216 289
216 312
216 416
217 268
217 343
217 390
217 426
218 283
218 329
219 386
219 408
220 255
220 268
221 269
221 273
221 332
222 238
223 329
223 394
223 401
223 412
223 428
223 448
223 476
224 308
224 451
224 497
225 286
225 317
225 448
226 228
226 314
227 278
227 319
227 324
227 344
227 376
228 235
228 243
228 263
228 282
228 289
228 325
228 485
229 382
229 447
230 256
230 263
230 443
231 239
231 310
231 380
231 383
232 291
232 314
232 341
232 347
232 383
232 387
233 318
233 323
233 344
233 366
234 256
235 256
235 272
235 416
235 487
236 290
236 296
236 434
236 438
237 248
237 249
237 445
237 495
238 246
238 359
239 283
239 312
239 321
239 322
239 337
239 399
240 342
240 353
240 373
240 419
240 439
241 288
241 306
241 396
242 256
242 471
242 494
243 286
243 312
243 329
243 349
243 352
244 279
244 290
244 371
244 439
245 290
245 354
246 302
246 413
246 493
247 300
247 345
247 434
248 250
248 261
248 297
248 337
248 450
249 292
249 387
250 432
251 326
251 429
252 362
252 376
252 447
252 452
253 306
253 456
254 278
254 300
254 322
254 357
254 431
255 485
256 296
256 302
256 400
257 382
257 392
258 327
258 335
258 391
259 343
259 398
259 400
260 265
260 302
260 399
260 423
261 420
261 465
262 361
263 461
263 485
264 404
264 451
264 497
265 464
265 485
266 339
266 373
266 395
267 303
267 328
267 414
268 292
268 496
269 334
270 354
270 408
270 442
270 454
271 305
271 340
271 473
272 335
272 359
272 438
272 460
273 482
274 346
274 383
275 363
276 298
276 350
276 441
277 381
278 462
279 396
279 407
279 471
281 418
281 451
281 454
282 324
282 349
282 360
283 320
283 365
283 471
284 344
284 376
284 434
285 297
285 306
285 431
285 446
286 447
287 409
288 405
288 453
289 314
289 360
289 493
290 339
290 342
290 351
291 432
291 454
292 418
292 434
292 444
293 451
294 376
294 387
294 411
294 460
295 435
295 484
296 428
297 434
298 305
298 370
298 429
298 477
299 363
299 441
299 494
300 328
300 373
300 463
300 488
301 344
301 499
302 359
304 371
304 424
304 474
305 319
305 345
305 396
306 374
306 376
307 318
307 458
308 425
308 499
309 400
309 450
309 466
310 450
311 396
311 450
313 377
313 455
314 332
314 341
314 381
315 447
315 475
316 330
316 339
316 429
316 474
317 375
317 401
317 412
318 319
318 373
318 413
318 431
318 437
319 321
319 347
319 437
319 457
319 494
320 321
320 414
320 444
321 421
321 447
322 323
322 434
322 496
322 499
323 377
323 445
323 492
324 336
324 465
324 481
324 485
325 482
326 396
327 437
327 451
327 455
328 381
328 407
328 434
329 365
330 348
330 380
330 385
330 423
331 337
331 364
331 463
333 349
333 371
334 347
334 372
334 414
335 390
335 395
335 445
338 397
338 454
339 345
339 347
339 468
340 363
341 406
341 408
341 461
341 493
342 359
342 439
342 494
345 348
346 367
347 384
348 373
348 386
348 469
348 475
349 371
349 384
349 424
351 489
352 430
353 355
353 371
353 454
353 477
354 374
354 423
355 360
356 357
356 372
358 480
359 388
360 459
361 435
361 456
361 488
362 378
362 409
363 410
363 433
364 453
364 475
364 498
365 427
365 478
366 387
366 389
366 401
366 404
366 416
366 420
366 429
367 421
367 425
367 482
368 413
368 470
370 396
370 445
372 373
372 467
372 471
373 447
373 475
374 408
374 436
374 470
376 380
376 423
377 410
377 450
378 388
379 463
381 396
382 429
382 464
383 452
383 471
383 489
384 417
384 458
384 471
387 443
387 499
388 402
388 427
388 486
388 489
389 427
389 430
389 453
390 395
391 395
391 496
392 394
392 401
392 415
393 459
393 484
394 469
396 419
396 436
396 469
398 414
398 449
399 476
400 426
400 436
401 437
401 481
402 417
402 454
403 448
405 493
406 419
407 421
407 466
409 443
411 496
412 436
412 488
414 427
414 467
416 473
416 475
417 478
419 423
421 425
421 455
421 497
422 444
423 431
424 442
425 492
427 470
429 466
430 467
430 496
431 446
433 441
433 492
434 451
434 481
435 438
439 491
441 491
444 451
445 498
446 447
448 464
448 477
450 465
455 470
455 494
457 479
458 490
459 470
465 491
467 494
469 498
472 485
475 479
475 485
475 493
477 482
481 487
0
9 499
