500	1538	 1
0 78
0 87
0 104
0 167
0 202
0 233
0 236
0 274
0 323
0 379
1 247
1 344
1 364
1 446
2 32
2 90
2 100
2 366
2 427
3 47
3 103
3 311
3 367
3 369
3 483
4 43
4 73
4 217
4 306
4 389
4 484
5 44
5 56
5 123
5 325
5 368
6 81
6 90
6 110
6 371
7 244
7 271
7 308
7 350
7 497
8 62
8 89
8 162
8 178
8 234
8 389
8 433
9 266
9 341
9 347
9 379
9 406
9 498
10 12
10 23
10 245
10 259
10 264
10 302
10 490
10 491
11 40
11 62
11 121
11 234
11 308
11 320
12 208
12 376
13 84
13 199
13 340
13 402
13 460
14 100
14 119
14 152
14 166
14 238
14 275
15 38
15 62
15 105
15 209
15 381
15 400
16 82
16 116
16 123
16 240
16 258
17 71
17 76
17 189
17 190
17 250
17 304
17 415
17 491
18 159
18 188
18 223
18 227
18 265
18 475
19 22
19 147
19 165
19 260
19 384
19 385
19 415
19 481
20 25
20 179
20 357
20 385
20 388
20 492
21 126
21 153
21 207
21 279
21 364
22 117
22 142
22 389
22 445
23 56
23 87
23 251
23 274
23 316
23 488
24 101
24 121
24 371
24 396
24 434
25 75
25 107
25 131
25 199
25 255
25 427
25 461
25 475
26 54
26 89
26 97
26 106
26 177
26 199
26 402
26 424
26 440
26 462
27 81
27 83
27 120
27 125
27 423
27 453
27 474
28 101
28 165
28 407
29 38
29 79
29 210
30 55
30 396
30 489
31 115
31 238
31 328
31 382
31 404
32 126
32 195
32 221
32 405
32 408
33 63
33 86
33 154
33 160
33 226
33 299
33 355
34 46
34 76
34 236
34 354
35 102
35 123
35 181
35 297
35 344
35 347
35 447
35 472
36 63
36 159
36 341
36 464
37 87
37 145
37 162
37 170
37 441
38 70
38 191
38 228
38 278
38 283
38 466
39 45
39 158
39 178
39 295
39 320
39 416
39 455
40 172
40 201
40 363
40 382
40 396
41 176
41 446
41 455
41 462
41 474
42 102
42 108
42 125
42 202
42 244
42 269
42 329
42 368
43 71
43 101
43 152
43 227
43 253
43 313
43 414
43 461
44 103
44 128
44 191
44 194
44 277
44 303
44 469
45 76
45 149
45 396
46 83
46 129
46 143
46 176
46 351
46 445
47 173
47 179
47 206
47 292
47 352
48 52
48 104
48 123
48 125
48 139
48 222
48 282
49 112
49 133
49 135
49 169
49 211
49 218
49 313
49 410
49 441
50 176
50 202
50 203
50 222
50 315
50 338
50 433
51 82
51 87
51 123
51 215
51 219
51 328
51 354
51 370
51 381
52 217
52 234
52 352
53 75
53 180
53 311
53 449
53 488
54 111
54 218
54 243
54 248
54 257
54 438
54 455
55 67
55 73
55 123
55 134
55 139
55 239
55 334
56 112
56 446
56 456
57 102
57 148
57 310
57 353
58 107
58 323
58 329
58 445
59 101
59 112
59 351
60 115
60 135
60 163
60 186
60 301
60 404
60 421
61 80
61 154
61 233
61 284
61 291
61 301
61 309
61 323
61 334
61 393
61 435
62 108
62 230
62 284
62 309
62 474
63 80
63 83
63 193
63 199
63 219
63 260
63 349
63 463
64 146
64 166
64 168
64 177
64 272
64 275
64 311
64 314
64 316
64 475
65 240
65 274
65 344
65 434
66 104
66 157
66 203
66 325
66 371
66 403
67 237
67 254
67 296
67 366
67 409
67 477
68 131
68 148
68 172
68 246
68 348
68 363
68 369
68 380
68 457
69 113
69 124
69 209
69 224
69 269
69 304
69 369
70 87
70 98
70 222
71 94
71 130
71 148
71 172
71 175
71 234
71 338
71 423
72 81
72 230
72 359
72 429
72 498
73 192
73 247
73 279
73 437
73 490
74 170
74 188
74 206
74 209
74 266
74 333
74 439
75 149
75 192
75 379
75 409
75 421
76 158
76 184
76 189
76 255
76 376
76 474
77 239
77 274
77 360
78 90
78 175
78 249
78 308
78 354
79 134
79 192
79 377
79 401
80 231
80 297
80 369
80 419
80 427
81 206
81 286
81 298
81 300
81 312
81 365
81 445
81 458
82 137
82 392
82 471
83 95
83 137
83 195
83 266
83 355
83 367
83 453
83 482
83 484
84 102
84 136
84 138
84 200
84 242
84 252
84 371
85 144
85 187
85 193
85 207
85 269
85 291
85 375
85 380
85 411
85 485
85 491
86 189
86 367
86 387
87 140
87 168
87 201
87 214
87 270
87 279
87 488
88 148
88 157
88 229
88 294
88 310
88 311
88 370
88 385
88 401
88 427
88 479
89 109
89 212
89 372
89 378
90 100
90 348
90 374
91 260
91 337
91 342
91 359
91 472
92 297
92 335
92 421
93 120
93 191
93 249
93 321
93 431
93 449
93 462
94 144
94 258
94 259
94 292
94 432
94 441
94 495
95 231
95 299
95 437
95 465
96 150
96 162
96 390
96 395
97 120
97 173
97 175
97 328
97 399
98 110
98 111
98 119
98 133
98 251
98 349
99 189
99 259
99 300
99 321
99 439
99 465
100 196
100 197
100 261
100 348
100 365
100 429
100 441
100 485
101 219
101 274
101 385
101 403
102 193
102 208
102 245
102 348
102 386
102 485
103 126
103 128
103 132
103 135
103 378
104 171
104 267
104 287
104 458
105 294
106 245
106 315
106 353
106 367
106 388
106 405
107 212
107 289
107 339
107 415
108 120
108 132
108 211
108 215
108 498
109 151
109 277
109 353
109 402
109 458
110 228
110 261
110 323
110 359
110 425
110 428
110 492
111 166
111 347
111 393
112 208
112 355
112 369
112 436
112 438
112 454
113 255
113 310
113 365
113 382
113 452
114 161
114 239
114 288
115 144
115 170
115 203
115 286
115 357
115 383
115 449
116 198
117 211
117 220
117 223
117 230
117 303
117 387
117 428
118 209
118 323
118 341
118 361
118 428
119 142
119 151
119 308
119 333
119 336
120 157
120 283
120 296
120 350
120 400
121 190
121 219
121 280
121 390
122 153
122 335
122 356
123 193
123 291
123 327
123 423
123 442
124 127
124 184
124 342
125 156
125 212
125 287
126 234
127 376
127 387
127 440
127 479
128 198
128 242
128 276
128 310
128 316
128 327
128 447
129 145
129 237
129 239
129 332
129 423
129 445
129 475
130 175
130 256
130 269
130 497
131 357
131 440
131 457
131 464
131 480
132 296
132 394
132 402
133 137
133 151
133 245
133 450
134 141
134 279
134 364
134 448
135 249
136 188
136 237
136 266
136 290
136 294
136 458
136 471
137 287
138 236
138 340
138 417
138 440
139 178
139 219
139 257
139 370
140 235
140 296
140 464
140 490
141 195
141 210
141 220
141 286
141 317
141 477
142 190
142 283
142 323
143 220
143 292
143 400
143 406
143 408
143 414
143 419
143 442
143 497
144 224
144 242
144 387
144 460
145 315
145 379
145 385
146 152
146 154
146 315
146 420
146 447
146 488
146 495
147 221
147 383
147 409
147 438
148 263
148 326
148 491
149 234
149 265
149 284
149 365
149 430
150 199
150 215
150 328
150 402
150 403
150 449
151 209
151 218
151 222
151 360
151 389
151 426
151 450
151 469
152 258
152 390
153 177
153 307
153 350
153 356
153 447
154 320
154 367
154 384
154 474
154 482
154 498
155 287
156 227
157 248
157 253
157 396
157 400
158 228
158 398
159 280
159 392
159 427
159 461
159 483
159 497
161 205
161 235
161 258
161 337
161 349
161 408
162 190
163 188
163 262
163 264
163 340
163 467
164 227
164 237
164 440
165 208
165 306
165 495
166 286
166 351
166 397
166 427
166 447
166 450
166 451
166 496
167 187
167 257
167 280
167 290
167 397
167 459
167 475
168 232
168 312
168 359
168 394
168 422
169 417
170 307
170 415
170 467
171 172
171 194
171 377
172 307
172 429
173 239
173 254
174 269
174 297
174 436
174 444
174 446
174 447
174 457
176 289
176 377
176 465
176 482
176 496
177 210
177 231
177 263
177 317
177 363
177 381
177 389
177 438
178 382
178 405
178 442
178 481
179 467
179 472
180 206
180 232
180 249
180 388
180 442
181 184
181 200
181 341
181 440
182 205
182 237
182 259
182 274
182 362
182 453
183 193
183 217
183 434
184 205
184 237
184 272
184 313
184 319
185 298
185 317
185 428
186 221
186 405
187 338
187 394
187 436
188 284
188 305
188 383
189 191
189 203
189 242
190 202
190 332
191 235
191 238
191 306
192 245
192 338
192 396
192 411
192 421
192 456
192 491
193 372
193 410
194 441
194 465
195 261
195 334
195 388
195 402
195 403
196 299
196 395
196 443
196 483
197 269
197 283
197 301
197 382
197 386
197 404
198 337
199 254
199 306
199 336
199 356
200 257
200 303
200 397
200 407
200 414
200 439
202 241
202 368
202 412
202 413
202 424
202 465
203 243
203 423
204 225
204 262
204 411
205 260
205 279
205 426
205 457
206 228
206 267
206 369
206 412
207 234
207 240
207 480
208 323
209 275
209 412
209 431
210 236
210 329
210 447
211 294
211 435
211 448
211 455
212 278
212 290
212 298
212 303
213 285
213 402
213 467
214 394
214 489
214 491
215 329
215 354
215 382
216 233
216 285
216 308
216 354
216 398
216 410
216 426
217 230
217 414
217 489
218 365
218 462
219 418
219 424
220 371
221 312
221 331
221 445
221 468
222 231
222 267
222 331
222 499
223 230
223 332
224 264
224 304
225 492
226 354
226 379
226 430
226 437
226 453
226 485
227 244
227 291
227 361
227 379
229 436
229 445
230 235
230 265
230 292
230 315
230 398
230 404
231 319
231 351
231 404
231 417
233 300
233 302
233 348
233 430
234 286
234 339
234 466
235 317
235 367
235 370
235 428
235 493
236 397
236 422
236 441
236 452
237 309
237 379
237 400
237 462
238 247
238 280
238 312
239 353
239 354
239 468
240 313
241 262
241 299
241 312
241 399
242 294
242 374
242 400
242 428
242 440
242 442
243 412
243 479
244 372
244 398
244 431
245 284
245 292
245 297
245 347
245 352
245 453
246 263
246 395
246 498
247 320
247 355
247 438
247 455
248 256
248 282
248 484
249 437
249 465
249 470
250 275
250 316
250 322
250 441
250 451
251 255
251 281
251 282
251 286
251 360
252 274
252 361
252 420
253 312
253 324
253 333
253 363
253 376
254 290
254 475
255 265
255 306
255 485
256 381
257 308
257 353
258 277
258 405
258 456
258 464
259 272
259 435
260 326
260 357
260 457
261 310
261 386
261 436
261 482
262 277
262 449
263 366
263 375
263 440
263 455
263 466
264 291
264 384
264 421
264 433
264 458
265 314
265 438
266 291
266 357
266 384
266 417
266 450
267 268
267 271
267 320
267 334
267 455
268 346
268 433
268 475
269 333
269 353
270 330
270 407
270 495
271 279
272 286
272 288
272 475
273 368
273 411
273 421
273 464
274 494
275 346
275 355
275 356
275 406
275 490
276 471
276 485
276 487
277 399
278 290
278 352
278 456
279 342
279 376
279 416
279 428
279 468
280 286
281 289
281 298
281 308
281 316
282 376
282 380
282 451
283 428
283 432
285 302
285 368
285 449
287 302
287 363
287 412
288 381
288 433
288 455
289 333
289 365
289 374
290 427
290 429
291 339
291 368
292 318
293 339
293 384
293 456
293 470
294 458
295 336
295 446
296 413
296 439
296 486
297 369
297 402
297 475
298 299
299 311
299 445
299 453
300 474
301 372
302 354
302 475
302 486
303 381
304 362
305 322
305 415
305 438
306 372
306 442
306 448
306 454
307 382
307 441
308 412
308 470
309 362
310 460
312 399
312 433
313 418
313 420
313 421
313 435
314 389
314 390
314 407
315 325
315 344
315 371
315 490
315 497
316 423
316 454
317 350
317 404
317 433
317 489
318 356
318 465
320 331
320 378
320 480
321 354
321 426
323 363
323 369
323 383
323 466
324 370
324 448
325 399
325 439
326 327
326 380
328 384
328 483
328 489
330 447
332 344
332 412
333 414
333 420
333 434
334 449
334 453
335 366
336 340
337 377
338 424
339 382
339 389
339 404
339 450
340 375
340 400
341 343
341 403
341 470
341 473
342 416
343 469
343 474
345 471
346 369
346 406
346 412
346 466
347 470
348 384
348 473
348 477
349 355
349 406
349 410
349 466
350 399
350 475
351 458
352 483
353 432
354 368
355 365
355 489
356 377
357 372
357 393
357 397
357 467
358 365
358 402
358 458
358 479
359 413
359 443
362 390
362 425
365 386
365 399
366 485
367 406
367 451
367 490
368 446
369 372
369 433
369 465
370 417
372 384
372 410
372 476
373 475
374 377
374 473
375 384
375 490
376 401
376 409
376 425
377 386
377 445
380 458
383 437
383 440
383 448
384 425
385 428
385 495
386 390
386 423
386 461
386 476
387 388
387 417
388 407
388 478
390 472
391 488
393 432
394 422
394 449
394 492
396 402
397 449
397 489
397 496
398 421
398 469
398 476
400 466
401 414
401 481
402 431
402 451
404 497
406 460
407 470
407 481
407 495
408 458
408 468
410 434
411 413
412 423
412 465
413 463
413 473
414 457
414 468
415 474
421 442
423 451
425 487
426 487
426 495
427 495
428 475
429 432
429 491
430 491
431 436
431 493
432 461
432 494
434 446
434 447
434 476
435 461
435 468
436 468
438 470
441 442
443 465
444 451
444 471
449 461
450 479
450 490
452 475
452 499
453 498
460 471
463 473
463 492
467 479
469 479
474 477
478 485
478 497
479 489
479 497
485 490
486 493
0
9 499
