500	1438	 1
0 115
0 277
0 358
0 401
0 480
1 17
1 107
1 121
1 229
1 340
1 370
1 450
2 9
2 96
2 102
2 152
2 161
2 218
2 273
2 343
2 370
3 52
3 119
3 241
4 21
4 91
4 354
4 359
4 432
5 113
5 147
5 217
5 222
5 250
5 438
5 489
6 357
6 372
7 37
7 63
7 183
7 282
7 299
7 328
7 455
8 87
8 194
8 237
8 364
8 489
8 494
9 96
9 130
9 397
10 176
10 210
10 306
10 329
10 370
10 436
10 442
10 465
10 476
11 117
11 205
11 229
11 285
11 416
12 13
12 100
12 103
12 126
12 295
12 306
12 471
12 483
13 23
13 45
13 47
13 220
14 25
14 204
14 353
14 367
15 104
15 129
15 142
15 276
15 310
15 427
15 437
16 84
16 119
16 137
16 174
16 223
16 241
16 266
16 382
16 389
17 109
17 311
17 327
17 426
17 435
17 453
18 113
18 123
19 45
19 187
19 194
19 251
19 305
20 85
20 93
20 172
20 184
20 270
20 298
20 347
20 365
20 404
20 444
20 452
21 75
21 246
21 275
22 75
22 98
22 104
22 182
22 217
22 234
22 417
23 28
23 191
23 292
23 375
23 429
24 164
24 176
24 305
24 473
25 48
25 84
25 297
25 345
25 401
25 428
26 65
26 93
26 129
26 155
26 215
26 263
26 347
26 493
27 75
27 269
27 366
28 140
28 143
28 227
28 345
28 351
28 433
28 472
28 492
29 230
29 346
29 439
30 142
30 215
30 286
31 102
31 354
31 438
31 449
32 36
32 213
32 239
32 251
32 265
32 277
33 72
33 217
33 282
34 327
34 377
35 50
35 56
35 499
36 195
36 199
36 200
36 206
36 275
36 303
36 319
36 320
36 361
36 436
37 200
37 380
37 496
38 42
38 293
38 384
38 445
39 40
39 166
39 429
40 259
40 266
40 280
40 324
40 368
40 385
40 395
40 431
41 121
41 153
41 211
41 223
41 255
41 413
42 78
42 106
42 109
42 115
42 170
42 296
43 120
43 193
43 228
43 295
43 321
43 353
43 445
44 81
44 141
44 193
44 198
44 444
44 446
44 492
45 142
45 172
45 298
45 364
45 417
46 66
46 80
46 86
46 98
46 394
46 428
46 481
46 489
47 63
47 314
48 188
48 252
48 350
48 398
49 210
49 256
49 284
49 315
49 494
50 179
50 242
50 289
51 398
51 480
52 124
52 322
52 369
52 472
52 499
53 80
53 122
53 166
53 435
54 170
54 171
54 289
54 396
54 464
55 78
55 112
55 134
55 190
55 323
56 84
56 210
56 327
56 346
56 354
56 436
57 142
57 327
57 379
57 451
58 66
58 151
58 276
58 317
58 373
58 393
59 148
59 238
59 338
59 348
60 100
60 126
60 135
60 218
60 230
60 266
60 277
60 287
60 294
60 461
60 488
61 87
61 239
61 398
61 420
61 450
62 112
62 128
62 412
62 451
63 106
63 150
63 295
63 350
63 361
63 423
64 139
64 180
64 285
64 291
65 114
65 126
66 128
66 155
66 446
66 497
67 90
67 196
67 253
67 272
68 156
68 204
68 379
68 396
68 428
69 214
69 246
69 320
70 327
70 411
71 269
71 349
71 448
72 80
72 111
72 196
72 221
72 261
72 264
72 348
72 370
72 374
73 99
73 210
73 230
73 298
73 419
74 82
74 312
74 330
74 341
74 363
74 384
74 392
74 447
74 448
75 94
75 174
75 187
75 230
75 274
75 334
75 351
75 378
75 464
76 86
76 125
76 166
76 299
76 344
76 350
76 358
76 386
76 499
77 168
77 334
78 432
78 487
79 106
79 159
79 309
79 407
80 232
80 237
80 250
80 456
80 491
81 236
81 343
81 376
81 455
83 133
83 350
83 409
84 256
84 265
84 296
85 101
85 279
85 485
86 186
86 223
86 255
86 257
86 263
86 280
86 312
86 329
86 408
87 189
87 238
88 130
88 184
88 356
88 412
89 103
89 110
89 132
89 206
89 423
89 474
90 120
90 163
90 298
90 325
90 329
91 187
91 208
91 486
92 131
92 204
92 215
92 281
92 426
92 427
93 220
93 241
93 383
93 408
93 437
94 153
94 329
94 401
94 474
95 104
95 139
95 313
95 440
96 230
96 362
96 393
96 447
96 475
97 135
97 181
97 190
97 196
97 310
97 465
98 138
98 173
98 456
99 139
99 283
99 322
99 479
99 487
100 193
100 263
100 389
100 445
101 133
101 214
101 397
101 411
102 297
102 361
102 451
103 120
103 171
103 404
103 415
103 493
104 286
104 287
104 360
105 166
105 269
105 317
105 386
105 410
106 232
106 314
106 337
107 162
107 212
107 433
107 465
108 114
108 115
108 266
108 283
108 311
108 316
108 434
108 438
108 462
109 217
109 351
109 357
109 484
110 178
110 218
110 246
111 161
111 196
111 368
111 472
112 244
112 281
112 346
112 438
113 184
113 209
113 252
113 365
113 389
114 117
114 201
114 406
114 412
114 424
114 449
115 151
115 433
116 192
116 198
116 229
116 357
116 358
116 493
117 322
117 372
118 245
118 290
118 373
118 430
118 441
119 171
119 174
119 198
119 203
119 367
120 162
120 165
120 179
120 220
120 315
120 440
120 474
121 475
122 256
122 288
122 410
123 195
123 205
123 255
123 294
123 331
123 368
123 449
124 178
124 386
124 463
125 140
125 147
125 257
125 371
126 146
126 457
127 357
127 367
127 379
127 384
127 388
128 226
128 251
128 307
129 149
129 154
129 160
129 236
129 305
129 394
130 335
130 341
130 346
130 365
130 383
130 460
130 469
131 216
131 230
131 370
132 161
132 171
132 261
132 444
132 463
133 316
133 344
133 425
133 458
133 473
134 257
134 309
134 337
134 420
134 462
135 138
135 208
135 355
135 472
135 489
136 336
136 393
136 435
136 489
137 247
137 263
138 213
138 231
138 354
138 367
138 397
138 446
138 485
138 486
139 184
139 208
139 237
139 244
139 261
139 290
139 336
140 145
140 169
140 235
140 322
140 497
141 237
141 271
141 274
141 335
142 166
142 378
142 399
142 462
143 153
143 198
143 260
143 303
143 353
143 458
143 468
144 147
144 242
144 265
144 315
144 373
144 400
144 455
145 185
145 212
145 218
145 282
145 402
145 410
145 449
145 498
146 207
146 208
146 210
146 306
146 349
146 495
147 164
147 462
148 173
148 175
148 459
149 435
150 266
150 333
151 161
151 232
151 380
152 188
152 260
152 298
152 314
152 346
152 360
152 405
152 427
153 342
154 191
154 192
154 195
154 239
154 420
155 211
155 302
155 489
155 495
156 197
156 356
156 441
156 470
156 477
156 485
157 187
157 191
157 362
157 469
158 213
158 265
158 339
158 442
158 469
158 498
159 296
159 306
159 313
159 319
159 332
159 345
159 359
159 374
159 399
160 172
160 327
160 472
161 167
162 215
162 226
162 267
162 354
162 355
162 379
162 397
163 179
163 190
163 202
163 206
163 213
163 273
163 463
164 171
164 331
164 351
164 453
165 377
166 256
166 279
166 290
166 366
166 438
167 169
167 192
167 245
167 312
168 190
168 215
168 324
168 339
169 197
169 243
169 346
170 209
170 436
171 175
171 291
171 478
172 183
172 488
173 181
173 250
173 321
173 330
173 365
173 392
173 400
173 413
173 432
173 439
174 209
174 287
174 360
174 404
174 498
175 245
175 326
175 346
175 429
176 214
176 226
176 317
176 467
176 485
177 190
177 205
177 287
177 314
177 450
178 218
178 235
178 317
178 382
178 404
178 431
178 444
179 188
179 437
180 269
180 398
180 428
180 472
181 358
181 440
182 192
182 241
182 311
182 315
182 339
182 369
182 494
183 184
183 378
183 398
184 290
185 210
185 334
185 432
185 456
185 479
186 277
187 205
187 307
188 196
188 212
188 239
189 312
189 359
190 198
190 263
190 322
190 476
191 367
192 258
192 341
192 363
192 401
192 466
192 467
193 385
193 394
193 464
194 335
194 358
194 407
195 284
195 372
196 285
196 397
197 221
197 359
197 390
197 446
197 454
197 460
198 202
198 224
198 337
199 219
199 310
199 428
200 228
200 249
201 274
201 309
201 320
201 417
201 439
201 480
202 219
202 259
202 294
202 375
203 236
203 289
203 292
203 338
203 430
203 454
203 478
203 495
204 388
204 489
205 316
205 342
205 362
205 406
205 437
205 442
205 499
206 222
206 245
206 273
206 312
206 354
206 389
207 208
207 340
207 423
207 428
208 238
208 355
210 345
210 457
210 471
211 243
211 276
211 358
211 457
212 339
212 467
212 471
213 274
213 321
213 326
213 401
213 482
214 238
214 340
215 470
216 446
216 457
217 287
217 496
218 255
218 342
218 377
218 442
220 230
220 380
221 288
221 404
221 449
221 475
222 331
222 386
222 428
222 487
223 263
223 274
223 487
224 254
224 264
224 408
224 486
225 387
226 237
226 342
227 427
227 431
227 433
227 467
227 469
228 299
228 419
228 423
229 325
229 375
230 281
230 410
231 262
231 266
231 319
231 388
231 441
231 487
232 241
232 256
232 298
232 407
232 428
232 469
232 486
233 282
233 325
233 359
233 456
234 249
234 386
234 442
234 470
235 254
235 334
235 440
236 242
236 260
236 462
236 476
237 313
237 346
237 482
238 239
238 267
238 330
238 392
238 401
238 460
239 273
239 416
239 458
240 352
240 396
240 495
241 452
241 465
242 278
242 295
242 401
242 418
242 423
243 335
243 380
243 496
244 381
245 315
245 398
245 441
246 341
246 368
246 377
246 471
246 478
247 268
247 471
247 473
248 321
248 387
249 276
250 299
250 443
250 464
251 259
251 273
252 282
253 310
253 324
253 329
253 340
253 367
253 387
253 423
254 350
254 361
254 478
255 370
256 358
256 367
256 385
256 391
256 460
257 338
258 323
260 285
260 296
260 447
260 459
261 305
262 282
262 350
263 407
265 303
265 338
265 379
266 315
266 374
267 284
267 341
268 284
268 313
268 371
268 425
268 447
269 281
269 284
269 450
270 426
270 439
270 490
271 379
271 389
271 464
272 355
272 396
272 399
273 446
275 330
275 332
275 340
275 438
276 322
276 328
276 368
276 468
277 324
277 363
277 381
277 388
277 390
277 448
277 482
278 351
278 436
279 359
280 318
280 433
280 459
281 376
283 397
283 429
283 489
283 499
284 334
284 430
285 307
285 312
285 400
285 444
286 294
286 320
287 414
287 485
288 382
288 384
288 456
288 474
289 292
290 338
290 342
290 461
291 439
292 318
292 365
292 376
292 450
293 407
293 418
293 440
293 476
294 402
294 407
294 464
294 465
294 485
295 366
295 487
296 327
296 388
296 467
297 301
297 390
297 472
298 314
298 424
298 472
299 447
299 450
300 309
300 370
301 334
301 384
301 482
301 495
302 321
302 325
302 377
302 387
302 449
302 461
303 318
304 305
304 389
304 427
305 402
305 454
306 375
306 399
307 409
307 411
308 315
308 379
309 322
309 401
309 439
310 331
310 343
310 445
310 464
311 420
311 439
311 485
312 388
313 441
313 450
313 470
314 323
314 417
314 434
314 474
314 483
315 482
316 404
316 432
317 390
319 422
320 423
320 479
320 499
321 336
321 355
321 453
321 483
322 484
323 453
323 470
324 404
324 408
325 356
325 473
325 474
325 487
326 353
327 344
327 431
327 470
328 366
329 385
329 444
330 345
330 439
330 452
331 373
331 417
331 437
333 382
333 401
334 344
334 457
334 491
335 338
336 340
336 345
336 350
336 374
336 488
337 416
337 419
337 424
338 381
339 431
339 450
340 399
340 456
343 365
343 409
343 483
344 353
344 418
344 421
344 443
345 388
345 459
348 440
348 466
349 484
350 432
351 445
352 448
355 408
356 466
356 491
356 492
358 364
358 431
358 473
359 438
359 444
361 446
361 455
362 367
362 421
362 487
363 376
363 440
363 493
365 397
365 419
365 444
366 454
367 440
368 371
368 439
371 390
371 448
373 497
375 404
375 415
376 425
376 450
376 499
377 442
378 459
379 387
379 399
381 394
381 411
382 388
382 484
383 389
383 477
385 429
385 443
386 401
386 420
387 485
389 421
389 475
389 492
391 469
392 400
392 407
392 418
392 442
395 408
395 464
396 477
396 480
397 461
398 415
398 417
399 420
400 477
401 460
401 468
403 428
404 425
404 429
404 475
405 408
405 483
408 444
408 446
411 480
412 433
412 439
412 443
414 457
415 416
415 480
416 480
421 442
421 490
422 484
423 448
425 444
425 463
425 477
426 464
428 480
429 466
429 498
431 464
432 445
433 496
436 463
438 463
439 459
446 499
451 483
453 455
453 474
454 476
457 484
459 492
463 493
465 470
477 497
487 495
491 497
0
9 499
