500	1474	 1
0 50
0 363
1 47
1 82
1 245
1 300
1 316
1 393
1 435
1 462
2 121
2 149
2 163
2 251
2 382
3 60
3 68
3 283
3 289
3 312
3 378
3 400
4 56
4 120
4 138
4 264
5 28
5 46
5 56
5 70
5 71
5 230
5 267
5 409
5 433
6 46
6 267
6 434
6 465
6 480
7 55
7 95
7 118
7 251
7 256
7 321
7 369
7 488
8 16
8 122
8 298
8 344
8 392
9 109
9 154
9 163
9 214
9 238
9 295
9 312
9 328
9 348
9 349
9 413
9 443
9 453
10 24
10 28
10 93
10 105
10 150
10 342
10 445
10 453
11 73
11 80
11 109
11 209
11 276
11 455
12 34
12 52
12 175
12 254
12 457
13 35
13 46
13 271
13 341
13 342
13 357
13 464
14 44
14 394
14 414
14 466
14 480
15 176
15 319
15 426
16 109
16 126
16 143
16 251
16 304
16 314
16 369
17 62
17 156
17 179
17 303
17 304
17 392
17 461
18 35
18 284
18 405
18 417
18 456
19 26
19 115
19 132
19 178
19 197
19 259
19 302
19 340
19 381
20 47
20 77
20 175
20 251
20 270
20 359
20 429
20 484
21 114
21 157
21 367
21 391
21 396
22 203
22 301
22 316
22 319
23 131
23 321
23 372
23 399
23 408
23 452
24 245
24 280
24 312
24 374
24 375
24 388
24 404
25 91
25 221
25 226
25 402
25 456
25 499
26 196
26 234
26 265
26 321
26 324
26 338
26 414
27 76
27 181
27 308
27 331
27 349
28 58
28 120
28 176
28 352
28 401
28 481
29 174
29 361
29 480
30 74
30 153
30 198
30 217
30 310
30 360
30 457
31 67
31 79
31 163
31 201
31 223
31 224
31 369
31 382
31 467
32 75
32 254
32 426
32 441
33 65
33 82
33 265
33 268
33 312
33 355
33 376
33 397
33 422
34 143
34 150
34 171
34 280
34 386
34 488
35 59
35 164
35 195
35 321
35 373
36 77
36 126
36 133
36 361
37 68
37 82
37 120
37 133
37 139
37 255
37 304
37 477
38 84
38 143
39 96
39 111
39 167
39 201
39 273
39 336
39 408
39 427
39 439
39 493
40 173
40 223
40 225
40 267
40 302
40 496
41 88
41 249
41 269
41 346
41 455
41 458
42 240
42 324
42 398
42 483
42 497
43 91
43 227
43 316
43 400
44 116
44 212
44 268
44 278
44 309
45 96
45 138
45 146
45 175
45 362
46 140
46 146
46 292
46 443
47 449
48 133
48 154
48 233
48 341
48 475
49 416
49 447
50 135
50 137
50 167
50 239
50 288
50 327
50 331
50 346
50 434
50 475
51 128
51 187
51 292
51 325
51 471
52 174
52 237
53 161
53 166
53 275
53 291
53 374
53 463
54 97
54 219
54 238
54 344
54 373
54 491
55 194
55 234
55 303
55 322
55 405
55 408
56 306
56 427
57 80
57 232
57 234
57 388
57 396
58 110
59 229
60 100
60 125
60 234
60 315
60 357
60 386
60 426
60 454
60 478
61 123
61 238
61 326
61 349
61 444
62 66
62 72
62 92
62 212
62 230
62 289
62 304
62 319
62 365
62 368
62 409
62 434
63 86
63 107
63 307
63 398
63 499
64 132
64 254
64 354
64 439
64 474
65 84
65 121
65 155
65 157
65 163
65 214
65 216
65 277
65 299
65 391
65 393
65 434
66 70
66 101
66 147
66 299
66 337
66 434
67 77
67 109
67 119
67 123
67 160
67 354
68 128
68 137
68 366
69 203
69 402
69 482
70 82
70 140
70 219
70 318
71 388
71 414
72 268
72 312
72 334
72 338
72 470
73 76
73 110
73 180
73 269
73 362
73 372
74 101
74 317
74 490
75 199
75 244
75 396
75 433
75 466
76 86
76 231
76 348
76 411
76 492
77 104
77 163
77 214
77 270
77 372
77 401
77 426
77 431
77 466
78 189
78 217
78 227
78 263
78 290
78 309
79 114
79 159
79 328
79 412
80 107
80 122
80 169
80 455
81 163
81 238
81 271
81 451
81 485
82 174
82 212
82 297
82 487
82 491
83 268
83 361
83 392
84 171
84 261
84 281
84 299
84 344
84 346
84 366
84 412
84 497
85 139
85 181
85 241
85 470
85 474
86 206
86 282
86 455
86 465
87 96
87 195
87 211
87 325
87 472
88 198
88 235
88 248
88 368
88 390
88 418
88 469
89 126
89 161
89 299
89 437
90 168
90 225
90 233
90 238
90 309
90 421
90 450
91 172
91 257
91 338
91 389
91 405
91 445
92 98
92 102
92 244
92 284
92 404
92 491
93 196
93 311
93 373
93 405
94 136
94 213
94 237
94 293
94 294
94 339
94 363
94 409
94 451
95 214
95 387
96 243
96 273
96 374
96 427
96 465
97 240
97 312
97 391
97 395
98 118
98 226
98 269
98 276
98 314
99 152
99 218
99 341
99 367
99 396
99 404
99 452
100 369
100 375
101 126
101 208
101 329
102 251
102 284
102 384
102 468
103 105
103 197
103 233
104 237
104 411
105 243
105 277
105 328
105 379
105 465
105 498
106 132
106 176
106 217
106 337
106 361
107 137
107 198
107 323
108 171
108 312
108 359
108 448
109 115
109 221
109 311
109 340
109 449
110 131
110 137
110 187
110 439
111 152
111 193
111 222
111 315
111 350
112 158
112 297
112 332
112 366
112 448
113 187
113 262
113 265
113 286
113 339
113 407
114 235
114 277
114 447
114 476
115 216
115 255
115 297
115 298
115 363
115 499
116 125
116 161
116 199
116 236
116 307
117 190
117 227
117 233
117 395
117 401
117 480
117 499
118 127
118 217
118 266
118 283
118 320
118 458
118 478
119 149
119 229
119 297
119 328
119 400
119 408
119 435
119 482
120 135
120 147
120 235
120 340
120 349
121 147
121 150
121 297
121 344
121 460
122 265
122 318
122 325
122 365
122 388
122 417
122 454
123 202
123 255
123 282
123 290
123 328
123 330
123 491
124 278
124 491
125 166
125 210
125 305
125 334
126 128
126 142
126 248
126 288
126 380
126 424
127 368
127 389
127 470
128 257
128 369
128 477
129 148
129 195
129 272
129 384
129 460
130 147
130 205
130 296
130 315
130 329
130 358
131 234
131 248
131 249
131 252
131 340
131 438
131 445
132 154
132 163
132 335
132 404
132 488
133 217
133 305
133 330
133 379
134 160
134 172
134 363
134 396
134 439
134 492
135 164
135 259
135 344
135 347
135 428
136 167
136 360
136 363
136 392
136 418
137 226
137 341
137 364
137 411
138 168
138 284
138 300
138 365
139 145
139 245
139 294
139 336
140 263
140 326
141 148
141 167
141 194
141 265
141 455
141 487
143 172
143 205
143 246
143 262
143 271
143 277
143 324
143 450
144 224
144 418
144 459
144 493
145 185
145 370
145 442
146 180
146 367
146 371
146 437
147 223
147 253
147 346
147 437
148 160
148 207
148 274
148 305
148 418
149 150
149 191
149 236
150 397
150 441
150 458
151 209
151 268
151 412
151 414
152 201
152 254
152 311
152 368
153 190
153 267
153 268
153 277
154 188
154 245
154 387
154 404
154 405
155 170
155 219
155 319
155 373
155 389
156 483
157 412
157 421
157 461
158 218
158 237
158 305
158 306
158 357
158 464
159 167
159 170
159 262
159 383
160 389
160 406
160 441
160 477
161 175
161 183
161 275
161 311
161 312
162 251
162 336
162 353
163 174
163 220
163 223
163 273
163 410
164 287
164 300
164 346
164 485
165 166
165 309
165 344
165 457
166 330
166 336
166 425
166 459
167 340
167 379
167 418
167 489
168 222
168 251
168 271
168 278
168 341
168 354
168 404
169 190
169 317
169 356
170 197
170 240
170 343
170 388
170 486
171 297
171 333
171 387
171 423
172 186
172 289
172 300
172 353
172 493
172 496
173 204
173 266
173 268
173 301
173 319
173 326
174 229
174 233
174 360
174 380
174 401
174 438
174 460
175 256
175 281
176 310
176 319
176 389
176 431
177 225
177 346
177 419
177 432
178 232
178 242
178 300
178 363
178 423
179 274
180 249
180 290
180 456
181 195
181 323
181 324
182 193
182 198
182 237
182 255
182 283
182 349
182 406
182 417
183 324
183 325
183 332
183 373
183 392
183 484
184 250
184 369
185 207
186 476
187 218
187 238
187 331
187 448
188 266
188 312
188 391
188 499
189 299
189 420
189 449
190 247
190 283
190 337
190 374
191 274
191 319
191 430
191 437
192 237
192 467
193 231
193 305
193 395
193 442
194 338
194 347
194 353
194 485
194 494
195 261
195 453
196 313
196 419
197 324
197 342
197 371
197 374
197 469
197 486
198 279
198 349
198 436
198 447
199 368
199 376
199 388
199 400
200 328
200 361
200 398
201 321
202 440
202 467
203 377
203 481
204 252
204 274
204 461
205 322
205 426
206 228
206 297
206 353
206 383
206 463
207 288
207 363
207 384
207 418
209 260
209 372
209 391
209 425
210 303
210 368
210 440
211 298
211 395
211 429
211 442
212 214
212 318
213 236
213 273
213 445
214 346
214 389
214 436
215 274
215 339
215 470
216 409
216 446
216 480
217 304
217 345
217 430
218 348
218 380
219 338
220 336
220 450
220 468
221 314
221 317
221 385
222 227
222 329
222 424
223 250
223 356
223 466
224 245
224 335
224 364
225 315
225 316
225 460
226 279
226 296
226 361
226 410
226 436
227 495
228 230
228 278
228 312
228 407
229 251
229 421
229 483
230 251
230 372
230 373
231 495
232 367
232 370
232 381
232 478
233 261
233 317
233 373
233 382
233 400
233 466
233 485
233 494
234 299
234 356
234 375
234 444
234 445
234 495
235 286
235 315
236 363
236 449
236 489
237 310
237 311
237 357
237 369
237 374
237 488
237 491
238 272
238 338
238 382
239 257
239 283
239 301
239 348
239 353
239 379
240 249
240 469
240 483
241 266
241 283
241 354
241 476
242 320
242 383
242 422
242 483
243 272
243 352
243 374
243 394
243 426
243 450
243 472
244 254
244 329
244 407
244 410
244 428
244 434
244 490
245 354
245 471
246 266
247 272
247 290
247 408
247 414
247 445
247 452
248 384
248 433
249 258
249 360
249 374
249 380
250 339
250 343
250 368
251 427
252 327
252 375
253 291
254 409
255 288
256 454
256 473
256 489
257 358
257 359
257 428
257 451
258 346
258 465
259 262
259 336
259 340
259 352
259 434
259 483
260 293
260 404
260 449
260 485
261 288
261 438
261 446
262 303
262 322
262 421
263 275
263 357
263 414
263 415
263 423
264 337
264 350
264 358
264 451
264 479
266 315
266 401
266 473
267 292
267 328
267 418
268 355
268 371
268 417
268 455
269 314
269 369
269 443
269 452
269 458
269 486
270 384
270 420
271 284
271 473
272 398
273 337
273 354
273 369
274 379
275 351
275 364
276 341
277 451
278 473
278 484
279 342
279 472
279 492
281 458
281 487
282 366
282 405
282 475
283 288
283 395
283 445
283 459
284 462
284 498
285 450
286 381
286 486
287 403
287 418
287 443
288 318
288 393
288 471
289 307
289 338
289 345
289 390
289 477
290 339
290 343
291 295
291 446
292 326
292 434
293 403
293 450
293 459
293 466
294 323
294 371
294 454
294 482
295 394
295 450
296 337
296 406
297 431
297 466
299 342
299 353
299 410
299 432
300 485
301 465
301 483
302 310
302 323
302 439
302 442
303 484
304 347
305 350
305 498
306 340
307 309
307 409
307 421
307 432
307 491
308 397
308 440
309 366
310 347
310 362
310 373
310 457
311 423
313 330
313 331
313 381
313 425
313 459
313 485
313 486
314 406
315 474
315 498
316 381
316 395
316 481
317 460
317 499
318 481
319 363
319 444
320 474
322 341
322 384
322 387
322 453
323 332
323 382
323 450
324 425
325 411
325 468
326 340
326 467
328 345
330 359
330 487
332 453
333 401
334 487
335 358
336 479
336 492
337 417
337 461
338 346
338 377
338 425
340 465
341 449
341 457
341 469
343 459
343 490
344 359
344 474
345 455
347 378
347 471
348 427
349 358
349 448
350 386
351 358
351 482
352 378
352 429
354 424
355 406
355 492
356 414
357 377
357 402
360 363
360 478
361 415
362 490
364 434
365 376
365 471
366 415
367 498
368 375
368 446
372 438
374 473
374 479
376 479
377 389
377 390
378 391
378 474
379 444
379 489
380 402
380 405
381 435
381 455
381 480
382 411
383 403
384 420
384 495
385 390
385 431
385 472
385 479
386 441
387 388
390 479
391 429
391 492
393 434
393 494
395 401
396 499
397 447
399 487
401 421
402 420
402 476
404 481
405 438
405 470
408 441
409 423
409 476
411 454
412 485
413 440
413 482
413 497
414 417
415 418
415 441
415 454
415 498
416 451
417 475
419 439
420 437
420 486
421 493
423 448
424 447
425 431
425 490
426 438
426 473
429 433
429 444
430 447
436 457
437 443
437 488
438 488
439 451
441 493
442 453
443 469
443 487
448 494
451 464
452 493
452 499
453 498
457 479
459 469
460 477
460 498
468 475
471 476
494 498
0
9 499
