500	1504	 1
0 44
0 71
0 298
0 320
0 392
0 477
1 235
1 259
1 424
1 431
2 46
2 47
2 52
2 62
2 254
2 472
3 115
3 148
3 229
3 301
3 380
3 390
3 415
3 475
3 493
4 42
4 130
4 167
4 463
4 464
5 81
5 132
5 134
5 166
5 200
5 390
5 462
6 16
6 133
6 193
6 217
6 330
6 338
6 442
6 462
7 256
7 272
7 315
7 378
7 478
8 13
8 119
8 263
8 299
9 102
9 192
9 464
10 22
11 61
11 144
11 311
11 312
12 56
12 98
12 126
12 176
12 340
12 361
13 273
13 325
13 374
13 389
14 60
14 122
14 196
14 229
14 269
14 273
14 358
14 406
14 408
14 411
14 452
15 45
15 47
15 216
15 239
15 333
15 334
15 438
15 491
16 261
16 401
16 408
16 434
16 450
17 22
17 23
17 181
17 243
17 290
17 404
18 64
18 95
18 105
18 271
18 364
18 434
18 469
19 180
19 208
19 243
20 55
20 255
20 466
21 179
21 337
21 370
21 381
21 410
22 153
22 304
22 309
22 348
22 354
23 64
23 174
23 274
23 278
23 441
23 446
24 28
24 51
24 231
24 237
24 282
25 36
25 93
25 188
25 212
25 456
26 36
26 52
26 164
26 268
26 335
26 364
26 401
26 495
27 29
27 302
28 152
28 264
29 78
29 150
29 215
29 264
29 273
29 349
29 434
29 475
30 105
30 112
30 245
30 270
30 317
30 347
30 481
31 102
31 262
31 391
32 184
32 241
32 250
32 254
32 488
33 40
33 257
33 276
33 296
33 376
34 101
34 219
34 290
34 338
34 425
34 436
34 451
34 454
35 52
35 62
35 97
35 109
35 152
35 265
35 272
35 381
35 423
36 234
36 269
37 141
37 165
37 188
37 221
37 461
37 481
38 84
38 118
38 262
38 286
38 336
38 422
38 486
38 493
39 191
39 241
39 324
39 482
40 374
40 379
40 444
40 462
41 95
41 103
41 233
41 245
42 140
42 169
42 302
42 315
42 417
42 429
42 486
43 113
43 309
43 316
43 375
43 392
43 488
44 291
45 144
45 274
45 307
45 349
45 377
46 107
46 161
46 320
47 67
47 76
47 234
47 257
47 331
47 394
47 438
47 477
47 483
48 103
48 208
48 286
48 440
48 473
49 102
49 161
49 462
50 351
50 395
50 407
50 435
50 471
51 208
51 235
51 264
51 370
52 168
52 246
52 282
53 156
53 234
53 237
53 320
53 358
53 415
53 440
54 92
54 220
54 244
54 363
54 456
54 465
55 184
55 215
55 294
55 313
55 441
57 105
57 152
57 236
57 317
57 340
57 398
57 400
57 446
57 470
58 79
58 219
58 456
58 464
59 74
59 84
59 207
59 213
59 304
59 377
59 428
59 468
60 178
60 226
60 264
60 335
60 427
60 455
61 161
61 169
61 400
61 463
61 472
62 166
62 289
62 301
63 207
63 458
63 475
63 498
64 171
64 214
64 428
65 344
65 375
65 480
66 162
66 176
66 183
66 232
66 318
66 319
66 395
66 422
67 121
67 342
67 366
68 177
68 237
68 239
68 340
68 359
68 365
68 403
68 404
68 444
68 497
69 160
69 170
69 203
69 209
69 281
69 325
69 362
69 406
70 159
70 169
70 175
70 469
70 476
71 255
71 267
71 381
71 419
71 430
71 437
71 469
72 75
72 89
72 100
72 149
72 231
72 251
72 318
72 452
73 146
73 255
73 462
73 490
74 132
74 163
74 215
74 250
74 261
75 107
75 123
75 196
75 247
75 255
75 278
76 141
76 181
76 276
76 312
76 366
77 217
77 268
77 304
77 411
78 83
78 142
78 284
78 352
78 488
79 207
79 212
79 304
79 331
79 402
80 172
80 230
80 269
80 271
81 98
81 168
81 293
81 446
81 471
82 182
82 202
82 261
82 349
82 388
82 402
82 429
83 130
83 142
83 150
83 222
83 286
83 304
83 327
83 402
84 134
84 206
84 213
84 423
85 97
85 189
85 228
85 339
86 195
86 196
86 254
86 267
86 297
86 352
86 417
86 462
86 472
87 211
88 218
88 294
88 367
88 489
89 102
89 156
89 296
89 297
89 428
90 128
90 132
90 492
91 94
91 141
91 200
91 252
91 311
91 371
91 442
91 443
92 99
92 102
92 123
92 391
92 411
92 497
93 97
93 113
93 148
93 312
93 330
93 465
94 106
94 248
94 491
95 112
95 289
95 297
95 470
95 489
96 113
96 153
96 192
96 252
96 348
96 405
97 214
97 320
97 408
98 161
98 164
98 187
98 255
98 297
98 477
99 277
99 280
100 111
100 212
101 128
101 133
101 290
101 393
101 478
102 129
102 214
103 204
103 489
104 242
104 252
104 333
104 410
104 429
104 445
104 446
104 448
104 461
104 477
105 148
106 318
106 446
107 184
107 220
107 274
107 291
107 309
107 413
108 110
108 176
108 418
108 480
109 179
109 323
110 177
110 208
110 274
110 386
110 451
111 242
111 253
111 457
112 138
112 204
112 271
112 346
112 394
113 203
113 279
113 286
113 296
113 363
113 378
113 456
114 117
114 182
114 212
114 386
114 399
114 494
115 155
115 229
115 257
115 313
115 323
115 483
116 323
116 330
116 390
116 406
116 490
117 228
117 273
117 452
117 490
118 331
118 369
118 376
119 378
119 444
120 326
120 457
120 483
121 175
121 251
121 255
121 316
121 456
122 127
122 155
122 170
122 226
122 294
122 414
122 415
123 249
123 256
123 378
124 230
124 333
124 460
124 473
124 497
125 251
125 256
125 307
125 382
126 174
126 421
126 448
126 464
126 490
127 134
127 202
127 210
127 314
127 499
128 172
128 225
128 241
128 348
128 410
128 455
129 238
129 253
129 285
129 297
130 182
130 276
130 424
131 160
131 166
131 195
131 337
132 146
132 167
132 359
132 401
133 150
133 191
133 229
133 256
133 286
133 449
134 179
134 206
134 248
134 251
134 271
134 311
135 213
135 293
135 388
136 305
136 378
136 439
136 487
137 176
137 215
137 270
137 315
137 389
137 460
138 168
138 181
138 188
138 195
139 230
139 268
139 350
139 374
140 308
141 157
141 220
141 309
141 350
142 221
142 274
142 397
143 153
143 174
143 254
143 305
143 432
143 440
144 155
144 422
145 152
145 157
145 159
145 213
145 238
145 456
145 472
146 204
146 273
146 364
146 451
146 493
147 213
147 225
147 267
147 470
148 242
148 291
148 400
148 426
148 457
149 451
150 167
150 235
150 287
150 328
151 188
151 202
151 346
151 349
151 438
151 482
151 491
152 392
152 442
153 180
153 200
153 340
153 452
153 482
153 486
154 178
154 281
154 335
154 366
155 241
155 338
156 263
156 275
156 334
156 372
156 469
157 193
157 300
157 315
157 378
157 429
158 198
158 249
158 256
158 313
159 305
159 382
160 229
160 368
160 461
160 486
160 490
161 164
161 186
161 246
161 289
161 352
162 170
162 456
162 479
163 165
163 202
163 275
163 463
164 243
164 260
164 336
165 200
166 226
166 482
167 438
167 447
168 265
168 304
168 408
169 179
169 262
169 345
169 420
169 435
170 186
170 331
170 336
171 182
171 210
171 259
171 268
171 402
172 237
172 343
172 383
172 423
173 317
173 344
173 394
174 195
174 220
174 268
174 344
174 486
175 281
175 469
175 479
176 470
177 425
178 193
178 299
178 341
178 492
179 252
179 497
180 344
180 366
181 205
181 226
181 331
181 402
182 343
182 372
182 448
182 481
183 196
183 359
184 198
184 252
184 316
184 341
184 476
184 497
185 187
185 336
185 377
185 405
186 286
187 214
187 245
187 277
187 327
187 449
188 289
188 494
189 326
189 481
190 200
190 246
190 331
190 480
191 263
191 295
191 301
191 363
191 401
191 459
192 221
192 262
192 264
192 270
192 337
192 376
192 453
193 309
193 431
193 492
194 324
194 385
194 478
195 258
195 356
195 378
195 379
195 482
196 224
196 292
196 425
197 201
197 252
198 377
198 481
198 489
199 243
199 249
199 358
199 367
199 385
199 430
199 452
200 371
200 455
201 208
201 352
201 484
202 204
202 254
202 378
203 429
203 466
204 262
204 268
204 430
204 433
204 497
205 267
205 315
205 382
206 253
206 254
206 329
206 377
206 462
206 492
207 344
207 371
208 307
208 354
208 364
208 446
209 275
209 299
209 326
210 256
210 279
210 316
210 368
210 455
211 264
211 276
211 362
211 365
211 448
211 457
212 241
212 343
212 359
212 363
212 395
212 407
212 468
212 485
213 351
213 440
214 231
214 382
215 243
215 459
216 295
216 399
216 428
217 241
217 470
218 240
218 312
218 369
219 237
219 383
219 412
219 469
220 335
220 381
220 459
220 495
221 332
222 367
222 376
222 436
222 448
222 485
223 381
223 399
223 449
224 241
224 280
224 305
225 245
225 381
225 406
225 457
226 252
226 321
227 230
227 271
227 433
227 445
227 475
228 268
228 470
229 361
230 245
230 423
230 493
231 261
231 306
231 370
231 453
232 236
232 326
232 342
232 387
232 390
232 394
232 408
233 326
233 379
233 380
233 435
233 440
233 466
234 372
235 393
235 436
236 238
236 305
236 332
236 365
236 477
236 496
237 353
237 396
237 407
238 320
238 435
238 485
239 331
240 242
240 393
240 423
240 437
241 250
241 288
241 301
241 333
241 426
242 288
242 353
243 314
243 328
244 268
244 324
244 428
244 452
244 454
245 367
245 385
245 387
246 304
247 331
247 392
248 422
248 491
249 293
249 301
249 398
250 265
250 361
250 473
251 326
251 391
251 448
251 495
252 255
252 380
253 308
253 316
253 404
253 498
254 334
254 341
254 400
255 351
255 397
255 489
256 304
256 395
256 483
257 406
257 431
258 264
258 412
259 320
259 354
259 460
260 272
260 364
261 400
261 485
261 487
262 282
262 393
263 393
263 404
264 266
264 374
264 433
264 470
264 489
265 288
265 376
265 414
266 376
266 474
266 477
267 316
267 328
267 361
268 331
269 426
270 321
270 323
270 336
270 438
270 440
270 451
270 471
271 304
272 362
273 303
273 355
273 371
276 277
276 294
276 346
276 399
276 400
277 342
277 478
278 325
278 329
278 440
278 487
279 357
279 359
279 450
279 479
280 307
280 329
281 290
281 362
281 366
281 449
282 348
282 383
283 287
283 304
283 329
283 369
283 423
283 443
283 468
283 471
284 390
285 311
285 313
285 418
286 369
286 398
287 322
287 334
287 367
287 444
288 324
288 335
288 481
289 305
289 385
289 424
290 333
290 473
290 482
291 348
291 359
291 435
292 406
292 472
293 331
293 386
294 444
295 320
295 403
296 349
296 393
296 459
296 464
297 306
297 332
297 409
298 378
298 451
298 458
298 496
299 326
299 446
299 490
299 496
300 302
301 356
301 406
301 414
301 460
302 351
302 473
302 487
303 308
303 324
303 330
303 491
304 307
304 368
304 370
304 435
304 469
305 374
305 422
306 452
306 458
306 481
307 405
307 475
308 387
308 396
308 402
308 416
308 429
308 438
308 457
308 479
309 378
309 453
310 406
311 348
311 407
311 423
311 427
312 339
312 396
312 420
312 445
313 439
314 331
314 357
314 458
315 325
315 386
315 489
316 368
316 370
317 396
317 416
317 417
317 447
317 473
318 350
319 325
320 353
320 381
320 415
321 433
321 461
322 361
322 369
324 359
325 483
326 333
326 337
326 464
326 467
327 450
328 351
328 399
328 424
328 459
328 477
329 493
330 343
330 354
330 375
330 411
330 440
330 477
330 478
331 338
332 404
333 487
335 418
335 452
335 472
336 389
336 464
336 483
337 388
338 489
339 391
339 465
340 356
340 444
340 477
340 480
342 389
343 365
343 383
343 385
343 471
343 494
344 427
344 428
345 347
345 374
345 378
345 451
346 426
346 447
346 460
346 473
347 378
347 380
347 409
347 484
347 494
348 443
348 499
349 391
351 374
351 375
351 398
352 400
352 426
352 477
352 483
353 409
354 385
354 423
354 424
355 360
355 471
355 490
356 357
356 373
356 409
356 445
357 446
358 464
359 393
359 435
359 446
360 387
360 476
361 440
361 470
361 477
362 383
362 392
362 479
363 370
364 368
365 368
365 417
366 411
366 440
366 456
366 473
366 476
366 492
368 401
368 422
369 377
370 430
370 433
370 442
371 448
371 463
371 488
372 384
372 446
372 480
372 482
373 409
374 410
374 431
376 422
376 466
377 453
377 468
378 416
378 452
379 425
379 484
380 400
380 422
381 418
381 468
382 405
382 452
383 389
383 442
384 388
385 444
385 473
386 388
386 390
386 490
387 407
388 394
388 491
390 418
390 426
390 458
390 464
390 475
391 411
391 483
393 415
394 476
395 452
395 474
395 487
396 426
396 439
396 471
396 484
398 411
398 469
399 412
401 479
402 473
403 428
403 441
404 428
405 453
407 427
408 458
410 468
410 494
412 430
412 490
413 416
413 430
413 477
415 498
416 434
418 460
418 491
418 492
421 474
429 454
430 465
430 490
431 473
431 498
432 488
435 473
436 494
437 458
438 440
439 443
439 474
439 487
441 468
442 489
444 487
445 447
445 474
447 448
448 489
449 485
453 464
453 488
455 491
457 459
457 488
460 461
462 467
463 473
464 479
464 495
466 492
466 499
472 478
484 498
486 489
0
9 499
